ticks,inventory-position,ss-position,cost,revenue,profit,shortage-cost-now,shortage-amount,common-demand,disruption,total-reservation-quantity
0,0,0,106620,4900,-101720,0,0,98,false,0
1,0,0,106620,10050,-96570,0,4,107,false,0
2,0,0,106620,14900,-91720,0,0,97,false,0
3,0,0,106620,19950,-86670,0,0,101,false,0
4,0,0,106620,19950,-86670,0,88,88,true,0
5,0,0,106620,19950,-86670,0,101,101,true,0
6,0,0,106620,19950,-86670,0,101,101,true,0
7,0,0,106620,25100,-81520,0,10,113,false,0
8,0,0,106620,30100,-76520,0,0,100,false,0
9,0,0,106620,35250,-71370,0,1,104,false,0
10,0,0,106620,40100,-66520,0,0,97,false,0
11,0,0,106620,44750,-61870,0,0,93,false,0
12,0,0,106620,49100,-57520,0,0,87,false,0
13,0,0,106620,54250,-52370,0,2,105,false,0
14,0,0,106620,58750,-47870,0,0,90,false,0
15,0,0,106620,63900,-42720,0,17,120,false,0
16,0,0,106620,69050,-37570,0,3,106,false,0
17,0,0,106620,74200,-32420,0,5,108,false,0
18,0,0,106620,79350,-27270,0,8,111,false,0
19,0,0,106620,83650,-22970,0,0,86,false,0
20,0,0,106620,88800,-17820,0,4,107,false,0
21,0,0,106620,93400,-13220,0,0,92,false,0
22,0,0,106620,98400,-8220,0,0,100,false,0
23,0,0,106620,103200,-3420,0,0,96,false,0
24,0,0,106620,108350,1730,0,0,103,false,0
25,0,0,106620,108350,1730,0,121,121,true,0
26,0,0,106620,112950,6330,0,0,92,false,0
27,0,0,106620,118100,11480,0,5,108,false,0
28,0,0,106620,122700,16080,0,0,92,false,0
29,0,0,106620,122700,16080,0,71,71,true,0
30,0,0,106620,122700,16080,0,77,77,true,0
31,0,0,106620,122700,16080,0,107,107,true,0
32,0,0,106620,127250,20630,0,0,91,false,0
33,0,0,106620,132300,25680,0,0,101,false,0
34,0,0,106620,137250,30630,0,0,99,false,0
35,0,0,106620,142400,35780,0,6,109,false,0
36,0,0,106620,142400,35780,0,85,85,true,0
37,0,0,106620,147000,40380,0,0,92,false,0
38,0,0,106620,152150,45530,0,10,113,false,0
39,0,0,106620,156500,49880,0,0,87,false,0
40,0,0,106620,161350,54730,0,0,97,false,0
41,0,0,106620,166500,59880,0,3,106,false,0
42,0,0,106620,166500,59880,0,92,92,true,0
43,0,0,106620,166500,59880,0,104,104,true,0
44,0,0,106620,166500,59880,0,86,86,true,0
45,0,0,106620,166500,59880,0,86,86,true,0
46,0,0,106620,171200,64580,0,0,94,false,0
47,0,0,106620,176350,69730,0,7,110,false,0
48,0,0,106620,180950,74330,0,0,92,false,0
49,0,0,106620,186100,79480,0,7,110,false,0
50,0,0,106620,191250,84630,0,3,106,false,0
51,0,0,106620,196150,89530,0,0,98,false,0
52,0,0,213240,201150,-12090,0,0,100,false,0
53,0,0,213240,206250,-6990,0,0,102,false,0
54,0,0,213240,210850,-2390,0,0,92,false,0
55,0,0,213240,216000,2760,0,2,105,false,0
56,0,0,213240,220900,7660,0,0,98,false,0
57,0,0,213240,226050,12810,0,4,107,false,0
58,0,0,213240,226050,12810,0,108,108,true,0
59,0,0,213240,226050,12810,0,102,102,true,0
60,0,0,213240,230900,17660,0,0,97,false,0
61,0,0,213240,234550,21310,0,0,73,false,0
62,0,0,213240,234550,21310,0,125,125,true,0
63,0,0,213240,234550,21310,0,89,89,true,0
64,0,0,213240,234550,21310,0,94,94,true,0
65,0,0,213240,239700,26460,0,4,107,false,0
66,0,0,213240,244600,31360,0,0,98,false,0
67,0,0,213240,244600,31360,0,86,86,true,0
68,0,0,213240,249750,36510,0,4,107,false,0
69,0,0,213240,254550,41310,0,0,96,false,0
70,0,0,213240,254550,41310,0,88,88,true,0
71,0,0,213240,254550,41310,0,74,74,true,0
72,0,0,213240,254550,41310,0,85,85,true,0
73,0,0,213240,259650,46410,0,0,102,false,0
74,0,0,213240,264450,51210,0,0,96,false,0
75,0,0,213240,269600,56360,0,2,105,false,0
76,0,0,213240,274650,61410,0,0,101,false,0
77,0,0,213240,279800,66560,0,2,105,false,0
78,0,0,213240,279800,66560,0,98,98,true,0
79,0,0,213240,279800,66560,0,121,121,true,0
80,0,0,213240,279800,66560,0,86,86,true,0
81,0,0,213240,284750,71510,0,0,99,false,0
82,0,0,213240,288900,75660,0,0,83,false,0
83,0,0,213240,293150,79910,0,0,85,false,0
84,0,0,213240,297900,84660,0,0,95,false,0
85,0,0,213240,302200,88960,0,0,86,false,0
86,0,0,213240,302200,88960,0,90,90,true,0
87,0,0,213240,302200,88960,0,81,81,true,0
88,0,0,213240,306450,93210,0,0,85,false,0
89,0,0,213240,311600,98360,0,12,115,false,0
90,0,0,213240,311600,98360,0,78,78,true,0
91,0,0,213240,311600,98360,0,75,75,true,0
92,0,0,213240,316750,103510,0,7,110,false,0
93,0,0,213240,321300,108060,0,0,91,false,0
94,0,0,213240,321300,108060,0,92,92,true,0
95,0,0,213240,321300,108060,0,109,109,true,0
96,0,0,213240,326450,113210,0,0,103,false,0
97,0,0,213240,331250,118010,0,0,96,false,0
98,0,0,213240,336400,123160,0,2,105,false,0
99,0,0,213240,340950,127710,0,0,91,false,0
100,0,0,213240,345550,132310,0,0,92,false,0
101,0,0,213240,349500,136260,0,0,79,false,0
102,0,0,213240,349500,136260,0,113,113,true,0
103,0,0,213240,354650,141410,0,0,103,false,0
104,0,0,319860,359800,39940,0,10,113,false,0
105,0,0,319860,359800,39940,0,101,101,true,0
106,0,0,319860,359800,39940,0,86,86,true,0
107,0,0,319860,359800,39940,0,86,86,true,0
108,0,0,319860,364200,44340,0,0,88,false,0
109,0,0,319860,368950,49090,0,0,95,false,0
110,0,0,319860,374100,54240,0,3,106,false,0
111,0,0,319860,379150,59290,0,0,101,false,0
112,0,0,319860,384300,64440,0,2,105,false,0
113,0,0,319860,389450,69590,0,4,107,false,0
114,0,0,319860,393600,73740,0,0,83,false,0
115,0,0,319860,398350,78490,0,0,95,false,0
116,0,0,319860,398350,78490,0,91,91,true,0
117,0,0,319860,403500,83640,0,2,105,false,0
118,0,0,319860,408650,88790,0,6,109,false,0
119,0,0,319860,413800,93940,0,9,112,false,0
120,0,0,319860,418850,98990,0,0,101,false,0
121,0,0,319860,423600,103740,0,0,95,false,0
122,0,0,319860,428750,108890,0,20,123,false,0
123,0,0,319860,428750,108890,0,94,94,true,0
124,0,0,319860,428750,108890,0,97,97,true,0
125,0,0,319860,428750,108890,0,88,88,true,0
126,0,0,319860,428750,108890,0,109,109,true,0
127,0,0,319860,428750,108890,0,87,87,true,0
128,0,0,319860,428750,108890,0,105,105,true,0
129,0,0,319860,428750,108890,0,97,97,true,0
130,0,0,319860,428750,108890,0,103,103,true,0
131,0,0,319860,433200,113340,0,0,89,false,0
132,0,0,319860,438350,118490,0,0,103,false,0
133,0,0,319860,443100,123240,0,0,95,false,0
134,0,0,319860,443100,123240,0,93,93,true,0
135,0,0,319860,448250,128390,0,8,111,false,0
136,0,0,319860,453400,133540,0,2,105,false,0
137,0,0,319860,458350,138490,0,0,99,false,0
138,0,0,319860,463500,143640,0,2,105,false,0
139,0,0,319860,468500,148640,0,0,100,false,0
140,0,0,319860,473650,153790,0,10,113,false,0
141,0,0,319860,478800,158940,0,6,109,false,0
142,0,0,319860,483350,163490,0,0,91,false,0
143,0,0,319860,488500,168640,0,10,113,false,0
144,0,0,319860,493650,173790,0,2,105,false,0
145,0,0,319860,498800,178940,0,1,104,false,0
146,0,0,319860,503950,184090,0,8,111,false,0
147,0,0,319860,508350,188490,0,0,88,false,0
148,0,0,319860,513500,193640,0,0,103,false,0
149,0,0,319860,518650,198790,0,2,105,false,0
150,0,0,319860,523250,203390,0,0,92,false,0
151,0,0,319860,526850,206990,0,0,72,false,0
152,0,0,319860,532000,212140,0,3,106,false,0
153,0,0,319860,532000,212140,0,95,95,true,0
154,0,0,319860,532000,212140,0,106,106,true,0
155,0,0,319860,536950,217090,0,0,99,false,0
156,0,0,426480,542100,115620,0,13,116,false,0
157,0,0,426480,546900,120420,0,0,96,false,0
158,0,0,426480,551500,125020,0,0,92,false,0
159,0,0,426480,556400,129920,0,0,98,false,0
160,0,0,426480,561450,134970,0,0,101,false,0
161,0,0,426480,566600,140120,0,4,107,false,0
162,0,0,426480,571750,145270,0,24,127,false,0
163,0,0,426480,576000,149520,0,0,85,false,0
164,0,0,426480,581000,154520,0,0,100,false,0
165,0,0,426480,585850,159370,0,0,97,false,0
166,0,0,426480,585850,159370,0,102,102,true,0
167,0,0,426480,591000,164520,0,3,106,false,0
168,0,0,426480,596150,169670,0,3,106,false,0
169,0,0,426480,601300,174820,0,5,108,false,0
170,0,0,426480,601300,174820,0,99,99,true,0
171,0,0,426480,601300,174820,0,95,95,true,0
172,0,0,426480,601300,174820,0,101,101,true,0
173,0,0,426480,601300,174820,0,111,111,true,0
174,0,0,426480,606200,179720,0,0,98,false,0
175,0,0,426480,611350,184870,0,12,115,false,0
176,0,0,426480,616500,190020,0,3,106,false,0
177,0,0,426480,616500,190020,0,112,112,true,0
178,0,0,426480,616500,190020,0,93,93,true,0
179,0,0,426480,621250,194770,0,0,95,false,0
180,0,0,426480,626400,199920,0,0,103,false,0
181,0,0,426480,631350,204870,0,0,99,false,0
182,0,0,426480,636250,209770,0,0,98,false,0
183,0,0,426480,640950,214470,0,0,94,false,0
184,0,0,426480,646100,219620,0,3,106,false,0
185,0,0,426480,646100,219620,0,82,82,true,0
186,0,0,426480,651250,224770,0,3,106,false,0
187,0,0,426480,656400,229920,0,6,109,false,0
188,0,0,426480,661550,235070,0,5,108,false,0
189,0,0,426480,661550,235070,0,102,102,true,0
190,0,0,426480,661550,235070,0,102,102,true,0
191,0,0,426480,661550,235070,0,102,102,true,0
192,0,0,426480,666450,239970,0,0,98,false,0
193,0,0,426480,671300,244820,0,0,97,false,0
194,0,0,426480,676000,249520,0,0,94,false,0
195,0,0,426480,681150,254670,0,4,107,false,0
196,0,0,426480,686250,259770,0,0,102,false,0
197,0,0,426480,691150,264670,0,0,98,false,0
198,0,0,426480,696300,269820,0,1,104,false,0
199,0,0,426480,696300,269820,0,112,112,true,0
200,0,0,426480,700650,274170,0,0,87,false,0
201,0,0,426480,705800,279320,0,12,115,false,0
202,0,0,426480,710950,284470,0,5,108,false,0
203,0,0,426480,716050,289570,0,0,102,false,0
204,0,0,426480,720750,294270,0,0,94,false,0
205,0,0,426480,725600,299120,0,0,97,false,0
206,0,0,426480,730700,304220,0,0,102,false,0
207,0,0,426480,735350,308870,0,0,93,false,0
208,0,0,533100,739300,206200,0,0,79,false,0
209,0,0,533100,743800,210700,0,0,90,false,0
210,0,0,533100,748650,215550,0,0,97,false,0
211,0,0,533100,753500,220400,0,0,97,false,0
212,0,0,533100,758400,225300,0,0,98,false,0
213,0,0,533100,758400,225300,0,111,111,true,0
214,0,0,533100,763300,230200,0,0,98,false,0
215,0,0,533100,768450,235350,0,11,114,false,0
216,0,0,533100,773450,240350,0,0,100,false,0
217,0,0,533100,778100,245000,0,0,93,false,0
218,0,0,533100,783250,250150,0,14,117,false,0
219,0,0,533100,787650,254550,0,0,88,false,0
220,0,0,533100,792150,259050,0,0,90,false,0
221,0,0,533100,796950,263850,0,0,96,false,0
222,0,0,533100,796950,263850,0,94,94,true,0
223,0,0,533100,796950,263850,0,99,99,true,0
224,0,0,533100,802000,268900,0,0,101,false,0
225,0,0,533100,806700,273600,0,0,94,false,0
226,0,0,533100,811850,278750,0,4,107,false,0
227,0,0,533100,817000,283900,0,3,106,false,0
228,0,0,533100,817000,283900,0,104,104,true,0
229,0,0,533100,817000,283900,0,83,83,true,0
230,0,0,533100,817000,283900,0,109,109,true,0
231,0,0,533100,817000,283900,0,96,96,true,0
232,0,0,533100,817000,283900,0,93,93,true,0
233,0,0,533100,817000,283900,0,82,82,true,0
234,0,0,533100,817000,283900,0,87,87,true,0
235,0,0,533100,822150,289050,0,2,105,false,0
236,0,0,533100,827300,294200,0,5,108,false,0
237,0,0,533100,831550,298450,0,0,85,false,0
238,0,0,533100,836650,303550,0,0,102,false,0
239,0,0,533100,841400,308300,0,0,95,false,0
240,0,0,533100,846450,313350,0,0,101,false,0
241,0,0,533100,851600,318500,0,19,122,false,0
242,0,0,533100,856550,323450,0,0,99,false,0
243,0,0,533100,861700,328600,0,2,105,false,0
244,0,0,533100,866800,333700,0,0,102,false,0
245,0,0,533100,871500,338400,0,0,94,false,0
246,0,0,533100,876650,343550,0,9,112,false,0
247,0,0,533100,881800,348700,0,1,104,false,0
248,0,0,533100,886600,353500,0,0,96,false,0
249,0,0,533100,891500,358400,0,0,98,false,0
250,0,0,533100,896650,363550,0,2,105,false,0
251,0,0,533100,901000,367900,0,0,87,false,0
252,0,0,533100,906000,372900,0,0,100,false,0
253,0,0,533100,906000,372900,0,118,118,true,0
254,0,0,533100,906000,372900,0,92,92,true,0
255,0,0,533100,911100,378000,0,0,102,false,0
256,0,0,533100,915700,382600,0,0,92,false,0
257,0,0,533100,920450,387350,0,0,95,false,0
258,0,0,533100,925600,392500,0,3,106,false,0
259,0,0,533100,930550,397450,0,0,99,false,0
260,0,0,639720,935700,295980,0,25,128,false,0
261,0,0,639720,940700,300980,0,0,100,false,0
262,0,0,639720,945150,305430,0,0,89,false,0
263,0,0,639720,950300,310580,0,5,108,false,0
264,0,0,639720,954400,314680,0,0,82,false,0
265,0,0,639720,959550,319830,0,0,103,false,0
266,0,0,639720,963700,323980,0,0,83,false,0
267,0,0,639720,968150,328430,0,0,89,false,0
268,0,0,639720,973300,333580,0,10,113,false,0
269,0,0,639720,978100,338380,0,0,96,false,0
270,0,0,639720,982300,342580,0,0,84,false,0
271,0,0,639720,982300,342580,0,102,102,true,0
272,0,0,639720,986650,346930,0,0,87,false,0
273,0,0,639720,991400,351680,0,0,95,false,0
274,0,0,639720,995900,356180,0,0,90,false,0
275,0,0,639720,1001050,361330,0,4,107,false,0
276,0,0,639720,1005650,365930,0,0,92,false,0
277,0,0,639720,1010800,371080,0,2,105,false,0
278,0,0,639720,1015850,376130,0,0,101,false,0
279,0,0,639720,1021000,381280,0,18,121,false,0
280,0,0,639720,1026150,386430,0,11,114,false,0
281,0,0,639720,1026150,386430,0,108,108,true,0
282,0,0,639720,1026150,386430,0,100,100,true,0
283,0,0,639720,1026150,386430,0,122,122,true,0
284,0,0,639720,1031300,391580,0,3,106,false,0
285,0,0,639720,1036450,396730,0,1,104,false,0
286,0,0,639720,1036450,396730,0,117,117,true,0
287,0,0,639720,1041600,401880,0,18,121,false,0
288,0,0,639720,1046750,407030,0,0,103,false,0
289,0,0,639720,1051450,411730,0,0,94,false,0
290,0,0,639720,1056200,416480,0,0,95,false,0
291,0,0,639720,1060550,420830,0,0,87,false,0
292,0,0,639720,1064800,425080,0,0,85,false,0
293,0,0,639720,1064800,425080,0,115,115,true,0
294,0,0,639720,1068950,429230,0,0,83,false,0
295,0,0,639720,1073350,433630,0,0,88,false,0
296,0,0,639720,1078100,438380,0,0,95,false,0
297,0,0,639720,1082900,443180,0,0,96,false,0
298,0,0,639720,1088000,448280,0,0,102,false,0
299,0,0,639720,1092400,452680,0,0,88,false,0
300,0,0,639720,1097400,457680,0,0,100,false,0
301,0,0,639720,1102550,462830,0,4,107,false,0
302,0,0,639720,1102550,462830,0,100,100,true,0
303,0,0,639720,1102550,462830,0,103,103,true,0
304,0,0,639720,1107700,467980,0,6,109,false,0
305,0,0,639720,1112850,473130,0,1,104,false,0
306,0,0,639720,1112850,473130,0,93,93,true,0
307,0,0,639720,1118000,478280,0,2,105,false,0
308,0,0,639720,1122800,483080,0,0,96,false,0
309,0,0,639720,1127950,488230,0,5,108,false,0
310,0,0,639720,1132300,492580,0,0,87,false,0
311,0,0,639720,1137450,497730,0,9,112,false,0
312,0,0,746340,1137450,391110,0,78,78,true,0
313,0,0,746340,1137450,391110,0,99,99,true,0
314,0,0,746340,1142300,395960,0,0,97,false,0
315,0,0,746340,1147000,400660,0,0,94,false,0
316,0,0,746340,1152150,405810,0,9,112,false,0
317,0,0,746340,1152150,405810,0,98,98,true,0
318,0,0,746340,1157300,410960,0,3,106,false,0
319,0,0,746340,1162450,416110,0,5,108,false,0
320,0,0,746340,1167150,420810,0,0,94,false,0
321,0,0,746340,1172300,425960,0,13,116,false,0
322,0,0,746340,1177450,431110,0,0,103,false,0
323,0,0,746340,1177450,431110,0,90,90,true,0
324,0,0,746340,1182450,436110,0,0,100,false,0
325,0,0,746340,1187150,440810,0,0,94,false,0
326,0,0,746340,1192200,445860,0,0,101,false,0
327,0,0,746340,1197350,451010,0,3,106,false,0
328,0,0,746340,1201800,455460,0,0,89,false,0
329,0,0,746340,1206650,460310,0,0,97,false,0
330,0,0,746340,1211200,464860,0,0,91,false,0
331,0,0,746340,1216200,469860,0,0,100,false,0
332,0,0,746340,1221350,475010,0,20,123,false,0
333,0,0,746340,1226300,479960,0,0,99,false,0
334,0,0,746340,1231050,484710,0,0,95,false,0
335,0,0,746340,1236200,489860,0,19,122,false,0
336,0,0,746340,1240950,494610,0,0,95,false,0
337,0,0,746340,1240950,494610,0,88,88,true,0
338,0,0,746340,1246100,499760,0,3,106,false,0
339,0,0,746340,1251250,504910,0,5,108,false,0
340,0,0,746340,1255100,508760,0,0,77,false,0
341,0,0,746340,1260200,513860,0,0,102,false,0
342,0,0,746340,1265350,519010,0,1,104,false,0
343,0,0,746340,1269850,523510,0,0,90,false,0
344,0,0,746340,1274600,528260,0,0,95,false,0
345,0,0,746340,1279550,533210,0,0,99,false,0
346,0,0,746340,1284700,538360,0,14,117,false,0
347,0,0,746340,1289850,543510,0,4,107,false,0
348,0,0,746340,1294700,548360,0,0,97,false,0
349,0,0,746340,1298950,552610,0,0,85,false,0
350,0,0,746340,1303850,557510,0,0,98,false,0
351,0,0,746340,1308550,562210,0,0,94,false,0
352,0,0,746340,1308550,562210,0,107,107,true,0
353,0,0,746340,1308550,562210,0,100,100,true,0
354,0,0,746340,1308550,562210,0,104,104,true,0
355,0,0,746340,1313700,567360,0,0,103,false,0
356,0,0,746340,1318850,572510,0,3,106,false,0
357,0,0,746340,1324000,577660,0,6,109,false,0
358,0,0,746340,1329150,582810,0,6,109,false,0
359,0,0,746340,1333850,587510,0,0,94,false,0
360,0,0,746340,1339000,592660,0,15,118,false,0
361,0,0,746340,1343550,597210,0,0,91,false,0
362,0,0,746340,1348600,602260,0,0,101,false,0
363,0,0,746340,1348600,602260,0,100,100,true,0
364,0,0,852960,1348600,495640,0,105,105,true,0
365,0,0,852960,1353600,500640,0,0,100,false,0
366,0,0,852960,1358600,505640,0,0,100,false,0
367,0,0,852960,1358600,505640,0,93,93,true,0
368,0,0,852960,1358600,505640,0,94,94,true,0
369,0,0,852960,1363250,510290,0,0,93,false,0
370,0,0,852960,1368400,515440,0,3,106,false,0
371,0,0,852960,1373200,520240,0,0,96,false,0
372,0,0,852960,1378300,525340,0,0,102,false,0
373,0,0,852960,1383450,530490,0,1,104,false,0
374,0,0,852960,1388550,535590,0,0,102,false,0
375,0,0,852960,1393500,540540,0,0,99,false,0
376,0,0,852960,1398600,545640,0,0,102,false,0
377,0,0,852960,1403750,550790,0,2,105,false,0
378,0,0,852960,1408900,555940,0,0,103,false,0
379,0,0,852960,1412900,559940,0,0,80,false,0
380,0,0,852960,1418050,565090,0,4,107,false,0
381,0,0,852960,1423200,570240,0,15,118,false,0
382,0,0,852960,1428350,575390,0,5,108,false,0
383,0,0,852960,1433500,580540,0,13,116,false,0
384,0,0,852960,1437550,584590,0,0,81,false,0
385,0,0,852960,1442500,589540,0,0,99,false,0
386,0,0,852960,1446600,593640,0,0,82,false,0
387,0,0,852960,1451750,598790,0,27,130,false,0
388,0,0,852960,1456900,603940,0,2,105,false,0
389,0,0,852960,1462050,609090,0,0,103,false,0
390,0,0,852960,1467200,614240,0,5,108,false,0
391,0,0,852960,1467200,614240,0,104,104,true,0
392,0,0,852960,1467200,614240,0,100,100,true,0
393,0,0,852960,1471800,618840,0,0,92,false,0
394,0,0,852960,1476300,623340,0,0,90,false,0
395,0,0,852960,1480450,627490,0,0,83,false,0
396,0,0,852960,1480450,627490,0,99,99,true,0
397,0,0,852960,1485300,632340,0,0,97,false,0
398,0,0,852960,1490150,637190,0,0,97,false,0
399,0,0,852960,1490150,637190,0,101,101,true,0
400,0,0,852960,1494650,641690,0,0,90,false,0
401,0,0,852960,1499800,646840,0,7,110,false,0
402,0,0,852960,1499800,646840,0,88,88,true,0
403,0,0,852960,1499800,646840,0,104,104,true,0
404,0,0,852960,1503750,650790,0,0,79,false,0
405,0,0,852960,1508900,655940,0,14,117,false,0
406,0,0,852960,1508900,655940,0,106,106,true,0
407,0,0,852960,1508900,655940,0,109,109,true,0
408,0,0,852960,1513250,660290,0,0,87,false,0
409,0,0,852960,1518000,665040,0,0,95,false,0
410,0,0,852960,1522150,669190,0,0,83,false,0
411,0,0,852960,1527050,674090,0,0,98,false,0
412,0,0,852960,1531850,678890,0,0,96,false,0
413,0,0,852960,1536550,683590,0,0,94,false,0
414,0,0,852960,1541700,688740,0,10,113,false,0
415,0,0,852960,1546300,693340,0,0,92,false,0
416,0,0,959580,1546300,586720,0,79,79,true,0
417,0,0,959580,1546300,586720,0,89,89,true,0
418,0,0,959580,1546300,586720,0,112,112,true,0
419,0,0,959580,1546300,586720,0,94,94,true,0
420,0,0,959580,1546300,586720,0,93,93,true,0
421,0,0,959580,1546300,586720,0,108,108,true,0
422,0,0,959580,1546300,586720,0,94,94,true,0
423,0,0,959580,1546300,586720,0,95,95,true,0
424,0,0,959580,1546300,586720,0,81,81,true,0
425,0,0,959580,1546300,586720,0,108,108,true,0
426,0,0,959580,1550750,591170,0,0,89,false,0
427,0,0,959580,1555900,596320,0,10,113,false,0
428,0,0,959580,1561050,601470,0,5,108,false,0
429,0,0,959580,1565650,606070,0,0,92,false,0
430,0,0,959580,1565650,606070,0,97,97,true,0
431,0,0,959580,1565650,606070,0,89,89,true,0
432,0,0,959580,1565650,606070,0,122,122,true,0
433,0,0,959580,1565650,606070,0,104,104,true,0
434,0,0,959580,1570050,610470,0,0,88,false,0
435,0,0,959580,1574750,615170,0,0,94,false,0
436,0,0,959580,1579900,620320,0,3,106,false,0
437,0,0,959580,1584800,625220,0,0,98,false,0
438,0,0,959580,1589400,629820,0,0,92,false,0
439,0,0,959580,1593650,634070,0,0,85,false,0
440,0,0,959580,1598200,638620,0,0,91,false,0
441,0,0,959580,1603000,643420,0,0,96,false,0
442,0,0,959580,1608100,648520,0,0,102,false,0
443,0,0,959580,1608100,648520,0,87,87,true,0
444,0,0,959580,1612300,652720,0,0,84,false,0
445,0,0,959580,1617250,657670,0,0,99,false,0
446,0,0,959580,1622250,662670,0,0,100,false,0
447,0,0,959580,1626450,666870,0,0,84,false,0
448,0,0,959580,1626450,666870,0,94,94,true,0
449,0,0,959580,1631600,672020,0,4,107,false,0
450,0,0,959580,1636250,676670,0,0,93,false,0
451,0,0,959580,1641400,681820,0,7,110,false,0
452,0,0,959580,1646550,686970,0,1,104,false,0
453,0,0,959580,1646550,686970,0,92,92,true,0
454,0,0,959580,1646550,686970,0,99,99,true,0
455,0,0,959580,1646550,686970,0,104,104,true,0
456,0,0,959580,1646550,686970,0,110,110,true,0
457,0,0,959580,1646550,686970,0,83,83,true,0
458,0,0,959580,1651700,692120,0,1,104,false,0
459,0,0,959580,1656600,697020,0,0,98,false,0
460,0,0,959580,1661600,702020,0,0,100,false,0
461,0,0,959580,1666050,706470,0,0,89,false,0
462,0,0,959580,1666050,706470,0,89,89,true,0
463,0,0,959580,1666050,706470,0,95,95,true,0
464,0,0,959580,1671000,711420,0,0,99,false,0
465,0,0,959580,1675950,716370,0,0,99,false,0
466,0,0,959580,1681100,721520,0,33,136,false,0
467,0,0,959580,1681100,721520,0,98,98,true,0
468,0,0,1066200,1681100,614900,0,93,93,true,0
469,0,0,1066200,1681100,614900,0,111,111,true,0
470,0,0,1066200,1686250,620050,0,8,111,false,0
471,0,0,1066200,1690650,624450,0,0,88,false,0
472,0,0,1066200,1694750,628550,0,0,82,false,0
473,0,0,1066200,1694750,628550,0,112,112,true,0
474,0,0,1066200,1694750,628550,0,121,121,true,0
475,0,0,1066200,1699400,633200,0,0,93,false,0
476,0,0,1066200,1704450,638250,0,0,101,false,0
477,0,0,1066200,1709350,643150,0,0,98,false,0
478,0,0,1066200,1714350,648150,0,0,100,false,0
479,0,0,1066200,1719500,653300,0,4,107,false,0
480,0,0,1066200,1724050,657850,0,0,91,false,0
481,0,0,1066200,1729200,663000,0,8,111,false,0
482,0,0,1066200,1734350,668150,0,13,116,false,0
483,0,0,1066200,1738250,672050,0,0,78,false,0
484,0,0,1066200,1743400,677200,0,6,109,false,0
485,0,0,1066200,1747900,681700,0,0,90,false,0
486,0,0,1066200,1747900,681700,0,101,101,true,0
487,0,0,1066200,1752750,686550,0,0,97,false,0
488,0,0,1066200,1757350,691150,0,0,92,false,0
489,0,0,1066200,1762500,696300,0,3,106,false,0
490,0,0,1066200,1766800,700600,0,0,86,false,0
491,0,0,1066200,1766800,700600,0,93,93,true,0
492,0,0,1066200,1771500,705300,0,0,94,false,0
493,0,0,1066200,1775950,709750,0,0,89,false,0
494,0,0,1066200,1780100,713900,0,0,83,false,0
495,0,0,1066200,1784250,718050,0,0,83,false,0
496,0,0,1066200,1789050,722850,0,0,96,false,0
497,0,0,1066200,1794200,728000,0,1,104,false,0
498,0,0,1066200,1799250,733050,0,0,101,false,0
499,0,0,1066200,1804050,737850,0,0,96,false,0
500,0,0,1066200,1808550,742350,0,0,90,false,0
501,0,0,1066200,1813700,747500,0,6,109,false,0
502,0,0,1066200,1818850,752650,0,2,105,false,0
503,0,0,1066200,1822950,756750,0,0,82,false,0
504,0,0,1066200,1828100,761900,0,5,108,false,0
505,0,0,1066200,1832950,766750,0,0,97,false,0
506,0,0,1066200,1837550,771350,0,0,92,false,0
507,0,0,1066200,1842700,776500,0,10,113,false,0
508,0,0,1066200,1842700,776500,0,113,113,true,0
509,0,0,1066200,1847850,781650,0,3,106,false,0
510,0,0,1066200,1852350,786150,0,0,90,false,0
511,0,0,1066200,1857150,790950,0,0,96,false,0
512,0,0,1066200,1862200,796000,0,0,101,false,0
513,0,0,1066200,1867000,800800,0,0,96,false,0
514,0,0,1066200,1872150,805950,0,7,110,false,0
515,0,0,1066200,1877100,810900,0,0,99,false,0
516,0,0,1066200,1882250,816050,0,11,114,false,0
517,0,0,1066200,1887400,821200,0,1,104,false,0
518,0,0,1066200,1892100,825900,0,0,94,false,0
519,0,0,1066200,1897250,831050,0,1,104,false,0
520,0,0,1172820,1902400,729580,0,1,104,false,0
521,0,0,1172820,1906250,733430,0,0,77,false,0
522,0,0,1172820,1910750,737930,0,0,90,false,0
523,0,0,1172820,1915650,742830,0,0,98,false,0
524,0,0,1172820,1920800,747980,0,1,104,false,0
525,0,0,1172820,1925700,752880,0,0,98,false,0
526,0,0,1172820,1930850,758030,0,0,103,false,0
527,0,0,1172820,1936000,763180,0,0,103,false,0
528,0,0,1172820,1941150,768330,0,16,119,false,0
529,0,0,1172820,1945650,772830,0,0,90,false,0
530,0,0,1172820,1945650,772830,0,106,106,true,0
531,0,0,1172820,1945650,772830,0,80,80,true,0
532,0,0,1172820,1950150,777330,0,0,90,false,0
533,0,0,1172820,1955300,782480,0,4,107,false,0
534,0,0,1172820,1959750,786930,0,0,89,false,0
535,0,0,1172820,1964350,791530,0,0,92,false,0
536,0,0,1172820,1969350,796530,0,0,100,false,0
537,0,0,1172820,1973850,801030,0,0,90,false,0
538,0,0,1172820,1979000,806180,0,13,116,false,0
539,0,0,1172820,1983950,811130,0,0,99,false,0
540,0,0,1172820,1989100,816280,0,1,104,false,0
541,0,0,1172820,1992650,819830,0,0,71,false,0
542,0,0,1172820,1997800,824980,0,1,104,false,0
543,0,0,1172820,2002850,830030,0,0,101,false,0
544,0,0,1172820,2008000,835180,0,3,106,false,0
545,0,0,1172820,2008000,835180,0,96,96,true,0
546,0,0,1172820,2008000,835180,0,103,103,true,0
547,0,0,1172820,2013050,840230,0,0,101,false,0
548,0,0,1172820,2017500,844680,0,0,89,false,0
549,0,0,1172820,2021750,848930,0,0,85,false,0
550,0,0,1172820,2026900,854080,0,3,106,false,0
551,0,0,1172820,2031750,858930,0,0,97,false,0
552,0,0,1172820,2036900,864080,0,10,113,false,0
553,0,0,1172820,2036900,864080,0,109,109,true,0
554,0,0,1172820,2036900,864080,0,107,107,true,0
555,0,0,1172820,2036900,864080,0,80,80,true,0
556,0,0,1172820,2036900,864080,0,117,117,true,0
557,0,0,1172820,2036900,864080,0,106,106,true,0
558,0,0,1172820,2036900,864080,0,108,108,true,0
559,0,0,1172820,2036900,864080,0,92,92,true,0
560,0,0,1172820,2036900,864080,0,103,103,true,0
561,0,0,1172820,2042050,869230,0,20,123,false,0
562,0,0,1172820,2047200,874380,0,0,103,false,0
563,0,0,1172820,2052050,879230,0,0,97,false,0
564,0,0,1172820,2057200,884380,0,9,112,false,0
565,0,0,1172820,2057200,884380,0,104,104,true,0
566,0,0,1172820,2057200,884380,0,116,116,true,0
567,0,0,1172820,2062100,889280,0,0,98,false,0
568,0,0,1172820,2067250,894430,0,13,116,false,0
569,0,0,1172820,2071600,898780,0,0,87,false,0
570,0,0,1172820,2071600,898780,0,98,98,true,0
571,0,0,1172820,2076750,903930,0,16,119,false,0
572,0,0,1279440,2081900,802460,0,14,117,false,0
573,0,0,1279440,2086150,806710,0,0,85,false,0
574,0,0,1279440,2090550,811110,0,0,88,false,0
575,0,0,1279440,2094800,815360,0,0,85,false,0
576,0,0,1279440,2099100,819660,0,0,86,false,0
577,0,0,1279440,2103850,824410,0,0,95,false,0
578,0,0,1279440,2109000,829560,0,13,116,false,0
579,0,0,1279440,2113700,834260,0,0,94,false,0
580,0,0,1279440,2118650,839210,0,0,99,false,0
581,0,0,1279440,2123450,844010,0,0,96,false,0
582,0,0,1279440,2128600,849160,0,3,106,false,0
583,0,0,1279440,2133100,853660,0,0,90,false,0
584,0,0,1279440,2138250,858810,0,11,114,false,0
585,0,0,1279440,2143000,863560,0,0,95,false,0
586,0,0,1279440,2148150,868710,0,13,116,false,0
587,0,0,1279440,2153200,873760,0,0,101,false,0
588,0,0,1279440,2158350,878910,0,8,111,false,0
589,0,0,1279440,2163500,884060,0,0,103,false,0
590,0,0,1279440,2168650,889210,0,6,109,false,0
591,0,0,1279440,2173600,894160,0,0,99,false,0
592,0,0,1279440,2173600,894160,0,115,115,true,0
593,0,0,1279440,2178200,898760,0,0,92,false,0
594,0,0,1279440,2183350,903910,0,2,105,false,0
595,0,0,1279440,2188100,908660,0,0,95,false,0
596,0,0,1279440,2192800,913360,0,0,94,false,0
597,0,0,1279440,2197950,918510,0,19,122,false,0
598,0,0,1279440,2203100,923660,0,2,105,false,0
599,0,0,1279440,2203100,923660,0,104,104,true,0
600,0,0,1279440,2203100,923660,0,89,89,true,0
601,0,0,1279440,2208150,928710,0,0,101,false,0
602,0,0,1279440,2213150,933710,0,0,100,false,0
603,0,0,1279440,2218300,938860,0,13,116,false,0
604,0,0,1279440,2223450,944010,0,7,110,false,0
605,0,0,1279440,2227600,948160,0,0,83,false,0
606,0,0,1279440,2227600,948160,0,100,100,true,0
607,0,0,1279440,2227600,948160,0,81,81,true,0
608,0,0,1279440,2232200,952760,0,0,92,false,0
609,0,0,1279440,2237350,957910,0,0,103,false,0
610,0,0,1279440,2241850,962410,0,0,90,false,0
611,0,0,1279440,2246950,967510,0,0,102,false,0
612,0,0,1279440,2252100,972660,0,3,106,false,0
613,0,0,1279440,2257250,977810,0,2,105,false,0
614,0,0,1279440,2262400,982960,0,4,107,false,0
615,0,0,1279440,2267500,988060,0,0,102,false,0
616,0,0,1279440,2272450,993010,0,0,99,false,0
617,0,0,1279440,2272450,993010,0,95,95,true,0
618,0,0,1279440,2272450,993010,0,108,108,true,0
619,0,0,1279440,2272450,993010,0,91,91,true,0
620,0,0,1279440,2272450,993010,0,118,118,true,0
621,0,0,1279440,2272450,993010,0,113,113,true,0
622,0,0,1279440,2272450,993010,0,99,99,true,0
623,0,0,1279440,2277450,998010,0,0,100,false,0
624,0,0,1386060,2282450,896390,0,0,100,false,0
625,0,0,1386060,2282450,896390,0,100,100,true,0
626,0,0,1386060,2282450,896390,0,120,120,true,0
627,0,0,1386060,2287600,901540,0,4,107,false,0
628,0,0,1386060,2292750,906690,0,6,109,false,0
629,0,0,1386060,2297800,911740,0,0,101,false,0
630,0,0,1386060,2302900,916840,0,0,102,false,0
631,0,0,1386060,2307950,921890,0,0,101,false,0
632,0,0,1386060,2312750,926690,0,0,96,false,0
633,0,0,1386060,2317550,931490,0,0,96,false,0
634,0,0,1386060,2322150,936090,0,0,92,false,0
635,0,0,1386060,2322150,936090,0,96,96,true,0
636,0,0,1386060,2326600,940540,0,0,89,false,0
637,0,0,1386060,2331250,945190,0,0,93,false,0
638,0,0,1386060,2336050,949990,0,0,96,false,0
639,0,0,1386060,2341050,954990,0,0,100,false,0
640,0,0,1386060,2346200,960140,0,1,104,false,0
641,0,0,1386060,2350900,964840,0,0,94,false,0
642,0,0,1386060,2350900,964840,0,109,109,true,0
643,0,0,1386060,2356000,969940,0,0,102,false,0
644,0,0,1386060,2361000,974940,0,0,100,false,0
645,0,0,1386060,2365000,978940,0,0,80,false,0
646,0,0,1386060,2365000,978940,0,99,99,true,0
647,0,0,1386060,2370150,984090,0,1,104,false,0
648,0,0,1386060,2374700,988640,0,0,91,false,0
649,0,0,1386060,2379850,993790,0,5,108,false,0
650,0,0,1386060,2379850,993790,0,109,109,true,0
651,0,0,1386060,2385000,998940,0,7,110,false,0
652,0,0,1386060,2390000,1003940,0,0,100,false,0
653,0,0,1386060,2390000,1003940,0,99,99,true,0
654,0,0,1386060,2390000,1003940,0,115,115,true,0
655,0,0,1386060,2390000,1003940,0,94,94,true,0
656,0,0,1386060,2390000,1003940,0,98,98,true,0
657,0,0,1386060,2394900,1008840,0,0,98,false,0
658,0,0,1386060,2399000,1012940,0,0,82,false,0
659,0,0,1386060,2403850,1017790,0,0,97,false,0
660,0,0,1386060,2408600,1022540,0,0,95,false,0
661,0,0,1386060,2413750,1027690,0,1,104,false,0
662,0,0,1386060,2418750,1032690,0,0,100,false,0
663,0,0,1386060,2423100,1037040,0,0,87,false,0
664,0,0,1386060,2428150,1042090,0,0,101,false,0
665,0,0,1386060,2433300,1047240,0,2,105,false,0
666,0,0,1386060,2438450,1052390,0,7,110,false,0
667,0,0,1386060,2438450,1052390,0,105,105,true,0
668,0,0,1386060,2443250,1057190,0,0,96,false,0
669,0,0,1386060,2448350,1062290,0,0,102,false,0
670,0,0,1386060,2448350,1062290,0,99,99,true,0
671,0,0,1386060,2448350,1062290,0,95,95,true,0
672,0,0,1386060,2453250,1067190,0,0,98,false,0
673,0,0,1386060,2458400,1072340,0,4,107,false,0
674,0,0,1386060,2458400,1072340,0,104,104,true,0
675,0,0,1386060,2463550,1077490,0,7,110,false,0
676,0,0,1492680,2468700,976020,0,3,106,false,0
677,0,0,1492680,2473750,981070,0,0,101,false,0
678,0,0,1492680,2478800,986120,0,0,101,false,0
679,0,0,1492680,2478800,986120,0,90,90,true,0
680,0,0,1492680,2478800,986120,0,100,100,true,0
681,0,0,1492680,2483950,991270,0,3,106,false,0
682,0,0,1492680,2488450,995770,0,0,90,false,0
683,0,0,1492680,2493600,1000920,0,15,118,false,0
684,0,0,1492680,2497950,1005270,0,0,87,false,0
685,0,0,1492680,2502800,1010120,0,0,97,false,0
686,0,0,1492680,2502800,1010120,0,96,96,true,0
687,0,0,1492680,2502800,1010120,0,123,123,true,0
688,0,0,1492680,2507450,1014770,0,0,93,false,0
689,0,0,1492680,2512250,1019570,0,0,96,false,0
690,0,0,1492680,2517400,1024720,0,9,112,false,0
691,0,0,1492680,2522200,1029520,0,0,96,false,0
692,0,0,1492680,2526350,1033670,0,0,83,false,0
693,0,0,1492680,2531100,1038420,0,0,95,false,0
694,0,0,1492680,2536000,1043320,0,0,98,false,0
695,0,0,1492680,2540800,1048120,0,0,96,false,0
696,0,0,1492680,2545950,1053270,0,6,109,false,0
697,0,0,1492680,2550850,1058170,0,0,98,false,0
698,0,0,1492680,2555350,1062670,0,0,90,false,0
699,0,0,1492680,2560500,1067820,0,0,103,false,0
700,0,0,1492680,2565150,1072470,0,0,93,false,0
701,0,0,1492680,2569600,1076920,0,0,89,false,0
702,0,0,1492680,2574750,1082070,0,4,107,false,0
703,0,0,1492680,2579900,1087220,0,2,105,false,0
704,0,0,1492680,2579900,1087220,0,104,104,true,0
705,0,0,1492680,2585050,1092370,0,7,110,false,0
706,0,0,1492680,2589500,1096820,0,0,89,false,0
707,0,0,1492680,2593250,1100570,0,0,75,false,0
708,0,0,1492680,2597600,1104920,0,0,87,false,0
709,0,0,1492680,2602650,1109970,0,0,101,false,0
710,0,0,1492680,2607800,1115120,0,1,104,false,0
711,0,0,1492680,2612600,1119920,0,0,96,false,0
712,0,0,1492680,2617150,1124470,0,0,91,false,0
713,0,0,1492680,2621600,1128920,0,0,89,false,0
714,0,0,1492680,2626250,1133570,0,0,93,false,0
715,0,0,1492680,2630700,1138020,0,0,89,false,0
716,0,0,1492680,2635850,1143170,0,3,106,false,0
717,0,0,1492680,2640800,1148120,0,0,99,false,0
718,0,0,1492680,2645950,1153270,0,1,104,false,0
719,0,0,1492680,2651100,1158420,0,2,105,false,0
720,0,0,1492680,2655950,1163270,0,0,97,false,0
721,0,0,1492680,2655950,1163270,0,119,119,true,0
722,0,0,1492680,2655950,1163270,0,96,96,true,0
723,0,0,1492680,2655950,1163270,0,110,110,true,0
724,0,0,1492680,2660300,1167620,0,0,87,false,0
725,0,0,1492680,2664650,1171970,0,0,87,false,0
726,0,0,1492680,2669800,1177120,0,8,111,false,0
727,0,0,1492680,2669800,1177120,0,98,98,true,0
728,0,0,1599300,2674900,1075600,0,0,102,false,0
729,0,0,1599300,2679200,1079900,0,0,86,false,0
730,0,0,1599300,2684200,1084900,0,0,100,false,0
731,0,0,1599300,2689200,1089900,0,0,100,false,0
732,0,0,1599300,2694200,1094900,0,0,100,false,0
733,0,0,1599300,2698200,1098900,0,0,80,false,0
734,0,0,1599300,2703350,1104050,0,6,109,false,0
735,0,0,1599300,2708400,1109100,0,0,101,false,0
736,0,0,1599300,2713550,1114250,0,15,118,false,0
737,0,0,1599300,2718700,1119400,0,15,118,false,0
738,0,0,1599300,2723100,1123800,0,0,88,false,0
739,0,0,1599300,2727650,1128350,0,0,91,false,0
740,0,0,1599300,2732300,1133000,0,0,93,false,0
741,0,0,1599300,2737450,1138150,0,1,104,false,0
742,0,0,1599300,2742250,1142950,0,0,96,false,0
743,0,0,1599300,2742250,1142950,0,89,89,true,0
744,0,0,1599300,2747400,1148100,0,5,108,false,0
745,0,0,1599300,2751700,1152400,0,0,86,false,0
746,0,0,1599300,2751700,1152400,0,95,95,true,0
747,0,0,1599300,2751700,1152400,0,117,117,true,0
748,0,0,1599300,2751700,1152400,0,94,94,true,0
749,0,0,1599300,2751700,1152400,0,101,101,true,0
750,0,0,1599300,2756850,1157550,0,2,105,false,0
751,0,0,1599300,2762000,1162700,0,5,108,false,0
752,0,0,1599300,2767150,1167850,0,2,105,false,0
753,0,0,1599300,2772300,1173000,0,5,108,false,0
754,0,0,1599300,2777100,1177800,0,0,96,false,0
755,0,0,1599300,2782250,1182950,0,0,103,false,0
756,0,0,1599300,2787200,1187900,0,0,99,false,0
757,0,0,1599300,2791900,1192600,0,0,94,false,0
758,0,0,1599300,2791900,1192600,0,94,94,true,0
759,0,0,1599300,2796900,1197600,0,0,100,false,0
760,0,0,1599300,2802050,1202750,0,10,113,false,0
761,0,0,1599300,2806900,1207600,0,0,97,false,0
762,0,0,1599300,2811700,1212400,0,0,96,false,0
763,0,0,1599300,2815850,1216550,0,0,83,false,0
764,0,0,1599300,2820900,1221600,0,0,101,false,0
765,0,0,1599300,2820900,1221600,0,90,90,true,0
766,0,0,1599300,2826050,1226750,0,2,105,false,0
767,0,0,1599300,2830550,1231250,0,0,90,false,0
768,0,0,1599300,2835700,1236400,0,2,105,false,0
769,0,0,1599300,2840850,1241550,0,6,109,false,0
770,0,0,1599300,2845900,1246600,0,0,101,false,0
771,0,0,1599300,2850300,1251000,0,0,88,false,0
772,0,0,1599300,2854550,1255250,0,0,85,false,0
773,0,0,1599300,2859700,1260400,0,2,105,false,0
774,0,0,1599300,2864750,1265450,0,0,101,false,0
775,0,0,1599300,2869350,1270050,0,0,92,false,0
776,0,0,1599300,2873600,1274300,0,0,85,false,0
777,0,0,1599300,2873600,1274300,0,106,106,true,0
778,0,0,1599300,2878750,1279450,0,5,108,false,0
779,0,0,1599300,2883900,1284600,0,16,119,false,0
780,0,0,1705920,2888900,1182980,0,0,100,false,0
781,0,0,1705920,2894050,1188130,0,3,106,false,0
782,0,0,1705920,2899200,1193280,0,7,110,false,0
783,0,0,1705920,2904350,1198430,0,12,115,false,0
784,0,0,1705920,2909500,1203580,0,8,111,false,0
785,0,0,1705920,2914300,1208380,0,0,96,false,0
786,0,0,1705920,2919400,1213480,0,0,102,false,0
787,0,0,1705920,2924550,1218630,0,19,122,false,0
788,0,0,1705920,2929100,1223180,0,0,91,false,0
789,0,0,1705920,2934250,1228330,0,3,106,false,0
790,0,0,1705920,2938700,1232780,0,0,89,false,0
791,0,0,1705920,2943850,1237930,0,0,103,false,0
792,0,0,1705920,2943850,1237930,0,81,81,true,0
793,0,0,1705920,2943850,1237930,0,94,94,true,0
794,0,0,1705920,2943850,1237930,0,94,94,true,0
795,0,0,1705920,2949000,1243080,0,7,110,false,0
796,0,0,1705920,2954000,1248080,0,0,100,false,0
797,0,0,1705920,2959150,1253230,0,3,106,false,0
798,0,0,1705920,2963500,1257580,0,0,87,false,0
799,0,0,1705920,2968650,1262730,0,6,109,false,0
800,0,0,1705920,2973400,1267480,0,0,95,false,0
801,0,0,1705920,2973400,1267480,0,92,92,true,0
802,0,0,1705920,2973400,1267480,0,98,98,true,0
803,0,0,1705920,2973400,1267480,0,99,99,true,0
804,0,0,1705920,2973400,1267480,0,87,87,true,0
805,0,0,1705920,2977700,1271780,0,0,86,false,0
806,0,0,1705920,2982100,1276180,0,0,88,false,0
807,0,0,1705920,2987250,1281330,0,1,104,false,0
808,0,0,1705920,2987250,1281330,0,104,104,true,0
809,0,0,1705920,2987250,1281330,0,100,100,true,0
810,0,0,1705920,2987250,1281330,0,110,110,true,0
811,0,0,1705920,2992250,1286330,0,0,100,false,0
812,0,0,1705920,2996250,1290330,0,0,80,false,0
813,0,0,1705920,3000950,1295030,0,0,94,false,0
814,0,0,1705920,3005800,1299880,0,0,97,false,0
815,0,0,1705920,3010950,1305030,0,13,116,false,0
816,0,0,1705920,3014650,1308730,0,0,74,false,0
817,0,0,1705920,3019400,1313480,0,0,95,false,0
818,0,0,1705920,3023700,1317780,0,0,86,false,0
819,0,0,1705920,3023700,1317780,0,116,116,true,0
820,0,0,1705920,3023700,1317780,0,90,90,true,0
821,0,0,1705920,3023700,1317780,0,114,114,true,0
822,0,0,1705920,3023700,1317780,0,105,105,true,0
823,0,0,1705920,3028850,1322930,0,3,106,false,0
824,0,0,1705920,3033050,1327130,0,0,84,false,0
825,0,0,1705920,3038200,1332280,0,3,106,false,0
826,0,0,1705920,3043150,1337230,0,0,99,false,0
827,0,0,1705920,3048250,1342330,0,0,102,false,0
828,0,0,1705920,3052850,1346930,0,0,92,false,0
829,0,0,1705920,3057900,1351980,0,0,101,false,0
830,0,0,1705920,3063050,1357130,0,7,110,false,0
831,0,0,1705920,3068200,1362280,0,0,103,false,0
832,0,0,1812540,3068200,1255660,0,106,106,true,0
833,0,0,1812540,3068200,1255660,0,109,109,true,0
834,0,0,1812540,3068200,1255660,0,93,93,true,0
835,0,0,1812540,3068200,1255660,0,99,99,true,0
836,0,0,1812540,3073000,1260460,0,0,96,false,0
837,0,0,1812540,3077600,1265060,0,0,92,false,0
838,0,0,1812540,3082300,1269760,0,0,94,false,0
839,0,0,1812540,3087450,1274910,0,0,103,false,0
840,0,0,1812540,3092600,1280060,0,2,105,false,0
841,0,0,1812540,3096950,1284410,0,0,87,false,0
842,0,0,1812540,3101950,1289410,0,0,100,false,0
843,0,0,1812540,3107100,1294560,0,11,114,false,0
844,0,0,1812540,3111950,1299410,0,0,97,false,0
845,0,0,1812540,3116450,1303910,0,0,90,false,0
846,0,0,1812540,3121400,1308860,0,0,99,false,0
847,0,0,1812540,3126150,1313610,0,0,95,false,0
848,0,0,1812540,3130850,1318310,0,0,94,false,0
849,0,0,1812540,3135850,1323310,0,0,100,false,0
850,0,0,1812540,3140850,1328310,0,0,100,false,0
851,0,0,1812540,3145100,1332560,0,0,85,false,0
852,0,0,1812540,3150100,1337560,0,0,100,false,0
853,0,0,1812540,3155250,1342710,0,1,104,false,0
854,0,0,1812540,3160400,1347860,0,5,108,false,0
855,0,0,1812540,3164200,1351660,0,0,76,false,0
856,0,0,1812540,3168850,1356310,0,0,93,false,0
857,0,0,1812540,3168850,1356310,0,105,105,true,0
858,0,0,1812540,3172750,1360210,0,0,78,false,0
859,0,0,1812540,3177800,1365260,0,0,101,false,0
860,0,0,1812540,3182900,1370360,0,0,102,false,0
861,0,0,1812540,3188050,1375510,0,7,110,false,0
862,0,0,1812540,3192150,1379610,0,0,82,false,0
863,0,0,1812540,3197300,1384760,0,13,116,false,0
864,0,0,1812540,3197300,1384760,0,100,100,true,0
865,0,0,1812540,3197300,1384760,0,93,93,true,0
866,0,0,1812540,3197300,1384760,0,110,110,true,0
867,0,0,1812540,3197300,1384760,0,102,102,true,0
868,0,0,1812540,3202450,1389910,0,6,109,false,0
869,0,0,1812540,3207300,1394760,0,0,97,false,0
870,0,0,1812540,3207300,1394760,0,90,90,true,0
871,0,0,1812540,3207300,1394760,0,97,97,true,0
872,0,0,1812540,3211300,1398760,0,0,80,false,0
873,0,0,1812540,3216050,1403510,0,0,95,false,0
874,0,0,1812540,3221000,1408460,0,0,99,false,0
875,0,0,1812540,3225100,1412560,0,0,82,false,0
876,0,0,1812540,3230250,1417710,0,10,113,false,0
877,0,0,1812540,3235400,1422860,0,9,112,false,0
878,0,0,1812540,3240550,1428010,0,9,112,false,0
879,0,0,1812540,3244800,1432260,0,0,85,false,0
880,0,0,1812540,3249950,1437410,0,1,104,false,0
881,0,0,1812540,3254650,1442110,0,0,94,false,0
882,0,0,1812540,3259800,1447260,0,6,109,false,0
883,0,0,1812540,3264850,1452310,0,0,101,false,0
884,0,0,1919160,3270000,1350840,0,2,105,false,0
885,0,0,1919160,3275150,1355990,0,8,111,false,0
886,0,0,1919160,3280300,1361140,0,1,104,false,0
887,0,0,1919160,3285300,1366140,0,0,100,false,0
888,0,0,1919160,3290050,1370890,0,0,95,false,0
889,0,0,1919160,3294150,1374990,0,0,82,false,0
890,0,0,1919160,3299050,1379890,0,0,98,false,0
891,0,0,1919160,3299050,1379890,0,103,103,true,0
892,0,0,1919160,3299050,1379890,0,95,95,true,0
893,0,0,1919160,3299050,1379890,0,106,106,true,0
894,0,0,1919160,3299050,1379890,0,92,92,true,0
895,0,0,1919160,3299050,1379890,0,83,83,true,0
896,0,0,1919160,3304100,1384940,0,0,101,false,0
897,0,0,1919160,3309250,1390090,0,11,114,false,0
898,0,0,1919160,3314250,1395090,0,0,100,false,0
899,0,0,1919160,3319400,1400240,0,0,103,false,0
900,0,0,1919160,3319400,1400240,0,98,98,true,0
901,0,0,1919160,3324550,1405390,0,8,111,false,0
902,0,0,1919160,3329700,1410540,0,0,103,false,0
903,0,0,1919160,3329700,1410540,0,99,99,true,0
904,0,0,1919160,3334750,1415590,0,0,101,false,0
905,0,0,1919160,3338950,1419790,0,0,84,false,0
906,0,0,1919160,3338950,1419790,0,103,103,true,0
907,0,0,1919160,3338950,1419790,0,116,116,true,0
908,0,0,1919160,3338950,1419790,0,81,81,true,0
909,0,0,1919160,3338950,1419790,0,121,121,true,0
910,0,0,1919160,3338950,1419790,0,113,113,true,0
911,0,0,1919160,3338950,1419790,0,106,106,true,0
912,0,0,1919160,3338950,1419790,0,99,99,true,0
913,0,0,1919160,3338950,1419790,0,120,120,true,0
914,0,0,1919160,3338950,1419790,0,109,109,true,0
915,0,0,1919160,3344000,1424840,0,0,101,false,0
916,0,0,1919160,3347900,1428740,0,0,78,false,0
917,0,0,1919160,3352900,1433740,0,0,100,false,0
918,0,0,1919160,3358050,1438890,0,6,109,false,0
919,0,0,1919160,3363200,1444040,0,3,106,false,0
920,0,0,1919160,3368000,1448840,0,0,96,false,0
921,0,0,1919160,3373150,1453990,0,8,111,false,0
922,0,0,1919160,3378300,1459140,0,3,106,false,0
923,0,0,1919160,3383450,1464290,0,20,123,false,0
924,0,0,1919160,3388050,1468890,0,0,92,false,0
925,0,0,1919160,3393200,1474040,0,14,117,false,0
926,0,0,1919160,3398200,1479040,0,0,100,false,0
927,0,0,1919160,3403350,1484190,0,6,109,false,0
928,0,0,1919160,3408150,1488990,0,0,96,false,0
929,0,0,1919160,3412900,1493740,0,0,95,false,0
930,0,0,1919160,3412900,1493740,0,113,113,true,0
931,0,0,1919160,3416650,1497490,0,0,75,false,0
932,0,0,1919160,3421650,1502490,0,0,100,false,0
933,0,0,1919160,3426450,1507290,0,0,96,false,0
934,0,0,1919160,3430650,1511490,0,0,84,false,0
935,0,0,1919160,3435800,1516640,0,0,103,false,0
936,0,0,2025780,3440950,1415170,0,5,108,false,0
937,0,0,2025780,3445400,1419620,0,0,89,false,0
938,0,0,2025780,3450550,1424770,0,10,113,false,0
939,0,0,2025780,3455300,1429520,0,0,95,false,0
940,0,0,2025780,3460450,1434670,0,6,109,false,0
941,0,0,2025780,3465350,1439570,0,0,98,false,0
942,0,0,2025780,3465350,1439570,0,93,93,true,0
943,0,0,2025780,3465350,1439570,0,91,91,true,0
944,0,0,2025780,3465350,1439570,0,118,118,true,0
945,0,0,2025780,3469950,1444170,0,0,92,false,0
946,0,0,2025780,3475100,1449320,0,0,103,false,0
947,0,0,2025780,3480150,1454370,0,0,101,false,0
948,0,0,2025780,3484650,1458870,0,0,90,false,0
949,0,0,2025780,3489800,1464020,0,2,105,false,0
950,0,0,2025780,3494450,1468670,0,0,93,false,0
951,0,0,2025780,3499600,1473820,0,13,116,false,0
952,0,0,2025780,3503900,1478120,0,0,86,false,0
953,0,0,2025780,3503900,1478120,0,104,104,true,0
954,0,0,2025780,3503900,1478120,0,111,111,true,0
955,0,0,2025780,3503900,1478120,0,93,93,true,0
956,0,0,2025780,3503900,1478120,0,109,109,true,0
957,0,0,2025780,3503900,1478120,0,105,105,true,0
958,0,0,2025780,3503900,1478120,0,96,96,true,0
959,0,0,2025780,3503900,1478120,0,102,102,true,0
960,0,0,2025780,3503900,1478120,0,114,114,true,0
961,0,0,2025780,3503900,1478120,0,109,109,true,0
962,0,0,2025780,3508800,1483020,0,0,98,false,0
963,0,0,2025780,3513900,1488120,0,0,102,false,0
964,0,0,2025780,3519050,1493270,0,1,104,false,0
965,0,0,2025780,3519050,1493270,0,93,93,true,0
966,0,0,2025780,3523650,1497870,0,0,92,false,0
967,0,0,2025780,3528750,1502970,0,0,102,false,0
968,0,0,2025780,3533150,1507370,0,0,88,false,0
969,0,0,2025780,3533150,1507370,0,98,98,true,0
970,0,0,2025780,3533150,1507370,0,104,104,true,0
971,0,0,2025780,3533150,1507370,0,103,103,true,0
972,0,0,2025780,3537900,1512120,0,0,95,false,0
973,0,0,2025780,3543050,1517270,0,18,121,false,0
974,0,0,2025780,3548200,1522420,0,1,104,false,0
975,0,0,2025780,3552650,1526870,0,0,89,false,0
976,0,0,2025780,3557750,1531970,0,0,102,false,0
977,0,0,2025780,3562700,1536920,0,0,99,false,0
978,0,0,2025780,3562700,1536920,0,98,98,true,0
979,0,0,2025780,3562700,1536920,0,96,96,true,0
980,0,0,2025780,3567350,1541570,0,0,93,false,0
981,0,0,2025780,3572450,1546670,0,0,102,false,0
982,0,0,2025780,3577600,1551820,0,12,115,false,0
983,0,0,2025780,3582750,1556970,0,4,107,false,0
984,0,0,2025780,3587900,1562120,0,3,106,false,0
985,0,0,2025780,3587900,1562120,0,93,93,true,0
986,0,0,2025780,3587900,1562120,0,119,119,true,0
987,0,0,2025780,3592750,1566970,0,0,97,false,0
988,0,0,2132400,3597650,1465250,0,0,98,false,0
989,0,0,2132400,3602800,1470400,0,10,113,false,0
990,0,0,2132400,3602800,1470400,0,90,90,true,0
991,0,0,2132400,3607650,1475250,0,0,97,false,0
992,0,0,2132400,3612800,1480400,0,3,106,false,0
993,0,0,2132400,3617950,1485550,0,15,118,false,0
994,0,0,2132400,3622900,1490500,0,0,99,false,0
995,0,0,2132400,3626750,1494350,0,0,77,false,0
996,0,0,2132400,3626750,1494350,0,97,97,true,0
997,0,0,2132400,3630700,1498300,0,0,79,false,0
998,0,0,2132400,3635300,1502900,0,0,92,false,0
999,0,0,2132400,3639950,1507550,0,0,93,false,0
1000,0,0,2132400,3645100,1512700,0,2,105,false,0
1001,0,0,2132400,3650050,1517650,0,0,99,false,0
1002,0,0,2132400,3655100,1522700,0,0,101,false,0
1003,0,0,2132400,3660050,1527650,0,0,99,false,0
1004,0,0,2132400,3665150,1532750,0,0,102,false,0
1005,0,0,2132400,3670300,1537900,0,0,103,false,0
1006,0,0,2132400,3674350,1541950,0,0,81,false,0
1007,0,0,2132400,3674350,1541950,0,119,119,true,0
1008,0,0,2132400,3679450,1547050,0,0,102,false,0
1009,0,0,2132400,3684200,1551800,0,0,95,false,0
1010,0,0,2132400,3688550,1556150,0,0,87,false,0
1011,0,0,2132400,3692850,1560450,0,0,86,false,0
1012,0,0,2132400,3697700,1565300,0,0,97,false,0
1013,0,0,2132400,3701900,1569500,0,0,84,false,0
1014,0,0,2132400,3707050,1574650,0,9,112,false,0
1015,0,0,2132400,3711650,1579250,0,0,92,false,0
1016,0,0,2132400,3716800,1584400,0,4,107,false,0
1017,0,0,2132400,3721450,1589050,0,0,93,false,0
1018,0,0,2132400,3726250,1593850,0,0,96,false,0
1019,0,0,2132400,3731400,1599000,0,10,113,false,0
1020,0,0,2132400,3736550,1604150,0,20,123,false,0
1021,0,0,2132400,3736550,1604150,0,97,97,true,0
1022,0,0,2132400,3736550,1604150,0,95,95,true,0
1023,0,0,2132400,3736550,1604150,0,99,99,true,0
1024,0,0,2132400,3736550,1604150,0,111,111,true,0
1025,0,0,2132400,3741600,1609200,0,0,101,false,0
1026,0,0,2132400,3746700,1614300,0,0,102,false,0
1027,0,0,2132400,3751850,1619450,0,2,105,false,0
1028,0,0,2132400,3756350,1623950,0,0,90,false,0
1029,0,0,2132400,3761100,1628700,0,0,95,false,0
1030,0,0,2132400,3765800,1633400,0,0,94,false,0
1031,0,0,2132400,3770750,1638350,0,0,99,false,0
1032,0,0,2132400,3775650,1643250,0,0,98,false,0
1033,0,0,2132400,3780750,1648350,0,0,102,false,0
1034,0,0,2132400,3785900,1653500,0,0,103,false,0
1035,0,0,2132400,3790500,1658100,0,0,92,false,0
1036,0,0,2132400,3795150,1662750,0,0,93,false,0
1037,0,0,2132400,3795150,1662750,0,119,119,true,0
1038,0,0,2132400,3795150,1662750,0,92,92,true,0
1039,0,0,2132400,3800150,1667750,0,0,100,false,0
1040,0,0,2239020,3805300,1566280,0,7,110,false,0
1041,0,0,2239020,3810100,1571080,0,0,96,false,0
1042,0,0,2239020,3810100,1571080,0,93,93,true,0
1043,0,0,2239020,3810100,1571080,0,102,102,true,0
1044,0,0,2239020,3810100,1571080,0,109,109,true,0
1045,0,0,2239020,3814650,1575630,0,0,91,false,0
1046,0,0,2239020,3819800,1580780,0,4,107,false,0
1047,0,0,2239020,3824950,1585930,0,0,103,false,0
1048,0,0,2239020,3830100,1591080,0,9,112,false,0
1049,0,0,2239020,3830100,1591080,0,111,111,true,0
1050,0,0,2239020,3830100,1591080,0,98,98,true,0
1051,0,0,2239020,3830100,1591080,0,101,101,true,0
1052,0,0,2239020,3830100,1591080,0,113,113,true,0
1053,0,0,2239020,3830100,1591080,0,91,91,true,0
1054,0,0,2239020,3830100,1591080,0,91,91,true,0
1055,0,0,2239020,3834650,1595630,0,0,91,false,0
1056,0,0,2239020,3839450,1600430,0,0,96,false,0
1057,0,0,2239020,3844600,1605580,0,4,107,false,0
1058,0,0,2239020,3849050,1610030,0,0,89,false,0
1059,0,0,2239020,3853550,1614530,0,0,90,false,0
1060,0,0,2239020,3857500,1618480,0,0,79,false,0
1061,0,0,2239020,3862450,1623430,0,0,99,false,0
1062,0,0,2239020,3867600,1628580,0,13,116,false,0
1063,0,0,2239020,3867600,1628580,0,101,101,true,0
1064,0,0,2239020,3872750,1633730,0,12,115,false,0
1065,0,0,2239020,3877900,1638880,0,6,109,false,0
1066,0,0,2239020,3882900,1643880,0,0,100,false,0
1067,0,0,2239020,3888050,1649030,0,8,111,false,0
1068,0,0,2239020,3891950,1652930,0,0,78,false,0
1069,0,0,2239020,3897000,1657980,0,0,101,false,0
1070,0,0,2239020,3897000,1657980,0,97,97,true,0
1071,0,0,2239020,3897000,1657980,0,95,95,true,0
1072,0,0,2239020,3897000,1657980,0,101,101,true,0
1073,0,0,2239020,3902150,1663130,0,0,103,false,0
1074,0,0,2239020,3907050,1668030,0,0,98,false,0
1075,0,0,2239020,3912000,1672980,0,0,99,false,0
1076,0,0,2239020,3916900,1677880,0,0,98,false,0
1077,0,0,2239020,3921750,1682730,0,0,97,false,0
1078,0,0,2239020,3926500,1687480,0,0,95,false,0
1079,0,0,2239020,3926500,1687480,0,97,97,true,0
1080,0,0,2239020,3931300,1692280,0,0,96,false,0
1081,0,0,2239020,3935850,1696830,0,0,91,false,0
1082,0,0,2239020,3941000,1701980,0,6,109,false,0
1083,0,0,2239020,3945250,1706230,0,0,85,false,0
1084,0,0,2239020,3945250,1706230,0,103,103,true,0
1085,0,0,2239020,3945250,1706230,0,100,100,true,0
1086,0,0,2239020,3945250,1706230,0,106,106,true,0
1087,0,0,2239020,3945250,1706230,0,102,102,true,0
1088,0,0,2239020,3945250,1706230,0,101,101,true,0
1089,0,0,2239020,3950300,1711280,0,0,101,false,0
1090,0,0,2239020,3955250,1716230,0,0,99,false,0
1091,0,0,2239020,3959650,1720630,0,0,88,false,0
1092,0,0,2345640,3964800,1619160,0,1,104,false,0
1093,0,0,2345640,3969200,1623560,0,0,88,false,0
1094,0,0,2345640,3974350,1628710,0,1,104,false,0
1095,0,0,2345640,3979500,1633860,0,0,103,false,0
1096,0,0,2345640,3983600,1637960,0,0,82,false,0
1097,0,0,2345640,3983600,1637960,0,91,91,true,0
1098,0,0,2345640,3988200,1642560,0,0,92,false,0
1099,0,0,2345640,3993350,1647710,0,1,104,false,0
1100,0,0,2345640,3997900,1652260,0,0,91,false,0
1101,0,0,2345640,4003050,1657410,0,16,119,false,0
1102,0,0,2345640,4003050,1657410,0,112,112,true,0
1103,0,0,2345640,4003050,1657410,0,94,94,true,0
1104,0,0,2345640,4003050,1657410,0,105,105,true,0
1105,0,0,2345640,4007150,1661510,0,0,82,false,0
1106,0,0,2345640,4011850,1666210,0,0,94,false,0
1107,0,0,2345640,4016200,1670560,0,0,87,false,0
1108,0,0,2345640,4021350,1675710,0,6,109,false,0
1109,0,0,2345640,4026450,1680810,0,0,102,false,0
1110,0,0,2345640,4031100,1685460,0,0,93,false,0
1111,0,0,2345640,4036250,1690610,0,3,106,false,0
1112,0,0,2345640,4041400,1695760,0,10,113,false,0
1113,0,0,2345640,4046100,1700460,0,0,94,false,0
1114,0,0,2345640,4051250,1705610,0,3,106,false,0
1115,0,0,2345640,4055550,1709910,0,0,86,false,0
1116,0,0,2345640,4060700,1715060,0,7,110,false,0
1117,0,0,2345640,4065450,1719810,0,0,95,false,0
1118,0,0,2345640,4065450,1719810,0,108,108,true,0
1119,0,0,2345640,4065450,1719810,0,120,120,true,0
1120,0,0,2345640,4065450,1719810,0,106,106,true,0
1121,0,0,2345640,4065450,1719810,0,107,107,true,0
1122,0,0,2345640,4065450,1719810,0,91,91,true,0
1123,0,0,2345640,4065450,1719810,0,97,97,true,0
1124,0,0,2345640,4065450,1719810,0,100,100,true,0
1125,0,0,2345640,4065450,1719810,0,94,94,true,0
1126,0,0,2345640,4070600,1724960,0,2,105,false,0
1127,0,0,2345640,4075050,1729410,0,0,89,false,0
1128,0,0,2345640,4075050,1729410,0,95,95,true,0
1129,0,0,2345640,4080200,1734560,0,30,133,false,0
1130,0,0,2345640,4085250,1739610,0,0,101,false,0
1131,0,0,2345640,4085250,1739610,0,113,113,true,0
1132,0,0,2345640,4085250,1739610,0,98,98,true,0
1133,0,0,2345640,4085250,1739610,0,105,105,true,0
1134,0,0,2345640,4085250,1739610,0,100,100,true,0
1135,0,0,2345640,4085250,1739610,0,89,89,true,0
1136,0,0,2345640,4090400,1744760,0,2,105,false,0
1137,0,0,2345640,4095200,1749560,0,0,96,false,0
1138,0,0,2345640,4100350,1754710,0,10,113,false,0
1139,0,0,2345640,4105000,1759360,0,0,93,false,0
1140,0,0,2345640,4110150,1764510,0,4,107,false,0
1141,0,0,2345640,4114350,1768710,0,0,84,false,0
1142,0,0,2345640,4119500,1773860,0,1,104,false,0
1143,0,0,2345640,4123850,1778210,0,0,87,false,0
1144,0,0,2452260,4128250,1675990,0,0,88,false,0
1145,0,0,2452260,4133150,1680890,0,0,98,false,0
1146,0,0,2452260,4138300,1686040,0,4,107,false,0
1147,0,0,2452260,4143350,1691090,0,0,101,false,0
1148,0,0,2452260,4148500,1696240,0,4,107,false,0
1149,0,0,2452260,4152700,1700440,0,0,84,false,0
1150,0,0,2452260,4157850,1705590,0,6,109,false,0
1151,0,0,2452260,4162200,1709940,0,0,87,false,0
1152,0,0,2452260,4167300,1715040,0,0,102,false,0
1153,0,0,2452260,4172450,1720190,0,7,110,false,0
1154,0,0,2452260,4177600,1725340,0,0,103,false,0
1155,0,0,2452260,4182200,1729940,0,0,92,false,0
1156,0,0,2452260,4187350,1735090,0,1,104,false,0
1157,0,0,2452260,4192500,1740240,0,0,103,false,0
1158,0,0,2452260,4197200,1744940,0,0,94,false,0
1159,0,0,2452260,4197200,1744940,0,111,111,true,0
1160,0,0,2452260,4197200,1744940,0,109,109,true,0
1161,0,0,2452260,4197200,1744940,0,94,94,true,0
1162,0,0,2452260,4202100,1749840,0,0,98,false,0
1163,0,0,2452260,4207250,1754990,0,3,106,false,0
1164,0,0,2452260,4211500,1759240,0,0,85,false,0
1165,0,0,2452260,4211500,1759240,0,106,106,true,0
1166,0,0,2452260,4211500,1759240,0,75,75,true,0
1167,0,0,2452260,4216300,1764040,0,0,96,false,0
1168,0,0,2452260,4221350,1769090,0,0,101,false,0
1169,0,0,2452260,4226400,1774140,0,0,101,false,0
1170,0,0,2452260,4226400,1774140,0,103,103,true,0
1171,0,0,2452260,4226400,1774140,0,114,114,true,0
1172,0,0,2452260,4230850,1778590,0,0,89,false,0
1173,0,0,2452260,4235750,1783490,0,0,98,false,0
1174,0,0,2452260,4235750,1783490,0,111,111,true,0
1175,0,0,2452260,4235750,1783490,0,99,99,true,0
1176,0,0,2452260,4240900,1788640,0,5,108,false,0
1177,0,0,2452260,4245600,1793340,0,0,94,false,0
1178,0,0,2452260,4250650,1798390,0,0,101,false,0
1179,0,0,2452260,4250650,1798390,0,90,90,true,0
1180,0,0,2452260,4250650,1798390,0,94,94,true,0
1181,0,0,2452260,4250650,1798390,0,111,111,true,0
1182,0,0,2452260,4250650,1798390,0,100,100,true,0
1183,0,0,2452260,4250650,1798390,0,93,93,true,0
1184,0,0,2452260,4250650,1798390,0,84,84,true,0
1185,0,0,2452260,4250650,1798390,0,101,101,true,0
1186,0,0,2452260,4250650,1798390,0,101,101,true,0
1187,0,0,2452260,4250650,1798390,0,85,85,true,0
1188,0,0,2452260,4255650,1803390,0,0,100,false,0
1189,0,0,2452260,4260800,1808540,0,21,124,false,0
1190,0,0,2452260,4265900,1813640,0,0,102,false,0
1191,0,0,2452260,4265900,1813640,0,98,98,true,0
1192,0,0,2452260,4265900,1813640,0,105,105,true,0
1193,0,0,2452260,4270300,1818040,0,0,88,false,0
1194,0,0,2452260,4275200,1822940,0,0,98,false,0
1195,0,0,2452260,4280000,1827740,0,0,96,false,0
1196,0,0,2558880,4285100,1726220,0,0,102,false,0
1197,0,0,2558880,4289550,1730670,0,0,89,false,0
1198,0,0,2558880,4289550,1730670,0,106,106,true,0
1199,0,0,2558880,4294700,1735820,0,6,109,false,0
1200,0,0,2558880,4299550,1740670,0,0,97,false,0
1201,0,0,2558880,4304650,1745770,0,0,102,false,0
1202,0,0,2558880,4309600,1750720,0,0,99,false,0
1203,0,0,2558880,4314550,1755670,0,0,99,false,0
1204,0,0,2558880,4319700,1760820,0,0,103,false,0
1205,0,0,2558880,4324800,1765920,0,0,102,false,0
1206,0,0,2558880,4329650,1770770,0,0,97,false,0
1207,0,0,2558880,4334800,1775920,0,8,111,false,0
1208,0,0,2558880,4338950,1780070,0,0,83,false,0
1209,0,0,2558880,4344100,1785220,0,3,106,false,0
1210,0,0,2558880,4344100,1785220,0,117,117,true,0
1211,0,0,2558880,4349250,1790370,0,13,116,false,0
1212,0,0,2558880,4353550,1794670,0,0,86,false,0
1213,0,0,2558880,4358700,1799820,0,16,119,false,0
1214,0,0,2558880,4358700,1799820,0,111,111,true,0
1215,0,0,2558880,4358700,1799820,0,87,87,true,0
1216,0,0,2558880,4358700,1799820,0,110,110,true,0
1217,0,0,2558880,4363850,1804970,0,2,105,false,0
1218,0,0,2558880,4369000,1810120,0,4,107,false,0
1219,0,0,2558880,4369000,1810120,0,93,93,true,0
1220,0,0,2558880,4374150,1815270,0,0,103,false,0
1221,0,0,2558880,4379000,1820120,0,0,97,false,0
1222,0,0,2558880,4383900,1825020,0,0,98,false,0
1223,0,0,2558880,4388350,1829470,0,0,89,false,0
1224,0,0,2558880,4393250,1834370,0,0,98,false,0
1225,0,0,2558880,4397850,1838970,0,0,92,false,0
1226,0,0,2558880,4402750,1843870,0,0,98,false,0
1227,0,0,2558880,4407450,1848570,0,0,94,false,0
1228,0,0,2558880,4412250,1853370,0,0,96,false,0
1229,0,0,2558880,4416900,1858020,0,0,93,false,0
1230,0,0,2558880,4422050,1863170,0,20,123,false,0
1231,0,0,2558880,4427200,1868320,0,15,118,false,0
1232,0,0,2558880,4427200,1868320,0,102,102,true,0
1233,0,0,2558880,4432350,1873470,0,4,107,false,0
1234,0,0,2558880,4436500,1877620,0,0,83,false,0
1235,0,0,2558880,4441650,1882770,0,7,110,false,0
1236,0,0,2558880,4446800,1887920,0,9,112,false,0
1237,0,0,2558880,4446800,1887920,0,93,93,true,0
1238,0,0,2558880,4451700,1892820,0,0,98,false,0
1239,0,0,2558880,4456800,1897920,0,0,102,false,0
1240,0,0,2558880,4460900,1902020,0,0,82,false,0
1241,0,0,2558880,4465900,1907020,0,0,100,false,0
1242,0,0,2558880,4470800,1911920,0,0,98,false,0
1243,0,0,2558880,4475200,1916320,0,0,88,false,0
1244,0,0,2558880,4475200,1916320,0,87,87,true,0
1245,0,0,2558880,4480200,1921320,0,0,100,false,0
1246,0,0,2558880,4485350,1926470,0,11,114,false,0
1247,0,0,2558880,4490500,1931620,0,1,104,false,0
1248,0,0,2665500,4494600,1829100,0,0,82,false,0
1249,0,0,2665500,4499750,1834250,0,16,119,false,0
1250,0,0,2665500,4499750,1834250,0,110,110,true,0
1251,0,0,2665500,4499750,1834250,0,92,92,true,0
1252,0,0,2665500,4499750,1834250,0,84,84,true,0
1253,0,0,2665500,4503900,1838400,0,0,83,false,0
1254,0,0,2665500,4508650,1843150,0,0,95,false,0
1255,0,0,2665500,4513800,1848300,0,1,104,false,0
1256,0,0,2665500,4518950,1853450,0,1,104,false,0
1257,0,0,2665500,4524100,1858600,0,7,110,false,0
1258,0,0,2665500,4524100,1858600,0,106,106,true,0
1259,0,0,2665500,4524100,1858600,0,99,99,true,0
1260,0,0,2665500,4528750,1863250,0,0,93,false,0
1261,0,0,2665500,4533900,1868400,0,2,105,false,0
1262,0,0,2665500,4538550,1873050,0,0,93,false,0
1263,0,0,2665500,4538550,1873050,0,96,96,true,0
1264,0,0,2665500,4538550,1873050,0,108,108,true,0
1265,0,0,2665500,4543700,1878200,0,7,110,false,0
1266,0,0,2665500,4548200,1882700,0,0,90,false,0
1267,0,0,2665500,4553300,1887800,0,0,102,false,0
1268,0,0,2665500,4557750,1892250,0,0,89,false,0
1269,0,0,2665500,4562400,1896900,0,0,93,false,0
1270,0,0,2665500,4567550,1902050,0,14,117,false,0
1271,0,0,2665500,4572400,1906900,0,0,97,false,0
1272,0,0,2665500,4577550,1912050,0,14,117,false,0
1273,0,0,2665500,4582700,1917200,0,0,103,false,0
1274,0,0,2665500,4582700,1917200,0,104,104,true,0
1275,0,0,2665500,4582700,1917200,0,95,95,true,0
1276,0,0,2665500,4586800,1921300,0,0,82,false,0
1277,0,0,2665500,4591850,1926350,0,0,101,false,0
1278,0,0,2665500,4596700,1931200,0,0,97,false,0
1279,0,0,2665500,4601850,1936350,0,2,105,false,0
1280,0,0,2665500,4606350,1940850,0,0,90,false,0
1281,0,0,2665500,4611500,1946000,0,25,128,false,0
1282,0,0,2665500,4615800,1950300,0,0,86,false,0
1283,0,0,2665500,4620850,1955350,0,0,101,false,0
1284,0,0,2665500,4625600,1960100,0,0,95,false,0
1285,0,0,2665500,4630750,1965250,0,25,128,false,0
1286,0,0,2665500,4635350,1969850,0,0,92,false,0
1287,0,0,2665500,4640400,1974900,0,0,101,false,0
1288,0,0,2665500,4645550,1980050,0,6,109,false,0
1289,0,0,2665500,4645550,1980050,0,95,95,true,0
1290,0,0,2665500,4645550,1980050,0,102,102,true,0
1291,0,0,2665500,4645550,1980050,0,101,101,true,0
1292,0,0,2665500,4645550,1980050,0,105,105,true,0
1293,0,0,2665500,4650700,1985200,0,16,119,false,0
1294,0,0,2665500,4655550,1990050,0,0,97,false,0
1295,0,0,2665500,4660700,1995200,0,1,104,false,0
1296,0,0,2665500,4660700,1995200,0,100,100,true,0
1297,0,0,2665500,4660700,1995200,0,104,104,true,0
1298,0,0,2665500,4660700,1995200,0,82,82,true,0
1299,0,0,2665500,4660700,1995200,0,98,98,true,0
1300,0,0,2772120,4660700,1888580,0,76,76,true,0
1301,0,0,2772120,4660700,1888580,0,117,117,true,0
1302,0,0,2772120,4660700,1888580,0,104,104,true,0
1303,0,0,2772120,4665400,1893280,0,0,94,false,0
1304,0,0,2772120,4669500,1897380,0,0,82,false,0
1305,0,0,2772120,4674600,1902480,0,0,102,false,0
1306,0,0,2772120,4679000,1906880,0,0,88,false,0
1307,0,0,2772120,4679000,1906880,0,101,101,true,0
1308,0,0,2772120,4679000,1906880,0,100,100,true,0
1309,0,0,2772120,4684150,1912030,0,0,103,false,0
1310,0,0,2772120,4689300,1917180,0,15,118,false,0
1311,0,0,2772120,4694400,1922280,0,0,102,false,0
1312,0,0,2772120,4699150,1927030,0,0,95,false,0
1313,0,0,2772120,4704300,1932180,0,26,129,false,0
1314,0,0,2772120,4709000,1936880,0,0,94,false,0
1315,0,0,2772120,4713850,1941730,0,0,97,false,0
1316,0,0,2772120,4719000,1946880,0,14,117,false,0
1317,0,0,2772120,4723350,1951230,0,0,87,false,0
1318,0,0,2772120,4728500,1956380,0,21,124,false,0
1319,0,0,2772120,4728500,1956380,0,107,107,true,0
1320,0,0,2772120,4728500,1956380,0,115,115,true,0
1321,0,0,2772120,4728500,1956380,0,97,97,true,0
1322,0,0,2772120,4728500,1956380,0,107,107,true,0
1323,0,0,2772120,4728500,1956380,0,81,81,true,0
1324,0,0,2772120,4733250,1961130,0,0,95,false,0
1325,0,0,2772120,4737150,1965030,0,0,78,false,0
1326,0,0,2772120,4741900,1969780,0,0,95,false,0
1327,0,0,2772120,4746750,1974630,0,0,97,false,0
1328,0,0,2772120,4746750,1974630,0,95,95,true,0
1329,0,0,2772120,4746750,1974630,0,102,102,true,0
1330,0,0,2772120,4746750,1974630,0,93,93,true,0
1331,0,0,2772120,4746750,1974630,0,107,107,true,0
1332,0,0,2772120,4751900,1979780,0,2,105,false,0
1333,0,0,2772120,4756350,1984230,0,0,89,false,0
1334,0,0,2772120,4761100,1988980,0,0,95,false,0
1335,0,0,2772120,4765800,1993680,0,0,94,false,0
1336,0,0,2772120,4765800,1993680,0,94,94,true,0
1337,0,0,2772120,4770950,1998830,0,5,108,false,0
1338,0,0,2772120,4775450,2003330,0,0,90,false,0
1339,0,0,2772120,4780250,2008130,0,0,96,false,0
1340,0,0,2772120,4785400,2013280,0,7,110,false,0
1341,0,0,2772120,4790550,2018430,0,12,115,false,0
1342,0,0,2772120,4795700,2023580,0,3,106,false,0
1343,0,0,2772120,4800650,2028530,0,0,99,false,0
1344,0,0,2772120,4805550,2033430,0,0,98,false,0
1345,0,0,2772120,4810700,2038580,0,8,111,false,0
1346,0,0,2772120,4810700,2038580,0,90,90,true,0
1347,0,0,2772120,4815700,2043580,0,0,100,false,0
1348,0,0,2772120,4820400,2048280,0,0,94,false,0
1349,0,0,2772120,4825400,2053280,0,0,100,false,0
1350,0,0,2772120,4825400,2053280,0,78,78,true,0
1351,0,0,2772120,4825400,2053280,0,102,102,true,0
1352,0,0,2878740,4830550,1951810,0,1,104,false,0
1353,0,0,2878740,4835600,1956860,0,0,101,false,0
1354,0,0,2878740,4840750,1962010,0,2,105,false,0
1355,0,0,2878740,4845900,1967160,0,7,110,false,0
1356,0,0,2878740,4851050,1972310,0,4,107,false,0
1357,0,0,2878740,4855950,1977210,0,0,98,false,0
1358,0,0,2878740,4855950,1977210,0,99,99,true,0
1359,0,0,2878740,4860450,1981710,0,0,90,false,0
1360,0,0,2878740,4865350,1986610,0,0,98,false,0
1361,0,0,2878740,4870400,1991660,0,0,101,false,0
1362,0,0,2878740,4875550,1996810,0,0,103,false,0
1363,0,0,2878740,4880700,2001960,0,0,103,false,0
1364,0,0,2878740,4885850,2007110,0,10,113,false,0
1365,0,0,2878740,4890850,2012110,0,0,100,false,0
1366,0,0,2878740,4895800,2017060,0,0,99,false,0
1367,0,0,2878740,4900150,2021410,0,0,87,false,0
1368,0,0,2878740,4905100,2026360,0,0,99,false,0
1369,0,0,2878740,4910100,2031360,0,0,100,false,0
1370,0,0,2878740,4914850,2036110,0,0,95,false,0
1371,0,0,2878740,4919400,2040660,0,0,91,false,0
1372,0,0,2878740,4924550,2045810,0,2,105,false,0
1373,0,0,2878740,4929650,2050910,0,0,102,false,0
1374,0,0,2878740,4934800,2056060,0,2,105,false,0
1375,0,0,2878740,4939400,2060660,0,0,92,false,0
1376,0,0,2878740,4943000,2064260,0,0,72,false,0
1377,0,0,2878740,4948150,2069410,0,7,110,false,0
1378,0,0,2878740,4952950,2074210,0,0,96,false,0
1379,0,0,2878740,4958100,2079360,0,4,107,false,0
1380,0,0,2878740,4963050,2084310,0,0,99,false,0
1381,0,0,2878740,4968200,2089460,0,1,104,false,0
1382,0,0,2878740,4973350,2094610,0,0,103,false,0
1383,0,0,2878740,4978150,2099410,0,0,96,false,0
1384,0,0,2878740,4983300,2104560,0,3,106,false,0
1385,0,0,2878740,4987300,2108560,0,0,80,false,0
1386,0,0,2878740,4992450,2113710,0,9,112,false,0
1387,0,0,2878740,4997600,2118860,0,7,110,false,0
1388,0,0,2878740,5002750,2124010,0,2,105,false,0
1389,0,0,2878740,5007900,2129160,0,4,107,false,0
1390,0,0,2878740,5007900,2129160,0,120,120,true,0
1391,0,0,2878740,5012400,2133660,0,0,90,false,0
1392,0,0,2878740,5017550,2138810,0,15,118,false,0
1393,0,0,2878740,5022150,2143410,0,0,92,false,0
1394,0,0,2878740,5027250,2148510,0,0,102,false,0
1395,0,0,2878740,5032200,2153460,0,0,99,false,0
1396,0,0,2878740,5037350,2158610,0,4,107,false,0
1397,0,0,2878740,5041700,2162960,0,0,87,false,0
1398,0,0,2878740,5046700,2167960,0,0,100,false,0
1399,0,0,2878740,5050600,2171860,0,0,78,false,0
1400,0,0,2878740,5050600,2171860,0,91,91,true,0
1401,0,0,2878740,5054900,2176160,0,0,86,false,0
1402,0,0,2878740,5060050,2181310,0,0,103,false,0
1403,0,0,2878740,5065150,2186410,0,0,102,false,0
1404,0,0,2985360,5069450,2084090,0,0,86,false,0
1405,0,0,2985360,5073900,2088540,0,0,89,false,0
1406,0,0,2985360,5078000,2092640,0,0,82,false,0
1407,0,0,2985360,5083150,2097790,0,6,109,false,0
1408,0,0,2985360,5087600,2102240,0,0,89,false,0
1409,0,0,2985360,5092750,2107390,0,15,118,false,0
1410,0,0,2985360,5097600,2112240,0,0,97,false,0
1411,0,0,2985360,5102750,2117390,0,7,110,false,0
1412,0,0,2985360,5107450,2122090,0,0,94,false,0
1413,0,0,2985360,5112600,2127240,0,7,110,false,0
1414,0,0,2985360,5117750,2132390,0,6,109,false,0
1415,0,0,2985360,5122900,2137540,0,2,105,false,0
1416,0,0,2985360,5122900,2137540,0,95,95,true,0
1417,0,0,2985360,5122900,2137540,0,117,117,true,0
1418,0,0,2985360,5122900,2137540,0,113,113,true,0
1419,0,0,2985360,5122900,2137540,0,114,114,true,0
1420,0,0,2985360,5128050,2142690,0,4,107,false,0
1421,0,0,2985360,5133200,2147840,0,0,103,false,0
1422,0,0,2985360,5138350,2152990,0,1,104,false,0
1423,0,0,2985360,5143500,2158140,0,5,108,false,0
1424,0,0,2985360,5147450,2162090,0,0,79,false,0
1425,0,0,2985360,5152500,2167140,0,0,101,false,0
1426,0,0,2985360,5156900,2171540,0,0,88,false,0
1427,0,0,2985360,5162050,2176690,0,9,112,false,0
1428,0,0,2985360,5166350,2180990,0,0,86,false,0
1429,0,0,2985360,5171500,2186140,0,6,109,false,0
1430,0,0,2985360,5176100,2190740,0,0,92,false,0
1431,0,0,2985360,5179950,2194590,0,0,77,false,0
1432,0,0,2985360,5184950,2199590,0,0,100,false,0
1433,0,0,2985360,5190100,2204740,0,0,103,false,0
1434,0,0,2985360,5195250,2209890,0,2,105,false,0
1435,0,0,2985360,5195250,2209890,0,113,113,true,0
1436,0,0,2985360,5195250,2209890,0,92,92,true,0
1437,0,0,2985360,5195250,2209890,0,97,97,true,0
1438,0,0,2985360,5199450,2214090,0,0,84,false,0
1439,0,0,2985360,5204150,2218790,0,0,94,false,0
1440,0,0,2985360,5204150,2218790,0,99,99,true,0
1441,0,0,2985360,5204150,2218790,0,94,94,true,0
1442,0,0,2985360,5204150,2218790,0,108,108,true,0
1443,0,0,2985360,5204150,2218790,0,104,104,true,0
1444,0,0,2985360,5204150,2218790,0,95,95,true,0
1445,0,0,2985360,5204150,2218790,0,98,98,true,0
1446,0,0,2985360,5209300,2223940,0,2,105,false,0
1447,0,0,2985360,5214100,2228740,0,0,96,false,0
1448,0,0,2985360,5219150,2233790,0,0,101,false,0
1449,0,0,2985360,5219150,2233790,0,71,71,true,0
1450,0,0,2985360,5223200,2237840,0,0,81,false,0
1451,0,0,2985360,5227450,2242090,0,0,85,false,0
1452,0,0,2985360,5232600,2247240,0,9,112,false,0
1453,0,0,2985360,5236700,2251340,0,0,82,false,0
1454,0,0,2985360,5241750,2256390,0,0,101,false,0
1455,0,0,2985360,5246350,2260990,0,0,92,false,0
1456,0,0,3091980,5251500,2159520,0,6,109,false,0
1457,0,0,3091980,5256350,2164370,0,0,97,false,0
1458,0,0,3091980,5256350,2164370,0,86,86,true,0
1459,0,0,3091980,5261500,2169520,0,7,110,false,0
1460,0,0,3091980,5265900,2173920,0,0,88,false,0
1461,0,0,3091980,5270700,2178720,0,0,96,false,0
1462,0,0,3091980,5275850,2183870,0,7,110,false,0
1463,0,0,3091980,5279900,2187920,0,0,81,false,0
1464,0,0,3091980,5285050,2193070,0,0,103,false,0
1465,0,0,3091980,5290200,2198220,0,14,117,false,0
1466,0,0,3091980,5295150,2203170,0,0,99,false,0
1467,0,0,3091980,5299000,2207020,0,0,77,false,0
1468,0,0,3091980,5303450,2211470,0,0,89,false,0
1469,0,0,3091980,5308300,2216320,0,0,97,false,0
1470,0,0,3091980,5313150,2221170,0,0,97,false,0
1471,0,0,3091980,5318300,2226320,0,12,115,false,0
1472,0,0,3091980,5323150,2231170,0,0,97,false,0
1473,0,0,3091980,5323150,2231170,0,94,94,true,0
1474,0,0,3091980,5323150,2231170,0,86,86,true,0
1475,0,0,3091980,5323150,2231170,0,84,84,true,0
1476,0,0,3091980,5328300,2236320,0,4,107,false,0
1477,0,0,3091980,5333450,2241470,0,11,114,false,0
1478,0,0,3091980,5338050,2246070,0,0,92,false,0
1479,0,0,3091980,5343000,2251020,0,0,99,false,0
1480,0,0,3091980,5348150,2256170,0,10,113,false,0
1481,0,0,3091980,5352100,2260120,0,0,79,false,0
1482,0,0,3091980,5357250,2265270,0,12,115,false,0
1483,0,0,3091980,5361900,2269920,0,0,93,false,0
1484,0,0,3091980,5367050,2275070,0,7,110,false,0
1485,0,0,3091980,5372200,2280220,0,15,118,false,0
1486,0,0,3091980,5376900,2284920,0,0,94,false,0
1487,0,0,3091980,5382050,2290070,0,1,104,false,0
1488,0,0,3091980,5382050,2290070,0,101,101,true,0
1489,0,0,3091980,5386800,2294820,0,0,95,false,0
1490,0,0,3091980,5391750,2299770,0,0,99,false,0
1491,0,0,3091980,5396900,2304920,0,0,103,false,0
1492,0,0,3091980,5396900,2304920,0,110,110,true,0
1493,0,0,3091980,5402000,2310020,0,0,102,false,0
1494,0,0,3091980,5407050,2315070,0,0,101,false,0
1495,0,0,3091980,5412200,2320220,0,9,112,false,0
1496,0,0,3091980,5417150,2325170,0,0,99,false,0
1497,0,0,3091980,5422300,2330320,0,15,118,false,0
1498,0,0,3091980,5426450,2334470,0,0,83,false,0
1499,0,0,3091980,5431200,2339220,0,0,95,false,0
1500,0,0,3091980,5435600,2343620,0,0,88,false,0
1501,0,0,3091980,5440750,2348770,0,3,106,false,0
1502,0,0,3091980,5445900,2353920,0,13,116,false,0
1503,0,0,3091980,5450800,2358820,0,0,98,false,0
1504,0,0,3091980,5455950,2363970,0,0,103,false,0
1505,0,0,3091980,5459900,2367920,0,0,79,false,0
1506,0,0,3091980,5459900,2367920,0,97,97,true,0
1507,0,0,3091980,5459900,2367920,0,106,106,true,0
1508,0,0,3198600,5459900,2261300,0,83,83,true,0
1509,0,0,3198600,5464400,2265800,0,0,90,false,0
1510,0,0,3198600,5469050,2270450,0,0,93,false,0
1511,0,0,3198600,5469050,2270450,0,108,108,true,0
1512,0,0,3198600,5474200,2275600,0,4,107,false,0
1513,0,0,3198600,5478900,2280300,0,0,94,false,0
1514,0,0,3198600,5478900,2280300,0,99,99,true,0
1515,0,0,3198600,5483800,2285200,0,0,98,false,0
1516,0,0,3198600,5488800,2290200,0,0,100,false,0
1517,0,0,3198600,5493950,2295350,0,6,109,false,0
1518,0,0,3198600,5498250,2299650,0,0,86,false,0
1519,0,0,3198600,5502950,2304350,0,0,94,false,0
1520,0,0,3198600,5507600,2309000,0,0,93,false,0
1521,0,0,3198600,5511900,2313300,0,0,86,false,0
1522,0,0,3198600,5511900,2313300,0,94,94,true,0
1523,0,0,3198600,5516550,2317950,0,0,93,false,0
1524,0,0,3198600,5521700,2323100,0,4,107,false,0
1525,0,0,3198600,5526850,2328250,0,6,109,false,0
1526,0,0,3198600,5531100,2332500,0,0,85,false,0
1527,0,0,3198600,5535900,2337300,0,0,96,false,0
1528,0,0,3198600,5535900,2337300,0,93,93,true,0
1529,0,0,3198600,5535900,2337300,0,76,76,true,0
1530,0,0,3198600,5535900,2337300,0,102,102,true,0
1531,0,0,3198600,5540550,2341950,0,0,93,false,0
1532,0,0,3198600,5545700,2347100,0,6,109,false,0
1533,0,0,3198600,5550700,2352100,0,0,100,false,0
1534,0,0,3198600,5555400,2356800,0,0,94,false,0
1535,0,0,3198600,5560400,2361800,0,0,100,false,0
1536,0,0,3198600,5565550,2366950,0,8,111,false,0
1537,0,0,3198600,5570700,2372100,0,1,104,false,0
1538,0,0,3198600,5575850,2377250,0,8,111,false,0
1539,0,0,3198600,5581000,2382400,0,1,104,false,0
1540,0,0,3198600,5586150,2387550,0,1,104,false,0
1541,0,0,3198600,5590650,2392050,0,0,90,false,0
1542,0,0,3198600,5595750,2397150,0,0,102,false,0
1543,0,0,3198600,5600600,2402000,0,0,97,false,0
1544,0,0,3198600,5605100,2406500,0,0,90,false,0
1545,0,0,3198600,5610250,2411650,0,12,115,false,0
1546,0,0,3198600,5615400,2416800,0,13,116,false,0
1547,0,0,3198600,5620550,2421950,0,1,104,false,0
1548,0,0,3198600,5625600,2427000,0,0,101,false,0
1549,0,0,3198600,5630400,2431800,0,0,96,false,0
1550,0,0,3198600,5635250,2436650,0,0,97,false,0
1551,0,0,3198600,5640250,2441650,0,0,100,false,0
1552,0,0,3198600,5645400,2446800,0,4,107,false,0
1553,0,0,3198600,5650550,2451950,0,2,105,false,0
1554,0,0,3198600,5655700,2457100,0,5,108,false,0
1555,0,0,3198600,5660500,2461900,0,0,96,false,0
1556,0,0,3198600,5664750,2466150,0,0,85,false,0
1557,0,0,3198600,5669900,2471300,0,3,106,false,0
1558,0,0,3198600,5669900,2471300,0,101,101,true,0
1559,0,0,3198600,5675000,2476400,0,0,102,false,0
1560,0,0,3305220,5679050,2373830,0,0,81,false,0
1561,0,0,3305220,5684200,2378980,0,9,112,false,0
1562,0,0,3305220,5684200,2378980,0,102,102,true,0
1563,0,0,3305220,5684200,2378980,0,102,102,true,0
1564,0,0,3305220,5689250,2384030,0,0,101,false,0
1565,0,0,3305220,5693900,2388680,0,0,93,false,0
1566,0,0,3305220,5698900,2393680,0,0,100,false,0
1567,0,0,3305220,5703950,2398730,0,0,101,false,0
1568,0,0,3305220,5708600,2403380,0,0,93,false,0
1569,0,0,3305220,5713550,2408330,0,0,99,false,0
1570,0,0,3305220,5718700,2413480,0,28,131,false,0
1571,0,0,3305220,5723450,2418230,0,0,95,false,0
1572,0,0,3305220,5723450,2418230,0,91,91,true,0
1573,0,0,3305220,5723450,2418230,0,115,115,true,0
1574,0,0,3305220,5727950,2422730,0,0,90,false,0
1575,0,0,3305220,5732750,2427530,0,0,96,false,0
1576,0,0,3305220,5737900,2432680,0,10,113,false,0
1577,0,0,3305220,5737900,2432680,0,96,96,true,0
1578,0,0,3305220,5742400,2437180,0,0,90,false,0
1579,0,0,3305220,5747550,2442330,0,4,107,false,0
1580,0,0,3305220,5751850,2446630,0,0,86,false,0
1581,0,0,3305220,5756150,2450930,0,0,86,false,0
1582,0,0,3305220,5761300,2456080,0,11,114,false,0
1583,0,0,3305220,5766450,2461230,0,0,103,false,0
1584,0,0,3305220,5770950,2465730,0,0,90,false,0
1585,0,0,3305220,5770950,2465730,0,103,103,true,0
1586,0,0,3305220,5770950,2465730,0,88,88,true,0
1587,0,0,3305220,5770950,2465730,0,104,104,true,0
1588,0,0,3305220,5770950,2465730,0,91,91,true,0
1589,0,0,3305220,5770950,2465730,0,102,102,true,0
1590,0,0,3305220,5770950,2465730,0,109,109,true,0
1591,0,0,3305220,5770950,2465730,0,109,109,true,0
1592,0,0,3305220,5770950,2465730,0,92,92,true,0
1593,0,0,3305220,5770950,2465730,0,87,87,true,0
1594,0,0,3305220,5770950,2465730,0,97,97,true,0
1595,0,0,3305220,5770950,2465730,0,99,99,true,0
1596,0,0,3305220,5776100,2470880,0,11,114,false,0
1597,0,0,3305220,5781250,2476030,0,1,104,false,0
1598,0,0,3305220,5786200,2480980,0,0,99,false,0
1599,0,0,3305220,5791350,2486130,0,15,118,false,0
1600,0,0,3305220,5796500,2491280,0,0,103,false,0
1601,0,0,3305220,5796500,2491280,0,102,102,true,0
1602,0,0,3305220,5796500,2491280,0,94,94,true,0
1603,0,0,3305220,5796500,2491280,0,125,125,true,0
1604,0,0,3305220,5801650,2496430,0,13,116,false,0
1605,0,0,3305220,5806650,2501430,0,0,100,false,0
1606,0,0,3305220,5810900,2505680,0,0,85,false,0
1607,0,0,3305220,5810900,2505680,0,95,95,true,0
1608,0,0,3305220,5810900,2505680,0,113,113,true,0
1609,0,0,3305220,5815650,2510430,0,0,95,false,0
1610,0,0,3305220,5820800,2515580,0,5,108,false,0
1611,0,0,3305220,5825100,2519880,0,0,86,false,0
1612,0,0,3411840,5825100,2413260,0,110,110,true,0
1613,0,0,3411840,5825100,2413260,0,87,87,true,0
1614,0,0,3411840,5825100,2413260,0,103,103,true,0
1615,0,0,3411840,5830250,2418410,0,3,106,false,0
1616,0,0,3411840,5835400,2423560,0,5,108,false,0
1617,0,0,3411840,5840000,2428160,0,0,92,false,0
1618,0,0,3411840,5843950,2432110,0,0,79,false,0
1619,0,0,3411840,5848950,2437110,0,0,100,false,0
1620,0,0,3411840,5853800,2441960,0,0,97,false,0
1621,0,0,3411840,5858350,2446510,0,0,91,false,0
1622,0,0,3411840,5863450,2451610,0,0,102,false,0
1623,0,0,3411840,5867800,2455960,0,0,87,false,0
1624,0,0,3411840,5872950,2461110,0,4,107,false,0
1625,0,0,3411840,5878100,2466260,0,21,124,false,0
1626,0,0,3411840,5883200,2471360,0,0,102,false,0
1627,0,0,3411840,5883200,2471360,0,86,86,true,0
1628,0,0,3411840,5888350,2476510,0,5,108,false,0
1629,0,0,3411840,5893500,2481660,0,4,107,false,0
1630,0,0,3411840,5898250,2486410,0,0,95,false,0
1631,0,0,3411840,5903150,2491310,0,0,98,false,0
1632,0,0,3411840,5907500,2495660,0,0,87,false,0
1633,0,0,3411840,5912350,2500510,0,0,97,false,0
1634,0,0,3411840,5912350,2500510,0,100,100,true,0
1635,0,0,3411840,5912350,2500510,0,112,112,true,0
1636,0,0,3411840,5912350,2500510,0,104,104,true,0
1637,0,0,3411840,5912350,2500510,0,101,101,true,0
1638,0,0,3411840,5917500,2505660,0,3,106,false,0
1639,0,0,3411840,5922650,2510810,0,3,106,false,0
1640,0,0,3411840,5922650,2510810,0,105,105,true,0
1641,0,0,3411840,5922650,2510810,0,96,96,true,0
1642,0,0,3411840,5922650,2510810,0,92,92,true,0
1643,0,0,3411840,5922650,2510810,0,101,101,true,0
1644,0,0,3411840,5922650,2510810,0,117,117,true,0
1645,0,0,3411840,5922650,2510810,0,95,95,true,0
1646,0,0,3411840,5927350,2515510,0,0,94,false,0
1647,0,0,3411840,5931800,2519960,0,0,89,false,0
1648,0,0,3411840,5936300,2524460,0,0,90,false,0
1649,0,0,3411840,5941450,2529610,0,1,104,false,0
1650,0,0,3411840,5946050,2534210,0,0,92,false,0
1651,0,0,3411840,5951200,2539360,0,2,105,false,0
1652,0,0,3411840,5955750,2543910,0,0,91,false,0
1653,0,0,3411840,5960700,2548860,0,0,99,false,0
1654,0,0,3411840,5965850,2554010,0,7,110,false,0
1655,0,0,3411840,5965850,2554010,0,91,91,true,0
1656,0,0,3411840,5965850,2554010,0,96,96,true,0
1657,0,0,3411840,5965850,2554010,0,101,101,true,0
1658,0,0,3411840,5970400,2558560,0,0,91,false,0
1659,0,0,3411840,5975550,2563710,0,0,103,false,0
1660,0,0,3411840,5980550,2568710,0,0,100,false,0
1661,0,0,3411840,5985150,2573310,0,0,92,false,0
1662,0,0,3411840,5985150,2573310,0,83,83,true,0
1663,0,0,3411840,5989850,2578010,0,0,94,false,0
1664,0,0,3518460,5995000,2476540,0,6,109,false,0
1665,0,0,3518460,5995000,2476540,0,106,106,true,0
1666,0,0,3518460,6000100,2481640,0,0,102,false,0
1667,0,0,3518460,6004700,2486240,0,0,92,false,0
1668,0,0,3518460,6009850,2491390,0,6,109,false,0
1669,0,0,3518460,6014400,2495940,0,0,91,false,0
1670,0,0,3518460,6019550,2501090,0,13,116,false,0
1671,0,0,3518460,6024400,2505940,0,0,97,false,0
1672,0,0,3518460,6029400,2510940,0,0,100,false,0
1673,0,0,3518460,6034050,2515590,0,0,93,false,0
1674,0,0,3518460,6039100,2520640,0,0,101,false,0
1675,0,0,3518460,6044150,2525690,0,0,101,false,0
1676,0,0,3518460,6044150,2525690,0,92,92,true,0
1677,0,0,3518460,6044150,2525690,0,107,107,true,0
1678,0,0,3518460,6044150,2525690,0,74,74,true,0
1679,0,0,3518460,6048450,2529990,0,0,86,false,0
1680,0,0,3518460,6053450,2534990,0,0,100,false,0
1681,0,0,3518460,6058600,2540140,0,3,106,false,0
1682,0,0,3518460,6063650,2545190,0,0,101,false,0
1683,0,0,3518460,6068800,2550340,0,3,106,false,0
1684,0,0,3518460,6073800,2555340,0,0,100,false,0
1685,0,0,3518460,6078000,2559540,0,0,84,false,0
1686,0,0,3518460,6082650,2564190,0,0,93,false,0
1687,0,0,3518460,6087800,2569340,0,5,108,false,0
1688,0,0,3518460,6092950,2574490,0,15,118,false,0
1689,0,0,3518460,6092950,2574490,0,118,118,true,0
1690,0,0,3518460,6092950,2574490,0,104,104,true,0
1691,0,0,3518460,6097500,2579040,0,0,91,false,0
1692,0,0,3518460,6102100,2583640,0,0,92,false,0
1693,0,0,3518460,6107050,2588590,0,0,99,false,0
1694,0,0,3518460,6111700,2593240,0,0,93,false,0
1695,0,0,3518460,6116850,2598390,0,3,106,false,0
1696,0,0,3518460,6122000,2603540,0,8,111,false,0
1697,0,0,3518460,6126550,2608090,0,0,91,false,0
1698,0,0,3518460,6131350,2612890,0,0,96,false,0
1699,0,0,3518460,6131350,2612890,0,99,99,true,0
1700,0,0,3518460,6136500,2618040,0,5,108,false,0
1701,0,0,3518460,6141650,2623190,0,0,103,false,0
1702,0,0,3518460,6141650,2623190,0,84,84,true,0
1703,0,0,3518460,6141650,2623190,0,110,110,true,0
1704,0,0,3518460,6146400,2627940,0,0,95,false,0
1705,0,0,3518460,6151150,2632690,0,0,95,false,0
1706,0,0,3518460,6156300,2637840,0,3,106,false,0
1707,0,0,3518460,6161350,2642890,0,0,101,false,0
1708,0,0,3518460,6166400,2647940,0,0,101,false,0
1709,0,0,3518460,6171550,2653090,0,7,110,false,0
1710,0,0,3518460,6176150,2657690,0,0,92,false,0
1711,0,0,3518460,6181300,2662840,0,6,109,false,0
1712,0,0,3518460,6186450,2667990,0,10,113,false,0
1713,0,0,3518460,6191550,2673090,0,0,102,false,0
1714,0,0,3518460,6196450,2677990,0,0,98,false,0
1715,0,0,3518460,6201400,2682940,0,0,99,false,0
1716,0,0,3625080,6201400,2576320,0,103,103,true,0
1717,0,0,3625080,6201400,2576320,0,90,90,true,0
1718,0,0,3625080,6201400,2576320,0,106,106,true,0
1719,0,0,3625080,6205300,2580220,0,0,78,false,0
1720,0,0,3625080,6210200,2585120,0,0,98,false,0
1721,0,0,3625080,6210200,2585120,0,105,105,true,0
1722,0,0,3625080,6210200,2585120,0,109,109,true,0
1723,0,0,3625080,6210200,2585120,0,107,107,true,0
1724,0,0,3625080,6215200,2590120,0,0,100,false,0
1725,0,0,3625080,6220350,2595270,0,6,109,false,0
1726,0,0,3625080,6225500,2600420,0,4,107,false,0
1727,0,0,3625080,6225500,2600420,0,97,97,true,0
1728,0,0,3625080,6225500,2600420,0,121,121,true,0
1729,0,0,3625080,6230050,2604970,0,0,91,false,0
1730,0,0,3625080,6235200,2610120,0,0,103,false,0
1731,0,0,3625080,6240350,2615270,0,3,106,false,0
1732,0,0,3625080,6240350,2615270,0,111,111,true,0
1733,0,0,3625080,6240350,2615270,0,96,96,true,0
1734,0,0,3625080,6240350,2615270,0,97,97,true,0
1735,0,0,3625080,6245500,2620420,0,5,108,false,0
1736,0,0,3625080,6250650,2625570,0,12,115,false,0
1737,0,0,3625080,6255600,2630520,0,0,99,false,0
1738,0,0,3625080,6260750,2635670,0,10,113,false,0
1739,0,0,3625080,6265600,2640520,0,0,97,false,0
1740,0,0,3625080,6270600,2645520,0,0,100,false,0
1741,0,0,3625080,6275050,2649970,0,0,89,false,0
1742,0,0,3625080,6279300,2654220,0,0,85,false,0
1743,0,0,3625080,6283700,2658620,0,0,88,false,0
1744,0,0,3625080,6288300,2663220,0,0,92,false,0
1745,0,0,3625080,6293450,2668370,0,4,107,false,0
1746,0,0,3625080,6298600,2673520,0,2,105,false,0
1747,0,0,3625080,6302450,2677370,0,0,77,false,0
1748,0,0,3625080,6307600,2682520,0,2,105,false,0
1749,0,0,3625080,6312150,2687070,0,0,91,false,0
1750,0,0,3625080,6317150,2692070,0,0,100,false,0
1751,0,0,3625080,6322300,2697220,0,0,103,false,0
1752,0,0,3625080,6327200,2702120,0,0,98,false,0
1753,0,0,3625080,6331100,2706020,0,0,78,false,0
1754,0,0,3625080,6335900,2710820,0,0,96,false,0
1755,0,0,3625080,6335900,2710820,0,99,99,true,0
1756,0,0,3625080,6335900,2710820,0,95,95,true,0
1757,0,0,3625080,6340500,2715420,0,0,92,false,0
1758,0,0,3625080,6345550,2720470,0,0,101,false,0
1759,0,0,3625080,6350700,2725620,0,11,114,false,0
1760,0,0,3625080,6355850,2730770,0,4,107,false,0
1761,0,0,3625080,6361000,2735920,0,13,116,false,0
1762,0,0,3625080,6366000,2740920,0,0,100,false,0
1763,0,0,3625080,6371150,2746070,0,4,107,false,0
1764,0,0,3625080,6376100,2751020,0,0,99,false,0
1765,0,0,3625080,6381250,2756170,0,14,117,false,0
1766,0,0,3625080,6386250,2761170,0,0,100,false,0
1767,0,0,3625080,6391150,2766070,0,0,98,false,0
1768,0,0,3731700,6395400,2663700,0,0,85,false,0
1769,0,0,3731700,6395400,2663700,0,73,73,true,0
1770,0,0,3731700,6395400,2663700,0,86,86,true,0
1771,0,0,3731700,6400250,2668550,0,0,97,false,0
1772,0,0,3731700,6404400,2672700,0,0,83,false,0
1773,0,0,3731700,6409550,2677850,0,4,107,false,0
1774,0,0,3731700,6414550,2682850,0,0,100,false,0
1775,0,0,3731700,6419500,2687800,0,0,99,false,0
1776,0,0,3731700,6423600,2691900,0,0,82,false,0
1777,0,0,3731700,6428050,2696350,0,0,89,false,0
1778,0,0,3731700,6433200,2701500,0,4,107,false,0
1779,0,0,3731700,6438350,2706650,0,1,104,false,0
1780,0,0,3731700,6443450,2711750,0,0,102,false,0
1781,0,0,3731700,6448300,2716600,0,0,97,false,0
1782,0,0,3731700,6453450,2721750,0,13,116,false,0
1783,0,0,3731700,6458600,2726900,0,0,103,false,0
1784,0,0,3731700,6463450,2731750,0,0,97,false,0
1785,0,0,3731700,6467400,2735700,0,0,79,false,0
1786,0,0,3731700,6471800,2740100,0,0,88,false,0
1787,0,0,3731700,6471800,2740100,0,89,89,true,0
1788,0,0,3731700,6471800,2740100,0,95,95,true,0
1789,0,0,3731700,6471800,2740100,0,105,105,true,0
1790,0,0,3731700,6476950,2745250,0,2,105,false,0
1791,0,0,3731700,6482100,2750400,0,5,108,false,0
1792,0,0,3731700,6486500,2754800,0,0,88,false,0
1793,0,0,3731700,6491300,2759600,0,0,96,false,0
1794,0,0,3731700,6491300,2759600,0,93,93,true,0
1795,0,0,3731700,6491300,2759600,0,115,115,true,0
1796,0,0,3731700,6491300,2759600,0,85,85,true,0
1797,0,0,3731700,6491300,2759600,0,106,106,true,0
1798,0,0,3731700,6496350,2764650,0,0,101,false,0
1799,0,0,3731700,6501500,2769800,0,14,117,false,0
1800,0,0,3731700,6506050,2774350,0,0,91,false,0
1801,0,0,3731700,6506050,2774350,0,113,113,true,0
1802,0,0,3731700,6506050,2774350,0,110,110,true,0
1803,0,0,3731700,6510900,2779200,0,0,97,false,0
1804,0,0,3731700,6515750,2784050,0,0,97,false,0
1805,0,0,3731700,6520900,2789200,0,13,116,false,0
1806,0,0,3731700,6526050,2794350,0,9,112,false,0
1807,0,0,3731700,6526050,2794350,0,113,113,true,0
1808,0,0,3731700,6531200,2799500,0,9,112,false,0
1809,0,0,3731700,6535500,2803800,0,0,86,false,0
1810,0,0,3731700,6540550,2808850,0,0,101,false,0
1811,0,0,3731700,6544600,2812900,0,0,81,false,0
1812,0,0,3731700,6544600,2812900,0,94,94,true,0
1813,0,0,3731700,6549350,2817650,0,0,95,false,0
1814,0,0,3731700,6554500,2822800,0,7,110,false,0
1815,0,0,3731700,6558750,2827050,0,0,85,false,0
1816,0,0,3731700,6563100,2831400,0,0,87,false,0
1817,0,0,3731700,6563100,2831400,0,117,117,true,0
1818,0,0,3731700,6567600,2835900,0,0,90,false,0
1819,0,0,3731700,6572700,2841000,0,0,102,false,0
1820,0,0,3838320,6572700,2734380,0,104,104,true,0
1821,0,0,3838320,6577500,2739180,0,0,96,false,0
1822,0,0,3838320,6582550,2744230,0,0,101,false,0
1823,0,0,3838320,6586850,2748530,0,0,86,false,0
1824,0,0,3838320,6591650,2753330,0,0,96,false,0
1825,0,0,3838320,6596250,2757930,0,0,92,false,0
1826,0,0,3838320,6601250,2762930,0,0,100,false,0
1827,0,0,3838320,6605200,2766880,0,0,79,false,0
1828,0,0,3838320,6609850,2771530,0,0,93,false,0
1829,0,0,3838320,6615000,2776680,0,0,103,false,0
1830,0,0,3838320,6619850,2781530,0,0,97,false,0
1831,0,0,3838320,6625000,2786680,0,1,104,false,0
1832,0,0,3838320,6629150,2790830,0,0,83,false,0
1833,0,0,3838320,6629150,2790830,0,98,98,true,0
1834,0,0,3838320,6629150,2790830,0,89,89,true,0
1835,0,0,3838320,6634300,2795980,0,0,103,false,0
1836,0,0,3838320,6639200,2800880,0,0,98,false,0
1837,0,0,3838320,6644050,2805730,0,0,97,false,0
1838,0,0,3838320,6644050,2805730,0,118,118,true,0
1839,0,0,3838320,6648750,2810430,0,0,94,false,0
1840,0,0,3838320,6653450,2815130,0,0,94,false,0
1841,0,0,3838320,6658100,2819780,0,0,93,false,0
1842,0,0,3838320,6663250,2824930,0,0,103,false,0
1843,0,0,3838320,6668400,2830080,0,2,105,false,0
1844,0,0,3838320,6672600,2834280,0,0,84,false,0
1845,0,0,3838320,6672600,2834280,0,105,105,true,0
1846,0,0,3838320,6672600,2834280,0,93,93,true,0
1847,0,0,3838320,6672600,2834280,0,103,103,true,0
1848,0,0,3838320,6672600,2834280,0,96,96,true,0
1849,0,0,3838320,6677400,2839080,0,0,96,false,0
1850,0,0,3838320,6682550,2844230,0,12,115,false,0
1851,0,0,3838320,6682550,2844230,0,92,92,true,0
1852,0,0,3838320,6687000,2848680,0,0,89,false,0
1853,0,0,3838320,6692150,2853830,0,15,118,false,0
1854,0,0,3838320,6697300,2858980,0,10,113,false,0
1855,0,0,3838320,6702150,2863830,0,0,97,false,0
1856,0,0,3838320,6707000,2868680,0,0,97,false,0
1857,0,0,3838320,6710850,2872530,0,0,77,false,0
1858,0,0,3838320,6716000,2877680,0,1,104,false,0
1859,0,0,3838320,6721050,2882730,0,0,101,false,0
1860,0,0,3838320,6721050,2882730,0,112,112,true,0
1861,0,0,3838320,6721050,2882730,0,88,88,true,0
1862,0,0,3838320,6726050,2887730,0,0,100,false,0
1863,0,0,3838320,6730300,2891980,0,0,85,false,0
1864,0,0,3838320,6735450,2897130,0,0,103,false,0
1865,0,0,3838320,6740600,2902280,0,1,104,false,0
1866,0,0,3838320,6744800,2906480,0,0,84,false,0
1867,0,0,3838320,6749950,2911630,0,0,103,false,0
1868,0,0,3838320,6754900,2916580,0,0,99,false,0
1869,0,0,3838320,6760050,2921730,0,2,105,false,0
1870,0,0,3838320,6760050,2921730,0,102,102,true,0
1871,0,0,3838320,6765200,2926880,0,11,114,false,0
1872,0,0,3944940,6770150,2825210,0,0,99,false,0
1873,0,0,3944940,6775300,2830360,0,8,111,false,0
1874,0,0,3944940,6775300,2830360,0,102,102,true,0
1875,0,0,3944940,6779700,2834760,0,0,88,false,0
1876,0,0,3944940,6784250,2839310,0,0,91,false,0
1877,0,0,3944940,6789300,2844360,0,0,101,false,0
1878,0,0,3944940,6793550,2848610,0,0,85,false,0
1879,0,0,3944940,6793550,2848610,0,75,75,true,0
1880,0,0,3944940,6798700,2853760,0,3,106,false,0
1881,0,0,3944940,6803300,2858360,0,0,92,false,0
1882,0,0,3944940,6807550,2862610,0,0,85,false,0
1883,0,0,3944940,6811950,2867010,0,0,88,false,0
1884,0,0,3944940,6817100,2872160,0,7,110,false,0
1885,0,0,3944940,6822050,2877110,0,0,99,false,0
1886,0,0,3944940,6827200,2882260,0,11,114,false,0
1887,0,0,3944940,6832100,2887160,0,0,98,false,0
1888,0,0,3944940,6832100,2887160,0,113,113,true,0
1889,0,0,3944940,6832100,2887160,0,88,88,true,0
1890,0,0,3944940,6832100,2887160,0,111,111,true,0
1891,0,0,3944940,6832100,2887160,0,102,102,true,0
1892,0,0,3944940,6837100,2892160,0,0,100,false,0
1893,0,0,3944940,6842250,2897310,0,4,107,false,0
1894,0,0,3944940,6847250,2902310,0,0,100,false,0
1895,0,0,3944940,6852400,2907460,0,0,103,false,0
1896,0,0,3944940,6857550,2912610,0,0,103,false,0
1897,0,0,3944940,6862700,2917760,0,10,113,false,0
1898,0,0,3944940,6867850,2922910,0,1,104,false,0
1899,0,0,3944940,6873000,2928060,0,8,111,false,0
1900,0,0,3944940,6878100,2933160,0,0,102,false,0
1901,0,0,3944940,6883250,2938310,0,19,122,false,0
1902,0,0,3944940,6883250,2938310,0,118,118,true,0
1903,0,0,3944940,6883250,2938310,0,111,111,true,0
1904,0,0,3944940,6883250,2938310,0,94,94,true,0
1905,0,0,3944940,6883250,2938310,0,93,93,true,0
1906,0,0,3944940,6887450,2942510,0,0,84,false,0
1907,0,0,3944940,6892600,2947660,0,15,118,false,0
1908,0,0,3944940,6897500,2952560,0,0,98,false,0
1909,0,0,3944940,6902650,2957710,0,8,111,false,0
1910,0,0,3944940,6902650,2957710,0,100,100,true,0
1911,0,0,3944940,6907800,2962860,0,1,104,false,0
1912,0,0,3944940,6912950,2968010,0,1,104,false,0
1913,0,0,3944940,6912950,2968010,0,85,85,true,0
1914,0,0,3944940,6912950,2968010,0,86,86,true,0
1915,0,0,3944940,6912950,2968010,0,95,95,true,0
1916,0,0,3944940,6912950,2968010,0,117,117,true,0
1917,0,0,3944940,6912950,2968010,0,96,96,true,0
1918,0,0,3944940,6916900,2971960,0,0,79,false,0
1919,0,0,3944940,6922050,2977110,0,9,112,false,0
1920,0,0,3944940,6927050,2982110,0,0,100,false,0
1921,0,0,3944940,6927050,2982110,0,95,95,true,0
1922,0,0,3944940,6927050,2982110,0,91,91,true,0
1923,0,0,3944940,6927050,2982110,0,115,115,true,0
1924,0,0,4051560,6927050,2875490,0,100,100,true,0
1925,0,0,4051560,6932050,2880490,0,0,100,false,0
1926,0,0,4051560,6937200,2885640,0,6,109,false,0
1927,0,0,4051560,6942350,2890790,0,18,121,false,0
1928,0,0,4051560,6942350,2890790,0,96,96,true,0
1929,0,0,4051560,6942350,2890790,0,110,110,true,0
1930,0,0,4051560,6946950,2895390,0,0,92,false,0
1931,0,0,4051560,6952100,2900540,0,10,113,false,0
1932,0,0,4051560,6952100,2900540,0,91,91,true,0
1933,0,0,4051560,6952100,2900540,0,88,88,true,0
1934,0,0,4051560,6956400,2904840,0,0,86,false,0
1935,0,0,4051560,6961550,2909990,0,4,107,false,0
1936,0,0,4051560,6966700,2915140,0,27,130,false,0
1937,0,0,4051560,6971850,2920290,0,10,113,false,0
1938,0,0,4051560,6977000,2925440,0,3,106,false,0
1939,0,0,4051560,6982100,2930540,0,0,102,false,0
1940,0,0,4051560,6986300,2934740,0,0,84,false,0
1941,0,0,4051560,6990900,2939340,0,0,92,false,0
1942,0,0,4051560,6996050,2944490,0,6,109,false,0
1943,0,0,4051560,7001000,2949440,0,0,99,false,0
1944,0,0,4051560,7006000,2954440,0,0,100,false,0
1945,0,0,4051560,7006000,2954440,0,83,83,true,0
1946,0,0,4051560,7010400,2958840,0,0,88,false,0
1947,0,0,4051560,7015450,2963890,0,0,101,false,0
1948,0,0,4051560,7020400,2968840,0,0,99,false,0
1949,0,0,4051560,7025350,2973790,0,0,99,false,0
1950,0,0,4051560,7030350,2978790,0,0,100,false,0
1951,0,0,4051560,7030350,2978790,0,89,89,true,0
1952,0,0,4051560,7035050,2983490,0,0,94,false,0
1953,0,0,4051560,7040100,2988540,0,0,101,false,0
1954,0,0,4051560,7040100,2988540,0,104,104,true,0
1955,0,0,4051560,7040100,2988540,0,82,82,true,0
1956,0,0,4051560,7040100,2988540,0,102,102,true,0
1957,0,0,4051560,7040100,2988540,0,103,103,true,0
1958,0,0,4051560,7040100,2988540,0,90,90,true,0
1959,0,0,4051560,7040100,2988540,0,102,102,true,0
1960,0,0,4051560,7040100,2988540,0,107,107,true,0
1961,0,0,4051560,7040100,2988540,0,96,96,true,0
1962,0,0,4051560,7045000,2993440,0,0,98,false,0
1963,0,0,4051560,7050000,2998440,0,0,100,false,0
1964,0,0,4051560,7054450,3002890,0,0,89,false,0
1965,0,0,4051560,7059600,3008040,0,4,107,false,0
1966,0,0,4051560,7059600,3008040,0,109,109,true,0
1967,0,0,4051560,7059600,3008040,0,107,107,true,0
1968,0,0,4051560,7064750,3013190,0,10,113,false,0
1969,0,0,4051560,7069200,3017640,0,0,89,false,0
1970,0,0,4051560,7073900,3022340,0,0,94,false,0
1971,0,0,4051560,7078000,3026440,0,0,82,false,0
1972,0,0,4051560,7078000,3026440,0,113,113,true,0
1973,0,0,4051560,7083150,3031590,0,4,107,false,0
1974,0,0,4051560,7088300,3036740,0,3,106,false,0
1975,0,0,4051560,7093100,3041540,0,0,96,false,0
1976,0,0,4158180,7093100,2934920,0,100,100,true,0
1977,0,0,4158180,7093100,2934920,0,108,108,true,0
1978,0,0,4158180,7097300,2939120,0,0,84,false,0
1979,0,0,4158180,7102450,2944270,0,0,103,false,0
1980,0,0,4158180,7107550,2949370,0,0,102,false,0
1981,0,0,4158180,7112700,2954520,0,0,103,false,0
1982,0,0,4158180,7117650,2959470,0,0,99,false,0
1983,0,0,4158180,7122100,2963920,0,0,89,false,0
1984,0,0,4158180,7126950,2968770,0,0,97,false,0
1985,0,0,4158180,7131650,2973470,0,0,94,false,0
1986,0,0,4158180,7136800,2978620,0,3,106,false,0
1987,0,0,4158180,7141700,2983520,0,0,98,false,0
1988,0,0,4158180,7146850,2988670,0,6,109,false,0
1989,0,0,4158180,7152000,2993820,0,10,113,false,0
1990,0,0,4158180,7157150,2998970,0,0,103,false,0
1991,0,0,4158180,7162000,3003820,0,0,97,false,0
1992,0,0,4158180,7167000,3008820,0,0,100,false,0
1993,0,0,4158180,7171700,3013520,0,0,94,false,0
1994,0,0,4158180,7176700,3018520,0,0,100,false,0
1995,0,0,4158180,7181600,3023420,0,0,98,false,0
1996,0,0,4158180,7186150,3027970,0,0,91,false,0
1997,0,0,4158180,7191200,3033020,0,0,101,false,0
1998,0,0,4158180,7196350,3038170,0,5,108,false,0
1999,0,0,4158180,7201150,3042970,0,0,96,false,0
2000,0,0,4158180,7206200,3048020,0,0,101,false,0
2001,0,0,4158180,7210950,3052770,0,0,95,false,0
2002,0,0,4158180,7216100,3057920,0,23,126,false,0
2003,0,0,4158180,7221250,3063070,0,0,103,false,0
2004,0,0,4158180,7226400,3068220,0,7,110,false,0
2005,0,0,4158180,7230500,3072320,0,0,82,false,0
2006,0,0,4158180,7235650,3077470,0,6,109,false,0
2007,0,0,4158180,7240600,3082420,0,0,99,false,0
2008,0,0,4158180,7245750,3087570,0,4,107,false,0
2009,0,0,4158180,7245750,3087570,0,120,120,true,0
2010,0,0,4158180,7250850,3092670,0,0,102,false,0
2011,0,0,4158180,7255350,3097170,0,0,90,false,0
2012,0,0,4158180,7255350,3097170,0,113,113,true,0
2013,0,0,4158180,7255350,3097170,0,116,116,true,0
2014,0,0,4158180,7255350,3097170,0,90,90,true,0
2015,0,0,4158180,7259850,3101670,0,0,90,false,0
2016,0,0,4158180,7264750,3106570,0,0,98,false,0
2017,0,0,4158180,7269900,3111720,0,10,113,false,0
2018,0,0,4158180,7275050,3116870,0,0,103,false,0
2019,0,0,4158180,7279550,3121370,0,0,90,false,0
2020,0,0,4158180,7284250,3126070,0,0,94,false,0
2021,0,0,4158180,7288450,3130270,0,0,84,false,0
2022,0,0,4158180,7293250,3135070,0,0,96,false,0
2023,0,0,4158180,7297300,3139120,0,0,81,false,0
2024,0,0,4158180,7302450,3144270,0,0,103,false,0
2025,0,0,4158180,7307600,3149420,0,11,114,false,0
2026,0,0,4158180,7312650,3154470,0,0,101,false,0
2027,0,0,4158180,7317550,3159370,0,0,98,false,0
2028,0,0,4264800,7317550,3052750,0,91,91,true,0
2029,0,0,4264800,7322700,3057900,0,2,105,false,0
2030,0,0,4264800,7327850,3063050,0,12,115,false,0
2031,0,0,4264800,7333000,3068200,0,0,103,false,0
2032,0,0,4264800,7338150,3073350,0,5,108,false,0
2033,0,0,4264800,7343300,3078500,0,7,110,false,0
2034,0,0,4264800,7348450,3083650,0,9,112,false,0
2035,0,0,4264800,7353600,3088800,0,15,118,false,0
2036,0,0,4264800,7358100,3093300,0,0,90,false,0
2037,0,0,4264800,7358100,3093300,0,97,97,true,0
2038,0,0,4264800,7358100,3093300,0,92,92,true,0
2039,0,0,4264800,7362800,3098000,0,0,94,false,0
2040,0,0,4264800,7367700,3102900,0,0,98,false,0
2041,0,0,4264800,7367700,3102900,0,101,101,true,0
2042,0,0,4264800,7367700,3102900,0,104,104,true,0
2043,0,0,4264800,7367700,3102900,0,101,101,true,0
2044,0,0,4264800,7367700,3102900,0,103,103,true,0
2045,0,0,4264800,7367700,3102900,0,101,101,true,0
2046,0,0,4264800,7367700,3102900,0,91,91,true,0
2047,0,0,4264800,7367700,3102900,0,106,106,true,0
2048,0,0,4264800,7367700,3102900,0,115,115,true,0
2049,0,0,4264800,7367700,3102900,0,94,94,true,0
2050,0,0,4264800,7367700,3102900,0,99,99,true,0
2051,0,0,4264800,7367700,3102900,0,124,124,true,0
2052,0,0,4264800,7367700,3102900,0,104,104,true,0
2053,0,0,4264800,7367700,3102900,0,109,109,true,0
2054,0,0,4264800,7372850,3108050,0,14,117,false,0
2055,0,0,4264800,7377450,3112650,0,0,92,false,0
2056,0,0,4264800,7377450,3112650,0,95,95,true,0
2057,0,0,4264800,7381950,3117150,0,0,90,false,0
2058,0,0,4264800,7386950,3122150,0,0,100,false,0
2059,0,0,4264800,7391850,3127050,0,0,98,false,0
2060,0,0,4264800,7396900,3132100,0,0,101,false,0
2061,0,0,4264800,7401350,3136550,0,0,89,false,0
2062,0,0,4264800,7406500,3141700,0,14,117,false,0
2063,0,0,4264800,7411600,3146800,0,0,102,false,0
2064,0,0,4264800,7416750,3151950,0,11,114,false,0
2065,0,0,4264800,7421900,3157100,0,16,119,false,0
2066,0,0,4264800,7426650,3161850,0,0,95,false,0
2067,0,0,4264800,7431800,3167000,0,3,106,false,0
2068,0,0,4264800,7436850,3172050,0,0,101,false,0
2069,0,0,4264800,7436850,3172050,0,112,112,true,0
2070,0,0,4264800,7436850,3172050,0,98,98,true,0
2071,0,0,4264800,7441550,3176750,0,0,94,false,0
2072,0,0,4264800,7446500,3181700,0,0,99,false,0
2073,0,0,4264800,7451500,3186700,0,0,100,false,0
2074,0,0,4264800,7455900,3191100,0,0,88,false,0
2075,0,0,4264800,7460750,3195950,0,0,97,false,0
2076,0,0,4264800,7465250,3200450,0,0,90,false,0
2077,0,0,4264800,7469700,3204900,0,0,89,false,0
2078,0,0,4264800,7474100,3209300,0,0,88,false,0
2079,0,0,4264800,7478800,3214000,0,0,94,false,0
2080,0,0,4371420,7483850,3112430,0,0,101,false,0
2081,0,0,4371420,7488500,3117080,0,0,93,false,0
2082,0,0,4371420,7493450,3122030,0,0,99,false,0
2083,0,0,4371420,7497800,3126380,0,0,87,false,0
2084,0,0,4371420,7502950,3131530,0,15,118,false,0
2085,0,0,4371420,7507850,3136430,0,0,98,false,0
2086,0,0,4371420,7512350,3140930,0,0,90,false,0
2087,0,0,4371420,7517300,3145880,0,0,99,false,0
2088,0,0,4371420,7522400,3150980,0,0,102,false,0
2089,0,0,4371420,7526800,3155380,0,0,88,false,0
2090,0,0,4371420,7531950,3160530,0,9,112,false,0
2091,0,0,4371420,7537100,3165680,0,8,111,false,0
2092,0,0,4371420,7537100,3165680,0,100,100,true,0
2093,0,0,4371420,7542250,3170830,0,0,103,false,0
2094,0,0,4371420,7547400,3175980,0,6,109,false,0
2095,0,0,4371420,7552550,3181130,0,12,115,false,0
2096,0,0,4371420,7552550,3181130,0,94,94,true,0
2097,0,0,4371420,7557100,3185680,0,0,91,false,0
2098,0,0,4371420,7562000,3190580,0,0,98,false,0
2099,0,0,4371420,7566800,3195380,0,0,96,false,0
2100,0,0,4371420,7571050,3199630,0,0,85,false,0
2101,0,0,4371420,7576200,3204780,0,8,111,false,0
2102,0,0,4371420,7581350,3209930,0,7,110,false,0
2103,0,0,4371420,7585250,3213830,0,0,78,false,0
2104,0,0,4371420,7589450,3218030,0,0,84,false,0
2105,0,0,4371420,7594350,3222930,0,0,98,false,0
2106,0,0,4371420,7599500,3228080,0,5,108,false,0
2107,0,0,4371420,7604600,3233180,0,0,102,false,0
2108,0,0,4371420,7609100,3237680,0,0,90,false,0
2109,0,0,4371420,7614100,3242680,0,0,100,false,0
2110,0,0,4371420,7618750,3247330,0,0,93,false,0
2111,0,0,4371420,7622800,3251380,0,0,81,false,0
2112,0,0,4371420,7627950,3256530,0,3,106,false,0
2113,0,0,4371420,7627950,3256530,0,107,107,true,0
2114,0,0,4371420,7633050,3261630,0,0,102,false,0
2115,0,0,4371420,7637600,3266180,0,0,91,false,0
2116,0,0,4371420,7642750,3271330,0,4,107,false,0
2117,0,0,4371420,7647600,3276180,0,0,97,false,0
2118,0,0,4371420,7652750,3281330,0,1,104,false,0
2119,0,0,4371420,7657900,3286480,0,4,107,false,0
2120,0,0,4371420,7657900,3286480,0,92,92,true,0
2121,0,0,4371420,7657900,3286480,0,98,98,true,0
2122,0,0,4371420,7663050,3291630,0,8,111,false,0
2123,0,0,4371420,7668200,3296780,0,13,116,false,0
2124,0,0,4371420,7673200,3301780,0,0,100,false,0
2125,0,0,4371420,7677050,3305630,0,0,77,false,0
2126,0,0,4371420,7682200,3310780,0,21,124,false,0
2127,0,0,4371420,7686950,3315530,0,0,95,false,0
2128,0,0,4371420,7692100,3320680,0,2,105,false,0
2129,0,0,4371420,7697250,3325830,0,9,112,false,0
2130,0,0,4371420,7702400,3330980,0,4,107,false,0
2131,0,0,4371420,7702400,3330980,0,91,91,true,0
2132,0,0,4478040,7707450,3229410,0,0,101,false,0
2133,0,0,4478040,7712250,3234210,0,0,96,false,0
2134,0,0,4478040,7717100,3239060,0,0,97,false,0
2135,0,0,4478040,7721900,3243860,0,0,96,false,0
2136,0,0,4478040,7726400,3248360,0,0,90,false,0
2137,0,0,4478040,7731550,3253510,0,7,110,false,0
2138,0,0,4478040,7736300,3258260,0,0,95,false,0
2139,0,0,4478040,7741450,3263410,0,19,122,false,0
2140,0,0,4478040,7745750,3267710,0,0,86,false,0
2141,0,0,4478040,7750050,3272010,0,0,86,false,0
2142,0,0,4478040,7754850,3276810,0,0,96,false,0
2143,0,0,4478040,7760000,3281960,0,10,113,false,0
2144,0,0,4478040,7765100,3287060,0,0,102,false,0
2145,0,0,4478040,7770250,3292210,0,4,107,false,0
2146,0,0,4478040,7774100,3296060,0,0,77,false,0
2147,0,0,4478040,7779250,3301210,0,1,104,false,0
2148,0,0,4478040,7783600,3305560,0,0,87,false,0
2149,0,0,4478040,7783600,3305560,0,108,108,true,0
2150,0,0,4478040,7783600,3305560,0,103,103,true,0
2151,0,0,4478040,7783600,3305560,0,81,81,true,0
2152,0,0,4478040,7783600,3305560,0,109,109,true,0
2153,0,0,4478040,7783600,3305560,0,104,104,true,0
2154,0,0,4478040,7783600,3305560,0,91,91,true,0
2155,0,0,4478040,7783600,3305560,0,116,116,true,0
2156,0,0,4478040,7783600,3305560,0,101,101,true,0
2157,0,0,4478040,7783600,3305560,0,89,89,true,0
2158,0,0,4478040,7788750,3310710,0,7,110,false,0
2159,0,0,4478040,7793500,3315460,0,0,95,false,0
2160,0,0,4478040,7793500,3315460,0,105,105,true,0
2161,0,0,4478040,7793500,3315460,0,114,114,true,0
2162,0,0,4478040,7793500,3315460,0,109,109,true,0
2163,0,0,4478040,7793500,3315460,0,85,85,true,0
2164,0,0,4478040,7798650,3320610,0,12,115,false,0
2165,0,0,4478040,7803800,3325760,0,16,119,false,0
2166,0,0,4478040,7808950,3330910,0,2,105,false,0
2167,0,0,4478040,7813450,3335410,0,0,90,false,0
2168,0,0,4478040,7818500,3340460,0,0,101,false,0
2169,0,0,4478040,7823300,3345260,0,0,96,false,0
2170,0,0,4478040,7823300,3345260,0,106,106,true,0
2171,0,0,4478040,7823300,3345260,0,85,85,true,0
2172,0,0,4478040,7828400,3350360,0,0,102,false,0
2173,0,0,4478040,7833550,3355510,0,2,105,false,0
2174,0,0,4478040,7838450,3360410,0,0,98,false,0
2175,0,0,4478040,7838450,3360410,0,104,104,true,0
2176,0,0,4478040,7838450,3360410,0,100,100,true,0
2177,0,0,4478040,7843600,3365560,0,6,109,false,0
2178,0,0,4478040,7848400,3370360,0,0,96,false,0
2179,0,0,4478040,7853550,3375510,0,1,104,false,0
2180,0,0,4478040,7857800,3379760,0,0,85,false,0
2181,0,0,4478040,7857800,3379760,0,107,107,true,0
2182,0,0,4478040,7862550,3384510,0,0,95,false,0
2183,0,0,4478040,7867550,3389510,0,0,100,false,0
2184,0,0,4584660,7872650,3287990,0,0,102,false,0
2185,0,0,4584660,7877250,3292590,0,0,92,false,0
2186,0,0,4584660,7881650,3296990,0,0,88,false,0
2187,0,0,4584660,7886800,3302140,0,2,105,false,0
2188,0,0,4584660,7891950,3307290,0,0,103,false,0
2189,0,0,4584660,7896600,3311940,0,0,93,false,0
2190,0,0,4584660,7901050,3316390,0,0,89,false,0
2191,0,0,4584660,7905300,3320640,0,0,85,false,0
2192,0,0,4584660,7910150,3325490,0,0,97,false,0
2193,0,0,4584660,7914750,3330090,0,0,92,false,0
2194,0,0,4584660,7919900,3335240,0,4,107,false,0
2195,0,0,4584660,7925050,3340390,0,8,111,false,0
2196,0,0,4584660,7929500,3344840,0,0,89,false,0
2197,0,0,4584660,7934650,3349990,0,2,105,false,0
2198,0,0,4584660,7939550,3354890,0,0,98,false,0
2199,0,0,4584660,7944700,3360040,0,15,118,false,0
2200,0,0,4584660,7949600,3364940,0,0,98,false,0
2201,0,0,4584660,7953900,3369240,0,0,86,false,0
2202,0,0,4584660,7959050,3374390,0,13,116,false,0
2203,0,0,4584660,7964200,3379540,0,1,104,false,0
2204,0,0,4584660,7964200,3379540,0,97,97,true,0
2205,0,0,4584660,7969150,3384490,0,0,99,false,0
2206,0,0,4584660,7973700,3389040,0,0,91,false,0
2207,0,0,4584660,7978400,3393740,0,0,94,false,0
2208,0,0,4584660,7978400,3393740,0,87,87,true,0
2209,0,0,4584660,7983550,3398890,0,7,110,false,0
2210,0,0,4584660,7988700,3404040,0,14,117,false,0
2211,0,0,4584660,7988700,3404040,0,90,90,true,0
2212,0,0,4584660,7988700,3404040,0,91,91,true,0
2213,0,0,4584660,7988700,3404040,0,117,117,true,0
2214,0,0,4584660,7988700,3404040,0,113,113,true,0
2215,0,0,4584660,7988700,3404040,0,114,114,true,0
2216,0,0,4584660,7988700,3404040,0,95,95,true,0
2217,0,0,4584660,7993850,3409190,0,0,103,false,0
2218,0,0,4584660,7999000,3414340,0,2,105,false,0
2219,0,0,4584660,7999000,3414340,0,98,98,true,0
2220,0,0,4584660,8004100,3419440,0,0,102,false,0
2221,0,0,4584660,8009050,3424390,0,0,99,false,0
2222,0,0,4584660,8013200,3428540,0,0,83,false,0
2223,0,0,4584660,8018150,3433490,0,0,99,false,0
2224,0,0,4584660,8022750,3438090,0,0,92,false,0
2225,0,0,4584660,8027300,3442640,0,0,91,false,0
2226,0,0,4584660,8027300,3442640,0,84,84,true,0
2227,0,0,4584660,8027300,3442640,0,89,89,true,0
2228,0,0,4584660,8032000,3447340,0,0,94,false,0
2229,0,0,4584660,8036350,3451690,0,0,87,false,0
2230,0,0,4584660,8041500,3456840,0,7,110,false,0
2231,0,0,4584660,8046150,3461490,0,0,93,false,0
2232,0,0,4584660,8051100,3466440,0,0,99,false,0
2233,0,0,4584660,8055900,3471240,0,0,96,false,0
2234,0,0,4584660,8060800,3476140,0,0,98,false,0
2235,0,0,4584660,8060800,3476140,0,107,107,true,0
2236,0,0,4691280,8064450,3373170,0,0,73,false,0
2237,0,0,4691280,8069000,3377720,0,0,91,false,0
2238,0,0,4691280,8073550,3382270,0,0,91,false,0
2239,0,0,4691280,8078450,3387170,0,0,98,false,0
2240,0,0,4691280,8083600,3392320,0,3,106,false,0
2241,0,0,4691280,8088450,3397170,0,0,97,false,0
2242,0,0,4691280,8088450,3397170,0,80,80,true,0
2243,0,0,4691280,8088450,3397170,0,80,80,true,0
2244,0,0,4691280,8088450,3397170,0,97,97,true,0
2245,0,0,4691280,8093600,3402320,0,2,105,false,0
2246,0,0,4691280,8098750,3407470,0,4,107,false,0
2247,0,0,4691280,8098750,3407470,0,94,94,true,0
2248,0,0,4691280,8098750,3407470,0,107,107,true,0
2249,0,0,4691280,8098750,3407470,0,103,103,true,0
2250,0,0,4691280,8098750,3407470,0,104,104,true,0
2251,0,0,4691280,8103650,3412370,0,0,98,false,0
2252,0,0,4691280,8108800,3417520,0,3,106,false,0
2253,0,0,4691280,8112500,3421220,0,0,74,false,0
2254,0,0,4691280,8117650,3426370,0,16,119,false,0
2255,0,0,4691280,8122800,3431520,0,16,119,false,0
2256,0,0,4691280,8127000,3435720,0,0,84,false,0
2257,0,0,4691280,8132150,3440870,0,14,117,false,0
2258,0,0,4691280,8137300,3446020,0,1,104,false,0
2259,0,0,4691280,8141650,3450370,0,0,87,false,0
2260,0,0,4691280,8141650,3450370,0,103,103,true,0
2261,0,0,4691280,8141650,3450370,0,114,114,true,0
2262,0,0,4691280,8146700,3455420,0,0,101,false,0
2263,0,0,4691280,8151400,3460120,0,0,94,false,0
2264,0,0,4691280,8156550,3465270,0,5,108,false,0
2265,0,0,4691280,8161700,3470420,0,3,106,false,0
2266,0,0,4691280,8166250,3474970,0,0,91,false,0
2267,0,0,4691280,8171400,3480120,0,5,108,false,0
2268,0,0,4691280,8176350,3485070,0,0,99,false,0
2269,0,0,4691280,8181150,3489870,0,0,96,false,0
2270,0,0,4691280,8186050,3494770,0,0,98,false,0
2271,0,0,4691280,8186050,3494770,0,89,89,true,0
2272,0,0,4691280,8186050,3494770,0,105,105,true,0
2273,0,0,4691280,8186050,3494770,0,100,100,true,0
2274,0,0,4691280,8186050,3494770,0,98,98,true,0
2275,0,0,4691280,8186050,3494770,0,107,107,true,0
2276,0,0,4691280,8189900,3498620,0,0,77,false,0
2277,0,0,4691280,8195050,3503770,0,6,109,false,0
2278,0,0,4691280,8200200,3508920,0,4,107,false,0
2279,0,0,4691280,8204150,3512870,0,0,79,false,0
2280,0,0,4691280,8208600,3517320,0,0,89,false,0
2281,0,0,4691280,8212650,3521370,0,0,81,false,0
2282,0,0,4691280,8216950,3525670,0,0,86,false,0
2283,0,0,4691280,8216950,3525670,0,101,101,true,0
2284,0,0,4691280,8216950,3525670,0,79,79,true,0
2285,0,0,4691280,8222100,3530820,0,2,105,false,0
2286,0,0,4691280,8227200,3535920,0,0,102,false,0
2287,0,0,4691280,8232250,3540970,0,0,101,false,0
2288,0,0,4797900,8237400,3439500,0,7,110,false,0
2289,0,0,4797900,8242250,3444350,0,0,97,false,0
2290,0,0,4797900,8247400,3449500,0,8,111,false,0
2291,0,0,4797900,8252550,3454650,0,14,117,false,0
2292,0,0,4797900,8257700,3459800,0,9,112,false,0
2293,0,0,4797900,8262350,3464450,0,0,93,false,0
2294,0,0,4797900,8266850,3468950,0,0,90,false,0
2295,0,0,4797900,8272000,3474100,0,9,112,false,0
2296,0,0,4797900,8276000,3478100,0,0,80,false,0
2297,0,0,4797900,8281150,3483250,0,2,105,false,0
2298,0,0,4797900,8285950,3488050,0,0,96,false,0
2299,0,0,4797900,8290200,3492300,0,0,85,false,0
2300,0,0,4797900,8294550,3496650,0,0,87,false,0
2301,0,0,4797900,8299050,3501150,0,0,90,false,0
2302,0,0,4797900,8303100,3505200,0,0,81,false,0
2303,0,0,4797900,8308050,3510150,0,0,99,false,0
2304,0,0,4797900,8312500,3514600,0,0,89,false,0
2305,0,0,4797900,8312500,3514600,0,80,80,true,0
2306,0,0,4797900,8312500,3514600,0,94,94,true,0
2307,0,0,4797900,8317050,3519150,0,0,91,false,0
2308,0,0,4797900,8322150,3524250,0,0,102,false,0
2309,0,0,4797900,8327000,3529100,0,0,97,false,0
2310,0,0,4797900,8332150,3534250,0,6,109,false,0
2311,0,0,4797900,8336850,3538950,0,0,94,false,0
2312,0,0,4797900,8341300,3543400,0,0,89,false,0
2313,0,0,4797900,8345900,3548000,0,0,92,false,0
2314,0,0,4797900,8350750,3552850,0,0,97,false,0
2315,0,0,4797900,8350750,3552850,0,95,95,true,0
2316,0,0,4797900,8355450,3557550,0,0,94,false,0
2317,0,0,4797900,8360500,3562600,0,0,101,false,0
2318,0,0,4797900,8365000,3567100,0,0,90,false,0
2319,0,0,4797900,8370150,3572250,0,2,105,false,0
2320,0,0,4797900,8375300,3577400,0,3,106,false,0
2321,0,0,4797900,8380300,3582400,0,0,100,false,0
2322,0,0,4797900,8380300,3582400,0,88,88,true,0
2323,0,0,4797900,8384750,3586850,0,0,89,false,0
2324,0,0,4797900,8389600,3591700,0,0,97,false,0
2325,0,0,4797900,8393750,3595850,0,0,83,false,0
2326,0,0,4797900,8398900,3601000,0,12,115,false,0
2327,0,0,4797900,8398900,3601000,0,103,103,true,0
2328,0,0,4797900,8403050,3605150,0,0,83,false,0
2329,0,0,4797900,8407600,3609700,0,0,91,false,0
2330,0,0,4797900,8412650,3614750,0,0,101,false,0
2331,0,0,4797900,8412650,3614750,0,93,93,true,0
2332,0,0,4797900,8412650,3614750,0,95,95,true,0
2333,0,0,4797900,8412650,3614750,0,79,79,true,0
2334,0,0,4797900,8417800,3619900,0,1,104,false,0
2335,0,0,4797900,8422950,3625050,0,1,104,false,0
2336,0,0,4797900,8422950,3625050,0,93,93,true,0
2337,0,0,4797900,8422950,3625050,0,114,114,true,0
2338,0,0,4797900,8422950,3625050,0,114,114,true,0
2339,0,0,4797900,8427250,3629350,0,0,86,false,0
2340,0,0,4904520,8432400,3527880,0,6,109,false,0
2341,0,0,4904520,8437550,3533030,0,3,106,false,0
2342,0,0,4904520,8442000,3537480,0,0,89,false,0
2343,0,0,4904520,8447150,3542630,0,4,107,false,0
2344,0,0,4904520,8451850,3547330,0,0,94,false,0
2345,0,0,4904520,8456200,3551680,0,0,87,false,0
2346,0,0,4904520,8461150,3556630,0,0,99,false,0
2347,0,0,4904520,8466300,3561780,0,1,104,false,0
2348,0,0,4904520,8471450,3566930,0,0,103,false,0
2349,0,0,4904520,8476250,3571730,0,0,96,false,0
2350,0,0,4904520,8480750,3576230,0,0,90,false,0
2351,0,0,4904520,8485550,3581030,0,0,96,false,0
2352,0,0,4904520,8485550,3581030,0,109,109,true,0
2353,0,0,4904520,8485550,3581030,0,83,83,true,0
2354,0,0,4904520,8485550,3581030,0,90,90,true,0
2355,0,0,4904520,8485550,3581030,0,100,100,true,0
2356,0,0,4904520,8490150,3585630,0,0,92,false,0
2357,0,0,4904520,8495300,3590780,0,12,115,false,0
2358,0,0,4904520,8500150,3595630,0,0,97,false,0
2359,0,0,4904520,8505200,3600680,0,0,101,false,0
2360,0,0,4904520,8509900,3605380,0,0,94,false,0
2361,0,0,4904520,8509900,3605380,0,86,86,true,0
2362,0,0,4904520,8509900,3605380,0,103,103,true,0
2363,0,0,4904520,8509900,3605380,0,102,102,true,0
2364,0,0,4904520,8515050,3610530,0,13,116,false,0
2365,0,0,4904520,8519800,3615280,0,0,95,false,0
2366,0,0,4904520,8524950,3620430,0,1,104,false,0
2367,0,0,4904520,8524950,3620430,0,97,97,true,0
2368,0,0,4904520,8524950,3620430,0,110,110,true,0
2369,0,0,4904520,8529300,3624780,0,0,87,false,0
2370,0,0,4904520,8533800,3629280,0,0,90,false,0
2371,0,0,4904520,8538800,3634280,0,0,100,false,0
2372,0,0,4904520,8543700,3639180,0,0,98,false,0
2373,0,0,4904520,8543700,3639180,0,80,80,true,0
2374,0,0,4904520,8543700,3639180,0,92,92,true,0
2375,0,0,4904520,8548850,3644330,0,4,107,false,0
2376,0,0,4904520,8554000,3649480,0,10,113,false,0
2377,0,0,4904520,8559150,3654630,0,18,121,false,0
2378,0,0,4904520,8559150,3654630,0,94,94,true,0
2379,0,0,4904520,8559150,3654630,0,108,108,true,0
2380,0,0,4904520,8564300,3659780,0,11,114,false,0
2381,0,0,4904520,8569350,3664830,0,0,101,false,0
2382,0,0,4904520,8569350,3664830,0,108,108,true,0
2383,0,0,4904520,8569350,3664830,0,94,94,true,0
2384,0,0,4904520,8574200,3669680,0,0,97,false,0
2385,0,0,4904520,8579350,3674830,0,14,117,false,0
2386,0,0,4904520,8584500,3679980,0,11,114,false,0
2387,0,0,4904520,8589500,3684980,0,0,100,false,0
2388,0,0,4904520,8589500,3684980,0,84,84,true,0
2389,0,0,4904520,8594650,3690130,0,11,114,false,0
2390,0,0,4904520,8599800,3695280,0,6,109,false,0
2391,0,0,4904520,8604950,3700430,0,10,113,false,0
2392,0,0,5011140,8609900,3598760,0,0,99,false,0
2393,0,0,5011140,8614500,3603360,0,0,92,false,0
2394,0,0,5011140,8619650,3608510,0,4,107,false,0
2395,0,0,5011140,8619650,3608510,0,102,102,true,0
2396,0,0,5011140,8619650,3608510,0,82,82,true,0
2397,0,0,5011140,8624300,3613160,0,0,93,false,0
2398,0,0,5011140,8629300,3618160,0,0,100,false,0
2399,0,0,5011140,8629300,3618160,0,99,99,true,0
2400,0,0,5011140,8629300,3618160,0,92,92,true,0
2401,0,0,5011140,8633500,3622360,0,0,84,false,0
2402,0,0,5011140,8638650,3627510,0,3,106,false,0
2403,0,0,5011140,8638650,3627510,0,100,100,true,0
2404,0,0,5011140,8643350,3632210,0,0,94,false,0
2405,0,0,5011140,8647600,3636460,0,0,85,false,0
2406,0,0,5011140,8652750,3641610,0,5,108,false,0
2407,0,0,5011140,8652750,3641610,0,97,97,true,0
2408,0,0,5011140,8652750,3641610,0,90,90,true,0
2409,0,0,5011140,8652750,3641610,0,107,107,true,0
2410,0,0,5011140,8652750,3641610,0,115,115,true,0
2411,0,0,5011140,8652750,3641610,0,106,106,true,0
2412,0,0,5011140,8657650,3646510,0,0,98,false,0
2413,0,0,5011140,8662400,3651260,0,0,95,false,0
2414,0,0,5011140,8662400,3651260,0,95,95,true,0
2415,0,0,5011140,8662400,3651260,0,96,96,true,0
2416,0,0,5011140,8666250,3655110,0,0,77,false,0
2417,0,0,5011140,8671150,3660010,0,0,98,false,0
2418,0,0,5011140,8671150,3660010,0,80,80,true,0
2419,0,0,5011140,8676300,3665160,0,0,103,false,0
2420,0,0,5011140,8680750,3669610,0,0,89,false,0
2421,0,0,5011140,8685900,3674760,0,4,107,false,0
2422,0,0,5011140,8691050,3679910,0,7,110,false,0
2423,0,0,5011140,8696150,3685010,0,0,102,false,0
2424,0,0,5011140,8701200,3690060,0,0,101,false,0
2425,0,0,5011140,8705550,3694410,0,0,87,false,0
2426,0,0,5011140,8705550,3694410,0,102,102,true,0
2427,0,0,5011140,8710700,3699560,0,0,103,false,0
2428,0,0,5011140,8714650,3703510,0,0,79,false,0
2429,0,0,5011140,8718600,3707460,0,0,79,false,0
2430,0,0,5011140,8723400,3712260,0,0,96,false,0
2431,0,0,5011140,8728550,3717410,0,2,105,false,0
2432,0,0,5011140,8733100,3721960,0,0,91,false,0
2433,0,0,5011140,8738250,3727110,0,7,110,false,0
2434,0,0,5011140,8743400,3732260,0,13,116,false,0
2435,0,0,5011140,8748100,3736960,0,0,94,false,0
2436,0,0,5011140,8753250,3742110,0,0,103,false,0
2437,0,0,5011140,8753250,3742110,0,107,107,true,0
2438,0,0,5011140,8753250,3742110,0,85,85,true,0
2439,0,0,5011140,8758400,3747260,0,8,111,false,0
2440,0,0,5011140,8762350,3751210,0,0,79,false,0
2441,0,0,5011140,8767500,3756360,0,1,104,false,0
2442,0,0,5011140,8771850,3760710,0,0,87,false,0
2443,0,0,5011140,8775700,3764560,0,0,77,false,0
2444,0,0,5117760,8780850,3663090,0,0,103,false,0
2445,0,0,5117760,8785500,3667740,0,0,93,false,0
2446,0,0,5117760,8790650,3672890,0,3,106,false,0
2447,0,0,5117760,8795650,3677890,0,0,100,false,0
2448,0,0,5117760,8795650,3677890,0,90,90,true,0
2449,0,0,5117760,8800200,3682440,0,0,91,false,0
2450,0,0,5117760,8804700,3686940,0,0,90,false,0
2451,0,0,5117760,8809850,3692090,0,3,106,false,0
2452,0,0,5117760,8809850,3692090,0,99,99,true,0
2453,0,0,5117760,8809850,3692090,0,88,88,true,0
2454,0,0,5117760,8815000,3697240,0,15,118,false,0
2455,0,0,5117760,8820000,3702240,0,0,100,false,0
2456,0,0,5117760,8820000,3702240,0,108,108,true,0
2457,0,0,5117760,8820000,3702240,0,117,117,true,0
2458,0,0,5117760,8820000,3702240,0,95,95,true,0
2459,0,0,5117760,8820000,3702240,0,99,99,true,0
2460,0,0,5117760,8824700,3706940,0,0,94,false,0
2461,0,0,5117760,8829500,3711740,0,0,96,false,0
2462,0,0,5117760,8829500,3711740,0,109,109,true,0
2463,0,0,5117760,8834650,3716890,0,9,112,false,0
2464,0,0,5117760,8839650,3721890,0,0,100,false,0
2465,0,0,5117760,8844800,3727040,0,3,106,false,0
2466,0,0,5117760,8849000,3731240,0,0,84,false,0
2467,0,0,5117760,8854000,3736240,0,0,100,false,0
2468,0,0,5117760,8859150,3741390,0,1,104,false,0
2469,0,0,5117760,8864300,3746540,0,7,110,false,0
2470,0,0,5117760,8869450,3751690,0,9,112,false,0
2471,0,0,5117760,8869450,3751690,0,103,103,true,0
2472,0,0,5117760,8869450,3751690,0,97,97,true,0
2473,0,0,5117760,8873900,3756140,0,0,89,false,0
2474,0,0,5117760,8879050,3761290,0,0,103,false,0
2475,0,0,5117760,8884200,3766440,0,14,117,false,0
2476,0,0,5117760,8889350,3771590,0,27,130,false,0
2477,0,0,5117760,8894450,3776690,0,0,102,false,0
2478,0,0,5117760,8899550,3781790,0,0,102,false,0
2479,0,0,5117760,8903950,3786190,0,0,88,false,0
2480,0,0,5117760,8908300,3790540,0,0,87,false,0
2481,0,0,5117760,8912600,3794840,0,0,86,false,0
2482,0,0,5117760,8916900,3799140,0,0,86,false,0
2483,0,0,5117760,8921650,3803890,0,0,95,false,0
2484,0,0,5117760,8926300,3808540,0,0,93,false,0
2485,0,0,5117760,8930700,3812940,0,0,88,false,0
2486,0,0,5117760,8930700,3812940,0,107,107,true,0
2487,0,0,5117760,8935150,3817390,0,0,89,false,0
2488,0,0,5117760,8940000,3822240,0,0,97,false,0
2489,0,0,5117760,8944950,3827190,0,0,99,false,0
2490,0,0,5117760,8949350,3831590,0,0,88,false,0
2491,0,0,5117760,8954500,3836740,0,5,108,false,0
2492,0,0,5117760,8959450,3841690,0,0,99,false,0
2493,0,0,5117760,8963500,3845740,0,0,81,false,0
2494,0,0,5117760,8963500,3845740,0,96,96,true,0
2495,0,0,5117760,8963500,3845740,0,111,111,true,0
2496,0,0,5224380,8963500,3739120,0,104,104,true,0
2497,0,0,5224380,8963500,3739120,0,98,98,true,0
2498,0,0,5224380,8963500,3739120,0,102,102,true,0
2499,0,0,5224380,8968650,3744270,0,6,109,false,0
2500,0,0,5224380,8973800,3749420,0,1,104,false,0
2501,0,0,5224380,8978100,3753720,0,0,86,false,0
2502,0,0,5224380,8978100,3753720,0,98,98,true,0
2503,0,0,5224380,8978100,3753720,0,96,96,true,0
2504,0,0,5224380,8978100,3753720,0,105,105,true,0
2505,0,0,5224380,8983250,3758870,0,7,110,false,0
2506,0,0,5224380,8988400,3764020,0,2,105,false,0
2507,0,0,5224380,8988400,3764020,0,97,97,true,0
2508,0,0,5224380,8992850,3768470,0,0,89,false,0
2509,0,0,5224380,8997700,3773320,0,0,97,false,0
2510,0,0,5224380,9002750,3778370,0,0,101,false,0
2511,0,0,5224380,9007150,3782770,0,0,88,false,0
2512,0,0,5224380,9012100,3787720,0,0,99,false,0
2513,0,0,5224380,9017050,3792670,0,0,99,false,0
2514,0,0,5224380,9017050,3792670,0,105,105,true,0
2515,0,0,5224380,9017050,3792670,0,99,99,true,0
2516,0,0,5224380,9017050,3792670,0,71,71,true,0
2517,0,0,5224380,9017050,3792670,0,110,110,true,0
2518,0,0,5224380,9017050,3792670,0,111,111,true,0
2519,0,0,5224380,9017050,3792670,0,87,87,true,0
2520,0,0,5224380,9022200,3797820,0,2,105,false,0
2521,0,0,5224380,9027350,3802970,0,1,104,false,0
2522,0,0,5224380,9027350,3802970,0,101,101,true,0
2523,0,0,5224380,9027350,3802970,0,112,112,true,0
2524,0,0,5224380,9032050,3807670,0,0,94,false,0
2525,0,0,5224380,9037150,3812770,0,0,102,false,0
2526,0,0,5224380,9041850,3817470,0,0,94,false,0
2527,0,0,5224380,9046600,3822220,0,0,95,false,0
2528,0,0,5224380,9046600,3822220,0,128,128,true,0
2529,0,0,5224380,9051100,3826720,0,0,90,false,0
2530,0,0,5224380,9056250,3831870,0,8,111,false,0
2531,0,0,5224380,9060650,3836270,0,0,88,false,0
2532,0,0,5224380,9060650,3836270,0,83,83,true,0
2533,0,0,5224380,9060650,3836270,0,91,91,true,0
2534,0,0,5224380,9060650,3836270,0,84,84,true,0
2535,0,0,5224380,9060650,3836270,0,87,87,true,0
2536,0,0,5224380,9060650,3836270,0,96,96,true,0
2537,0,0,5224380,9065800,3841420,0,5,108,false,0
2538,0,0,5224380,9069600,3845220,0,0,76,false,0
2539,0,0,5224380,9074400,3850020,0,0,96,false,0
2540,0,0,5224380,9079550,3855170,0,33,136,false,0
2541,0,0,5224380,9084700,3860320,0,0,103,false,0
2542,0,0,5224380,9089000,3864620,0,0,86,false,0
2543,0,0,5224380,9089000,3864620,0,82,82,true,0
2544,0,0,5224380,9094150,3869770,0,12,115,false,0
2545,0,0,5224380,9099050,3874670,0,0,98,false,0
2546,0,0,5224380,9104200,3879820,0,3,106,false,0
2547,0,0,5224380,9104200,3879820,0,90,90,true,0
2548,0,0,5331000,9104200,3773200,0,96,96,true,0
2549,0,0,5331000,9108400,3777400,0,0,84,false,0
2550,0,0,5331000,9113200,3782200,0,0,96,false,0
2551,0,0,5331000,9118350,3787350,0,1,104,false,0
2552,0,0,5331000,9123500,3792500,0,14,117,false,0
2553,0,0,5331000,9128650,3797650,0,1,104,false,0
2554,0,0,5331000,9133800,3802800,0,2,105,false,0
2555,0,0,5331000,9137600,3806600,0,0,76,false,0
2556,0,0,5331000,9142050,3811050,0,0,89,false,0
2557,0,0,5331000,9147200,3816200,0,2,105,false,0
2558,0,0,5331000,9147200,3816200,0,81,81,true,0
2559,0,0,5331000,9147200,3816200,0,102,102,true,0
2560,0,0,5331000,9152350,3821350,0,9,112,false,0
2561,0,0,5331000,9156300,3825300,0,0,79,false,0
2562,0,0,5331000,9160600,3829600,0,0,86,false,0
2563,0,0,5331000,9164800,3833800,0,0,84,false,0
2564,0,0,5331000,9169200,3838200,0,0,88,false,0
2565,0,0,5331000,9174350,3843350,0,4,107,false,0
2566,0,0,5331000,9179400,3848400,0,0,101,false,0
2567,0,0,5331000,9179400,3848400,0,123,123,true,0
2568,0,0,5331000,9184550,3853550,0,2,105,false,0
2569,0,0,5331000,9188700,3857700,0,0,83,false,0
2570,0,0,5331000,9188700,3857700,0,108,108,true,0
2571,0,0,5331000,9193850,3862850,0,11,114,false,0
2572,0,0,5331000,9198450,3867450,0,0,92,false,0
2573,0,0,5331000,9198450,3867450,0,84,84,true,0
2574,0,0,5331000,9203600,3872600,0,0,103,false,0
2575,0,0,5331000,9208600,3877600,0,0,100,false,0
2576,0,0,5331000,9213400,3882400,0,0,96,false,0
2577,0,0,5331000,9218550,3887550,0,2,105,false,0
2578,0,0,5331000,9223200,3892200,0,0,93,false,0
2579,0,0,5331000,9228350,3897350,0,3,106,false,0
2580,0,0,5331000,9233500,3902500,0,2,105,false,0
2581,0,0,5331000,9238450,3907450,0,0,99,false,0
2582,0,0,5331000,9238450,3907450,0,99,99,true,0
2583,0,0,5331000,9238450,3907450,0,81,81,true,0
2584,0,0,5331000,9243600,3912600,0,7,110,false,0
2585,0,0,5331000,9248400,3917400,0,0,96,false,0
2586,0,0,5331000,9253050,3922050,0,0,93,false,0
2587,0,0,5331000,9257700,3926700,0,0,93,false,0
2588,0,0,5331000,9262850,3931850,0,17,120,false,0
2589,0,0,5331000,9268000,3937000,0,9,112,false,0
2590,0,0,5331000,9273150,3942150,0,7,110,false,0
2591,0,0,5331000,9273150,3942150,0,97,97,true,0
2592,0,0,5331000,9277950,3946950,0,0,96,false,0
2593,0,0,5331000,9281900,3950900,0,0,79,false,0
2594,0,0,5331000,9287050,3956050,0,7,110,false,0
2595,0,0,5331000,9287050,3956050,0,119,119,true,0
2596,0,0,5331000,9287050,3956050,0,107,107,true,0
2597,0,0,5331000,9292200,3961200,0,5,108,false,0
2598,0,0,5331000,9296450,3965450,0,0,85,false,0
2599,0,0,5331000,9301350,3970350,0,0,98,false,0
2600,0,0,5437620,9306450,3868830,0,0,102,false,0
2601,0,0,5437620,9311100,3873480,0,0,93,false,0
2602,0,0,5437620,9316000,3878380,0,0,98,false,0
2603,0,0,5437620,9321100,3883480,0,0,102,false,0
2604,0,0,5437620,9326250,3888630,0,5,108,false,0
2605,0,0,5437620,9331400,3893780,0,0,103,false,0
2606,0,0,5437620,9336550,3898930,0,5,108,false,0
2607,0,0,5437620,9341700,3904080,0,3,106,false,0
2608,0,0,5437620,9346450,3908830,0,0,95,false,0
2609,0,0,5437620,9346450,3908830,0,78,78,true,0
2610,0,0,5437620,9346450,3908830,0,86,86,true,0
2611,0,0,5437620,9350900,3913280,0,0,89,false,0
2612,0,0,5437620,9355350,3917730,0,0,89,false,0
2613,0,0,5437620,9360500,3922880,0,1,104,false,0
2614,0,0,5437620,9365350,3927730,0,0,97,false,0
2615,0,0,5437620,9369600,3931980,0,0,85,false,0
2616,0,0,5437620,9369600,3931980,0,103,103,true,0
2617,0,0,5437620,9369600,3931980,0,93,93,true,0
2618,0,0,5437620,9369600,3931980,0,82,82,true,0
2619,0,0,5437620,9374050,3936430,0,0,89,false,0
2620,0,0,5437620,9379200,3941580,0,13,116,false,0
2621,0,0,5437620,9379200,3941580,0,93,93,true,0
2622,0,0,5437620,9384350,3946730,0,5,108,false,0
2623,0,0,5437620,9389450,3951830,0,0,102,false,0
2624,0,0,5437620,9394450,3956830,0,0,100,false,0
2625,0,0,5437620,9399050,3961430,0,0,92,false,0
2626,0,0,5437620,9403750,3966130,0,0,94,false,0
2627,0,0,5437620,9408400,3970780,0,0,93,false,0
2628,0,0,5437620,9413550,3975930,0,5,108,false,0
2629,0,0,5437620,9418700,3981080,0,2,105,false,0
2630,0,0,5437620,9423850,3986230,0,13,116,false,0
2631,0,0,5437620,9423850,3986230,0,93,93,true,0
2632,0,0,5437620,9423850,3986230,0,107,107,true,0
2633,0,0,5437620,9423850,3986230,0,87,87,true,0
2634,0,0,5437620,9429000,3991380,0,13,116,false,0
2635,0,0,5437620,9433800,3996180,0,0,96,false,0
2636,0,0,5437620,9438050,4000430,0,0,85,false,0
2637,0,0,5437620,9443050,4005430,0,0,100,false,0
2638,0,0,5437620,9448200,4010580,0,7,110,false,0
2639,0,0,5437620,9453350,4015730,0,5,108,false,0
2640,0,0,5437620,9453350,4015730,0,100,100,true,0
2641,0,0,5437620,9453350,4015730,0,107,107,true,0
2642,0,0,5437620,9458500,4020880,0,1,104,false,0
2643,0,0,5437620,9463250,4025630,0,0,95,false,0
2644,0,0,5437620,9468250,4030630,0,0,100,false,0
2645,0,0,5437620,9473400,4035780,0,0,103,false,0
2646,0,0,5437620,9478550,4040930,0,8,111,false,0
2647,0,0,5437620,9483400,4045780,0,0,97,false,0
2648,0,0,5437620,9483400,4045780,0,87,87,true,0
2649,0,0,5437620,9483400,4045780,0,87,87,true,0
2650,0,0,5437620,9483400,4045780,0,108,108,true,0
2651,0,0,5437620,9483400,4045780,0,100,100,true,0
2652,0,0,5544240,9483400,3939160,0,102,102,true,0
2653,0,0,5544240,9483400,3939160,0,98,98,true,0
2654,0,0,5544240,9483400,3939160,0,110,110,true,0
2655,0,0,5544240,9488500,3944260,0,0,102,false,0
2656,0,0,5544240,9492950,3948710,0,0,89,false,0
2657,0,0,5544240,9498100,3953860,0,7,110,false,0
2658,0,0,5544240,9498100,3953860,0,104,104,true,0
2659,0,0,5544240,9498100,3953860,0,88,88,true,0
2660,0,0,5544240,9498100,3953860,0,95,95,true,0
2661,0,0,5544240,9503250,3959010,0,0,103,false,0
2662,0,0,5544240,9508400,3964160,0,7,110,false,0
2663,0,0,5544240,9513000,3968760,0,0,92,false,0
2664,0,0,5544240,9518150,3973910,0,6,109,false,0
2665,0,0,5544240,9523300,3979060,0,1,104,false,0
2666,0,0,5544240,9528450,3984210,0,3,106,false,0
2667,0,0,5544240,9533200,3988960,0,0,95,false,0
2668,0,0,5544240,9537750,3993510,0,0,91,false,0
2669,0,0,5544240,9542900,3998660,0,9,112,false,0
2670,0,0,5544240,9547450,4003210,0,0,91,false,0
2671,0,0,5544240,9552300,4008060,0,0,97,false,0
2672,0,0,5544240,9557450,4013210,0,21,124,false,0
2673,0,0,5544240,9562600,4018360,0,0,103,false,0
2674,0,0,5544240,9567650,4023410,0,0,101,false,0
2675,0,0,5544240,9572800,4028560,0,7,110,false,0
2676,0,0,5544240,9576850,4032610,0,0,81,false,0
2677,0,0,5544240,9581950,4037710,0,0,102,false,0
2678,0,0,5544240,9581950,4037710,0,110,110,true,0
2679,0,0,5544240,9581950,4037710,0,104,104,true,0
2680,0,0,5544240,9581950,4037710,0,98,98,true,0
2681,0,0,5544240,9586550,4042310,0,0,92,false,0
2682,0,0,5544240,9591200,4046960,0,0,93,false,0
2683,0,0,5544240,9596350,4052110,0,0,103,false,0
2684,0,0,5544240,9600900,4056660,0,0,91,false,0
2685,0,0,5544240,9605150,4060910,0,0,85,false,0
2686,0,0,5544240,9610300,4066060,0,3,106,false,0
2687,0,0,5544240,9614750,4070510,0,0,89,false,0
2688,0,0,5544240,9619500,4075260,0,0,95,false,0
2689,0,0,5544240,9624650,4080410,0,7,110,false,0
2690,0,0,5544240,9624650,4080410,0,96,96,true,0
2691,0,0,5544240,9629800,4085560,0,6,109,false,0
2692,0,0,5544240,9634950,4090710,0,7,110,false,0
2693,0,0,5544240,9640100,4095860,0,2,105,false,0
2694,0,0,5544240,9640100,4095860,0,90,90,true,0
2695,0,0,5544240,9640100,4095860,0,81,81,true,0
2696,0,0,5544240,9640100,4095860,0,100,100,true,0
2697,0,0,5544240,9640100,4095860,0,103,103,true,0
2698,0,0,5544240,9644750,4100510,0,0,93,false,0
2699,0,0,5544240,9649200,4104960,0,0,89,false,0
2700,0,0,5544240,9653550,4109310,0,0,87,false,0
2701,0,0,5544240,9658550,4114310,0,0,100,false,0
2702,0,0,5544240,9663600,4119360,0,0,101,false,0
2703,0,0,5544240,9663600,4119360,0,93,93,true,0
2704,0,0,5650860,9663600,4012740,0,97,97,true,0
2705,0,0,5650860,9663600,4012740,0,111,111,true,0
2706,0,0,5650860,9668750,4017890,0,0,103,false,0
2707,0,0,5650860,9673150,4022290,0,0,88,false,0
2708,0,0,5650860,9678300,4027440,0,14,117,false,0
2709,0,0,5650860,9683050,4032190,0,0,95,false,0
2710,0,0,5650860,9688200,4037340,0,14,117,false,0
2711,0,0,5650860,9693300,4042440,0,0,102,false,0
2712,0,0,5650860,9698450,4047590,0,1,104,false,0
2713,0,0,5650860,9702600,4051740,0,0,83,false,0
2714,0,0,5650860,9707300,4056440,0,0,94,false,0
2715,0,0,5650860,9712450,4061590,0,6,109,false,0
2716,0,0,5650860,9716850,4065990,0,0,88,false,0
2717,0,0,5650860,9722000,4071140,0,16,119,false,0
2718,0,0,5650860,9722000,4071140,0,99,99,true,0
2719,0,0,5650860,9726100,4075240,0,0,82,false,0
2720,0,0,5650860,9731000,4080140,0,0,98,false,0
2721,0,0,5650860,9736000,4085140,0,0,100,false,0
2722,0,0,5650860,9740650,4089790,0,0,93,false,0
2723,0,0,5650860,9745450,4094590,0,0,96,false,0
2724,0,0,5650860,9750600,4099740,0,5,108,false,0
2725,0,0,5650860,9755100,4104240,0,0,90,false,0
2726,0,0,5650860,9760150,4109290,0,0,101,false,0
2727,0,0,5650860,9764800,4113940,0,0,93,false,0
2728,0,0,5650860,9769450,4118590,0,0,93,false,0
2729,0,0,5650860,9769450,4118590,0,113,113,true,0
2730,0,0,5650860,9774550,4123690,0,0,102,false,0
2731,0,0,5650860,9778950,4128090,0,0,88,false,0
2732,0,0,5650860,9783450,4132590,0,0,90,false,0
2733,0,0,5650860,9788000,4137140,0,0,91,false,0
2734,0,0,5650860,9793150,4142290,0,12,115,false,0
2735,0,0,5650860,9797750,4146890,0,0,92,false,0
2736,0,0,5650860,9797750,4146890,0,118,118,true,0
2737,0,0,5650860,9802900,4152040,0,0,103,false,0
2738,0,0,5650860,9807100,4156240,0,0,84,false,0
2739,0,0,5650860,9812200,4161340,0,0,102,false,0
2740,0,0,5650860,9816550,4165690,0,0,87,false,0
2741,0,0,5650860,9821700,4170840,0,5,108,false,0
2742,0,0,5650860,9826850,4175990,0,0,103,false,0
2743,0,0,5650860,9826850,4175990,0,88,88,true,0
2744,0,0,5650860,9826850,4175990,0,99,99,true,0
2745,0,0,5650860,9831450,4180590,0,0,92,false,0
2746,0,0,5650860,9835800,4184940,0,0,87,false,0
2747,0,0,5650860,9840750,4189890,0,0,99,false,0
2748,0,0,5650860,9845900,4195040,0,0,103,false,0
2749,0,0,5650860,9851050,4200190,0,0,103,false,0
2750,0,0,5650860,9855700,4204840,0,0,93,false,0
2751,0,0,5650860,9855700,4204840,0,88,88,true,0
2752,0,0,5650860,9860800,4209940,0,0,102,false,0
2753,0,0,5650860,9865450,4214590,0,0,93,false,0
2754,0,0,5650860,9870300,4219440,0,0,97,false,0
2755,0,0,5650860,9875450,4224590,0,5,108,false,0
2756,0,0,5757480,9880600,4123120,0,6,109,false,0
2757,0,0,5757480,9885750,4128270,0,2,105,false,0
2758,0,0,5757480,9890600,4133120,0,0,97,false,0
2759,0,0,5757480,9895250,4137770,0,0,93,false,0
2760,0,0,5757480,9895250,4137770,0,99,99,true,0
2761,0,0,5757480,9900400,4142920,0,3,106,false,0
2762,0,0,5757480,9904950,4147470,0,0,91,false,0
2763,0,0,5757480,9910100,4152620,0,2,105,false,0
2764,0,0,5757480,9915100,4157620,0,0,100,false,0
2765,0,0,5757480,9920000,4162520,0,0,98,false,0
2766,0,0,5757480,9924700,4167220,0,0,94,false,0
2767,0,0,5757480,9929450,4171970,0,0,95,false,0
2768,0,0,5757480,9934550,4177070,0,0,102,false,0
2769,0,0,5757480,9934550,4177070,0,91,91,true,0
2770,0,0,5757480,9934550,4177070,0,114,114,true,0
2771,0,0,5757480,9939700,4182220,0,23,126,false,0
2772,0,0,5757480,9944850,4187370,0,1,104,false,0
2773,0,0,5757480,9950000,4192520,0,11,114,false,0
2774,0,0,5757480,9954950,4197470,0,0,99,false,0
2775,0,0,5757480,9959800,4202320,0,0,97,false,0
2776,0,0,5757480,9964950,4207470,0,7,110,false,0
2777,0,0,5757480,9964950,4207470,0,87,87,true,0
2778,0,0,5757480,9969600,4212120,0,0,93,false,0
2779,0,0,5757480,9974400,4216920,0,0,96,false,0
2780,0,0,5757480,9979550,4222070,0,8,111,false,0
2781,0,0,5757480,9984400,4226920,0,0,97,false,0
2782,0,0,5757480,9984400,4226920,0,97,97,true,0
2783,0,0,5757480,9989150,4231670,0,0,95,false,0
2784,0,0,5757480,9994300,4236820,0,5,108,false,0
2785,0,0,5757480,9999200,4241720,0,0,98,false,0
2786,0,0,5757480,10004350,4246870,0,2,105,false,0
2787,0,0,5757480,10009400,4251920,0,0,101,false,0
2788,0,0,5757480,10013700,4256220,0,0,86,false,0
2789,0,0,5757480,10018150,4260670,0,0,89,false,0
2790,0,0,5757480,10023300,4265820,0,3,106,false,0
2791,0,0,5757480,10028450,4270970,0,1,104,false,0
2792,0,0,5757480,10033350,4275870,0,0,98,false,0
2793,0,0,5757480,10038350,4280870,0,0,100,false,0
2794,0,0,5757480,10043500,4286020,0,10,113,false,0
2795,0,0,5757480,10043500,4286020,0,111,111,true,0
2796,0,0,5757480,10048250,4290770,0,0,95,false,0
2797,0,0,5757480,10053000,4295520,0,0,95,false,0
2798,0,0,5757480,10058150,4300670,0,12,115,false,0
2799,0,0,5757480,10058150,4300670,0,90,90,true,0
2800,0,0,5757480,10058150,4300670,0,76,76,true,0
2801,0,0,5757480,10063200,4305720,0,0,101,false,0
2802,0,0,5757480,10067700,4310220,0,0,90,false,0
2803,0,0,5757480,10072850,4315370,0,7,110,false,0
2804,0,0,5757480,10078000,4320520,0,4,107,false,0
2805,0,0,5757480,10082450,4324970,0,0,89,false,0
2806,0,0,5757480,10087250,4329770,0,0,96,false,0
2807,0,0,5757480,10091800,4334320,0,0,91,false,0
2808,0,0,5864100,10096950,4232850,0,2,105,false,0
2809,0,0,5864100,10096950,4232850,0,87,87,true,0
2810,0,0,5864100,10096950,4232850,0,106,106,true,0
2811,0,0,5864100,10096950,4232850,0,96,96,true,0
2812,0,0,5864100,10096950,4232850,0,100,100,true,0
2813,0,0,5864100,10101800,4237700,0,0,97,false,0
2814,0,0,5864100,10106950,4242850,0,6,109,false,0
2815,0,0,5864100,10110850,4246750,0,0,78,false,0
2816,0,0,5864100,10116000,4251900,0,11,114,false,0
2817,0,0,5864100,10120800,4256700,0,0,96,false,0
2818,0,0,5864100,10125950,4261850,0,0,103,false,0
2819,0,0,5864100,10130700,4266600,0,0,95,false,0
2820,0,0,5864100,10135850,4271750,0,7,110,false,0
2821,0,0,5864100,10135850,4271750,0,97,97,true,0
2822,0,0,5864100,10140850,4276750,0,0,100,false,0
2823,0,0,5864100,10145950,4281850,0,0,102,false,0
2824,0,0,5864100,10151100,4287000,0,2,105,false,0
2825,0,0,5864100,10155800,4291700,0,0,94,false,0
2826,0,0,5864100,10159900,4295800,0,0,82,false,0
2827,0,0,5864100,10164200,4300100,0,0,86,false,0
2828,0,0,5864100,10169100,4305000,0,0,98,false,0
2829,0,0,5864100,10174250,4310150,0,25,128,false,0
2830,0,0,5864100,10174250,4310150,0,106,106,true,0
2831,0,0,5864100,10174250,4310150,0,109,109,true,0
2832,0,0,5864100,10174250,4310150,0,109,109,true,0
2833,0,0,5864100,10174250,4310150,0,100,100,true,0
2834,0,0,5864100,10178550,4314450,0,0,86,false,0
2835,0,0,5864100,10183700,4319600,0,0,103,false,0
2836,0,0,5864100,10188850,4324750,0,18,121,false,0
2837,0,0,5864100,10194000,4329900,0,8,111,false,0
2838,0,0,5864100,10198850,4334750,0,0,97,false,0
2839,0,0,5864100,10203900,4339800,0,0,101,false,0
2840,0,0,5864100,10208700,4344600,0,0,96,false,0
2841,0,0,5864100,10213500,4349400,0,0,96,false,0
2842,0,0,5864100,10218650,4354550,0,2,105,false,0
2843,0,0,5864100,10223800,4359700,0,0,103,false,0
2844,0,0,5864100,10223800,4359700,0,76,76,true,0
2845,0,0,5864100,10228900,4364800,0,0,102,false,0
2846,0,0,5864100,10234050,4369950,0,3,106,false,0
2847,0,0,5864100,10238600,4374500,0,0,91,false,0
2848,0,0,5864100,10238600,4374500,0,93,93,true,0
2849,0,0,5864100,10238600,4374500,0,93,93,true,0
2850,0,0,5864100,10243750,4379650,0,4,107,false,0
2851,0,0,5864100,10248900,4384800,0,1,104,false,0
2852,0,0,5864100,10254050,4389950,0,3,106,false,0
2853,0,0,5864100,10258850,4394750,0,0,96,false,0
2854,0,0,5864100,10263150,4399050,0,0,86,false,0
2855,0,0,5864100,10263150,4399050,0,97,97,true,0
2856,0,0,5864100,10263150,4399050,0,114,114,true,0
2857,0,0,5864100,10263150,4399050,0,102,102,true,0
2858,0,0,5864100,10263150,4399050,0,98,98,true,0
2859,0,0,5864100,10263150,4399050,0,105,105,true,0
2860,0,0,5970720,10268200,4297480,0,0,101,false,0
2861,0,0,5970720,10273350,4302630,0,0,103,false,0
2862,0,0,5970720,10278200,4307480,0,0,97,false,0
2863,0,0,5970720,10283250,4312530,0,0,101,false,0
2864,0,0,5970720,10287500,4316780,0,0,85,false,0
2865,0,0,5970720,10292600,4321880,0,0,102,false,0
2866,0,0,5970720,10297300,4326580,0,0,94,false,0
2867,0,0,5970720,10302050,4331330,0,0,95,false,0
2868,0,0,5970720,10306750,4336030,0,0,94,false,0
2869,0,0,5970720,10311300,4340580,0,0,91,false,0
2870,0,0,5970720,10316300,4345580,0,0,100,false,0
2871,0,0,5970720,10316300,4345580,0,113,113,true,0
2872,0,0,5970720,10316300,4345580,0,116,116,true,0
2873,0,0,5970720,10320950,4350230,0,0,93,false,0
2874,0,0,5970720,10326100,4355380,0,12,115,false,0
2875,0,0,5970720,10326100,4355380,0,99,99,true,0
2876,0,0,5970720,10331250,4360530,0,8,111,false,0
2877,0,0,5970720,10335850,4365130,0,0,92,false,0
2878,0,0,5970720,10340900,4370180,0,0,101,false,0
2879,0,0,5970720,10345650,4374930,0,0,95,false,0
2880,0,0,5970720,10350800,4380080,0,10,113,false,0
2881,0,0,5970720,10354900,4384180,0,0,82,false,0
2882,0,0,5970720,10354900,4384180,0,93,93,true,0
2883,0,0,5970720,10354900,4384180,0,100,100,true,0
2884,0,0,5970720,10360000,4389280,0,0,102,false,0
2885,0,0,5970720,10364400,4393680,0,0,88,false,0
2886,0,0,5970720,10369200,4398480,0,0,96,false,0
2887,0,0,5970720,10373750,4403030,0,0,91,false,0
2888,0,0,5970720,10378700,4407980,0,0,99,false,0
2889,0,0,5970720,10383600,4412880,0,0,98,false,0
2890,0,0,5970720,10388150,4417430,0,0,91,false,0
2891,0,0,5970720,10392600,4421880,0,0,89,false,0
2892,0,0,5970720,10397350,4426630,0,0,95,false,0
2893,0,0,5970720,10402300,4431580,0,0,99,false,0
2894,0,0,5970720,10402300,4431580,0,107,107,true,0
2895,0,0,5970720,10402300,4431580,0,94,94,true,0
2896,0,0,5970720,10406650,4435930,0,0,87,false,0
2897,0,0,5970720,10411800,4441080,0,5,108,false,0
2898,0,0,5970720,10416950,4446230,0,1,104,false,0
2899,0,0,5970720,10421850,4451130,0,0,98,false,0
2900,0,0,5970720,10427000,4456280,0,4,107,false,0
2901,0,0,5970720,10432150,4461430,0,3,106,false,0
2902,0,0,5970720,10437300,4466580,0,10,113,false,0
2903,0,0,5970720,10437300,4466580,0,84,84,true,0
2904,0,0,5970720,10437300,4466580,0,89,89,true,0
2905,0,0,5970720,10437300,4466580,0,107,107,true,0
2906,0,0,5970720,10437300,4466580,0,98,98,true,0
2907,0,0,5970720,10437300,4466580,0,90,90,true,0
2908,0,0,5970720,10437300,4466580,0,114,114,true,0
2909,0,0,5970720,10437300,4466580,0,104,104,true,0
2910,0,0,5970720,10442300,4471580,0,0,100,false,0
2911,0,0,5970720,10447100,4476380,0,0,96,false,0
2912,0,0,6077340,10452150,4374810,0,0,101,false,0
2913,0,0,6077340,10452150,4374810,0,81,81,true,0
2914,0,0,6077340,10457300,4379960,0,2,105,false,0
2915,0,0,6077340,10462300,4384960,0,0,100,false,0
2916,0,0,6077340,10462300,4384960,0,124,124,true,0
2917,0,0,6077340,10466750,4389410,0,0,89,false,0
2918,0,0,6077340,10471900,4394560,0,16,119,false,0
2919,0,0,6077340,10471900,4394560,0,98,98,true,0
2920,0,0,6077340,10477050,4399710,0,10,113,false,0
2921,0,0,6077340,10481950,4404610,0,0,98,false,0
2922,0,0,6077340,10487100,4409760,0,4,107,false,0
2923,0,0,6077340,10491600,4414260,0,0,90,false,0
2924,0,0,6077340,10496750,4419410,0,2,105,false,0
2925,0,0,6077340,10496750,4419410,0,104,104,true,0
2926,0,0,6077340,10501750,4424410,0,0,100,false,0
2927,0,0,6077340,10506600,4429260,0,0,97,false,0
2928,0,0,6077340,10511100,4433760,0,0,90,false,0
2929,0,0,6077340,10511100,4433760,0,104,104,true,0
2930,0,0,6077340,10511100,4433760,0,88,88,true,0
2931,0,0,6077340,10511100,4433760,0,99,99,true,0
2932,0,0,6077340,10515500,4438160,0,0,88,false,0
2933,0,0,6077340,10520650,4443310,0,19,122,false,0
2934,0,0,6077340,10524800,4447460,0,0,83,false,0
2935,0,0,6077340,10529950,4452610,0,8,111,false,0
2936,0,0,6077340,10535100,4457760,0,1,104,false,0
2937,0,0,6077340,10539700,4462360,0,0,92,false,0
2938,0,0,6077340,10544600,4467260,0,0,98,false,0
2939,0,0,6077340,10549150,4471810,0,0,91,false,0
2940,0,0,6077340,10553900,4476560,0,0,95,false,0
2941,0,0,6077340,10559000,4481660,0,0,102,false,0
2942,0,0,6077340,10564150,4486810,0,0,103,false,0
2943,0,0,6077340,10568950,4491610,0,0,96,false,0
2944,0,0,6077340,10574100,4496760,0,7,110,false,0
2945,0,0,6077340,10578500,4501160,0,0,88,false,0
2946,0,0,6077340,10583200,4505860,0,0,94,false,0
2947,0,0,6077340,10587500,4510160,0,0,86,false,0
2948,0,0,6077340,10587500,4510160,0,92,92,true,0
2949,0,0,6077340,10592650,4515310,0,0,103,false,0
2950,0,0,6077340,10597800,4520460,0,1,104,false,0
2951,0,0,6077340,10602950,4525610,0,27,130,false,0
2952,0,0,6077340,10607900,4530560,0,0,99,false,0
2953,0,0,6077340,10612400,4535060,0,0,90,false,0
2954,0,0,6077340,10617550,4540210,0,7,110,false,0
2955,0,0,6077340,10622150,4544810,0,0,92,false,0
2956,0,0,6077340,10622150,4544810,0,90,90,true,0
2957,0,0,6077340,10622150,4544810,0,101,101,true,0
2958,0,0,6077340,10622150,4544810,0,85,85,true,0
2959,0,0,6077340,10622150,4544810,0,112,112,true,0
2960,0,0,6077340,10622150,4544810,0,114,114,true,0
2961,0,0,6077340,10627000,4549660,0,0,97,false,0
2962,0,0,6077340,10632150,4554810,0,4,107,false,0
2963,0,0,6077340,10637250,4559910,0,0,102,false,0
2964,0,0,6183960,10637250,4453290,0,96,96,true,0
2965,0,0,6183960,10637250,4453290,0,98,98,true,0
2966,0,0,6183960,10637250,4453290,0,93,93,true,0
2967,0,0,6183960,10637250,4453290,0,96,96,true,0
2968,0,0,6183960,10642400,4458440,0,3,106,false,0
2969,0,0,6183960,10647550,4463590,0,14,117,false,0
2970,0,0,6183960,10652700,4468740,0,18,121,false,0
2971,0,0,6183960,10657750,4473790,0,0,101,false,0
2972,0,0,6183960,10662900,4478940,0,5,108,false,0
2973,0,0,6183960,10666750,4482790,0,0,77,false,0
2974,0,0,6183960,10671600,4487640,0,0,97,false,0
2975,0,0,6183960,10675400,4491440,0,0,76,false,0
2976,0,0,6183960,10680550,4496590,0,15,118,false,0
2977,0,0,6183960,10685700,4501740,0,5,108,false,0
2978,0,0,6183960,10690800,4506840,0,0,102,false,0
2979,0,0,6183960,10695550,4511590,0,0,95,false,0
2980,0,0,6183960,10695550,4511590,0,87,87,true,0
2981,0,0,6183960,10695550,4511590,0,104,104,true,0
2982,0,0,6183960,10700550,4516590,0,0,100,false,0
2983,0,0,6183960,10704750,4520790,0,0,84,false,0
2984,0,0,6183960,10709900,4525940,0,1,104,false,0
2985,0,0,6183960,10714750,4530790,0,0,97,false,0
2986,0,0,6183960,10719450,4535490,0,0,94,false,0
2987,0,0,6183960,10724600,4540640,0,9,112,false,0
2988,0,0,6183960,10729750,4545790,0,5,108,false,0
2989,0,0,6183960,10734900,4550940,0,3,106,false,0
2990,0,0,6183960,10739050,4555090,0,0,83,false,0
2991,0,0,6183960,10739050,4555090,0,96,96,true,0
2992,0,0,6183960,10739050,4555090,0,96,96,true,0
2993,0,0,6183960,10739050,4555090,0,93,93,true,0
2994,0,0,6183960,10739050,4555090,0,91,91,true,0
2995,0,0,6183960,10743650,4559690,0,0,92,false,0
2996,0,0,6183960,10748550,4564590,0,0,98,false,0
2997,0,0,6183960,10753700,4569740,0,2,105,false,0
2998,0,0,6183960,10753700,4569740,0,103,103,true,0
2999,0,0,6183960,10753700,4569740,0,105,105,true,0
3000,0,0,6183960,10753700,4569740,0,112,112,true,0
3001,0,0,6183960,10753700,4569740,0,102,102,true,0
3002,0,0,6183960,10758000,4574040,0,0,86,false,0
3003,0,0,6183960,10763150,4579190,0,10,113,false,0
3004,0,0,6183960,10767650,4583690,0,0,90,false,0
3005,0,0,6183960,10772400,4588440,0,0,95,false,0
3006,0,0,6183960,10777550,4593590,0,19,122,false,0
3007,0,0,6183960,10782700,4598740,0,0,103,false,0
3008,0,0,6183960,10787350,4603390,0,0,93,false,0
3009,0,0,6183960,10791850,4607890,0,0,90,false,0
3010,0,0,6183960,10796950,4612990,0,0,102,false,0
3011,0,0,6183960,10802100,4618140,0,8,111,false,0
3012,0,0,6183960,10806800,4622840,0,0,94,false,0
3013,0,0,6183960,10811950,4627990,0,2,105,false,0
3014,0,0,6183960,10817100,4633140,0,10,113,false,0
3015,0,0,6183960,10821100,4637140,0,0,80,false,0
3016,0,0,6290580,10825250,4534670,0,0,83,false,0
3017,0,0,6290580,10830400,4539820,0,3,106,false,0
3018,0,0,6290580,10834950,4544370,0,0,91,false,0
3019,0,0,6290580,10840100,4549520,0,6,109,false,0
3020,0,0,6290580,10844500,4553920,0,0,88,false,0
3021,0,0,6290580,10849650,4559070,0,13,116,false,0
3022,0,0,6290580,10854800,4564220,0,6,109,false,0
3023,0,0,6290580,10859800,4569220,0,0,100,false,0
3024,0,0,6290580,10859800,4569220,0,101,101,true,0
3025,0,0,6290580,10859800,4569220,0,98,98,true,0
3026,0,0,6290580,10859800,4569220,0,97,97,true,0
3027,0,0,6290580,10864950,4574370,0,6,109,false,0
3028,0,0,6290580,10869700,4579120,0,0,95,false,0
3029,0,0,6290580,10874850,4584270,0,3,106,false,0
3030,0,0,6290580,10880000,4589420,0,10,113,false,0
3031,0,0,6290580,10884100,4593520,0,0,82,false,0
3032,0,0,6290580,10888250,4597670,0,0,83,false,0
3033,0,0,6290580,10892550,4601970,0,0,86,false,0
3034,0,0,6290580,10896950,4606370,0,0,88,false,0
3035,0,0,6290580,10902100,4611520,0,1,104,false,0
3036,0,0,6290580,10907250,4616670,0,1,104,false,0
3037,0,0,6290580,10907250,4616670,0,104,104,true,0
3038,0,0,6290580,10907250,4616670,0,103,103,true,0
3039,0,0,6290580,10911300,4620720,0,0,81,false,0
3040,0,0,6290580,10916450,4625870,0,7,110,false,0
3041,0,0,6290580,10920750,4630170,0,0,86,false,0
3042,0,0,6290580,10925450,4634870,0,0,94,false,0
3043,0,0,6290580,10930550,4639970,0,0,102,false,0
3044,0,0,6290580,10935700,4645120,0,15,118,false,0
3045,0,0,6290580,10940500,4649920,0,0,96,false,0
3046,0,0,6290580,10945650,4655070,0,2,105,false,0
3047,0,0,6290580,10950700,4660120,0,0,101,false,0
3048,0,0,6290580,10953900,4663320,0,0,64,false,0
3049,0,0,6290580,10958400,4667820,0,0,90,false,0
3050,0,0,6290580,10963250,4672670,0,0,97,false,0
3051,0,0,6290580,10967750,4677170,0,0,90,false,0
3052,0,0,6290580,10972850,4682270,0,0,102,false,0
3053,0,0,6290580,10978000,4687420,0,8,111,false,0
3054,0,0,6290580,10978000,4687420,0,101,101,true,0
3055,0,0,6290580,10982800,4692220,0,0,96,false,0
3056,0,0,6290580,10987950,4697370,0,3,106,false,0
3057,0,0,6290580,10992600,4702020,0,0,93,false,0
3058,0,0,6290580,10997350,4706770,0,0,95,false,0
3059,0,0,6290580,11001650,4711070,0,0,86,false,0
3060,0,0,6290580,11006800,4716220,0,3,106,false,0
3061,0,0,6290580,11011350,4720770,0,0,91,false,0
3062,0,0,6290580,11016500,4725920,0,4,107,false,0
3063,0,0,6290580,11021000,4730420,0,0,90,false,0
3064,0,0,6290580,11026150,4735570,0,8,111,false,0
3065,0,0,6290580,11030850,4740270,0,0,94,false,0
3066,0,0,6290580,11036000,4745420,0,8,111,false,0
3067,0,0,6290580,11041150,4750570,0,9,112,false,0
3068,0,0,6397200,11045600,4648400,0,0,89,false,0
3069,0,0,6397200,11050300,4653100,0,0,94,false,0
3070,0,0,6397200,11055000,4657800,0,0,94,false,0
3071,0,0,6397200,11060150,4662950,0,0,103,false,0
3072,0,0,6397200,11064950,4667750,0,0,96,false,0
3073,0,0,6397200,11070100,4672900,0,0,103,false,0
3074,0,0,6397200,11075000,4677800,0,0,98,false,0
3075,0,0,6397200,11080150,4682950,0,3,106,false,0
3076,0,0,6397200,11080150,4682950,0,94,94,true,0
3077,0,0,6397200,11084650,4687450,0,0,90,false,0
3078,0,0,6397200,11088550,4691350,0,0,78,false,0
3079,0,0,6397200,11093700,4696500,0,2,105,false,0
3080,0,0,6397200,11098050,4700850,0,0,87,false,0
3081,0,0,6397200,11103200,4706000,0,0,103,false,0
3082,0,0,6397200,11107850,4710650,0,0,93,false,0
3083,0,0,6397200,11113000,4715800,0,13,116,false,0
3084,0,0,6397200,11117800,4720600,0,0,96,false,0
3085,0,0,6397200,11122750,4725550,0,0,99,false,0
3086,0,0,6397200,11127300,4730100,0,0,91,false,0
3087,0,0,6397200,11131750,4734550,0,0,89,false,0
3088,0,0,6397200,11136650,4739450,0,0,98,false,0
3089,0,0,6397200,11141800,4744600,0,1,104,false,0
3090,0,0,6397200,11146950,4749750,0,5,108,false,0
3091,0,0,6397200,11151850,4754650,0,0,98,false,0
3092,0,0,6397200,11156600,4759400,0,0,95,false,0
3093,0,0,6397200,11161750,4764550,0,10,113,false,0
3094,0,0,6397200,11166700,4769500,0,0,99,false,0
3095,0,0,6397200,11171600,4774400,0,0,98,false,0
3096,0,0,6397200,11176300,4779100,0,0,94,false,0
3097,0,0,6397200,11180800,4783600,0,0,90,false,0
3098,0,0,6397200,11185300,4788100,0,0,90,false,0
3099,0,0,6397200,11190450,4793250,0,16,119,false,0
3100,0,0,6397200,11194200,4797000,0,0,75,false,0
3101,0,0,6397200,11198400,4801200,0,0,84,false,0
3102,0,0,6397200,11203550,4806350,0,1,104,false,0
3103,0,0,6397200,11208250,4811050,0,0,94,false,0
3104,0,0,6397200,11212350,4815150,0,0,82,false,0
3105,0,0,6397200,11212350,4815150,0,89,89,true,0
3106,0,0,6397200,11217200,4820000,0,0,97,false,0
3107,0,0,6397200,11221600,4824400,0,0,88,false,0
3108,0,0,6397200,11226450,4829250,0,0,97,false,0
3109,0,0,6397200,11230950,4833750,0,0,90,false,0
3110,0,0,6397200,11236100,4838900,0,5,108,false,0
3111,0,0,6397200,11236100,4838900,0,110,110,true,0
3112,0,0,6397200,11236100,4838900,0,98,98,true,0
3113,0,0,6397200,11236100,4838900,0,90,90,true,0
3114,0,0,6397200,11236100,4838900,0,91,91,true,0
3115,0,0,6397200,11236100,4838900,0,111,111,true,0
3116,0,0,6397200,11241100,4843900,0,0,100,false,0
3117,0,0,6397200,11246250,4849050,0,13,116,false,0
3118,0,0,6397200,11251100,4853900,0,0,97,false,0
3119,0,0,6397200,11256250,4859050,0,5,108,false,0
3120,0,0,6503820,11260800,4756980,0,0,91,false,0
3121,0,0,6503820,11265700,4761880,0,0,98,false,0
3122,0,0,6503820,11270550,4766730,0,0,97,false,0
3123,0,0,6503820,11275700,4771880,0,7,110,false,0
3124,0,0,6503820,11275700,4771880,0,91,91,true,0
3125,0,0,6503820,11275700,4771880,0,103,103,true,0
3126,0,0,6503820,11275700,4771880,0,109,109,true,0
3127,0,0,6503820,11275700,4771880,0,114,114,true,0
3128,0,0,6503820,11275700,4771880,0,107,107,true,0
3129,0,0,6503820,11275700,4771880,0,98,98,true,0
3130,0,0,6503820,11275700,4771880,0,93,93,true,0
3131,0,0,6503820,11275700,4771880,0,107,107,true,0
3132,0,0,6503820,11275700,4771880,0,89,89,true,0
3133,0,0,6503820,11275700,4771880,0,106,106,true,0
3134,0,0,6503820,11275700,4771880,0,106,106,true,0
3135,0,0,6503820,11275700,4771880,0,106,106,true,0
3136,0,0,6503820,11275700,4771880,0,85,85,true,0
3137,0,0,6503820,11280100,4776280,0,0,88,false,0
3138,0,0,6503820,11284850,4781030,0,0,95,false,0
3139,0,0,6503820,11289000,4785180,0,0,83,false,0
3140,0,0,6503820,11294150,4790330,0,4,107,false,0
3141,0,0,6503820,11294150,4790330,0,80,80,true,0
3142,0,0,6503820,11294150,4790330,0,113,113,true,0
3143,0,0,6503820,11294150,4790330,0,88,88,true,0
3144,0,0,6503820,11294150,4790330,0,107,107,true,0
3145,0,0,6503820,11294150,4790330,0,104,104,true,0
3146,0,0,6503820,11298800,4794980,0,0,93,false,0
3147,0,0,6503820,11303800,4799980,0,0,100,false,0
3148,0,0,6503820,11308950,4805130,0,10,113,false,0
3149,0,0,6503820,11308950,4805130,0,91,91,true,0
3150,0,0,6503820,11313400,4809580,0,0,89,false,0
3151,0,0,6503820,11318150,4814330,0,0,95,false,0
3152,0,0,6503820,11323200,4819380,0,0,101,false,0
3153,0,0,6503820,11328300,4824480,0,0,102,false,0
3154,0,0,6503820,11333200,4829380,0,0,98,false,0
3155,0,0,6503820,11333200,4829380,0,106,106,true,0
3156,0,0,6503820,11338050,4834230,0,0,97,false,0
3157,0,0,6503820,11342900,4839080,0,0,97,false,0
3158,0,0,6503820,11348050,4844230,0,2,105,false,0
3159,0,0,6503820,11352850,4849030,0,0,96,false,0
3160,0,0,6503820,11357700,4853880,0,0,97,false,0
3161,0,0,6503820,11362300,4858480,0,0,92,false,0
3162,0,0,6503820,11366350,4862530,0,0,81,false,0
3163,0,0,6503820,11371150,4867330,0,0,96,false,0
3164,0,0,6503820,11376150,4872330,0,0,100,false,0
3165,0,0,6503820,11381300,4877480,0,6,109,false,0
3166,0,0,6503820,11381300,4877480,0,104,104,true,0
3167,0,0,6503820,11381300,4877480,0,114,114,true,0
3168,0,0,6503820,11386450,4882630,0,1,104,false,0
3169,0,0,6503820,11391600,4887780,0,5,108,false,0
3170,0,0,6503820,11396750,4892930,0,1,104,false,0
3171,0,0,6503820,11401900,4898080,0,17,120,false,0
3172,0,0,6610440,11406950,4796510,0,0,101,false,0
3173,0,0,6610440,11411750,4801310,0,0,96,false,0
3174,0,0,6610440,11416900,4806460,0,3,106,false,0
3175,0,0,6610440,11422050,4811610,0,8,111,false,0
3176,0,0,6610440,11427200,4816760,0,23,126,false,0
3177,0,0,6610440,11427200,4816760,0,102,102,true,0
3178,0,0,6610440,11432050,4821610,0,0,97,false,0
3179,0,0,6610440,11437000,4826560,0,0,99,false,0
3180,0,0,6610440,11442150,4831710,0,9,112,false,0
3181,0,0,6610440,11446700,4836260,0,0,91,false,0
3182,0,0,6610440,11451850,4841410,0,0,103,false,0
3183,0,0,6610440,11457000,4846560,0,12,115,false,0
3184,0,0,6610440,11461800,4851360,0,0,96,false,0
3185,0,0,6610440,11461800,4851360,0,92,92,true,0
3186,0,0,6610440,11461800,4851360,0,106,106,true,0
3187,0,0,6610440,11461800,4851360,0,103,103,true,0
3188,0,0,6610440,11466500,4856060,0,0,94,false,0
3189,0,0,6610440,11471650,4861210,0,2,105,false,0
3190,0,0,6610440,11471650,4861210,0,106,106,true,0
3191,0,0,6610440,11476800,4866360,0,5,108,false,0
3192,0,0,6610440,11481400,4870960,0,0,92,false,0
3193,0,0,6610440,11481400,4870960,0,97,97,true,0
3194,0,0,6610440,11481400,4870960,0,118,118,true,0
3195,0,0,6610440,11481400,4870960,0,102,102,true,0
3196,0,0,6610440,11481400,4870960,0,83,83,true,0
3197,0,0,6610440,11481400,4870960,0,114,114,true,0
3198,0,0,6610440,11486150,4875710,0,0,95,false,0
3199,0,0,6610440,11491300,4880860,0,4,107,false,0
3200,0,0,6610440,11496350,4885910,0,0,101,false,0
3201,0,0,6610440,11501200,4890760,0,0,97,false,0
3202,0,0,6610440,11506350,4895910,0,7,110,false,0
3203,0,0,6610440,11511150,4900710,0,0,96,false,0
3204,0,0,6610440,11515400,4904960,0,0,85,false,0
3205,0,0,6610440,11519750,4909310,0,0,87,false,0
3206,0,0,6610440,11524800,4914360,0,0,101,false,0
3207,0,0,6610440,11524800,4914360,0,93,93,true,0
3208,0,0,6610440,11524800,4914360,0,94,94,true,0
3209,0,0,6610440,11524800,4914360,0,118,118,true,0
3210,0,0,6610440,11524800,4914360,0,110,110,true,0
3211,0,0,6610440,11529950,4919510,0,2,105,false,0
3212,0,0,6610440,11534450,4924010,0,0,90,false,0
3213,0,0,6610440,11539250,4928810,0,0,96,false,0
3214,0,0,6610440,11539250,4928810,0,97,97,true,0
3215,0,0,6610440,11539250,4928810,0,93,93,true,0
3216,0,0,6610440,11539250,4928810,0,101,101,true,0
3217,0,0,6610440,11539250,4928810,0,95,95,true,0
3218,0,0,6610440,11544400,4933960,0,7,110,false,0
3219,0,0,6610440,11549450,4939010,0,0,101,false,0
3220,0,0,6610440,11554000,4943560,0,0,91,false,0
3221,0,0,6610440,11554000,4943560,0,105,105,true,0
3222,0,0,6610440,11554000,4943560,0,115,115,true,0
3223,0,0,6610440,11554000,4943560,0,96,96,true,0
3224,0,0,6717060,11554000,4836940,0,113,113,true,0
3225,0,0,6717060,11558300,4841240,0,0,86,false,0
3226,0,0,6717060,11563450,4846390,0,19,122,false,0
3227,0,0,6717060,11568600,4851540,0,3,106,false,0
3228,0,0,6717060,11572600,4855540,0,0,80,false,0
3229,0,0,6717060,11577350,4860290,0,0,95,false,0
3230,0,0,6717060,11582200,4865140,0,0,97,false,0
3231,0,0,6717060,11587350,4870290,0,1,104,false,0
3232,0,0,6717060,11592400,4875340,0,0,101,false,0
3233,0,0,6717060,11597250,4880190,0,0,97,false,0
3234,0,0,6717060,11600850,4883790,0,0,72,false,0
3235,0,0,6717060,11606000,4888940,0,9,112,false,0
3236,0,0,6717060,11611150,4894090,0,5,108,false,0
3237,0,0,6717060,11615350,4898290,0,0,84,false,0
3238,0,0,6717060,11620300,4903240,0,0,99,false,0
3239,0,0,6717060,11620300,4903240,0,86,86,true,0
3240,0,0,6717060,11620300,4903240,0,102,102,true,0
3241,0,0,6717060,11620300,4903240,0,99,99,true,0
3242,0,0,6717060,11624650,4907590,0,0,87,false,0
3243,0,0,6717060,11629050,4911990,0,0,88,false,0
3244,0,0,6717060,11634200,4917140,0,14,117,false,0
3245,0,0,6717060,11634200,4917140,0,89,89,true,0
3246,0,0,6717060,11639050,4921990,0,0,97,false,0
3247,0,0,6717060,11643450,4926390,0,0,88,false,0
3248,0,0,6717060,11648600,4931540,0,1,104,false,0
3249,0,0,6717060,11652900,4935840,0,0,86,false,0
3250,0,0,6717060,11652900,4935840,0,84,84,true,0
3251,0,0,6717060,11652900,4935840,0,100,100,true,0
3252,0,0,6717060,11652900,4935840,0,106,106,true,0
3253,0,0,6717060,11652900,4935840,0,98,98,true,0
3254,0,0,6717060,11657550,4940490,0,0,93,false,0
3255,0,0,6717060,11661900,4944840,0,0,87,false,0
3256,0,0,6717060,11666550,4949490,0,0,93,false,0
3257,0,0,6717060,11671700,4954640,0,9,112,false,0
3258,0,0,6717060,11676100,4959040,0,0,88,false,0
3259,0,0,6717060,11680900,4963840,0,0,96,false,0
3260,0,0,6717060,11686000,4968940,0,0,102,false,0
3261,0,0,6717060,11691150,4974090,0,25,128,false,0
3262,0,0,6717060,11691150,4974090,0,99,99,true,0
3263,0,0,6717060,11691150,4974090,0,118,118,true,0
3264,0,0,6717060,11696050,4978990,0,0,98,false,0
3265,0,0,6717060,11700750,4983690,0,0,94,false,0
3266,0,0,6717060,11705900,4988840,0,18,121,false,0
3267,0,0,6717060,11710750,4993690,0,0,97,false,0
3268,0,0,6717060,11715850,4998790,0,0,102,false,0
3269,0,0,6717060,11720950,5003890,0,0,102,false,0
3270,0,0,6717060,11720950,5003890,0,109,109,true,0
3271,0,0,6717060,11724950,5007890,0,0,80,false,0
3272,0,0,6717060,11730100,5013040,0,1,104,false,0
3273,0,0,6717060,11735250,5018190,0,4,107,false,0
3274,0,0,6717060,11735250,5018190,0,96,96,true,0
3275,0,0,6717060,11740400,5023340,0,12,115,false,0
3276,0,0,6823680,11744650,4920970,0,0,85,false,0
3277,0,0,6823680,11744650,4920970,0,108,108,true,0
3278,0,0,6823680,11744650,4920970,0,96,96,true,0
3279,0,0,6823680,11744650,4920970,0,89,89,true,0
3280,0,0,6823680,11744650,4920970,0,116,116,true,0
3281,0,0,6823680,11749650,4925970,0,0,100,false,0
3282,0,0,6823680,11754800,4931120,0,18,121,false,0
3283,0,0,6823680,11759850,4936170,0,0,101,false,0
3284,0,0,6823680,11764550,4940870,0,0,94,false,0
3285,0,0,6823680,11768200,4944520,0,0,73,false,0
3286,0,0,6823680,11772750,4949070,0,0,91,false,0
3287,0,0,6823680,11777900,4954220,0,15,118,false,0
3288,0,0,6823680,11783050,4959370,0,14,117,false,0
3289,0,0,6823680,11788200,4964520,0,9,112,false,0
3290,0,0,6823680,11793200,4969520,0,0,100,false,0
3291,0,0,6823680,11798350,4974670,0,6,109,false,0
3292,0,0,6823680,11803500,4979820,0,8,111,false,0
3293,0,0,6823680,11808200,4984520,0,0,94,false,0
3294,0,0,6823680,11813350,4989670,0,7,110,false,0
3295,0,0,6823680,11818200,4994520,0,0,97,false,0
3296,0,0,6823680,11823350,4999670,0,1,104,false,0
3297,0,0,6823680,11828450,5004770,0,0,102,false,0
3298,0,0,6823680,11833600,5009920,0,2,105,false,0
3299,0,0,6823680,11838750,5015070,0,4,107,false,0
3300,0,0,6823680,11843350,5019670,0,0,92,false,0
3301,0,0,6823680,11848500,5024820,0,0,103,false,0
3302,0,0,6823680,11853100,5029420,0,0,92,false,0
3303,0,0,6823680,11857950,5034270,0,0,97,false,0
3304,0,0,6823680,11862300,5038620,0,0,87,false,0
3305,0,0,6823680,11867450,5043770,0,12,115,false,0
3306,0,0,6823680,11871600,5047920,0,0,83,false,0
3307,0,0,6823680,11876750,5053070,0,5,108,false,0
3308,0,0,6823680,11881900,5058220,0,6,109,false,0
3309,0,0,6823680,11886800,5063120,0,0,98,false,0
3310,0,0,6823680,11886800,5063120,0,87,87,true,0
3311,0,0,6823680,11886800,5063120,0,103,103,true,0
3312,0,0,6823680,11886800,5063120,0,101,101,true,0
3313,0,0,6823680,11891050,5067370,0,0,85,false,0
3314,0,0,6823680,11896200,5072520,0,1,104,false,0
3315,0,0,6823680,11901150,5077470,0,0,99,false,0
3316,0,0,6823680,11906300,5082620,0,9,112,false,0
3317,0,0,6823680,11906300,5082620,0,108,108,true,0
3318,0,0,6823680,11911000,5087320,0,0,94,false,0
3319,0,0,6823680,11915050,5091370,0,0,81,false,0
3320,0,0,6823680,11920100,5096420,0,0,101,false,0
3321,0,0,6823680,11925100,5101420,0,0,100,false,0
3322,0,0,6823680,11929650,5105970,0,0,91,false,0
3323,0,0,6823680,11929650,5105970,0,79,79,true,0
3324,0,0,6823680,11929650,5105970,0,102,102,true,0
3325,0,0,6823680,11929650,5105970,0,115,115,true,0
3326,0,0,6823680,11929650,5105970,0,96,96,true,0
3327,0,0,6823680,11929650,5105970,0,93,93,true,0
3328,0,0,6930300,11934400,5004100,0,0,95,false,0
3329,0,0,6930300,11939550,5009250,0,9,112,false,0
3330,0,0,6930300,11939550,5009250,0,93,93,true,0
3331,0,0,6930300,11939550,5009250,0,101,101,true,0
3332,0,0,6930300,11939550,5009250,0,111,111,true,0
3333,0,0,6930300,11939550,5009250,0,117,117,true,0
3334,0,0,6930300,11939550,5009250,0,110,110,true,0
3335,0,0,6930300,11939550,5009250,0,95,95,true,0
3336,0,0,6930300,11944700,5014400,0,1,104,false,0
3337,0,0,6930300,11949850,5019550,0,4,107,false,0
3338,0,0,6930300,11954250,5023950,0,0,88,false,0
3339,0,0,6930300,11959400,5029100,0,1,104,false,0
3340,0,0,6930300,11963700,5033400,0,0,86,false,0
3341,0,0,6930300,11968100,5037800,0,0,88,false,0
3342,0,0,6930300,11973250,5042950,0,13,116,false,0
3343,0,0,6930300,11973250,5042950,0,105,105,true,0
3344,0,0,6930300,11978400,5048100,0,17,120,false,0
3345,0,0,6930300,11983550,5053250,0,3,106,false,0
3346,0,0,6930300,11988400,5058100,0,0,97,false,0
3347,0,0,6930300,11993450,5063150,0,0,101,false,0
3348,0,0,6930300,11998600,5068300,0,3,106,false,0
3349,0,0,6930300,12003750,5073450,0,0,103,false,0
3350,0,0,6930300,12007600,5077300,0,0,77,false,0
3351,0,0,6930300,12012750,5082450,0,0,103,false,0
3352,0,0,6930300,12017500,5087200,0,0,95,false,0
3353,0,0,6930300,12022650,5092350,0,7,110,false,0
3354,0,0,6930300,12027300,5097000,0,0,93,false,0
3355,0,0,6930300,12032400,5102100,0,0,102,false,0
3356,0,0,6930300,12037450,5107150,0,0,101,false,0
3357,0,0,6930300,12042100,5111800,0,0,93,false,0
3358,0,0,6930300,12047250,5116950,0,11,114,false,0
3359,0,0,6930300,12047250,5116950,0,96,96,true,0
3360,0,0,6930300,12047250,5116950,0,91,91,true,0
3361,0,0,6930300,12047250,5116950,0,86,86,true,0
3362,0,0,6930300,12052250,5121950,0,0,100,false,0
3363,0,0,6930300,12057400,5127100,0,14,117,false,0
3364,0,0,6930300,12062200,5131900,0,0,96,false,0
3365,0,0,6930300,12066900,5136600,0,0,94,false,0
3366,0,0,6930300,12066900,5136600,0,101,101,true,0
3367,0,0,6930300,12066900,5136600,0,118,118,true,0
3368,0,0,6930300,12066900,5136600,0,95,95,true,0
3369,0,0,6930300,12066900,5136600,0,109,109,true,0
3370,0,0,6930300,12071800,5141500,0,0,98,false,0
3371,0,0,6930300,12076950,5146650,0,3,106,false,0
3372,0,0,6930300,12081450,5151150,0,0,90,false,0
3373,0,0,6930300,12081450,5151150,0,97,97,true,0
3374,0,0,6930300,12081450,5151150,0,91,91,true,0
3375,0,0,6930300,12086450,5156150,0,0,100,false,0
3376,0,0,6930300,12090950,5160650,0,0,90,false,0
3377,0,0,6930300,12095900,5165600,0,0,99,false,0
3378,0,0,6930300,12100550,5170250,0,0,93,false,0
3379,0,0,6930300,12105700,5175400,0,8,111,false,0
3380,0,0,7036920,12110850,5073930,0,9,112,false,0
3381,0,0,7036920,12115400,5078480,0,0,91,false,0
3382,0,0,7036920,12115400,5078480,0,111,111,true,0
3383,0,0,7036920,12120200,5083280,0,0,96,false,0
3384,0,0,7036920,12125200,5088280,0,0,100,false,0
3385,0,0,7036920,12129450,5092530,0,0,85,false,0
3386,0,0,7036920,12129450,5092530,0,96,96,true,0
3387,0,0,7036920,12134200,5097280,0,0,95,false,0
3388,0,0,7036920,12139050,5102130,0,0,97,false,0
3389,0,0,7036920,12143800,5106880,0,0,95,false,0
3390,0,0,7036920,12148950,5112030,0,2,105,false,0
3391,0,0,7036920,12148950,5112030,0,118,118,true,0
3392,0,0,7036920,12153350,5116430,0,0,88,false,0
3393,0,0,7036920,12157850,5120930,0,0,90,false,0
3394,0,0,7036920,12157850,5120930,0,104,104,true,0
3395,0,0,7036920,12157850,5120930,0,91,91,true,0
3396,0,0,7036920,12162700,5125780,0,0,97,false,0
3397,0,0,7036920,12167850,5130930,0,5,108,false,0
3398,0,0,7036920,12172650,5135730,0,0,96,false,0
3399,0,0,7036920,12177300,5140380,0,0,93,false,0
3400,0,0,7036920,12182150,5145230,0,0,97,false,0
3401,0,0,7036920,12187300,5150380,0,1,104,false,0
3402,0,0,7036920,12192450,5155530,0,5,108,false,0
3403,0,0,7036920,12197600,5160680,0,0,103,false,0
3404,0,0,7036920,12201600,5164680,0,0,80,false,0
3405,0,0,7036920,12206400,5169480,0,0,96,false,0
3406,0,0,7036920,12206400,5169480,0,103,103,true,0
3407,0,0,7036920,12206400,5169480,0,97,97,true,0
3408,0,0,7036920,12206400,5169480,0,90,90,true,0
3409,0,0,7036920,12206400,5169480,0,109,109,true,0
3410,0,0,7036920,12206400,5169480,0,99,99,true,0
3411,0,0,7036920,12206400,5169480,0,107,107,true,0
3412,0,0,7036920,12206400,5169480,0,101,101,true,0
3413,0,0,7036920,12206400,5169480,0,99,99,true,0
3414,0,0,7036920,12211500,5174580,0,0,102,false,0
3415,0,0,7036920,12216650,5179730,0,6,109,false,0
3416,0,0,7036920,12221800,5184880,0,2,105,false,0
3417,0,0,7036920,12226950,5190030,0,3,106,false,0
3418,0,0,7036920,12232100,5195180,0,11,114,false,0
3419,0,0,7036920,12236550,5199630,0,0,89,false,0
3420,0,0,7036920,12241200,5204280,0,0,93,false,0
3421,0,0,7036920,12241200,5204280,0,93,93,true,0
3422,0,0,7036920,12241200,5204280,0,84,84,true,0
3423,0,0,7036920,12241200,5204280,0,107,107,true,0
3424,0,0,7036920,12246350,5209430,0,3,106,false,0
3425,0,0,7036920,12251250,5214330,0,0,98,false,0
3426,0,0,7036920,12256400,5219480,0,6,109,false,0
3427,0,0,7036920,12260950,5224030,0,0,91,false,0
3428,0,0,7036920,12266100,5229180,0,0,103,false,0
3429,0,0,7036920,12271250,5234330,0,2,105,false,0
3430,0,0,7036920,12275350,5238430,0,0,82,false,0
3431,0,0,7036920,12280500,5243580,0,6,109,false,0
3432,0,0,7143540,12285150,5141610,0,0,93,false,0
3433,0,0,7143540,12290300,5146760,0,1,104,false,0
3434,0,0,7143540,12290300,5146760,0,96,96,true,0
3435,0,0,7143540,12294750,5151210,0,0,89,false,0
3436,0,0,7143540,12299900,5156360,0,9,112,false,0
3437,0,0,7143540,12304350,5160810,0,0,89,false,0
3438,0,0,7143540,12309300,5165760,0,0,99,false,0
3439,0,0,7143540,12313500,5169960,0,0,84,false,0
3440,0,0,7143540,12318300,5174760,0,0,96,false,0
3441,0,0,7143540,12323300,5179760,0,0,100,false,0
3442,0,0,7143540,12328450,5184910,0,9,112,false,0
3443,0,0,7143540,12333200,5189660,0,0,95,false,0
3444,0,0,7143540,12338100,5194560,0,0,98,false,0
3445,0,0,7143540,12342550,5199010,0,0,89,false,0
3446,0,0,7143540,12347550,5204010,0,0,100,false,0
3447,0,0,7143540,12352700,5209160,0,11,114,false,0
3448,0,0,7143540,12356900,5213360,0,0,84,false,0
3449,0,0,7143540,12361150,5217610,0,0,85,false,0
3450,0,0,7143540,12365950,5222410,0,0,96,false,0
3451,0,0,7143540,12371100,5227560,0,5,108,false,0
3452,0,0,7143540,12376250,5232710,0,2,105,false,0
3453,0,0,7143540,12376250,5232710,0,92,92,true,0
3454,0,0,7143540,12376250,5232710,0,97,97,true,0
3455,0,0,7143540,12376250,5232710,0,102,102,true,0
3456,0,0,7143540,12376250,5232710,0,111,111,true,0
3457,0,0,7143540,12381200,5237660,0,0,99,false,0
3458,0,0,7143540,12386350,5242810,0,3,106,false,0
3459,0,0,7143540,12390950,5247410,0,0,92,false,0
3460,0,0,7143540,12395900,5252360,0,0,99,false,0
3461,0,0,7143540,12395900,5252360,0,105,105,true,0
3462,0,0,7143540,12395900,5252360,0,97,97,true,0
3463,0,0,7143540,12399900,5256360,0,0,80,false,0
3464,0,0,7143540,12404550,5261010,0,0,93,false,0
3465,0,0,7143540,12409700,5266160,0,2,105,false,0
3466,0,0,7143540,12409700,5266160,0,116,116,true,0
3467,0,0,7143540,12414200,5270660,0,0,90,false,0
3468,0,0,7143540,12419350,5275810,0,11,114,false,0
3469,0,0,7143540,12424500,5280960,0,5,108,false,0
3470,0,0,7143540,12424500,5280960,0,99,99,true,0
3471,0,0,7143540,12424500,5280960,0,75,75,true,0
3472,0,0,7143540,12424500,5280960,0,93,93,true,0
3473,0,0,7143540,12424500,5280960,0,83,83,true,0
3474,0,0,7143540,12424500,5280960,0,101,101,true,0
3475,0,0,7143540,12428900,5285360,0,0,88,false,0
3476,0,0,7143540,12433500,5289960,0,0,92,false,0
3477,0,0,7143540,12438650,5295110,0,6,109,false,0
3478,0,0,7143540,12443800,5300260,0,1,104,false,0
3479,0,0,7143540,12448950,5305410,0,4,107,false,0
3480,0,0,7143540,12453850,5310310,0,0,98,false,0
3481,0,0,7143540,12453850,5310310,0,101,101,true,0
3482,0,0,7143540,12458500,5314960,0,0,93,false,0
3483,0,0,7143540,12463650,5320110,0,1,104,false,0
3484,0,0,7250160,12468800,5218640,0,0,103,false,0
3485,0,0,7250160,12473950,5223790,0,0,103,false,0
3486,0,0,7250160,12478350,5228190,0,0,88,false,0
3487,0,0,7250160,12483200,5233040,0,0,97,false,0
3488,0,0,7250160,12487950,5237790,0,0,95,false,0
3489,0,0,7250160,12492600,5242440,0,0,93,false,0
3490,0,0,7250160,12497050,5246890,0,0,89,false,0
3491,0,0,7250160,12497050,5246890,0,100,100,true,0
3492,0,0,7250160,12497050,5246890,0,95,95,true,0
3493,0,0,7250160,12502200,5252040,0,0,103,false,0
3494,0,0,7250160,12506950,5256790,0,0,95,false,0
3495,0,0,7250160,12512100,5261940,0,6,109,false,0
3496,0,0,7250160,12517250,5267090,0,0,103,false,0
3497,0,0,7250160,12521500,5271340,0,0,85,false,0
3498,0,0,7250160,12526350,5276190,0,0,97,false,0
3499,0,0,7250160,12530650,5280490,0,0,86,false,0
3500,0,0,7250160,12535800,5285640,0,12,115,false,0
3501,0,0,7250160,12540950,5290790,0,0,103,false,0
3502,0,0,7250160,12545700,5295540,0,0,95,false,0
3503,0,0,7250160,12550850,5300690,0,15,118,false,0
3504,0,0,7250160,12555650,5305490,0,0,96,false,0
3505,0,0,7250160,12560750,5310590,0,0,102,false,0
3506,0,0,7250160,12565750,5315590,0,0,100,false,0
3507,0,0,7250160,12570100,5319940,0,0,87,false,0
3508,0,0,7250160,12575000,5324840,0,0,98,false,0
3509,0,0,7250160,12580150,5329990,0,9,112,false,0
3510,0,0,7250160,12585250,5335090,0,0,102,false,0
3511,0,0,7250160,12585250,5335090,0,76,76,true,0
3512,0,0,7250160,12585250,5335090,0,93,93,true,0
3513,0,0,7250160,12585250,5335090,0,99,99,true,0
3514,0,0,7250160,12590400,5340240,0,8,111,false,0
3515,0,0,7250160,12595250,5345090,0,0,97,false,0
3516,0,0,7250160,12599900,5349740,0,0,93,false,0
3517,0,0,7250160,12605050,5354890,0,8,111,false,0
3518,0,0,7250160,12605050,5354890,0,106,106,true,0
3519,0,0,7250160,12605050,5354890,0,111,111,true,0
3520,0,0,7250160,12609650,5359490,0,0,92,false,0
3521,0,0,7250160,12614800,5364640,0,11,114,false,0
3522,0,0,7250160,12619950,5369790,0,12,115,false,0
3523,0,0,7250160,12624850,5374690,0,0,98,false,0
3524,0,0,7250160,12629800,5379640,0,0,99,false,0
3525,0,0,7250160,12629800,5379640,0,109,109,true,0
3526,0,0,7250160,12634950,5384790,0,2,105,false,0
3527,0,0,7250160,12639700,5389540,0,0,95,false,0
3528,0,0,7250160,12639700,5389540,0,99,99,true,0
3529,0,0,7250160,12644850,5394690,0,2,105,false,0
3530,0,0,7250160,12649350,5399190,0,0,90,false,0
3531,0,0,7250160,12654250,5404090,0,0,98,false,0
3532,0,0,7250160,12658650,5408490,0,0,88,false,0
3533,0,0,7250160,12663800,5413640,0,10,113,false,0
3534,0,0,7250160,12663800,5413640,0,101,101,true,0
3535,0,0,7250160,12668000,5417840,0,0,84,false,0
3536,0,0,7356780,12672900,5316120,0,0,98,false,0
3537,0,0,7356780,12678050,5321270,0,0,103,false,0
3538,0,0,7356780,12682900,5326120,0,0,97,false,0
3539,0,0,7356780,12688050,5331270,0,3,106,false,0
3540,0,0,7356780,12688050,5331270,0,91,91,true,0
3541,0,0,7356780,12688050,5331270,0,102,102,true,0
3542,0,0,7356780,12688050,5331270,0,115,115,true,0
3543,0,0,7356780,12692750,5335970,0,0,94,false,0
3544,0,0,7356780,12697200,5340420,0,0,89,false,0
3545,0,0,7356780,12697200,5340420,0,75,75,true,0
3546,0,0,7356780,12697200,5340420,0,91,91,true,0
3547,0,0,7356780,12697200,5340420,0,109,109,true,0
3548,0,0,7356780,12702350,5345570,0,4,107,false,0
3549,0,0,7356780,12707500,5350720,0,4,107,false,0
3550,0,0,7356780,12712250,5355470,0,0,95,false,0
3551,0,0,7356780,12712250,5355470,0,88,88,true,0
3552,0,0,7356780,12712250,5355470,0,86,86,true,0
3553,0,0,7356780,12712250,5355470,0,102,102,true,0
3554,0,0,7356780,12712250,5355470,0,116,116,true,0
3555,0,0,7356780,12712250,5355470,0,89,89,true,0
3556,0,0,7356780,12712250,5355470,0,95,95,true,0
3557,0,0,7356780,12712250,5355470,0,77,77,true,0
3558,0,0,7356780,12712250,5355470,0,92,92,true,0
3559,0,0,7356780,12712250,5355470,0,84,84,true,0
3560,0,0,7356780,12717400,5360620,0,1,104,false,0
3561,0,0,7356780,12722550,5365770,0,5,108,false,0
3562,0,0,7356780,12727700,5370920,0,2,105,false,0
3563,0,0,7356780,12727700,5370920,0,96,96,true,0
3564,0,0,7356780,12727700,5370920,0,107,107,true,0
3565,0,0,7356780,12727700,5370920,0,82,82,true,0
3566,0,0,7356780,12727700,5370920,0,92,92,true,0
3567,0,0,7356780,12732200,5375420,0,0,90,false,0
3568,0,0,7356780,12736600,5379820,0,0,88,false,0
3569,0,0,7356780,12740650,5383870,0,0,81,false,0
3570,0,0,7356780,12740650,5383870,0,106,106,true,0
3571,0,0,7356780,12745150,5388370,0,0,90,false,0
3572,0,0,7356780,12750250,5393470,0,0,102,false,0
3573,0,0,7356780,12750250,5393470,0,90,90,true,0
3574,0,0,7356780,12755400,5398620,0,7,110,false,0
3575,0,0,7356780,12759700,5402920,0,0,86,false,0
3576,0,0,7356780,12759700,5402920,0,99,99,true,0
3577,0,0,7356780,12764850,5408070,0,3,106,false,0
3578,0,0,7356780,12769550,5412770,0,0,94,false,0
3579,0,0,7356780,12774500,5417720,0,0,99,false,0
3580,0,0,7356780,12779650,5422870,0,3,106,false,0
3581,0,0,7356780,12784800,5428020,0,3,106,false,0
3582,0,0,7356780,12789700,5432920,0,0,98,false,0
3583,0,0,7356780,12789700,5432920,0,80,80,true,0
3584,0,0,7356780,12794550,5437770,0,0,97,false,0
3585,0,0,7356780,12799700,5442920,0,8,111,false,0
3586,0,0,7356780,12804450,5447670,0,0,95,false,0
3587,0,0,7356780,12804450,5447670,0,114,114,true,0
3588,0,0,7463400,12809600,5346200,0,2,105,false,0
3589,0,0,7463400,12814750,5351350,0,3,106,false,0
3590,0,0,7463400,12819850,5356450,0,0,102,false,0
3591,0,0,7463400,12825000,5361600,0,3,106,false,0
3592,0,0,7463400,12825000,5361600,0,104,104,true,0
3593,0,0,7463400,12825000,5361600,0,98,98,true,0
3594,0,0,7463400,12829650,5366250,0,0,93,false,0
3595,0,0,7463400,12834750,5371350,0,0,102,false,0
3596,0,0,7463400,12834750,5371350,0,107,107,true,0
3597,0,0,7463400,12838800,5375400,0,0,81,false,0
3598,0,0,7463400,12843700,5380300,0,0,98,false,0
3599,0,0,7463400,12843700,5380300,0,99,99,true,0
3600,0,0,7463400,12848700,5385300,0,0,100,false,0
3601,0,0,7463400,12853800,5390400,0,0,102,false,0
3602,0,0,7463400,12853800,5390400,0,92,92,true,0
3603,0,0,7463400,12853800,5390400,0,103,103,true,0
3604,0,0,7463400,12853800,5390400,0,99,99,true,0
3605,0,0,7463400,12853800,5390400,0,100,100,true,0
3606,0,0,7463400,12853800,5390400,0,82,82,true,0
3607,0,0,7463400,12858950,5395550,0,4,107,false,0
3608,0,0,7463400,12864100,5400700,0,1,104,false,0
3609,0,0,7463400,12868900,5405500,0,0,96,false,0
3610,0,0,7463400,12868900,5405500,0,112,112,true,0
3611,0,0,7463400,12868900,5405500,0,116,116,true,0
3612,0,0,7463400,12868900,5405500,0,103,103,true,0
3613,0,0,7463400,12868900,5405500,0,115,115,true,0
3614,0,0,7463400,12874050,5410650,0,8,111,false,0
3615,0,0,7463400,12879150,5415750,0,0,102,false,0
3616,0,0,7463400,12883850,5420450,0,0,94,false,0
3617,0,0,7463400,12889000,5425600,0,14,117,false,0
3618,0,0,7463400,12894000,5430600,0,0,100,false,0
3619,0,0,7463400,12898950,5435550,0,0,99,false,0
3620,0,0,7463400,12904100,5440700,0,8,111,false,0
3621,0,0,7463400,12909050,5445650,0,0,99,false,0
3622,0,0,7463400,12913350,5449950,0,0,86,false,0
3623,0,0,7463400,12917550,5454150,0,0,84,false,0
3624,0,0,7463400,12922700,5459300,0,3,106,false,0
3625,0,0,7463400,12927850,5464450,0,17,120,false,0
3626,0,0,7463400,12933000,5469600,0,6,109,false,0
3627,0,0,7463400,12938050,5474650,0,0,101,false,0
3628,0,0,7463400,12943200,5479800,0,1,104,false,0
3629,0,0,7463400,12948350,5484950,0,10,113,false,0
3630,0,0,7463400,12952750,5489350,0,0,88,false,0
3631,0,0,7463400,12957700,5494300,0,0,99,false,0
3632,0,0,7463400,12957700,5494300,0,99,99,true,0
3633,0,0,7463400,12962850,5499450,0,14,117,false,0
3634,0,0,7463400,12968000,5504600,0,3,106,false,0
3635,0,0,7463400,12968000,5504600,0,123,123,true,0
3636,0,0,7463400,12973150,5509750,0,11,114,false,0
3637,0,0,7463400,12977750,5514350,0,0,92,false,0
3638,0,0,7463400,12981750,5518350,0,0,80,false,0
3639,0,0,7463400,12981750,5518350,0,110,110,true,0
3640,0,0,7570020,12981750,5411730,0,109,109,true,0
3641,0,0,7570020,12986200,5416180,0,0,89,false,0
3642,0,0,7570020,12991350,5421330,0,7,110,false,0
3643,0,0,7570020,12996500,5426480,0,9,112,false,0
3644,0,0,7570020,13000950,5430930,0,0,89,false,0
3645,0,0,7570020,13006100,5436080,0,3,106,false,0
3646,0,0,7570020,13011000,5440980,0,0,98,false,0
3647,0,0,7570020,13011000,5440980,0,108,108,true,0
3648,0,0,7570020,13011000,5440980,0,87,87,true,0
3649,0,0,7570020,13015300,5445280,0,0,86,false,0
3650,0,0,7570020,13019350,5449330,0,0,81,false,0
3651,0,0,7570020,13024300,5454280,0,0,99,false,0
3652,0,0,7570020,13029450,5459430,0,1,104,false,0
3653,0,0,7570020,13033950,5463930,0,0,90,false,0
3654,0,0,7570020,13039100,5469080,0,5,108,false,0
3655,0,0,7570020,13044100,5474080,0,0,100,false,0
3656,0,0,7570020,13049000,5478980,0,0,98,false,0
3657,0,0,7570020,13053750,5483730,0,0,95,false,0
3658,0,0,7570020,13058550,5488530,0,0,96,false,0
3659,0,0,7570020,13063300,5493280,0,0,95,false,0
3660,0,0,7570020,13067700,5497680,0,0,88,false,0
3661,0,0,7570020,13072850,5502830,0,4,107,false,0
3662,0,0,7570020,13078000,5507980,0,8,111,false,0
3663,0,0,7570020,13083150,5513130,0,3,106,false,0
3664,0,0,7570020,13088300,5518280,0,1,104,false,0
3665,0,0,7570020,13093450,5523430,0,16,119,false,0
3666,0,0,7570020,13098200,5528180,0,0,95,false,0
3667,0,0,7570020,13102650,5532630,0,0,89,false,0
3668,0,0,7570020,13107650,5537630,0,0,100,false,0
3669,0,0,7570020,13112350,5542330,0,0,94,false,0
3670,0,0,7570020,13117500,5547480,0,1,104,false,0
3671,0,0,7570020,13121950,5551930,0,0,89,false,0
3672,0,0,7570020,13127100,5557080,0,2,105,false,0
3673,0,0,7570020,13132250,5562230,0,5,108,false,0
3674,0,0,7570020,13136650,5566630,0,0,88,false,0
3675,0,0,7570020,13141100,5571080,0,0,89,false,0
3676,0,0,7570020,13146250,5576230,0,1,104,false,0
3677,0,0,7570020,13149900,5579880,0,0,73,false,0
3678,0,0,7570020,13154400,5584380,0,0,90,false,0
3679,0,0,7570020,13159550,5589530,0,0,103,false,0
3680,0,0,7570020,13164700,5594680,0,9,112,false,0
3681,0,0,7570020,13169500,5599480,0,0,96,false,0
3682,0,0,7570020,13174300,5604280,0,0,96,false,0
3683,0,0,7570020,13179450,5609430,0,6,109,false,0
3684,0,0,7570020,13183800,5613780,0,0,87,false,0
3685,0,0,7570020,13188650,5618630,0,0,97,false,0
3686,0,0,7570020,13193350,5623330,0,0,94,false,0
3687,0,0,7570020,13198500,5628480,0,2,105,false,0
3688,0,0,7570020,13203650,5633630,0,3,106,false,0
3689,0,0,7570020,13208400,5638380,0,0,95,false,0
3690,0,0,7570020,13213550,5643530,0,4,107,false,0
3691,0,0,7570020,13218350,5648330,0,0,96,false,0
3692,0,0,7676640,13222850,5546210,0,0,90,false,0
3693,0,0,7676640,13227750,5551110,0,0,98,false,0
3694,0,0,7676640,13227750,5551110,0,113,113,true,0
3695,0,0,7676640,13232900,5556260,0,2,105,false,0
3696,0,0,7676640,13237550,5560910,0,0,93,false,0
3697,0,0,7676640,13242700,5566060,0,14,117,false,0
3698,0,0,7676640,13247200,5570560,0,0,90,false,0
3699,0,0,7676640,13251700,5575060,0,0,90,false,0
3700,0,0,7676640,13251700,5575060,0,99,99,true,0
3701,0,0,7676640,13256850,5580210,0,8,111,false,0
3702,0,0,7676640,13261750,5585110,0,0,98,false,0
3703,0,0,7676640,13265900,5589260,0,0,83,false,0
3704,0,0,7676640,13265900,5589260,0,79,79,true,0
3705,0,0,7676640,13270650,5594010,0,0,95,false,0
3706,0,0,7676640,13275050,5598410,0,0,88,false,0
3707,0,0,7676640,13279950,5603310,0,0,98,false,0
3708,0,0,7676640,13284700,5608060,0,0,95,false,0
3709,0,0,7676640,13289750,5613110,0,0,101,false,0
3710,0,0,7676640,13294700,5618060,0,0,99,false,0
3711,0,0,7676640,13299850,5623210,0,2,105,false,0
3712,0,0,7676640,13305000,5628360,0,5,108,false,0
3713,0,0,7676640,13305000,5628360,0,88,88,true,0
3714,0,0,7676640,13305000,5628360,0,107,107,true,0
3715,0,0,7676640,13305000,5628360,0,108,108,true,0
3716,0,0,7676640,13305000,5628360,0,126,126,true,0
3717,0,0,7676640,13305000,5628360,0,100,100,true,0
3718,0,0,7676640,13305000,5628360,0,92,92,true,0
3719,0,0,7676640,13305000,5628360,0,106,106,true,0
3720,0,0,7676640,13305000,5628360,0,100,100,true,0
3721,0,0,7676640,13309850,5633210,0,0,97,false,0
3722,0,0,7676640,13314600,5637960,0,0,95,false,0
3723,0,0,7676640,13314600,5637960,0,118,118,true,0
3724,0,0,7676640,13319750,5643110,0,18,121,false,0
3725,0,0,7676640,13324900,5648260,0,12,115,false,0
3726,0,0,7676640,13330000,5653360,0,0,102,false,0
3727,0,0,7676640,13335150,5658510,0,2,105,false,0
3728,0,0,7676640,13340300,5663660,0,4,107,false,0
3729,0,0,7676640,13340300,5663660,0,98,98,true,0
3730,0,0,7676640,13340300,5663660,0,102,102,true,0
3731,0,0,7676640,13340300,5663660,0,100,100,true,0
3732,0,0,7676640,13345450,5668810,0,8,111,false,0
3733,0,0,7676640,13350100,5673460,0,0,93,false,0
3734,0,0,7676640,13354600,5677960,0,0,90,false,0
3735,0,0,7676640,13359750,5683110,0,7,110,false,0
3736,0,0,7676640,13363850,5687210,0,0,82,false,0
3737,0,0,7676640,13368750,5692110,0,0,98,false,0
3738,0,0,7676640,13373550,5696910,0,0,96,false,0
3739,0,0,7676640,13378700,5702060,0,4,107,false,0
3740,0,0,7676640,13383850,5707210,0,19,122,false,0
3741,0,0,7676640,13388850,5712210,0,0,100,false,0
3742,0,0,7676640,13393700,5717060,0,0,97,false,0
3743,0,0,7676640,13393700,5717060,0,94,94,true,0
3744,0,0,7783260,13393700,5610440,0,103,103,true,0
3745,0,0,7783260,13393700,5610440,0,105,105,true,0
3746,0,0,7783260,13393700,5610440,0,88,88,true,0
3747,0,0,7783260,13393700,5610440,0,93,93,true,0
3748,0,0,7783260,13393700,5610440,0,115,115,true,0
3749,0,0,7783260,13393700,5610440,0,98,98,true,0
3750,0,0,7783260,13393700,5610440,0,100,100,true,0
3751,0,0,7783260,13398850,5615590,0,2,105,false,0
3752,0,0,7783260,13403850,5620590,0,0,100,false,0
3753,0,0,7783260,13408950,5625690,0,0,102,false,0
3754,0,0,7783260,13408950,5625690,0,118,118,true,0
3755,0,0,7783260,13408950,5625690,0,95,95,true,0
3756,0,0,7783260,13408950,5625690,0,95,95,true,0
3757,0,0,7783260,13414100,5630840,0,2,105,false,0
3758,0,0,7783260,13418900,5635640,0,0,96,false,0
3759,0,0,7783260,13424050,5640790,0,2,105,false,0
3760,0,0,7783260,13428550,5645290,0,0,90,false,0
3761,0,0,7783260,13433250,5649990,0,0,94,false,0
3762,0,0,7783260,13438400,5655140,0,4,107,false,0
3763,0,0,7783260,13442600,5659340,0,0,84,false,0
3764,0,0,7783260,13447750,5664490,0,5,108,false,0
3765,0,0,7783260,13452700,5669440,0,0,99,false,0
3766,0,0,7783260,13452700,5669440,0,88,88,true,0
3767,0,0,7783260,13452700,5669440,0,102,102,true,0
3768,0,0,7783260,13457800,5674540,0,0,102,false,0
3769,0,0,7783260,13462400,5679140,0,0,92,false,0
3770,0,0,7783260,13467150,5683890,0,0,95,false,0
3771,0,0,7783260,13471950,5688690,0,0,96,false,0
3772,0,0,7783260,13477100,5693840,0,13,116,false,0
3773,0,0,7783260,13481750,5698490,0,0,93,false,0
3774,0,0,7783260,13486900,5703640,0,0,103,false,0
3775,0,0,7783260,13492050,5708790,0,21,124,false,0
3776,0,0,7783260,13497200,5713940,0,4,107,false,0
3777,0,0,7783260,13501850,5718590,0,0,93,false,0
3778,0,0,7783260,13506150,5722890,0,0,86,false,0
3779,0,0,7783260,13511100,5727840,0,0,99,false,0
3780,0,0,7783260,13511100,5727840,0,102,102,true,0
3781,0,0,7783260,13511100,5727840,0,98,98,true,0
3782,0,0,7783260,13516250,5732990,0,35,138,false,0
3783,0,0,7783260,13521400,5738140,0,10,113,false,0
3784,0,0,7783260,13521400,5738140,0,107,107,true,0
3785,0,0,7783260,13521400,5738140,0,95,95,true,0
3786,0,0,7783260,13526550,5743290,0,34,137,false,0
3787,0,0,7783260,13531700,5748440,0,6,109,false,0
3788,0,0,7783260,13531700,5748440,0,121,121,true,0
3789,0,0,7783260,13531700,5748440,0,108,108,true,0
3790,0,0,7783260,13536850,5753590,0,4,107,false,0
3791,0,0,7783260,13542000,5758740,0,17,120,false,0
3792,0,0,7783260,13546400,5763140,0,0,88,false,0
3793,0,0,7783260,13551250,5767990,0,0,97,false,0
3794,0,0,7783260,13551250,5767990,0,99,99,true,0
3795,0,0,7783260,13551250,5767990,0,110,110,true,0
3796,0,0,7889880,13551250,5661370,0,88,88,true,0
3797,0,0,7889880,13551250,5661370,0,78,78,true,0
3798,0,0,7889880,13551250,5661370,0,92,92,true,0
3799,0,0,7889880,13556150,5666270,0,0,98,false,0
3800,0,0,7889880,13561000,5671120,0,0,97,false,0
3801,0,0,7889880,13565450,5675570,0,0,89,false,0
3802,0,0,7889880,13570600,5680720,0,5,108,false,0
3803,0,0,7889880,13575650,5685770,0,0,101,false,0
3804,0,0,7889880,13579650,5689770,0,0,80,false,0
3805,0,0,7889880,13584550,5694670,0,0,98,false,0
3806,0,0,7889880,13589700,5699820,0,1,104,false,0
3807,0,0,7889880,13593800,5703920,0,0,82,false,0
3808,0,0,7889880,13597850,5707970,0,0,81,false,0
3809,0,0,7889880,13603000,5713120,0,2,105,false,0
3810,0,0,7889880,13607800,5717920,0,0,96,false,0
3811,0,0,7889880,13607800,5717920,0,114,114,true,0
3812,0,0,7889880,13607800,5717920,0,90,90,true,0
3813,0,0,7889880,13607800,5717920,0,95,95,true,0
3814,0,0,7889880,13607800,5717920,0,94,94,true,0
3815,0,0,7889880,13607800,5717920,0,102,102,true,0
3816,0,0,7889880,13607800,5717920,0,95,95,true,0
3817,0,0,7889880,13607800,5717920,0,107,107,true,0
3818,0,0,7889880,13612600,5722720,0,0,96,false,0
3819,0,0,7889880,13616950,5727070,0,0,87,false,0
3820,0,0,7889880,13621100,5731220,0,0,83,false,0
3821,0,0,7889880,13626250,5736370,0,12,115,false,0
3822,0,0,7889880,13631400,5741520,0,24,127,false,0
3823,0,0,7889880,13636150,5746270,0,0,95,false,0
3824,0,0,7889880,13641100,5751220,0,0,99,false,0
3825,0,0,7889880,13645950,5756070,0,0,97,false,0
3826,0,0,7889880,13651100,5761220,0,6,109,false,0
3827,0,0,7889880,13656250,5766370,0,11,114,false,0
3828,0,0,7889880,13661400,5771520,0,6,109,false,0
3829,0,0,7889880,13665050,5775170,0,0,73,false,0
3830,0,0,7889880,13670200,5780320,0,9,112,false,0
3831,0,0,7889880,13670200,5780320,0,109,109,true,0
3832,0,0,7889880,13670200,5780320,0,103,103,true,0
3833,0,0,7889880,13675350,5785470,0,2,105,false,0
3834,0,0,7889880,13679900,5790020,0,0,91,false,0
3835,0,0,7889880,13685050,5795170,0,4,107,false,0
3836,0,0,7889880,13689300,5799420,0,0,85,false,0
3837,0,0,7889880,13689300,5799420,0,104,104,true,0
3838,0,0,7889880,13689300,5799420,0,90,90,true,0
3839,0,0,7889880,13689300,5799420,0,110,110,true,0
3840,0,0,7889880,13694150,5804270,0,0,97,false,0
3841,0,0,7889880,13698450,5808570,0,0,86,false,0
3842,0,0,7889880,13703400,5813520,0,0,99,false,0
3843,0,0,7889880,13707800,5817920,0,0,88,false,0
3844,0,0,7889880,13712500,5822620,0,0,94,false,0
3845,0,0,7889880,13717200,5827320,0,0,94,false,0
3846,0,0,7889880,13721150,5831270,0,0,79,false,0
3847,0,0,7889880,13726300,5836420,0,16,119,false,0
3848,0,0,7996500,13731100,5734600,0,0,96,false,0
3849,0,0,7996500,13735800,5739300,0,0,94,false,0
3850,0,0,7996500,13740950,5744450,0,9,112,false,0
3851,0,0,7996500,13746100,5749600,0,11,114,false,0
3852,0,0,7996500,13751250,5754750,0,3,106,false,0
3853,0,0,7996500,13756400,5759900,0,8,111,false,0
3854,0,0,7996500,13761550,5765050,0,1,104,false,0
3855,0,0,7996500,13766250,5769750,0,0,94,false,0
3856,0,0,7996500,13771400,5774900,0,6,109,false,0
3857,0,0,7996500,13776250,5779750,0,0,97,false,0
3858,0,0,7996500,13781400,5784900,0,7,110,false,0
3859,0,0,7996500,13781400,5784900,0,102,102,true,0
3860,0,0,7996500,13781400,5784900,0,99,99,true,0
3861,0,0,7996500,13786200,5789700,0,0,96,false,0
3862,0,0,7996500,13790850,5794350,0,0,93,false,0
3863,0,0,7996500,13795650,5799150,0,0,96,false,0
3864,0,0,7996500,13800800,5804300,0,1,104,false,0
3865,0,0,7996500,13805700,5809200,0,0,98,false,0
3866,0,0,7996500,13810850,5814350,0,10,113,false,0
3867,0,0,7996500,13815500,5819000,0,0,93,false,0
3868,0,0,7996500,13815500,5819000,0,92,92,true,0
3869,0,0,7996500,13815500,5819000,0,99,99,true,0
3870,0,0,7996500,13815500,5819000,0,96,96,true,0
3871,0,0,7996500,13820500,5824000,0,0,100,false,0
3872,0,0,7996500,13825650,5829150,0,2,105,false,0
3873,0,0,7996500,13825650,5829150,0,89,89,true,0
3874,0,0,7996500,13825650,5829150,0,91,91,true,0
3875,0,0,7996500,13825650,5829150,0,92,92,true,0
3876,0,0,7996500,13825650,5829150,0,115,115,true,0
3877,0,0,7996500,13825650,5829150,0,112,112,true,0
3878,0,0,7996500,13825650,5829150,0,80,80,true,0
3879,0,0,7996500,13830800,5834300,0,8,111,false,0
3880,0,0,7996500,13835750,5839250,0,0,99,false,0
3881,0,0,7996500,13840250,5843750,0,0,90,false,0
3882,0,0,7996500,13845400,5848900,0,6,109,false,0
3883,0,0,7996500,13849000,5852500,0,0,72,false,0
3884,0,0,7996500,13854150,5857650,0,12,115,false,0
3885,0,0,7996500,13859300,5862800,0,3,106,false,0
3886,0,0,7996500,13863350,5866850,0,0,81,false,0
3887,0,0,7996500,13867600,5871100,0,0,85,false,0
3888,0,0,7996500,13872300,5875800,0,0,94,false,0
3889,0,0,7996500,13872300,5875800,0,92,92,true,0
3890,0,0,7996500,13872300,5875800,0,97,97,true,0
3891,0,0,7996500,13872300,5875800,0,96,96,true,0
3892,0,0,7996500,13872300,5875800,0,106,106,true,0
3893,0,0,7996500,13872300,5875800,0,93,93,true,0
3894,0,0,7996500,13872300,5875800,0,85,85,true,0
3895,0,0,7996500,13872300,5875800,0,99,99,true,0
3896,0,0,7996500,13877150,5880650,0,0,97,false,0
3897,0,0,7996500,13882100,5885600,0,0,99,false,0
3898,0,0,7996500,13886250,5889750,0,0,83,false,0
3899,0,0,7996500,13891050,5894550,0,0,96,false,0
3900,0,0,8103120,13895650,5792530,0,0,92,false,0
3901,0,0,8103120,13900800,5797680,0,1,104,false,0
3902,0,0,8103120,13905700,5802580,0,0,98,false,0
3903,0,0,8103120,13910850,5807730,0,1,104,false,0
3904,0,0,8103120,13916000,5812880,0,5,108,false,0
3905,0,0,8103120,13921100,5817980,0,0,102,false,0
3906,0,0,8103120,13925500,5822380,0,0,88,false,0
3907,0,0,8103120,13925500,5822380,0,98,98,true,0
3908,0,0,8103120,13925500,5822380,0,111,111,true,0
3909,0,0,8103120,13925500,5822380,0,104,104,true,0
3910,0,0,8103120,13930650,5827530,0,10,113,false,0
3911,0,0,8103120,13934950,5831830,0,0,86,false,0
3912,0,0,8103120,13940100,5836980,0,19,122,false,0
3913,0,0,8103120,13940100,5836980,0,91,91,true,0
3914,0,0,8103120,13944600,5841480,0,0,90,false,0
3915,0,0,8103120,13949700,5846580,0,0,102,false,0
3916,0,0,8103120,13954700,5851580,0,0,100,false,0
3917,0,0,8103120,13954700,5851580,0,99,99,true,0
3918,0,0,8103120,13954700,5851580,0,105,105,true,0
3919,0,0,8103120,13954700,5851580,0,95,95,true,0
3920,0,0,8103120,13959100,5855980,0,0,88,false,0
3921,0,0,8103120,13963950,5860830,0,0,97,false,0
3922,0,0,8103120,13968500,5865380,0,0,91,false,0
3923,0,0,8103120,13972650,5869530,0,0,83,false,0
3924,0,0,8103120,13972650,5869530,0,99,99,true,0
3925,0,0,8103120,13972650,5869530,0,121,121,true,0
3926,0,0,8103120,13977150,5874030,0,0,90,false,0
3927,0,0,8103120,13981700,5878580,0,0,91,false,0
3928,0,0,8103120,13986450,5883330,0,0,95,false,0
3929,0,0,8103120,13990900,5887780,0,0,89,false,0
3930,0,0,8103120,13990900,5887780,0,89,89,true,0
3931,0,0,8103120,13995800,5892680,0,0,98,false,0
3932,0,0,8103120,14000950,5897830,0,6,109,false,0
3933,0,0,8103120,14006100,5902980,0,8,111,false,0
3934,0,0,8103120,14010500,5907380,0,0,88,false,0
3935,0,0,8103120,14014600,5911480,0,0,82,false,0
3936,0,0,8103120,14019750,5916630,0,0,103,false,0
3937,0,0,8103120,14019750,5916630,0,97,97,true,0
3938,0,0,8103120,14019750,5916630,0,107,107,true,0
3939,0,0,8103120,14024650,5921530,0,0,98,false,0
3940,0,0,8103120,14029800,5926680,0,12,115,false,0
3941,0,0,8103120,14029800,5926680,0,99,99,true,0
3942,0,0,8103120,14029800,5926680,0,97,97,true,0
3943,0,0,8103120,14029800,5926680,0,112,112,true,0
3944,0,0,8103120,14029800,5926680,0,93,93,true,0
3945,0,0,8103120,14029800,5926680,0,99,99,true,0
3946,0,0,8103120,14034900,5931780,0,0,102,false,0
3947,0,0,8103120,14040050,5936930,0,8,111,false,0
3948,0,0,8103120,14045200,5942080,0,6,109,false,0
3949,0,0,8103120,14050350,5947230,0,10,113,false,0
3950,0,0,8103120,14055350,5952230,0,0,100,false,0
3951,0,0,8103120,14055350,5952230,0,94,94,true,0
3952,0,0,8209740,14055350,5845610,0,103,103,true,0
3953,0,0,8209740,14055350,5845610,0,88,88,true,0
3954,0,0,8209740,14055350,5845610,0,117,117,true,0
3955,0,0,8209740,14055350,5845610,0,107,107,true,0
3956,0,0,8209740,14060050,5850310,0,0,94,false,0
3957,0,0,8209740,14064750,5855010,0,0,94,false,0
3958,0,0,8209740,14064750,5855010,0,100,100,true,0
3959,0,0,8209740,14064750,5855010,0,93,93,true,0
3960,0,0,8209740,14064750,5855010,0,92,92,true,0
3961,0,0,8209740,14069750,5860010,0,0,100,false,0
3962,0,0,8209740,14074900,5865160,0,20,123,false,0
3963,0,0,8209740,14074900,5865160,0,120,120,true,0
3964,0,0,8209740,14074900,5865160,0,88,88,true,0
3965,0,0,8209740,14074900,5865160,0,89,89,true,0
3966,0,0,8209740,14079450,5869710,0,0,91,false,0
3967,0,0,8209740,14083950,5874210,0,0,90,false,0
3968,0,0,8209740,14087750,5878010,0,0,76,false,0
3969,0,0,8209740,14092900,5883160,0,4,107,false,0
3970,0,0,8209740,14098050,5888310,0,8,111,false,0
3971,0,0,8209740,14101700,5891960,0,0,73,false,0
3972,0,0,8209740,14106850,5897110,0,1,104,false,0
3973,0,0,8209740,14112000,5902260,0,7,110,false,0
3974,0,0,8209740,14116450,5906710,0,0,89,false,0
3975,0,0,8209740,14121150,5911410,0,0,94,false,0
3976,0,0,8209740,14125700,5915960,0,0,91,false,0
3977,0,0,8209740,14129750,5920010,0,0,81,false,0
3978,0,0,8209740,14133950,5924210,0,0,84,false,0
3979,0,0,8209740,14139100,5929360,0,2,105,false,0
3980,0,0,8209740,14143900,5934160,0,0,96,false,0
3981,0,0,8209740,14147600,5937860,0,0,74,false,0
3982,0,0,8209740,14152000,5942260,0,0,88,false,0
3983,0,0,8209740,14157150,5947410,0,2,105,false,0
3984,0,0,8209740,14162300,5952560,0,5,108,false,0
3985,0,0,8209740,14167450,5957710,0,15,118,false,0
3986,0,0,8209740,14171900,5962160,0,0,89,false,0
3987,0,0,8209740,14171900,5962160,0,103,103,true,0
3988,0,0,8209740,14176600,5966860,0,0,94,false,0
3989,0,0,8209740,14181750,5972010,0,6,109,false,0
3990,0,0,8209740,14186850,5977110,0,0,102,false,0
3991,0,0,8209740,14191350,5981610,0,0,90,false,0
3992,0,0,8209740,14196300,5986560,0,0,99,false,0
3993,0,0,8209740,14201000,5991260,0,0,94,false,0
3994,0,0,8209740,14206150,5996410,0,5,108,false,0
3995,0,0,8209740,14210650,6000910,0,0,90,false,0
3996,0,0,8209740,14215800,6006060,0,2,105,false,0
3997,0,0,8209740,14220850,6011110,0,0,101,false,0
3998,0,0,8209740,14225250,6015510,0,0,88,false,0
3999,0,0,8209740,14225250,6015510,0,96,96,true,0
4000,0,0,8209740,14225250,6015510,0,96,96,true,0
4001,0,0,8209740,14225250,6015510,0,104,104,true,0
4002,0,0,8209740,14229550,6019810,0,0,86,false,0
4003,0,0,8209740,14234700,6024960,0,3,106,false,0
4004,0,0,8316360,14239250,5922890,0,0,91,false,0
4005,0,0,8316360,14244250,5927890,0,0,100,false,0
4006,0,0,8316360,14249050,5932690,0,0,96,false,0
4007,0,0,8316360,14253700,5937340,0,0,93,false,0
4008,0,0,8316360,14258000,5941640,0,0,86,false,0
4009,0,0,8316360,14263150,5946790,0,11,114,false,0
4010,0,0,8316360,14268300,5951940,0,2,105,false,0
4011,0,0,8316360,14273450,5957090,0,0,103,false,0
4012,0,0,8316360,14278000,5961640,0,0,91,false,0
4013,0,0,8316360,14282800,5966440,0,0,96,false,0
4014,0,0,8316360,14287250,5970890,0,0,89,false,0
4015,0,0,8316360,14292400,5976040,0,3,106,false,0
4016,0,0,8316360,14297550,5981190,0,1,104,false,0
4017,0,0,8316360,14302700,5986340,0,4,107,false,0
4018,0,0,8316360,14307700,5991340,0,0,100,false,0
4019,0,0,8316360,14312850,5996490,0,12,115,false,0
4020,0,0,8316360,14317650,6001290,0,0,96,false,0
4021,0,0,8316360,14322600,6006240,0,0,99,false,0
4022,0,0,8316360,14327250,6010890,0,0,93,false,0
4023,0,0,8316360,14332400,6016040,0,4,107,false,0
4024,0,0,8316360,14337550,6021190,0,0,103,false,0
4025,0,0,8316360,14337550,6021190,0,79,79,true,0
4026,0,0,8316360,14337550,6021190,0,81,81,true,0
4027,0,0,8316360,14337550,6021190,0,88,88,true,0
4028,0,0,8316360,14337550,6021190,0,110,110,true,0
4029,0,0,8316360,14337550,6021190,0,88,88,true,0
4030,0,0,8316360,14337550,6021190,0,100,100,true,0
4031,0,0,8316360,14337550,6021190,0,90,90,true,0
4032,0,0,8316360,14342700,6026340,0,8,111,false,0
4033,0,0,8316360,14347750,6031390,0,0,101,false,0
4034,0,0,8316360,14352900,6036540,0,0,103,false,0
4035,0,0,8316360,14358050,6041690,0,0,103,false,0
4036,0,0,8316360,14363100,6046740,0,0,101,false,0
4037,0,0,8316360,14368250,6051890,0,9,112,false,0
4038,0,0,8316360,14373200,6056840,0,0,99,false,0
4039,0,0,8316360,14378350,6061990,0,1,104,false,0
4040,0,0,8316360,14382750,6066390,0,0,88,false,0
4041,0,0,8316360,14387900,6071540,0,19,122,false,0
4042,0,0,8316360,14392500,6076140,0,0,92,false,0
4043,0,0,8316360,14397650,6081290,0,0,103,false,0
4044,0,0,8316360,14397650,6081290,0,87,87,true,0
4045,0,0,8316360,14397650,6081290,0,137,137,true,0
4046,0,0,8316360,14402300,6085940,0,0,93,false,0
4047,0,0,8316360,14407150,6090790,0,0,97,false,0
4048,0,0,8316360,14411700,6095340,0,0,91,false,0
4049,0,0,8316360,14416350,6099990,0,0,93,false,0
4050,0,0,8316360,14421500,6105140,0,1,104,false,0
4051,0,0,8316360,14426600,6110240,0,0,102,false,0
4052,0,0,8316360,14431500,6115140,0,0,98,false,0
4053,0,0,8316360,14436650,6120290,0,0,103,false,0
4054,0,0,8316360,14441500,6125140,0,0,97,false,0
4055,0,0,8316360,14446200,6129840,0,0,94,false,0
4056,0,0,8422980,14450800,6027820,0,0,92,false,0
4057,0,0,8422980,14455700,6032720,0,0,98,false,0
4058,0,0,8422980,14460850,6037870,0,1,104,false,0
4059,0,0,8422980,14465250,6042270,0,0,88,false,0
4060,0,0,8422980,14470250,6047270,0,0,100,false,0
4061,0,0,8422980,14470250,6047270,0,92,92,true,0
4062,0,0,8422980,14475400,6052420,0,1,104,false,0
4063,0,0,8422980,14479750,6056770,0,0,87,false,0
4064,0,0,8422980,14483700,6060720,0,0,79,false,0
4065,0,0,8422980,14483700,6060720,0,100,100,true,0
4066,0,0,8422980,14488850,6065870,0,3,106,false,0
4067,0,0,8422980,14493150,6070170,0,0,86,false,0
4068,0,0,8422980,14493150,6070170,0,114,114,true,0
4069,0,0,8422980,14493150,6070170,0,88,88,true,0
4070,0,0,8422980,14497850,6074870,0,0,94,false,0
4071,0,0,8422980,14503000,6080020,0,0,103,false,0
4072,0,0,8422980,14507150,6084170,0,0,83,false,0
4073,0,0,8422980,14512300,6089320,0,0,103,false,0
4074,0,0,8422980,14517200,6094220,0,0,98,false,0
4075,0,0,8422980,14522000,6099020,0,0,96,false,0
4076,0,0,8422980,14522000,6099020,0,91,91,true,0
4077,0,0,8422980,14522000,6099020,0,96,96,true,0
4078,0,0,8422980,14522000,6099020,0,100,100,true,0
4079,0,0,8422980,14522000,6099020,0,90,90,true,0
4080,0,0,8422980,14522000,6099020,0,91,91,true,0
4081,0,0,8422980,14527150,6104170,0,1,104,false,0
4082,0,0,8422980,14531150,6108170,0,0,80,false,0
4083,0,0,8422980,14535600,6112620,0,0,89,false,0
4084,0,0,8422980,14540750,6117770,0,4,107,false,0
4085,0,0,8422980,14545450,6122470,0,0,94,false,0
4086,0,0,8422980,14550550,6127570,0,0,102,false,0
4087,0,0,8422980,14555700,6132720,0,6,109,false,0
4088,0,0,8422980,14560850,6137870,0,8,111,false,0
4089,0,0,8422980,14565800,6142820,0,0,99,false,0
4090,0,0,8422980,14570950,6147970,0,2,105,false,0
4091,0,0,8422980,14576100,6153120,0,7,110,false,0
4092,0,0,8422980,14580500,6157520,0,0,88,false,0
4093,0,0,8422980,14585250,6162270,0,0,95,false,0
4094,0,0,8422980,14590400,6167420,0,7,110,false,0
4095,0,0,8422980,14595500,6172520,0,0,102,false,0
4096,0,0,8422980,14600450,6177470,0,0,99,false,0
4097,0,0,8422980,14600450,6177470,0,112,112,true,0
4098,0,0,8422980,14600450,6177470,0,91,91,true,0
4099,0,0,8422980,14604950,6181970,0,0,90,false,0
4100,0,0,8422980,14609750,6186770,0,0,96,false,0
4101,0,0,8422980,14609750,6186770,0,112,112,true,0
4102,0,0,8422980,14609750,6186770,0,114,114,true,0
4103,0,0,8422980,14609750,6186770,0,95,95,true,0
4104,0,0,8422980,14609750,6186770,0,102,102,true,0
4105,0,0,8422980,14614500,6191520,0,0,95,false,0
4106,0,0,8422980,14619650,6196670,0,24,127,false,0
4107,0,0,8422980,14624800,6201820,0,18,121,false,0
4108,0,0,8529600,14629900,6100300,0,0,102,false,0
4109,0,0,8529600,14629900,6100300,0,99,99,true,0
4110,0,0,8529600,14629900,6100300,0,110,110,true,0
4111,0,0,8529600,14629900,6100300,0,106,106,true,0
4112,0,0,8529600,14629900,6100300,0,104,104,true,0
4113,0,0,8529600,14629900,6100300,0,97,97,true,0
4114,0,0,8529600,14634650,6105050,0,0,95,false,0
4115,0,0,8529600,14639800,6110200,0,2,105,false,0
4116,0,0,8529600,14644600,6115000,0,0,96,false,0
4117,0,0,8529600,14649700,6120100,0,0,102,false,0
4118,0,0,8529600,14654850,6125250,0,2,105,false,0
4119,0,0,8529600,14659750,6130150,0,0,98,false,0
4120,0,0,8529600,14664900,6135300,0,5,108,false,0
4121,0,0,8529600,14670000,6140400,0,0,102,false,0
4122,0,0,8529600,14674050,6144450,0,0,81,false,0
4123,0,0,8529600,14678950,6149350,0,0,98,false,0
4124,0,0,8529600,14678950,6149350,0,110,110,true,0
4125,0,0,8529600,14683300,6153700,0,0,87,false,0
4126,0,0,8529600,14687550,6157950,0,0,85,false,0
4127,0,0,8529600,14692700,6163100,0,0,103,false,0
4128,0,0,8529600,14697850,6168250,0,4,107,false,0
4129,0,0,8529600,14702300,6172700,0,0,89,false,0
4130,0,0,8529600,14706950,6177350,0,0,93,false,0
4131,0,0,8529600,14712100,6182500,0,18,121,false,0
4132,0,0,8529600,14716850,6187250,0,0,95,false,0
4133,0,0,8529600,14716850,6187250,0,86,86,true,0
4134,0,0,8529600,14716850,6187250,0,94,94,true,0
4135,0,0,8529600,14716850,6187250,0,93,93,true,0
4136,0,0,8529600,14716850,6187250,0,89,89,true,0
4137,0,0,8529600,14716850,6187250,0,112,112,true,0
4138,0,0,8529600,14721400,6191800,0,0,91,false,0
4139,0,0,8529600,14726200,6196600,0,0,96,false,0
4140,0,0,8529600,14730700,6201100,0,0,90,false,0
4141,0,0,8529600,14735850,6206250,0,7,110,false,0
4142,0,0,8529600,14735850,6206250,0,100,100,true,0
4143,0,0,8529600,14735850,6206250,0,102,102,true,0
4144,0,0,8529600,14735850,6206250,0,99,99,true,0
4145,0,0,8529600,14740250,6210650,0,0,88,false,0
4146,0,0,8529600,14745400,6215800,0,2,105,false,0
4147,0,0,8529600,14750550,6220950,0,17,120,false,0
4148,0,0,8529600,14755150,6225550,0,0,92,false,0
4149,0,0,8529600,14759700,6230100,0,0,91,false,0
4150,0,0,8529600,14763900,6234300,0,0,84,false,0
4151,0,0,8529600,14768650,6239050,0,0,95,false,0
4152,0,0,8529600,14773400,6243800,0,0,95,false,0
4153,0,0,8529600,14777850,6248250,0,0,89,false,0
4154,0,0,8529600,14777850,6248250,0,83,83,true,0
4155,0,0,8529600,14777850,6248250,0,108,108,true,0
4156,0,0,8529600,14783000,6253400,0,0,103,false,0
4157,0,0,8529600,14788150,6258550,0,5,108,false,0
4158,0,0,8529600,14792800,6263200,0,0,93,false,0
4159,0,0,8529600,14797900,6268300,0,0,102,false,0
4160,0,0,8636220,14802650,6166430,0,0,95,false,0
4161,0,0,8636220,14807800,6171580,0,9,112,false,0
4162,0,0,8636220,14812600,6176380,0,0,96,false,0
4163,0,0,8636220,14816900,6180680,0,0,86,false,0
4164,0,0,8636220,14822050,6185830,0,0,103,false,0
4165,0,0,8636220,14822050,6185830,0,105,105,true,0
4166,0,0,8636220,14827200,6190980,0,15,118,false,0
4167,0,0,8636220,14831600,6195380,0,0,88,false,0
4168,0,0,8636220,14836750,6200530,0,4,107,false,0
4169,0,0,8636220,14841500,6205280,0,0,95,false,0
4170,0,0,8636220,14846400,6210180,0,0,98,false,0
4171,0,0,8636220,14851550,6215330,0,0,103,false,0
4172,0,0,8636220,14851550,6215330,0,124,124,true,0
4173,0,0,8636220,14851550,6215330,0,95,95,true,0
4174,0,0,8636220,14851550,6215330,0,114,114,true,0
4175,0,0,8636220,14851550,6215330,0,91,91,true,0
4176,0,0,8636220,14851550,6215330,0,84,84,true,0
4177,0,0,8636220,14856700,6220480,0,8,111,false,0
4178,0,0,8636220,14861200,6224980,0,0,90,false,0
4179,0,0,8636220,14866050,6229830,0,0,97,false,0
4180,0,0,8636220,14870950,6234730,0,0,98,false,0
4181,0,0,8636220,14875550,6239330,0,0,92,false,0
4182,0,0,8636220,14880600,6244380,0,0,101,false,0
4183,0,0,8636220,14885750,6249530,0,1,104,false,0
4184,0,0,8636220,14890450,6254230,0,0,94,false,0
4185,0,0,8636220,14895600,6259380,0,2,105,false,0
4186,0,0,8636220,14900750,6264530,0,0,103,false,0
4187,0,0,8636220,14905850,6269630,0,0,102,false,0
4188,0,0,8636220,14910350,6274130,0,0,90,false,0
4189,0,0,8636220,14915500,6279280,0,1,104,false,0
4190,0,0,8636220,14920650,6284430,0,2,105,false,0
4191,0,0,8636220,14920650,6284430,0,78,78,true,0
4192,0,0,8636220,14925350,6289130,0,0,94,false,0
4193,0,0,8636220,14929950,6293730,0,0,92,false,0
4194,0,0,8636220,14934250,6298030,0,0,86,false,0
4195,0,0,8636220,14938850,6302630,0,0,92,false,0
4196,0,0,8636220,14944000,6307780,0,8,111,false,0
4197,0,0,8636220,14948400,6312180,0,0,88,false,0
4198,0,0,8636220,14953150,6316930,0,0,95,false,0
4199,0,0,8636220,14953150,6316930,0,88,88,true,0
4200,0,0,8636220,14958300,6322080,0,14,117,false,0
4201,0,0,8636220,14963450,6327230,0,24,127,false,0
4202,0,0,8636220,14968600,6332380,0,9,112,false,0
4203,0,0,8636220,14973700,6337480,0,0,102,false,0
4204,0,0,8636220,14978850,6342630,0,9,112,false,0
4205,0,0,8636220,14983800,6347580,0,0,99,false,0
4206,0,0,8636220,14987750,6351530,0,0,79,false,0
4207,0,0,8636220,14991800,6355580,0,0,81,false,0
4208,0,0,8636220,14996200,6359980,0,0,88,false,0
4209,0,0,8636220,14996200,6359980,0,113,113,true,0
4210,0,0,8636220,14996200,6359980,0,96,96,true,0
4211,0,0,8636220,15000600,6364380,0,0,88,false,0
4212,0,0,8742840,15005450,6262610,0,0,97,false,0
4213,0,0,8742840,15005450,6262610,0,98,98,true,0
4214,0,0,8742840,15010050,6267210,0,0,92,false,0
4215,0,0,8742840,15014550,6271710,0,0,90,false,0
4216,0,0,8742840,15019700,6276860,0,3,106,false,0
4217,0,0,8742840,15024000,6281160,0,0,86,false,0
4218,0,0,8742840,15027800,6284960,0,0,76,false,0
4219,0,0,8742840,15032950,6290110,0,9,112,false,0
4220,0,0,8742840,15037750,6294910,0,0,96,false,0
4221,0,0,8742840,15042900,6300060,0,8,111,false,0
4222,0,0,8742840,15047350,6304510,0,0,89,false,0
4223,0,0,8742840,15051750,6308910,0,0,88,false,0
4224,0,0,8742840,15056900,6314060,0,13,116,false,0
4225,0,0,8742840,15056900,6314060,0,99,99,true,0
4226,0,0,8742840,15056900,6314060,0,98,98,true,0
4227,0,0,8742840,15056900,6314060,0,119,119,true,0
4228,0,0,8742840,15056900,6314060,0,122,122,true,0
4229,0,0,8742840,15056900,6314060,0,81,81,true,0
4230,0,0,8742840,15062050,6319210,0,8,111,false,0
4231,0,0,8742840,15067200,6324360,0,1,104,false,0
4232,0,0,8742840,15072000,6329160,0,0,96,false,0
4233,0,0,8742840,15077150,6334310,0,0,103,false,0
4234,0,0,8742840,15082300,6339460,0,1,104,false,0
4235,0,0,8742840,15087450,6344610,0,6,109,false,0
4236,0,0,8742840,15091650,6348810,0,0,84,false,0
4237,0,0,8742840,15096800,6353960,0,2,105,false,0
4238,0,0,8742840,15101600,6358760,0,0,96,false,0
4239,0,0,8742840,15106750,6363910,0,2,105,false,0
4240,0,0,8742840,15106750,6363910,0,89,89,true,0
4241,0,0,8742840,15106750,6363910,0,112,112,true,0
4242,0,0,8742840,15106750,6363910,0,98,98,true,0
4243,0,0,8742840,15106750,6363910,0,102,102,true,0
4244,0,0,8742840,15111900,6369060,0,9,112,false,0
4245,0,0,8742840,15116600,6373760,0,0,94,false,0
4246,0,0,8742840,15121750,6378910,0,10,113,false,0
4247,0,0,8742840,15126900,6384060,0,7,110,false,0
4248,0,0,8742840,15132050,6389210,0,8,111,false,0
4249,0,0,8742840,15136750,6393910,0,0,94,false,0
4250,0,0,8742840,15136750,6393910,0,105,105,true,0
4251,0,0,8742840,15141850,6399010,0,0,102,false,0
4252,0,0,8742840,15146600,6403760,0,0,95,false,0
4253,0,0,8742840,15146600,6403760,0,108,108,true,0
4254,0,0,8742840,15151350,6408510,0,0,95,false,0
4255,0,0,8742840,15156100,6413260,0,0,95,false,0
4256,0,0,8742840,15161200,6418360,0,0,102,false,0
4257,0,0,8742840,15166350,6423510,0,17,120,false,0
4258,0,0,8742840,15166350,6423510,0,101,101,true,0
4259,0,0,8742840,15171100,6428260,0,0,95,false,0
4260,0,0,8742840,15175600,6432760,0,0,90,false,0
4261,0,0,8742840,15180750,6437910,0,7,110,false,0
4262,0,0,8742840,15185250,6442410,0,0,90,false,0
4263,0,0,8742840,15185250,6442410,0,101,101,true,0
4264,0,0,8849460,15185250,6335790,0,94,94,true,0
4265,0,0,8849460,15185250,6335790,0,96,96,true,0
4266,0,0,8849460,15190400,6340940,0,20,123,false,0
4267,0,0,8849460,15195550,6346090,0,4,107,false,0
4268,0,0,8849460,15200600,6351140,0,0,101,false,0
4269,0,0,8849460,15200600,6351140,0,113,113,true,0
4270,0,0,8849460,15205750,6356290,0,8,111,false,0
4271,0,0,8849460,15210100,6360640,0,0,87,false,0
4272,0,0,8849460,15214550,6365090,0,0,89,false,0
4273,0,0,8849460,15219700,6370240,0,3,106,false,0
4274,0,0,8849460,15224850,6375390,0,12,115,false,0
4275,0,0,8849460,15224850,6375390,0,85,85,true,0
4276,0,0,8849460,15224850,6375390,0,100,100,true,0
4277,0,0,8849460,15230000,6380540,0,10,113,false,0
4278,0,0,8849460,15235150,6385690,0,0,103,false,0
4279,0,0,8849460,15240300,6390840,0,3,106,false,0
4280,0,0,8849460,15245400,6395940,0,0,102,false,0
4281,0,0,8849460,15250100,6400640,0,0,94,false,0
4282,0,0,8849460,15254600,6405140,0,0,90,false,0
4283,0,0,8849460,15254600,6405140,0,90,90,true,0
4284,0,0,8849460,15254600,6405140,0,97,97,true,0
4285,0,0,8849460,15254600,6405140,0,100,100,true,0
4286,0,0,8849460,15254600,6405140,0,107,107,true,0
4287,0,0,8849460,15254600,6405140,0,97,97,true,0
4288,0,0,8849460,15254600,6405140,0,102,102,true,0
4289,0,0,8849460,15254600,6405140,0,84,84,true,0
4290,0,0,8849460,15254600,6405140,0,104,104,true,0
4291,0,0,8849460,15254600,6405140,0,104,104,true,0
4292,0,0,8849460,15259400,6409940,0,0,96,false,0
4293,0,0,8849460,15264300,6414840,0,0,98,false,0
4294,0,0,8849460,15268950,6419490,0,0,93,false,0
4295,0,0,8849460,15268950,6419490,0,114,114,true,0
4296,0,0,8849460,15268950,6419490,0,90,90,true,0
4297,0,0,8849460,15268950,6419490,0,105,105,true,0
4298,0,0,8849460,15268950,6419490,0,101,101,true,0
4299,0,0,8849460,15273250,6423790,0,0,86,false,0
4300,0,0,8849460,15277950,6428490,0,0,94,false,0
4301,0,0,8849460,15282900,6433440,0,0,99,false,0
4302,0,0,8849460,15288050,6438590,0,10,113,false,0
4303,0,0,8849460,15293100,6443640,0,0,101,false,0
4304,0,0,8849460,15297700,6448240,0,0,92,false,0
4305,0,0,8849460,15302650,6453190,0,0,99,false,0
4306,0,0,8849460,15307800,6458340,0,8,111,false,0
4307,0,0,8849460,15312850,6463390,0,0,101,false,0
4308,0,0,8849460,15317500,6468040,0,0,93,false,0
4309,0,0,8849460,15317500,6468040,0,116,116,true,0
4310,0,0,8849460,15317500,6468040,0,83,83,true,0
4311,0,0,8849460,15317500,6468040,0,102,102,true,0
4312,0,0,8849460,15322650,6473190,0,4,107,false,0
4313,0,0,8849460,15327800,6478340,0,11,114,false,0
4314,0,0,8849460,15332250,6482790,0,0,89,false,0
4315,0,0,8849460,15336750,6487290,0,0,90,false,0
4316,0,0,8956080,15341300,6385220,0,0,91,false,0
4317,0,0,8956080,15341300,6385220,0,114,114,true,0
4318,0,0,8956080,15341300,6385220,0,90,90,true,0
4319,0,0,8956080,15345750,6389670,0,0,89,false,0
4320,0,0,8956080,15350900,6394820,0,5,108,false,0
4321,0,0,8956080,15350900,6394820,0,88,88,true,0
4322,0,0,8956080,15356050,6399970,0,11,114,false,0
4323,0,0,8956080,15360700,6404620,0,0,93,false,0
4324,0,0,8956080,15360700,6404620,0,87,87,true,0
4325,0,0,8956080,15360700,6404620,0,119,119,true,0
4326,0,0,8956080,15360700,6404620,0,94,94,true,0
4327,0,0,8956080,15365850,6409770,0,20,123,false,0
4328,0,0,8956080,15371000,6414920,0,0,103,false,0
4329,0,0,8956080,15376150,6420070,0,3,106,false,0
4330,0,0,8956080,15381200,6425120,0,0,101,false,0
4331,0,0,8956080,15381200,6425120,0,105,105,true,0
4332,0,0,8956080,15381200,6425120,0,86,86,true,0
4333,0,0,8956080,15381200,6425120,0,99,99,true,0
4334,0,0,8956080,15381200,6425120,0,106,106,true,0
4335,0,0,8956080,15386100,6430020,0,0,98,false,0
4336,0,0,8956080,15391250,6435170,0,5,108,false,0
4337,0,0,8956080,15395900,6439820,0,0,93,false,0
4338,0,0,8956080,15400450,6444370,0,0,91,false,0
4339,0,0,8956080,15405500,6449420,0,0,101,false,0
4340,0,0,8956080,15410650,6454570,0,6,109,false,0
4341,0,0,8956080,15415800,6459720,0,16,119,false,0
4342,0,0,8956080,15420950,6464870,0,2,105,false,0
4343,0,0,8956080,15425950,6469870,0,0,100,false,0
4344,0,0,8956080,15431050,6474970,0,0,102,false,0
4345,0,0,8956080,15435650,6479570,0,0,92,false,0
4346,0,0,8956080,15435650,6479570,0,117,117,true,0
4347,0,0,8956080,15440600,6484520,0,0,99,false,0
4348,0,0,8956080,15445650,6489570,0,0,101,false,0
4349,0,0,8956080,15450800,6494720,0,2,105,false,0
4350,0,0,8956080,15455550,6499470,0,0,95,false,0
4351,0,0,8956080,15460350,6504270,0,0,96,false,0
4352,0,0,8956080,15465500,6509420,0,10,113,false,0
4353,0,0,8956080,15470050,6513970,0,0,91,false,0
4354,0,0,8956080,15470050,6513970,0,67,67,true,0
4355,0,0,8956080,15470050,6513970,0,106,106,true,0
4356,0,0,8956080,15475200,6519120,0,4,107,false,0
4357,0,0,8956080,15480350,6524270,0,9,112,false,0
4358,0,0,8956080,15485500,6529420,0,1,104,false,0
4359,0,0,8956080,15489550,6533470,0,0,81,false,0
4360,0,0,8956080,15489550,6533470,0,109,109,true,0
4361,0,0,8956080,15489550,6533470,0,103,103,true,0
4362,0,0,8956080,15489550,6533470,0,116,116,true,0
4363,0,0,8956080,15489550,6533470,0,111,111,true,0
4364,0,0,8956080,15489550,6533470,0,107,107,true,0
4365,0,0,8956080,15489550,6533470,0,115,115,true,0
4366,0,0,8956080,15489550,6533470,0,104,104,true,0
4367,0,0,8956080,15489550,6533470,0,87,87,true,0
4368,0,0,9062700,15489550,6426850,0,110,110,true,0
4369,0,0,9062700,15489550,6426850,0,119,119,true,0
4370,0,0,9062700,15489550,6426850,0,95,95,true,0
4371,0,0,9062700,15494350,6431650,0,0,96,false,0
4372,0,0,9062700,15499300,6436600,0,0,99,false,0
4373,0,0,9062700,15504250,6441550,0,0,99,false,0
4374,0,0,9062700,15508700,6446000,0,0,89,false,0
4375,0,0,9062700,15513650,6450950,0,0,99,false,0
4376,0,0,9062700,15518700,6456000,0,0,101,false,0
4377,0,0,9062700,15523300,6460600,0,0,92,false,0
4378,0,0,9062700,15523300,6460600,0,111,111,true,0
4379,0,0,9062700,15528100,6465400,0,0,96,false,0
4380,0,0,9062700,15532850,6470150,0,0,95,false,0
4381,0,0,9062700,15538000,6475300,0,2,105,false,0
4382,0,0,9062700,15542900,6480200,0,0,98,false,0
4383,0,0,9062700,15547750,6485050,0,0,97,false,0
4384,0,0,9062700,15547750,6485050,0,111,111,true,0
4385,0,0,9062700,15547750,6485050,0,98,98,true,0
4386,0,0,9062700,15547750,6485050,0,107,107,true,0
4387,0,0,9062700,15547750,6485050,0,104,104,true,0
4388,0,0,9062700,15547750,6485050,0,102,102,true,0
4389,0,0,9062700,15547750,6485050,0,118,118,true,0
4390,0,0,9062700,15552400,6489700,0,0,93,false,0
4391,0,0,9062700,15557250,6494550,0,0,97,false,0
4392,0,0,9062700,15557250,6494550,0,101,101,true,0
4393,0,0,9062700,15561900,6499200,0,0,93,false,0
4394,0,0,9062700,15567050,6504350,0,8,111,false,0
4395,0,0,9062700,15571400,6508700,0,0,87,false,0
4396,0,0,9062700,15576550,6513850,0,1,104,false,0
4397,0,0,9062700,15581100,6518400,0,0,91,false,0
4398,0,0,9062700,15586250,6523550,0,9,112,false,0
4399,0,0,9062700,15591400,6528700,0,6,109,false,0
4400,0,0,9062700,15591400,6528700,0,93,93,true,0
4401,0,0,9062700,15596150,6533450,0,0,95,false,0
4402,0,0,9062700,15600650,6537950,0,0,90,false,0
4403,0,0,9062700,15605650,6542950,0,0,100,false,0
4404,0,0,9062700,15610800,6548100,0,4,107,false,0
4405,0,0,9062700,15615950,6553250,0,6,109,false,0
4406,0,0,9062700,15620600,6557900,0,0,93,false,0
4407,0,0,9062700,15625100,6562400,0,0,90,false,0
4408,0,0,9062700,15630250,6567550,0,19,122,false,0
4409,0,0,9062700,15634100,6571400,0,0,77,false,0
4410,0,0,9062700,15638850,6576150,0,0,95,false,0
4411,0,0,9062700,15643850,6581150,0,0,100,false,0
4412,0,0,9062700,15643850,6581150,0,95,95,true,0
4413,0,0,9062700,15643850,6581150,0,102,102,true,0
4414,0,0,9062700,15648850,6586150,0,0,100,false,0
4415,0,0,9062700,15653350,6590650,0,0,90,false,0
4416,0,0,9062700,15657950,6595250,0,0,92,false,0
4417,0,0,9062700,15663100,6600400,0,11,114,false,0
4418,0,0,9062700,15663100,6600400,0,117,117,true,0
4419,0,0,9062700,15668250,6605550,0,13,116,false,0
4420,0,0,9169320,15673000,6503680,0,0,95,false,0
4421,0,0,9169320,15677250,6507930,0,0,85,false,0
4422,0,0,9169320,15682400,6513080,0,0,103,false,0
4423,0,0,9169320,15687550,6518230,0,17,120,false,0
4424,0,0,9169320,15687550,6518230,0,90,90,true,0
4425,0,0,9169320,15692350,6523030,0,0,96,false,0
4426,0,0,9169320,15697500,6528180,0,5,108,false,0
4427,0,0,9169320,15702650,6533330,0,3,106,false,0
4428,0,0,9169320,15707800,6538480,0,4,107,false,0
4429,0,0,9169320,15712950,6543630,0,12,115,false,0
4430,0,0,9169320,15712950,6543630,0,101,101,true,0
4431,0,0,9169320,15717500,6548180,0,0,91,false,0
4432,0,0,9169320,15722350,6553030,0,0,97,false,0
4433,0,0,9169320,15727100,6557780,0,0,95,false,0
4434,0,0,9169320,15727100,6557780,0,96,96,true,0
4435,0,0,9169320,15732200,6562880,0,0,102,false,0
4436,0,0,9169320,15736700,6567380,0,0,90,false,0
4437,0,0,9169320,15741350,6572030,0,0,93,false,0
4438,0,0,9169320,15746050,6576730,0,0,94,false,0
4439,0,0,9169320,15751100,6581780,0,0,101,false,0
4440,0,0,9169320,15755900,6586580,0,0,96,false,0
4441,0,0,9169320,15760950,6591630,0,0,101,false,0
4442,0,0,9169320,15765850,6596530,0,0,98,false,0
4443,0,0,9169320,15770600,6601280,0,0,95,false,0
4444,0,0,9169320,15775450,6606130,0,0,97,false,0
4445,0,0,9169320,15780600,6611280,0,0,103,false,0
4446,0,0,9169320,15785600,6616280,0,0,100,false,0
4447,0,0,9169320,15790450,6621130,0,0,97,false,0
4448,0,0,9169320,15795600,6626280,0,6,109,false,0
4449,0,0,9169320,15800500,6631180,0,0,98,false,0
4450,0,0,9169320,15804200,6634880,0,0,74,false,0
4451,0,0,9169320,15809350,6640030,0,5,108,false,0
4452,0,0,9169320,15813550,6644230,0,0,84,false,0
4453,0,0,9169320,15818300,6648980,0,0,95,false,0
4454,0,0,9169320,15823350,6654030,0,0,101,false,0
4455,0,0,9169320,15828500,6659180,0,13,116,false,0
4456,0,0,9169320,15833400,6664080,0,0,98,false,0
4457,0,0,9169320,15838400,6669080,0,0,100,false,0
4458,0,0,9169320,15843250,6673930,0,0,97,false,0
4459,0,0,9169320,15848400,6679080,0,0,103,false,0
4460,0,0,9169320,15848400,6679080,0,95,95,true,0
4461,0,0,9169320,15852450,6683130,0,0,81,false,0
4462,0,0,9169320,15857600,6688280,0,0,103,false,0
4463,0,0,9169320,15862750,6693430,0,6,109,false,0
4464,0,0,9169320,15867550,6698230,0,0,96,false,0
4465,0,0,9169320,15867550,6698230,0,104,104,true,0
4466,0,0,9169320,15867550,6698230,0,110,110,true,0
4467,0,0,9169320,15867550,6698230,0,98,98,true,0
4468,0,0,9169320,15872700,6703380,0,4,107,false,0
4469,0,0,9169320,15877800,6708480,0,0,102,false,0
4470,0,0,9169320,15882950,6713630,0,0,103,false,0
4471,0,0,9169320,15888050,6718730,0,0,102,false,0
4472,0,0,9275940,15893000,6617060,0,0,99,false,0
4473,0,0,9275940,15893000,6617060,0,112,112,true,0
4474,0,0,9275940,15893000,6617060,0,83,83,true,0
4475,0,0,9275940,15893000,6617060,0,114,114,true,0
4476,0,0,9275940,15893000,6617060,0,96,96,true,0
4477,0,0,9275940,15896950,6621010,0,0,79,false,0
4478,0,0,9275940,15902100,6626160,0,11,114,false,0
4479,0,0,9275940,15906650,6630710,0,0,91,false,0
4480,0,0,9275940,15910550,6634610,0,0,78,false,0
4481,0,0,9275940,15915700,6639760,0,2,105,false,0
4482,0,0,9275940,15915700,6639760,0,99,99,true,0
4483,0,0,9275940,15915700,6639760,0,100,100,true,0
4484,0,0,9275940,15915700,6639760,0,95,95,true,0
4485,0,0,9275940,15915700,6639760,0,90,90,true,0
4486,0,0,9275940,15915700,6639760,0,109,109,true,0
4487,0,0,9275940,15920600,6644660,0,0,98,false,0
4488,0,0,9275940,15925500,6649560,0,0,98,false,0
4489,0,0,9275940,15930600,6654660,0,0,102,false,0
4490,0,0,9275940,15934700,6658760,0,0,82,false,0
4491,0,0,9275940,15939650,6663710,0,0,99,false,0
4492,0,0,9275940,15939650,6663710,0,105,105,true,0
4493,0,0,9275940,15939650,6663710,0,100,100,true,0
4494,0,0,9275940,15944800,6668860,0,1,104,false,0
4495,0,0,9275940,15949150,6673210,0,0,87,false,0
4496,0,0,9275940,15953800,6677860,0,0,93,false,0
4497,0,0,9275940,15958950,6683010,0,1,104,false,0
4498,0,0,9275940,15962900,6686960,0,0,79,false,0
4499,0,0,9275940,15968050,6692110,0,1,104,false,0
4500,0,0,9275940,15973200,6697260,0,5,108,false,0
4501,0,0,9275940,15977300,6701360,0,0,82,false,0
4502,0,0,9275940,15977300,6701360,0,107,107,true,0
4503,0,0,9275940,15982450,6706510,0,19,122,false,0
4504,0,0,9275940,15987500,6711560,0,0,101,false,0
4505,0,0,9275940,15992150,6716210,0,0,93,false,0
4506,0,0,9275940,15997100,6721160,0,0,99,false,0
4507,0,0,9275940,16002250,6726310,0,5,108,false,0
4508,0,0,9275940,16006550,6730610,0,0,86,false,0
4509,0,0,9275940,16011700,6735760,0,14,117,false,0
4510,0,0,9275940,16011700,6735760,0,116,116,true,0
4511,0,0,9275940,16011700,6735760,0,106,106,true,0
4512,0,0,9275940,16011700,6735760,0,96,96,true,0
4513,0,0,9275940,16011700,6735760,0,110,110,true,0
4514,0,0,9275940,16011700,6735760,0,97,97,true,0
4515,0,0,9275940,16011700,6735760,0,95,95,true,0
4516,0,0,9275940,16011700,6735760,0,104,104,true,0
4517,0,0,9275940,16011700,6735760,0,106,106,true,0
4518,0,0,9275940,16011700,6735760,0,104,104,true,0
4519,0,0,9275940,16015800,6739860,0,0,82,false,0
4520,0,0,9275940,16020950,6745010,0,10,113,false,0
4521,0,0,9275940,16025750,6749810,0,0,96,false,0
4522,0,0,9275940,16025750,6749810,0,102,102,true,0
4523,0,0,9275940,16030900,6754960,0,5,108,false,0
4524,0,0,9382560,16035800,6653240,0,0,98,false,0
4525,0,0,9382560,16040400,6657840,0,0,92,false,0
4526,0,0,9382560,16045350,6662790,0,0,99,false,0
4527,0,0,9382560,16050500,6667940,0,8,111,false,0
4528,0,0,9382560,16054950,6672390,0,0,89,false,0
4529,0,0,9382560,16054950,6672390,0,110,110,true,0
4530,0,0,9382560,16054950,6672390,0,96,96,true,0
4531,0,0,9382560,16054950,6672390,0,106,106,true,0
4532,0,0,9382560,16059400,6676840,0,0,89,false,0
4533,0,0,9382560,16063950,6681390,0,0,91,false,0
4534,0,0,9382560,16063950,6681390,0,115,115,true,0
4535,0,0,9382560,16069100,6686540,0,17,120,false,0
4536,0,0,9382560,16074050,6691490,0,0,99,false,0
4537,0,0,9382560,16078800,6696240,0,0,95,false,0
4538,0,0,9382560,16083750,6701190,0,0,99,false,0
4539,0,0,9382560,16088700,6706140,0,0,99,false,0
4540,0,0,9382560,16093400,6710840,0,0,94,false,0
4541,0,0,9382560,16098550,6715990,0,1,104,false,0
4542,0,0,9382560,16103500,6720940,0,0,99,false,0
4543,0,0,9382560,16103500,6720940,0,86,86,true,0
4544,0,0,9382560,16103500,6720940,0,98,98,true,0
4545,0,0,9382560,16108600,6726040,0,0,102,false,0
4546,0,0,9382560,16112650,6730090,0,0,81,false,0
4547,0,0,9382560,16117600,6735040,0,0,99,false,0
4548,0,0,9382560,16122500,6739940,0,0,98,false,0
4549,0,0,9382560,16127300,6744740,0,0,96,false,0
4550,0,0,9382560,16132450,6749890,0,10,113,false,0
4551,0,0,9382560,16137050,6754490,0,0,92,false,0
4552,0,0,9382560,16142200,6759640,0,5,108,false,0
4553,0,0,9382560,16147150,6764590,0,0,99,false,0
4554,0,0,9382560,16151350,6768790,0,0,84,false,0
4555,0,0,9382560,16156300,6773740,0,0,99,false,0
4556,0,0,9382560,16161300,6778740,0,0,100,false,0
4557,0,0,9382560,16166450,6783890,0,3,106,false,0
4558,0,0,9382560,16171450,6788890,0,0,100,false,0
4559,0,0,9382560,16176050,6793490,0,0,92,false,0
4560,0,0,9382560,16180350,6797790,0,0,86,false,0
4561,0,0,9382560,16184900,6802340,0,0,91,false,0
4562,0,0,9382560,16190050,6807490,0,8,111,false,0
4563,0,0,9382560,16190050,6807490,0,98,98,true,0
4564,0,0,9382560,16190050,6807490,0,89,89,true,0
4565,0,0,9382560,16190050,6807490,0,99,99,true,0
4566,0,0,9382560,16190050,6807490,0,95,95,true,0
4567,0,0,9382560,16190050,6807490,0,115,115,true,0
4568,0,0,9382560,16190050,6807490,0,104,104,true,0
4569,0,0,9382560,16190050,6807490,0,99,99,true,0
4570,0,0,9382560,16194950,6812390,0,0,98,false,0
4571,0,0,9382560,16199300,6816740,0,0,87,false,0
4572,0,0,9382560,16203750,6821190,0,0,89,false,0
4573,0,0,9382560,16208450,6825890,0,0,94,false,0
4574,0,0,9382560,16212800,6830240,0,0,87,false,0
4575,0,0,9382560,16216550,6833990,0,0,75,false,0
4576,0,0,9489180,16221700,6732520,0,6,109,false,0
4577,0,0,9489180,16226550,6737370,0,0,97,false,0
4578,0,0,9489180,16231550,6742370,0,0,100,false,0
4579,0,0,9489180,16231550,6742370,0,111,111,true,0
4580,0,0,9489180,16231550,6742370,0,104,104,true,0
4581,0,0,9489180,16231550,6742370,0,94,94,true,0
4582,0,0,9489180,16236350,6747170,0,0,96,false,0
4583,0,0,9489180,16241250,6752070,0,0,98,false,0
4584,0,0,9489180,16241250,6752070,0,93,93,true,0
4585,0,0,9489180,16241250,6752070,0,81,81,true,0
4586,0,0,9489180,16246400,6757220,0,9,112,false,0
4587,0,0,9489180,16250400,6761220,0,0,80,false,0
4588,0,0,9489180,16254600,6765420,0,0,84,false,0
4589,0,0,9489180,16258750,6769570,0,0,83,false,0
4590,0,0,9489180,16263350,6774170,0,0,92,false,0
4591,0,0,9489180,16268500,6779320,0,4,107,false,0
4592,0,0,9489180,16273650,6784470,0,1,104,false,0
4593,0,0,9489180,16278800,6789620,0,6,109,false,0
4594,0,0,9489180,16278800,6789620,0,84,84,true,0
4595,0,0,9489180,16283300,6794120,0,0,90,false,0
4596,0,0,9489180,16287950,6798770,0,0,93,false,0
4597,0,0,9489180,16293100,6803920,0,0,103,false,0
4598,0,0,9489180,16293100,6803920,0,96,96,true,0
4599,0,0,9489180,16293100,6803920,0,95,95,true,0
4600,0,0,9489180,16298250,6809070,0,15,118,false,0
4601,0,0,9489180,16302950,6813770,0,0,94,false,0
4602,0,0,9489180,16308100,6818920,0,0,103,false,0
4603,0,0,9489180,16312850,6823670,0,0,95,false,0
4604,0,0,9489180,16317700,6828520,0,0,97,false,0
4605,0,0,9489180,16322100,6832920,0,0,88,false,0
4606,0,0,9489180,16327250,6838070,0,0,103,false,0
4607,0,0,9489180,16332400,6843220,0,1,104,false,0
4608,0,0,9489180,16337350,6848170,0,0,99,false,0
4609,0,0,9489180,16342500,6853320,0,5,108,false,0
4610,0,0,9489180,16347100,6857920,0,0,92,false,0
4611,0,0,9489180,16347100,6857920,0,80,80,true,0
4612,0,0,9489180,16351550,6862370,0,0,89,false,0
4613,0,0,9489180,16356150,6866970,0,0,92,false,0
4614,0,0,9489180,16361300,6872120,0,10,113,false,0
4615,0,0,9489180,16365450,6876270,0,0,83,false,0
4616,0,0,9489180,16365450,6876270,0,72,72,true,0
4617,0,0,9489180,16365450,6876270,0,109,109,true,0
4618,0,0,9489180,16365450,6876270,0,98,98,true,0
4619,0,0,9489180,16370600,6881420,0,4,107,false,0
4620,0,0,9489180,16375600,6886420,0,0,100,false,0
4621,0,0,9489180,16380150,6890970,0,0,91,false,0
4622,0,0,9489180,16385300,6896120,0,7,110,false,0
4623,0,0,9489180,16390450,6901270,0,10,113,false,0
4624,0,0,9489180,16394850,6905670,0,0,88,false,0
4625,0,0,9489180,16399350,6910170,0,0,90,false,0
4626,0,0,9489180,16403800,6914620,0,0,89,false,0
4627,0,0,9489180,16408300,6919120,0,0,90,false,0
4628,0,0,9595800,16413300,6817500,0,0,100,false,0
4629,0,0,9595800,16418300,6822500,0,0,100,false,0
4630,0,0,9595800,16423450,6827650,0,1,104,false,0
4631,0,0,9595800,16428250,6832450,0,0,96,false,0
4632,0,0,9595800,16433300,6837500,0,0,101,false,0
4633,0,0,9595800,16438300,6842500,0,0,100,false,0
4634,0,0,9595800,16438300,6842500,0,98,98,true,0
4635,0,0,9595800,16443000,6847200,0,0,94,false,0
4636,0,0,9595800,16447850,6852050,0,0,97,false,0
4637,0,0,9595800,16447850,6852050,0,117,117,true,0
4638,0,0,9595800,16447850,6852050,0,101,101,true,0
4639,0,0,9595800,16453000,6857200,0,7,110,false,0
4640,0,0,9595800,16457900,6862100,0,0,98,false,0
4641,0,0,9595800,16462900,6867100,0,0,100,false,0
4642,0,0,9595800,16468050,6872250,0,10,113,false,0
4643,0,0,9595800,16473200,6877400,0,2,105,false,0
4644,0,0,9595800,16477400,6881600,0,0,84,false,0
4645,0,0,9595800,16477400,6881600,0,89,89,true,0
4646,0,0,9595800,16482200,6886400,0,0,96,false,0
4647,0,0,9595800,16486950,6891150,0,0,95,false,0
4648,0,0,9595800,16486950,6891150,0,92,92,true,0
4649,0,0,9595800,16486950,6891150,0,94,94,true,0
4650,0,0,9595800,16492100,6896300,0,24,127,false,0
4651,0,0,9595800,16497250,6901450,0,6,109,false,0
4652,0,0,9595800,16502400,6906600,0,2,105,false,0
4653,0,0,9595800,16506500,6910700,0,0,82,false,0
4654,0,0,9595800,16511650,6915850,0,1,104,false,0
4655,0,0,9595800,16511650,6915850,0,91,91,true,0
4656,0,0,9595800,16511650,6915850,0,87,87,true,0
4657,0,0,9595800,16511650,6915850,0,97,97,true,0
4658,0,0,9595800,16516800,6921000,0,13,116,false,0
4659,0,0,9595800,16521700,6925900,0,0,98,false,0
4660,0,0,9595800,16526850,6931050,0,7,110,false,0
4661,0,0,9595800,16532000,6936200,0,5,108,false,0
4662,0,0,9595800,16536200,6940400,0,0,84,false,0
4663,0,0,9595800,16541350,6945550,0,1,104,false,0
4664,0,0,9595800,16545450,6949650,0,0,82,false,0
4665,0,0,9595800,16545450,6949650,0,97,97,true,0
4666,0,0,9595800,16545450,6949650,0,85,85,true,0
4667,0,0,9595800,16545450,6949650,0,88,88,true,0
4668,0,0,9595800,16550600,6954800,0,1,104,false,0
4669,0,0,9595800,16555350,6959550,0,0,95,false,0
4670,0,0,9595800,16560100,6964300,0,0,95,false,0
4671,0,0,9595800,16565100,6969300,0,0,100,false,0
4672,0,0,9595800,16569800,6974000,0,0,94,false,0
4673,0,0,9595800,16574900,6979100,0,0,102,false,0
4674,0,0,9595800,16579450,6983650,0,0,91,false,0
4675,0,0,9595800,16584600,6988800,0,12,115,false,0
4676,0,0,9595800,16589750,6993950,0,7,110,false,0
4677,0,0,9595800,16594400,6998600,0,0,93,false,0
4678,0,0,9595800,16598500,7002700,0,0,82,false,0
4679,0,0,9595800,16603650,7007850,0,1,104,false,0
4680,0,0,9702420,16608800,6906380,0,0,103,false,0
4681,0,0,9702420,16613350,6910930,0,0,91,false,0
4682,0,0,9702420,16618500,6916080,0,1,104,false,0
4683,0,0,9702420,16623650,6921230,0,1,104,false,0
4684,0,0,9702420,16627450,6925030,0,0,76,false,0
4685,0,0,9702420,16632550,6930130,0,0,102,false,0
4686,0,0,9702420,16637650,6935230,0,0,102,false,0
4687,0,0,9702420,16642700,6940280,0,0,101,false,0
4688,0,0,9702420,16647850,6945430,0,4,107,false,0
4689,0,0,9702420,16652950,6950530,0,0,102,false,0
4690,0,0,9702420,16658100,6955680,0,1,104,false,0
4691,0,0,9702420,16658100,6955680,0,97,97,true,0
4692,0,0,9702420,16663250,6960830,0,12,115,false,0
4693,0,0,9702420,16668400,6965980,0,4,107,false,0
4694,0,0,9702420,16668400,6965980,0,111,111,true,0
4695,0,0,9702420,16668400,6965980,0,89,89,true,0
4696,0,0,9702420,16668400,6965980,0,95,95,true,0
4697,0,0,9702420,16668400,6965980,0,117,117,true,0
4698,0,0,9702420,16668400,6965980,0,109,109,true,0
4699,0,0,9702420,16668400,6965980,0,80,80,true,0
4700,0,0,9702420,16668400,6965980,0,121,121,true,0
4701,0,0,9702420,16673300,6970880,0,0,98,false,0
4702,0,0,9702420,16678350,6975930,0,0,101,false,0
4703,0,0,9702420,16683500,6981080,0,10,113,false,0
4704,0,0,9702420,16688650,6986230,0,5,108,false,0
4705,0,0,9702420,16693800,6991380,0,11,114,false,0
4706,0,0,9702420,16698450,6996030,0,0,93,false,0
4707,0,0,9702420,16698450,6996030,0,110,110,true,0
4708,0,0,9702420,16698450,6996030,0,94,94,true,0
4709,0,0,9702420,16698450,6996030,0,73,73,true,0
4710,0,0,9702420,16698450,6996030,0,116,116,true,0
4711,0,0,9702420,16703600,7001180,0,8,111,false,0
4712,0,0,9702420,16708500,7006080,0,0,98,false,0
4713,0,0,9702420,16713650,7011230,0,15,118,false,0
4714,0,0,9702420,16718800,7016380,0,0,103,false,0
4715,0,0,9702420,16723000,7020580,0,0,84,false,0
4716,0,0,9702420,16727500,7025080,0,0,90,false,0
4717,0,0,9702420,16731700,7029280,0,0,84,false,0
4718,0,0,9702420,16736850,7034430,0,8,111,false,0
4719,0,0,9702420,16741850,7039430,0,0,100,false,0
4720,0,0,9702420,16746250,7043830,0,0,88,false,0
4721,0,0,9702420,16750600,7048180,0,0,87,false,0
4722,0,0,9702420,16755750,7053330,0,0,103,false,0
4723,0,0,9702420,16760150,7057730,0,0,88,false,0
4724,0,0,9702420,16764900,7062480,0,0,95,false,0
4725,0,0,9702420,16770000,7067580,0,0,102,false,0
4726,0,0,9702420,16775050,7072630,0,0,101,false,0
4727,0,0,9702420,16780200,7077780,0,1,104,false,0
4728,0,0,9702420,16785350,7082930,0,3,106,false,0
4729,0,0,9702420,16789800,7087380,0,0,89,false,0
4730,0,0,9702420,16794500,7092080,0,0,94,false,0
4731,0,0,9702420,16799650,7097230,0,3,106,false,0
4732,0,0,9809040,16804750,6995710,0,0,102,false,0
4733,0,0,9809040,16809700,7000660,0,0,99,false,0
4734,0,0,9809040,16814850,7005810,0,15,118,false,0
4735,0,0,9809040,16819400,7010360,0,0,91,false,0
4736,0,0,9809040,16824550,7015510,0,3,106,false,0
4737,0,0,9809040,16829700,7020660,0,18,121,false,0
4738,0,0,9809040,16834300,7025260,0,0,92,false,0
4739,0,0,9809040,16834300,7025260,0,89,89,true,0
4740,0,0,9809040,16839450,7030410,0,11,114,false,0
4741,0,0,9809040,16843500,7034460,0,0,81,false,0
4742,0,0,9809040,16848600,7039560,0,0,102,false,0
4743,0,0,9809040,16848600,7039560,0,102,102,true,0
4744,0,0,9809040,16853750,7044710,0,1,104,false,0
4745,0,0,9809040,16858500,7049460,0,0,95,false,0
4746,0,0,9809040,16863400,7054360,0,0,98,false,0
4747,0,0,9809040,16868150,7059110,0,0,95,false,0
4748,0,0,9809040,16868150,7059110,0,90,90,true,0
4749,0,0,9809040,16868150,7059110,0,101,101,true,0
4750,0,0,9809040,16868150,7059110,0,82,82,true,0
4751,0,0,9809040,16868150,7059110,0,107,107,true,0
4752,0,0,9809040,16872250,7063210,0,0,82,false,0
4753,0,0,9809040,16876200,7067160,0,0,79,false,0
4754,0,0,9809040,16881350,7072310,0,3,106,false,0
4755,0,0,9809040,16886000,7076960,0,0,93,false,0
4756,0,0,9809040,16890900,7081860,0,0,98,false,0
4757,0,0,9809040,16890900,7081860,0,111,111,true,0
4758,0,0,9809040,16890900,7081860,0,120,120,true,0
4759,0,0,9809040,16895400,7086360,0,0,90,false,0
4760,0,0,9809040,16899600,7090560,0,0,84,false,0
4761,0,0,9809040,16904250,7095210,0,0,93,false,0
4762,0,0,9809040,16909150,7100110,0,0,98,false,0
4763,0,0,9809040,16914000,7104960,0,0,97,false,0
4764,0,0,9809040,16919150,7110110,0,2,105,false,0
4765,0,0,9809040,16923250,7114210,0,0,82,false,0
4766,0,0,9809040,16928200,7119160,0,0,99,false,0
4767,0,0,9809040,16933350,7124310,0,3,106,false,0
4768,0,0,9809040,16938500,7129460,0,7,110,false,0
4769,0,0,9809040,16943650,7134610,0,4,107,false,0
4770,0,0,9809040,16948800,7139760,0,1,104,false,0
4771,0,0,9809040,16948800,7139760,0,103,103,true,0
4772,0,0,9809040,16948800,7139760,0,96,96,true,0
4773,0,0,9809040,16948800,7139760,0,104,104,true,0
4774,0,0,9809040,16948800,7139760,0,91,91,true,0
4775,0,0,9809040,16953850,7144810,0,0,101,false,0
4776,0,0,9809040,16958550,7149510,0,0,94,false,0
4777,0,0,9809040,16963700,7154660,0,0,103,false,0
4778,0,0,9809040,16968850,7159810,0,7,110,false,0
4779,0,0,9809040,16974000,7164960,0,0,103,false,0
4780,0,0,9809040,16978600,7169560,0,0,92,false,0
4781,0,0,9809040,16983750,7174710,0,12,115,false,0
4782,0,0,9809040,16988050,7179010,0,0,86,false,0
4783,0,0,9809040,16992850,7183810,0,0,96,false,0
4784,0,0,9915660,16997850,7082190,0,0,100,false,0
4785,0,0,9915660,17003000,7087340,0,3,106,false,0
4786,0,0,9915660,17008150,7092490,0,2,105,false,0
4787,0,0,9915660,17008150,7092490,0,107,107,true,0
4788,0,0,9915660,17008150,7092490,0,102,102,true,0
4789,0,0,9915660,17008150,7092490,0,89,89,true,0
4790,0,0,9915660,17008150,7092490,0,102,102,true,0
4791,0,0,9915660,17008150,7092490,0,89,89,true,0
4792,0,0,9915660,17012900,7097240,0,0,95,false,0
4793,0,0,9915660,17017800,7102140,0,0,98,false,0
4794,0,0,9915660,17017800,7102140,0,95,95,true,0
4795,0,0,9915660,17017800,7102140,0,108,108,true,0
4796,0,0,9915660,17017800,7102140,0,94,94,true,0
4797,0,0,9915660,17022950,7107290,0,2,105,false,0
4798,0,0,9915660,17027550,7111890,0,0,92,false,0
4799,0,0,9915660,17032700,7117040,0,8,111,false,0
4800,0,0,9915660,17037850,7122190,0,0,103,false,0
4801,0,0,9915660,17043000,7127340,0,4,107,false,0
4802,0,0,9915660,17043000,7127340,0,105,105,true,0
4803,0,0,9915660,17043000,7127340,0,86,86,true,0
4804,0,0,9915660,17043000,7127340,0,102,102,true,0
4805,0,0,9915660,17048100,7132440,0,0,102,false,0
4806,0,0,9915660,17053250,7137590,0,2,105,false,0
4807,0,0,9915660,17058150,7142490,0,0,98,false,0
4808,0,0,9915660,17058150,7142490,0,107,107,true,0
4809,0,0,9915660,17063300,7147640,0,7,110,false,0
4810,0,0,9915660,17067900,7152240,0,0,92,false,0
4811,0,0,9915660,17072750,7157090,0,0,97,false,0
4812,0,0,9915660,17077900,7162240,0,1,104,false,0
4813,0,0,9915660,17077900,7162240,0,108,108,true,0
4814,0,0,9915660,17077900,7162240,0,106,106,true,0
4815,0,0,9915660,17077900,7162240,0,89,89,true,0
4816,0,0,9915660,17077900,7162240,0,103,103,true,0
4817,0,0,9915660,17083050,7167390,0,7,110,false,0
4818,0,0,9915660,17087900,7172240,0,0,97,false,0
4819,0,0,9915660,17092650,7176990,0,0,95,false,0
4820,0,0,9915660,17092650,7176990,0,93,93,true,0
4821,0,0,9915660,17092650,7176990,0,109,109,true,0
4822,0,0,9915660,17092650,7176990,0,106,106,true,0
4823,0,0,9915660,17092650,7176990,0,113,113,true,0
4824,0,0,9915660,17097800,7182140,0,11,114,false,0
4825,0,0,9915660,17102600,7186940,0,0,96,false,0
4826,0,0,9915660,17107350,7191690,0,0,95,false,0
4827,0,0,9915660,17111400,7195740,0,0,81,false,0
4828,0,0,9915660,17115950,7200290,0,0,91,false,0
4829,0,0,9915660,17119600,7203940,0,0,73,false,0
4830,0,0,9915660,17119600,7203940,0,107,107,true,0
4831,0,0,9915660,17124150,7208490,0,0,91,false,0
4832,0,0,9915660,17129100,7213440,0,0,99,false,0
4833,0,0,9915660,17133400,7217740,0,0,86,false,0
4834,0,0,9915660,17138550,7222890,0,13,116,false,0
4835,0,0,9915660,17142800,7227140,0,0,85,false,0
4836,0,0,10022280,17142800,7120520,0,86,86,true,0
4837,0,0,10022280,17142800,7120520,0,95,95,true,0
4838,0,0,10022280,17147650,7125370,0,0,97,false,0
4839,0,0,10022280,17152300,7130020,0,0,93,false,0
4840,0,0,10022280,17156300,7134020,0,0,80,false,0
4841,0,0,10022280,17161450,7139170,0,5,108,false,0
4842,0,0,10022280,17165400,7143120,0,0,79,false,0
4843,0,0,10022280,17170550,7148270,0,14,117,false,0
4844,0,0,10022280,17170550,7148270,0,97,97,true,0
4845,0,0,10022280,17170550,7148270,0,95,95,true,0
4846,0,0,10022280,17175700,7153420,0,14,117,false,0
4847,0,0,10022280,17180700,7158420,0,0,100,false,0
4848,0,0,10022280,17185400,7163120,0,0,94,false,0
4849,0,0,10022280,17190550,7168270,0,7,110,false,0
4850,0,0,10022280,17190550,7168270,0,111,111,true,0
4851,0,0,10022280,17195700,7173420,0,4,107,false,0
4852,0,0,10022280,17200250,7177970,0,0,91,false,0
4853,0,0,10022280,17205400,7183120,0,4,107,false,0
4854,0,0,10022280,17210550,7188270,0,3,106,false,0
4855,0,0,10022280,17214650,7192370,0,0,82,false,0
4856,0,0,10022280,17219250,7196970,0,0,92,false,0
4857,0,0,10022280,17223200,7200920,0,0,79,false,0
4858,0,0,10022280,17228350,7206070,0,3,106,false,0
4859,0,0,10022280,17233350,7211070,0,0,100,false,0
4860,0,0,10022280,17237500,7215220,0,0,83,false,0
4861,0,0,10022280,17242650,7220370,0,6,109,false,0
4862,0,0,10022280,17247800,7225520,0,17,120,false,0
4863,0,0,10022280,17252700,7230420,0,0,98,false,0
4864,0,0,10022280,17257800,7235520,0,0,102,false,0
4865,0,0,10022280,17257800,7235520,0,103,103,true,0
4866,0,0,10022280,17262950,7240670,0,7,110,false,0
4867,0,0,10022280,17267900,7245620,0,0,99,false,0
4868,0,0,10022280,17272550,7250270,0,0,93,false,0
4869,0,0,10022280,17277300,7255020,0,0,95,false,0
4870,0,0,10022280,17280850,7258570,0,0,71,false,0
4871,0,0,10022280,17280850,7258570,0,116,116,true,0
4872,0,0,10022280,17286000,7263720,0,5,108,false,0
4873,0,0,10022280,17291150,7268870,0,5,108,false,0
4874,0,0,10022280,17294850,7272570,0,0,74,false,0
4875,0,0,10022280,17299850,7277570,0,0,100,false,0
4876,0,0,10022280,17304950,7282670,0,0,102,false,0
4877,0,0,10022280,17310100,7287820,0,19,122,false,0
4878,0,0,10022280,17314250,7291970,0,0,83,false,0
4879,0,0,10022280,17318600,7296320,0,0,87,false,0
4880,0,0,10022280,17323650,7301370,0,0,101,false,0
4881,0,0,10022280,17328650,7306370,0,0,100,false,0
4882,0,0,10022280,17333250,7310970,0,0,92,false,0
4883,0,0,10022280,17338300,7316020,0,0,101,false,0
4884,0,0,10022280,17342150,7319870,0,0,77,false,0
4885,0,0,10022280,17347300,7325020,0,13,116,false,0
4886,0,0,10022280,17351400,7329120,0,0,82,false,0
4887,0,0,10022280,17351400,7329120,0,81,81,true,0
4888,0,0,10128900,17351400,7222500,0,108,108,true,0
4889,0,0,10128900,17351400,7222500,0,106,106,true,0
4890,0,0,10128900,17356200,7227300,0,0,96,false,0
4891,0,0,10128900,17361050,7232150,0,0,97,false,0
4892,0,0,10128900,17361050,7232150,0,93,93,true,0
4893,0,0,10128900,17361050,7232150,0,90,90,true,0
4894,0,0,10128900,17366150,7237250,0,0,102,false,0
4895,0,0,10128900,17371250,7242350,0,0,102,false,0
4896,0,0,10128900,17376300,7247400,0,0,101,false,0
4897,0,0,10128900,17381450,7252550,0,2,105,false,0
4898,0,0,10128900,17386100,7257200,0,0,93,false,0
4899,0,0,10128900,17391000,7262100,0,0,98,false,0
4900,0,0,10128900,17391000,7262100,0,103,103,true,0
4901,0,0,10128900,17391000,7262100,0,128,128,true,0
4902,0,0,10128900,17391000,7262100,0,104,104,true,0
4903,0,0,10128900,17396100,7267200,0,0,102,false,0
4904,0,0,10128900,17401250,7272350,0,1,104,false,0
4905,0,0,10128900,17406300,7277400,0,0,101,false,0
4906,0,0,10128900,17411100,7282200,0,0,96,false,0
4907,0,0,10128900,17416250,7287350,0,7,110,false,0
4908,0,0,10128900,17421400,7292500,0,1,104,false,0
4909,0,0,10128900,17425300,7296400,0,0,78,false,0
4910,0,0,10128900,17430450,7301550,0,13,116,false,0
4911,0,0,10128900,17435400,7306500,0,0,99,false,0
4912,0,0,10128900,17435400,7306500,0,99,99,true,0
4913,0,0,10128900,17440400,7311500,0,0,100,false,0
4914,0,0,10128900,17444800,7315900,0,0,88,false,0
4915,0,0,10128900,17449950,7321050,0,7,110,false,0
4916,0,0,10128900,17454900,7326000,0,0,99,false,0
4917,0,0,10128900,17460050,7331150,0,16,119,false,0
4918,0,0,10128900,17460050,7331150,0,101,101,true,0
4919,0,0,10128900,17460050,7331150,0,91,91,true,0
4920,0,0,10128900,17460050,7331150,0,100,100,true,0
4921,0,0,10128900,17460050,7331150,0,83,83,true,0
4922,0,0,10128900,17460050,7331150,0,91,91,true,0
4923,0,0,10128900,17460050,7331150,0,97,97,true,0
4924,0,0,10128900,17460050,7331150,0,109,109,true,0
4925,0,0,10128900,17464750,7335850,0,0,94,false,0
4926,0,0,10128900,17469350,7340450,0,0,92,false,0
4927,0,0,10128900,17473950,7345050,0,0,92,false,0
4928,0,0,10128900,17479100,7350200,0,4,107,false,0
4929,0,0,10128900,17483450,7354550,0,0,87,false,0
4930,0,0,10128900,17488600,7359700,0,6,109,false,0
4931,0,0,10128900,17493200,7364300,0,0,92,false,0
4932,0,0,10128900,17493200,7364300,0,105,105,true,0
4933,0,0,10128900,17498250,7369350,0,0,101,false,0
4934,0,0,10128900,17503400,7374500,0,1,104,false,0
4935,0,0,10128900,17503400,7374500,0,99,99,true,0
4936,0,0,10128900,17508550,7379650,0,18,121,false,0
4937,0,0,10128900,17513100,7384200,0,0,91,false,0
4938,0,0,10128900,17518000,7389100,0,0,98,false,0
4939,0,0,10128900,17522300,7393400,0,0,86,false,0
4940,0,0,10235520,17522300,7286780,0,97,97,true,0
4941,0,0,10235520,17522300,7286780,0,101,101,true,0
4942,0,0,10235520,17527450,7291930,0,15,118,false,0
4943,0,0,10235520,17532600,7297080,0,3,106,false,0
4944,0,0,10235520,17537400,7301880,0,0,96,false,0
4945,0,0,10235520,17541300,7305780,0,0,78,false,0
4946,0,0,10235520,17541300,7305780,0,120,120,true,0
4947,0,0,10235520,17546150,7310630,0,0,97,false,0
4948,0,0,10235520,17550750,7315230,0,0,92,false,0
4949,0,0,10235520,17555900,7320380,0,18,121,false,0
4950,0,0,10235520,17560650,7325130,0,0,95,false,0
4951,0,0,10235520,17560650,7325130,0,85,85,true,0
4952,0,0,10235520,17560650,7325130,0,109,109,true,0
4953,0,0,10235520,17565800,7330280,0,11,114,false,0
4954,0,0,10235520,17570750,7335230,0,0,99,false,0
4955,0,0,10235520,17575600,7340080,0,0,97,false,0
4956,0,0,10235520,17580750,7345230,0,0,103,false,0
4957,0,0,10235520,17585050,7349530,0,0,86,false,0
4958,0,0,10235520,17590050,7354530,0,0,100,false,0
4959,0,0,10235520,17595200,7359680,0,0,103,false,0
4960,0,0,10235520,17595200,7359680,0,88,88,true,0
4961,0,0,10235520,17595200,7359680,0,105,105,true,0
4962,0,0,10235520,17595200,7359680,0,83,83,true,0
4963,0,0,10235520,17595200,7359680,0,92,92,true,0
4964,0,0,10235520,17595200,7359680,0,99,99,true,0
4965,0,0,10235520,17599750,7364230,0,0,91,false,0
4966,0,0,10235520,17604900,7369380,0,6,109,false,0
4967,0,0,10235520,17608800,7373280,0,0,78,false,0
4968,0,0,10235520,17613950,7378430,0,1,104,false,0
4969,0,0,10235520,17613950,7378430,0,99,99,true,0
4970,0,0,10235520,17613950,7378430,0,81,81,true,0
4971,0,0,10235520,17618750,7383230,0,0,96,false,0
4972,0,0,10235520,17623150,7387630,0,0,88,false,0
4973,0,0,10235520,17623150,7387630,0,92,92,true,0
4974,0,0,10235520,17628300,7392780,0,13,116,false,0
4975,0,0,10235520,17633200,7397680,0,0,98,false,0
4976,0,0,10235520,17638350,7402830,0,1,104,false,0
4977,0,0,10235520,17638350,7402830,0,79,79,true,0
4978,0,0,10235520,17643300,7407780,0,0,99,false,0
4979,0,0,10235520,17648450,7412930,0,0,103,false,0
4980,0,0,10235520,17653600,7418080,0,0,103,false,0
4981,0,0,10235520,17658550,7423030,0,0,99,false,0
4982,0,0,10235520,17663500,7427980,0,0,99,false,0
4983,0,0,10235520,17668050,7432530,0,0,91,false,0
4984,0,0,10235520,17673100,7437580,0,0,101,false,0
4985,0,0,10235520,17677650,7442130,0,0,91,false,0
4986,0,0,10235520,17677650,7442130,0,86,86,true,0
4987,0,0,10235520,17677650,7442130,0,117,117,true,0
4988,0,0,10235520,17677650,7442130,0,101,101,true,0
4989,0,0,10235520,17682400,7446880,0,0,95,false,0
4990,0,0,10235520,17687300,7451780,0,0,98,false,0
4991,0,0,10235520,17692350,7456830,0,0,101,false,0
4992,0,0,10342140,17697450,7355310,0,0,102,false,0
4993,0,0,10342140,17697450,7355310,0,115,115,true,0
4994,0,0,10342140,17697450,7355310,0,103,103,true,0
4995,0,0,10342140,17697450,7355310,0,107,107,true,0
4996,0,0,10342140,17697450,7355310,0,94,94,true,0
4997,0,0,10342140,17697450,7355310,0,104,104,true,0
4998,0,0,10342140,17702200,7360060,0,0,95,false,0
4999,0,0,10342140,17707350,7365210,0,14,117,false,0
5000,0,0,10342140,17711650,7369510,0,0,86,false,0
5001,0,0,10342140,17716100,7373960,0,0,89,false,0
5002,0,0,10342140,17721250,7379110,0,15,118,false,0
5003,0,0,10342140,17726000,7383860,0,0,95,false,0
5004,0,0,10342140,17730800,7388660,0,0,96,false,0
5005,0,0,10342140,17735950,7393810,0,6,109,false,0
5006,0,0,10342140,17740700,7398560,0,0,95,false,0
5007,0,0,10342140,17745850,7403710,0,0,103,false,0
5008,0,0,10342140,17750500,7408360,0,0,93,false,0
5009,0,0,10342140,17755650,7413510,0,8,111,false,0
5010,0,0,10342140,17760600,7418460,0,0,99,false,0
5011,0,0,10342140,17765050,7422910,0,0,89,false,0
5012,0,0,10342140,17769700,7427560,0,0,93,false,0
5013,0,0,10342140,17773600,7431460,0,0,78,false,0
5014,0,0,10342140,17773600,7431460,0,97,97,true,0
5015,0,0,10342140,17773600,7431460,0,105,105,true,0
5016,0,0,10342140,17773600,7431460,0,99,99,true,0
5017,0,0,10342140,17773600,7431460,0,122,122,true,0
5018,0,0,10342140,17773600,7431460,0,90,90,true,0
5019,0,0,10342140,17778750,7436610,0,1,104,false,0
5020,0,0,10342140,17783850,7441710,0,0,102,false,0
5021,0,0,10342140,17788700,7446560,0,0,97,false,0
5022,0,0,10342140,17793800,7451660,0,0,102,false,0
5023,0,0,10342140,17798100,7455960,0,0,86,false,0
5024,0,0,10342140,17798100,7455960,0,101,101,true,0
5025,0,0,10342140,17798100,7455960,0,109,109,true,0
5026,0,0,10342140,17803250,7461110,0,1,104,false,0
5027,0,0,10342140,17808350,7466210,0,0,102,false,0
5028,0,0,10342140,17808350,7466210,0,74,74,true,0
5029,0,0,10342140,17813500,7471360,0,13,116,false,0
5030,0,0,10342140,17818550,7476410,0,0,101,false,0
5031,0,0,10342140,17823700,7481560,0,4,107,false,0
5032,0,0,10342140,17828500,7486360,0,0,96,false,0
5033,0,0,10342140,17833650,7491510,0,1,104,false,0
5034,0,0,10342140,17833650,7491510,0,111,111,true,0
5035,0,0,10342140,17833650,7491510,0,94,94,true,0
5036,0,0,10342140,17833650,7491510,0,91,91,true,0
5037,0,0,10342140,17838800,7496660,0,5,108,false,0
5038,0,0,10342140,17843850,7501710,0,0,101,false,0
5039,0,0,10342140,17848700,7506560,0,0,97,false,0
5040,0,0,10342140,17852900,7510760,0,0,84,false,0
5041,0,0,10342140,17858050,7515910,0,1,104,false,0
5042,0,0,10342140,17862750,7520610,0,0,94,false,0
5043,0,0,10342140,17867700,7525560,0,0,99,false,0
5044,0,0,10448760,17872150,7423390,0,0,89,false,0
5045,0,0,10448760,17872150,7423390,0,110,110,true,0
5046,0,0,10448760,17877000,7428240,0,0,97,false,0
5047,0,0,10448760,17881300,7432540,0,0,86,false,0
5048,0,0,10448760,17881300,7432540,0,97,97,true,0
5049,0,0,10448760,17886150,7437390,0,0,97,false,0
5050,0,0,10448760,17891300,7442540,0,13,116,false,0
5051,0,0,10448760,17895800,7447040,0,0,90,false,0
5052,0,0,10448760,17900550,7451790,0,0,95,false,0
5053,0,0,10448760,17904500,7455740,0,0,79,false,0
5054,0,0,10448760,17909350,7460590,0,0,97,false,0
5055,0,0,10448760,17914200,7465440,0,0,97,false,0
5056,0,0,10448760,17919350,7470590,0,11,114,false,0
5057,0,0,10448760,17919350,7470590,0,103,103,true,0
5058,0,0,10448760,17924500,7475740,0,1,104,false,0
5059,0,0,10448760,17929050,7480290,0,0,91,false,0
5060,0,0,10448760,17929050,7480290,0,96,96,true,0
5061,0,0,10448760,17929050,7480290,0,105,105,true,0
5062,0,0,10448760,17929050,7480290,0,95,95,true,0
5063,0,0,10448760,17933900,7485140,0,0,97,false,0
5064,0,0,10448760,17938750,7489990,0,0,97,false,0
5065,0,0,10448760,17943900,7495140,0,6,109,false,0
5066,0,0,10448760,17948300,7499540,0,0,88,false,0
5067,0,0,10448760,17953350,7504590,0,0,101,false,0
5068,0,0,10448760,17953350,7504590,0,95,95,true,0
5069,0,0,10448760,17953350,7504590,0,94,94,true,0
5070,0,0,10448760,17953350,7504590,0,105,105,true,0
5071,0,0,10448760,17953350,7504590,0,103,103,true,0
5072,0,0,10448760,17958100,7509340,0,0,95,false,0
5073,0,0,10448760,17963150,7514390,0,0,101,false,0
5074,0,0,10448760,17967950,7519190,0,0,96,false,0
5075,0,0,10448760,17972950,7524190,0,0,100,false,0
5076,0,0,10448760,17972950,7524190,0,88,88,true,0
5077,0,0,10448760,17972950,7524190,0,102,102,true,0
5078,0,0,10448760,17972950,7524190,0,102,102,true,0
5079,0,0,10448760,17977350,7528590,0,0,88,false,0
5080,0,0,10448760,17982500,7533740,0,1,104,false,0
5081,0,0,10448760,17987650,7538890,0,17,120,false,0
5082,0,0,10448760,17987650,7538890,0,92,92,true,0
5083,0,0,10448760,17991500,7542740,0,0,77,false,0
5084,0,0,10448760,17996200,7547440,0,0,94,false,0
5085,0,0,10448760,18001350,7552590,0,8,111,false,0
5086,0,0,10448760,18006400,7557640,0,0,101,false,0
5087,0,0,10448760,18011300,7562540,0,0,98,false,0
5088,0,0,10448760,18016450,7567690,0,4,107,false,0
5089,0,0,10448760,18021600,7572840,0,0,103,false,0
5090,0,0,10448760,18021600,7572840,0,109,109,true,0
5091,0,0,10448760,18021600,7572840,0,122,122,true,0
5092,0,0,10448760,18021600,7572840,0,87,87,true,0
5093,0,0,10448760,18021600,7572840,0,98,98,true,0
5094,0,0,10448760,18021600,7572840,0,114,114,true,0
5095,0,0,10448760,18021600,7572840,0,103,103,true,0
5096,0,0,10555380,18026500,7471120,0,0,98,false,0
5097,0,0,10555380,18031650,7476270,0,2,105,false,0
5098,0,0,10555380,18036200,7480820,0,0,91,false,0
5099,0,0,10555380,18036200,7480820,0,103,103,true,0
5100,0,0,10555380,18036200,7480820,0,89,89,true,0
5101,0,0,10555380,18036200,7480820,0,95,95,true,0
5102,0,0,10555380,18040750,7485370,0,0,91,false,0
5103,0,0,10555380,18045000,7489620,0,0,85,false,0
5104,0,0,10555380,18050150,7494770,0,5,108,false,0
5105,0,0,10555380,18055150,7499770,0,0,100,false,0
5106,0,0,10555380,18060300,7504920,0,2,105,false,0
5107,0,0,10555380,18060300,7504920,0,91,91,true,0
5108,0,0,10555380,18060300,7504920,0,108,108,true,0
5109,0,0,10555380,18065100,7509720,0,0,96,false,0
5110,0,0,10555380,18069750,7514370,0,0,93,false,0
5111,0,0,10555380,18074900,7519520,0,1,104,false,0
5112,0,0,10555380,18079950,7524570,0,0,101,false,0
5113,0,0,10555380,18085100,7529720,0,0,103,false,0
5114,0,0,10555380,18090250,7534870,0,6,109,false,0
5115,0,0,10555380,18095200,7539820,0,0,99,false,0
5116,0,0,10555380,18100350,7544970,0,13,116,false,0
5117,0,0,10555380,18105500,7550120,0,0,103,false,0
5118,0,0,10555380,18110650,7555270,0,7,110,false,0
5119,0,0,10555380,18115800,7560420,0,14,117,false,0
5120,0,0,10555380,18115800,7560420,0,91,91,true,0
5121,0,0,10555380,18120950,7565570,0,0,103,false,0
5122,0,0,10555380,18126100,7570720,0,3,106,false,0
5123,0,0,10555380,18131250,7575870,0,6,109,false,0
5124,0,0,10555380,18131250,7575870,0,95,95,true,0
5125,0,0,10555380,18131250,7575870,0,100,100,true,0
5126,0,0,10555380,18131250,7575870,0,95,95,true,0
5127,0,0,10555380,18131250,7575870,0,110,110,true,0
5128,0,0,10555380,18136200,7580820,0,0,99,false,0
5129,0,0,10555380,18141250,7585870,0,0,101,false,0
5130,0,0,10555380,18146200,7590820,0,0,99,false,0
5131,0,0,10555380,18146200,7590820,0,91,91,true,0
5132,0,0,10555380,18150950,7595570,0,0,95,false,0
5133,0,0,10555380,18155650,7600270,0,0,94,false,0
5134,0,0,10555380,18160800,7605420,0,10,113,false,0
5135,0,0,10555380,18160800,7605420,0,95,95,true,0
5136,0,0,10555380,18160800,7605420,0,97,97,true,0
5137,0,0,10555380,18165800,7610420,0,0,100,false,0
5138,0,0,10555380,18170950,7615570,0,5,108,false,0
5139,0,0,10555380,18176100,7620720,0,21,124,false,0
5140,0,0,10555380,18181100,7625720,0,0,100,false,0
5141,0,0,10555380,18185250,7629870,0,0,83,false,0
5142,0,0,10555380,18189850,7634470,0,0,92,false,0
5143,0,0,10555380,18194700,7639320,0,0,97,false,0
5144,0,0,10555380,18199850,7644470,0,4,107,false,0
5145,0,0,10555380,18199850,7644470,0,111,111,true,0
5146,0,0,10555380,18204750,7649370,0,0,98,false,0
5147,0,0,10555380,18209900,7654520,0,10,113,false,0
5148,0,0,10662000,18214400,7552400,0,0,90,false,0
5149,0,0,10662000,18214400,7552400,0,97,97,true,0
5150,0,0,10662000,18219550,7557550,0,1,104,false,0
5151,0,0,10662000,18223300,7561300,0,0,75,false,0
5152,0,0,10662000,18228450,7566450,0,1,104,false,0
5153,0,0,10662000,18228450,7566450,0,83,83,true,0
5154,0,0,10662000,18228450,7566450,0,94,94,true,0
5155,0,0,10662000,18228450,7566450,0,102,102,true,0
5156,0,0,10662000,18233350,7571350,0,0,98,false,0
5157,0,0,10662000,18238500,7576500,0,2,105,false,0
5158,0,0,10662000,18243650,7581650,0,0,103,false,0
5159,0,0,10662000,18248800,7586800,0,14,117,false,0
5160,0,0,10662000,18253950,7591950,0,11,114,false,0
5161,0,0,10662000,18259100,7597100,0,9,112,false,0
5162,0,0,10662000,18264000,7602000,0,0,98,false,0
5163,0,0,10662000,18268550,7606550,0,0,91,false,0
5164,0,0,10662000,18268550,7606550,0,92,92,true,0
5165,0,0,10662000,18268550,7606550,0,94,94,true,0
5166,0,0,10662000,18273700,7611700,0,10,113,false,0
5167,0,0,10662000,18278850,7616850,0,3,106,false,0
5168,0,0,10662000,18284000,7622000,0,1,104,false,0
5169,0,0,10662000,18284000,7622000,0,102,102,true,0
5170,0,0,10662000,18284000,7622000,0,100,100,true,0
5171,0,0,10662000,18284000,7622000,0,98,98,true,0
5172,0,0,10662000,18284000,7622000,0,108,108,true,0
5173,0,0,10662000,18288650,7626650,0,0,93,false,0
5174,0,0,10662000,18293250,7631250,0,0,92,false,0
5175,0,0,10662000,18297650,7635650,0,0,88,false,0
5176,0,0,10662000,18302800,7640800,0,7,110,false,0
5177,0,0,10662000,18307850,7645850,0,0,101,false,0
5178,0,0,10662000,18313000,7651000,0,17,120,false,0
5179,0,0,10662000,18317650,7655650,0,0,93,false,0
5180,0,0,10662000,18322700,7660700,0,0,101,false,0
5181,0,0,10662000,18327850,7665850,0,4,107,false,0
5182,0,0,10662000,18332550,7670550,0,0,94,false,0
5183,0,0,10662000,18337700,7675700,0,2,105,false,0
5184,0,0,10662000,18342500,7680500,0,0,96,false,0
5185,0,0,10662000,18342500,7680500,0,96,96,true,0
5186,0,0,10662000,18342500,7680500,0,100,100,true,0
5187,0,0,10662000,18342500,7680500,0,88,88,true,0
5188,0,0,10662000,18342500,7680500,0,114,114,true,0
5189,0,0,10662000,18347450,7685450,0,0,99,false,0
5190,0,0,10662000,18352150,7690150,0,0,94,false,0
5191,0,0,10662000,18357300,7695300,0,3,106,false,0
5192,0,0,10662000,18361800,7699800,0,0,90,false,0
5193,0,0,10662000,18366800,7704800,0,0,100,false,0
5194,0,0,10662000,18371900,7709900,0,0,102,false,0
5195,0,0,10662000,18377050,7715050,0,5,108,false,0
5196,0,0,10662000,18382200,7720200,0,5,108,false,0
5197,0,0,10662000,18386900,7724900,0,0,94,false,0
5198,0,0,10662000,18392050,7730050,0,18,121,false,0
5199,0,0,10662000,18396600,7734600,0,0,91,false,0
5200,0,0,10768620,18401100,7632480,0,0,90,false,0
5201,0,0,10768620,18406250,7637630,0,8,111,false,0
5202,0,0,10768620,18411250,7642630,0,0,100,false,0
5203,0,0,10768620,18416250,7647630,0,0,100,false,0
5204,0,0,10768620,18420950,7652330,0,0,94,false,0
5205,0,0,10768620,18420950,7652330,0,108,108,true,0
5206,0,0,10768620,18420950,7652330,0,72,72,true,0
5207,0,0,10768620,18426100,7657480,0,9,112,false,0
5208,0,0,10768620,18430750,7662130,0,0,93,false,0
5209,0,0,10768620,18430750,7662130,0,101,101,true,0
5210,0,0,10768620,18435900,7667280,0,6,109,false,0
5211,0,0,10768620,18440600,7671980,0,0,94,false,0
5212,0,0,10768620,18445250,7676630,0,0,93,false,0
5213,0,0,10768620,18445250,7676630,0,84,84,true,0
5214,0,0,10768620,18445250,7676630,0,114,114,true,0
5215,0,0,10768620,18450050,7681430,0,0,96,false,0
5216,0,0,10768620,18455000,7686380,0,0,99,false,0
5217,0,0,10768620,18455000,7686380,0,102,102,true,0
5218,0,0,10768620,18455000,7686380,0,114,114,true,0
5219,0,0,10768620,18459500,7690880,0,0,90,false,0
5220,0,0,10768620,18464300,7695680,0,0,96,false,0
5221,0,0,10768620,18469450,7700830,0,3,106,false,0
5222,0,0,10768620,18473750,7705130,0,0,86,false,0
5223,0,0,10768620,18478200,7709580,0,0,89,false,0
5224,0,0,10768620,18482750,7714130,0,0,91,false,0
5225,0,0,10768620,18487850,7719230,0,0,102,false,0
5226,0,0,10768620,18493000,7724380,0,8,111,false,0
5227,0,0,10768620,18498000,7729380,0,0,100,false,0
5228,0,0,10768620,18498000,7729380,0,104,104,true,0
5229,0,0,10768620,18498000,7729380,0,85,85,true,0
5230,0,0,10768620,18498000,7729380,0,94,94,true,0
5231,0,0,10768620,18498000,7729380,0,93,93,true,0
5232,0,0,10768620,18498000,7729380,0,111,111,true,0
5233,0,0,10768620,18503150,7734530,0,2,105,false,0
5234,0,0,10768620,18508300,7739680,0,0,103,false,0
5235,0,0,10768620,18512650,7744030,0,0,87,false,0
5236,0,0,10768620,18517750,7749130,0,0,102,false,0
5237,0,0,10768620,18522100,7753480,0,0,87,false,0
5238,0,0,10768620,18527200,7758580,0,0,102,false,0
5239,0,0,10768620,18531800,7763180,0,0,92,false,0
5240,0,0,10768620,18536950,7768330,0,8,111,false,0
5241,0,0,10768620,18541900,7773280,0,0,99,false,0
5242,0,0,10768620,18546900,7778280,0,0,100,false,0
5243,0,0,10768620,18551800,7783180,0,0,98,false,0
5244,0,0,10768620,18556550,7787930,0,0,95,false,0
5245,0,0,10768620,18561400,7792780,0,0,97,false,0
5246,0,0,10768620,18566550,7797930,0,0,103,false,0
5247,0,0,10768620,18570900,7802280,0,0,87,false,0
5248,0,0,10768620,18570900,7802280,0,92,92,true,0
5249,0,0,10768620,18570900,7802280,0,106,106,true,0
5250,0,0,10768620,18575300,7806680,0,0,88,false,0
5251,0,0,10768620,18579800,7811180,0,0,90,false,0
5252,0,0,10875240,18584950,7709710,0,19,122,false,0
5253,0,0,10875240,18589950,7714710,0,0,100,false,0
5254,0,0,10875240,18595100,7719860,0,15,118,false,0
5255,0,0,10875240,18599650,7724410,0,0,91,false,0
5256,0,0,10875240,18604800,7729560,0,6,109,false,0
5257,0,0,10875240,18609950,7734710,0,1,104,false,0
5258,0,0,10875240,18609950,7734710,0,102,102,true,0
5259,0,0,10875240,18614850,7739610,0,0,98,false,0
5260,0,0,10875240,18619550,7744310,0,0,94,false,0
5261,0,0,10875240,18619550,7744310,0,103,103,true,0
5262,0,0,10875240,18619550,7744310,0,112,112,true,0
5263,0,0,10875240,18624700,7749460,0,5,108,false,0
5264,0,0,10875240,18629650,7754410,0,0,99,false,0
5265,0,0,10875240,18633650,7758410,0,0,80,false,0
5266,0,0,10875240,18633650,7758410,0,104,104,true,0
5267,0,0,10875240,18633650,7758410,0,102,102,true,0
5268,0,0,10875240,18633650,7758410,0,94,94,true,0
5269,0,0,10875240,18633650,7758410,0,96,96,true,0
5270,0,0,10875240,18633650,7758410,0,99,99,true,0
5271,0,0,10875240,18633650,7758410,0,87,87,true,0
5272,0,0,10875240,18633650,7758410,0,98,98,true,0
5273,0,0,10875240,18633650,7758410,0,100,100,true,0
5274,0,0,10875240,18633650,7758410,0,109,109,true,0
5275,0,0,10875240,18638800,7763560,0,17,120,false,0
5276,0,0,10875240,18643400,7768160,0,0,92,false,0
5277,0,0,10875240,18648550,7773310,0,6,109,false,0
5278,0,0,10875240,18653650,7778410,0,0,102,false,0
5279,0,0,10875240,18658100,7782860,0,0,89,false,0
5280,0,0,10875240,18662700,7787460,0,0,92,false,0
5281,0,0,10875240,18666650,7791410,0,0,79,false,0
5282,0,0,10875240,18671800,7796560,0,5,108,false,0
5283,0,0,10875240,18676450,7801210,0,0,93,false,0
5284,0,0,10875240,18681600,7806360,0,4,107,false,0
5285,0,0,10875240,18686750,7811510,0,10,113,false,0
5286,0,0,10875240,18691900,7816660,0,8,111,false,0
5287,0,0,10875240,18691900,7816660,0,107,107,true,0
5288,0,0,10875240,18691900,7816660,0,95,95,true,0
5289,0,0,10875240,18696750,7821510,0,0,97,false,0
5290,0,0,10875240,18701150,7825910,0,0,88,false,0
5291,0,0,10875240,18706200,7830960,0,0,101,false,0
5292,0,0,10875240,18706200,7830960,0,88,88,true,0
5293,0,0,10875240,18711050,7835810,0,0,97,false,0
5294,0,0,10875240,18716200,7840960,0,9,112,false,0
5295,0,0,10875240,18721250,7846010,0,0,101,false,0
5296,0,0,10875240,18721250,7846010,0,97,97,true,0
5297,0,0,10875240,18726250,7851010,0,0,100,false,0
5298,0,0,10875240,18730800,7855560,0,0,91,false,0
5299,0,0,10875240,18735950,7860710,0,6,109,false,0
5300,0,0,10875240,18740700,7865460,0,0,95,false,0
5301,0,0,10875240,18745450,7870210,0,0,95,false,0
5302,0,0,10875240,18750600,7875360,0,19,122,false,0
5303,0,0,10875240,18755750,7880510,0,7,110,false,0
5304,0,0,10981860,18755750,7773890,0,86,86,true,0
5305,0,0,10981860,18755750,7773890,0,112,112,true,0
5306,0,0,10981860,18760900,7779040,0,5,108,false,0
5307,0,0,10981860,18765900,7784040,0,0,100,false,0
5308,0,0,10981860,18771050,7789190,0,16,119,false,0
5309,0,0,10981860,18775750,7793890,0,0,94,false,0
5310,0,0,10981860,18780900,7799040,0,8,111,false,0
5311,0,0,10981860,18785900,7804040,0,0,100,false,0
5312,0,0,10981860,18790900,7809040,0,0,100,false,0
5313,0,0,10981860,18790900,7809040,0,91,91,true,0
5314,0,0,10981860,18790900,7809040,0,98,98,true,0
5315,0,0,10981860,18790900,7809040,0,97,97,true,0
5316,0,0,10981860,18796050,7814190,0,1,104,false,0
5317,0,0,10981860,18800700,7818840,0,0,93,false,0
5318,0,0,10981860,18805150,7823290,0,0,89,false,0
5319,0,0,10981860,18805150,7823290,0,108,108,true,0
5320,0,0,10981860,18805150,7823290,0,114,114,true,0
5321,0,0,10981860,18805150,7823290,0,107,107,true,0
5322,0,0,10981860,18810150,7828290,0,0,100,false,0
5323,0,0,10981860,18814850,7832990,0,0,94,false,0
5324,0,0,10981860,18814850,7832990,0,82,82,true,0
5325,0,0,10981860,18814850,7832990,0,110,110,true,0
5326,0,0,10981860,18814850,7832990,0,90,90,true,0
5327,0,0,10981860,18819450,7837590,0,0,92,false,0
5328,0,0,10981860,18823850,7841990,0,0,88,false,0
5329,0,0,10981860,18828650,7846790,0,0,96,false,0
5330,0,0,10981860,18833300,7851440,0,0,93,false,0
5331,0,0,10981860,18838450,7856590,0,10,113,false,0
5332,0,0,10981860,18843200,7861340,0,0,95,false,0
5333,0,0,10981860,18847400,7865540,0,0,84,false,0
5334,0,0,10981860,18852550,7870690,0,11,114,false,0
5335,0,0,10981860,18857700,7875840,0,5,108,false,0
5336,0,0,10981860,18862850,7880990,0,13,116,false,0
5337,0,0,10981860,18868000,7886140,0,5,108,false,0
5338,0,0,10981860,18868000,7886140,0,99,99,true,0
5339,0,0,10981860,18868000,7886140,0,90,90,true,0
5340,0,0,10981860,18872600,7890740,0,0,92,false,0
5341,0,0,10981860,18877150,7895290,0,0,91,false,0
5342,0,0,10981860,18882150,7900290,0,0,100,false,0
5343,0,0,10981860,18887000,7905140,0,0,97,false,0
5344,0,0,10981860,18892150,7910290,0,3,106,false,0
5345,0,0,10981860,18897300,7915440,0,1,104,false,0
5346,0,0,10981860,18902200,7920340,0,0,98,false,0
5347,0,0,10981860,18907300,7925440,0,0,102,false,0
5348,0,0,10981860,18912450,7930590,0,11,114,false,0
5349,0,0,10981860,18917600,7935740,0,6,109,false,0
5350,0,0,10981860,18922600,7940740,0,0,100,false,0
5351,0,0,10981860,18927750,7945890,0,10,113,false,0
5352,0,0,10981860,18932450,7950590,0,0,94,false,0
5353,0,0,10981860,18937300,7955440,0,0,97,false,0
5354,0,0,10981860,18942450,7960590,0,1,104,false,0
5355,0,0,10981860,18947150,7965290,0,0,94,false,0
5356,0,0,11088480,18947150,7858670,0,79,79,true,0
5357,0,0,11088480,18951900,7863420,0,0,95,false,0
5358,0,0,11088480,18957050,7868570,0,1,104,false,0
5359,0,0,11088480,18962200,7873720,0,10,113,false,0
5360,0,0,11088480,18962200,7873720,0,92,92,true,0
5361,0,0,11088480,18967350,7878870,0,13,116,false,0
5362,0,0,11088480,18972500,7884020,0,10,113,false,0
5363,0,0,11088480,18972500,7884020,0,106,106,true,0
5364,0,0,11088480,18972500,7884020,0,86,86,true,0
5365,0,0,11088480,18972500,7884020,0,98,98,true,0
5366,0,0,11088480,18972500,7884020,0,94,94,true,0
5367,0,0,11088480,18972500,7884020,0,107,107,true,0
5368,0,0,11088480,18972500,7884020,0,100,100,true,0
5369,0,0,11088480,18977650,7889170,0,3,106,false,0
5370,0,0,11088480,18982200,7893720,0,0,91,false,0
5371,0,0,11088480,18986700,7898220,0,0,90,false,0
5372,0,0,11088480,18991850,7903370,0,11,114,false,0
5373,0,0,11088480,18996900,7908420,0,0,101,false,0
5374,0,0,11088480,19000800,7912320,0,0,78,false,0
5375,0,0,11088480,19005350,7916870,0,0,91,false,0
5376,0,0,11088480,19009900,7921420,0,0,91,false,0
5377,0,0,11088480,19015050,7926570,0,6,109,false,0
5378,0,0,11088480,19015050,7926570,0,84,84,true,0
5379,0,0,11088480,19015050,7926570,0,108,108,true,0
5380,0,0,11088480,19019900,7931420,0,0,97,false,0
5381,0,0,11088480,19025050,7936570,0,5,108,false,0
5382,0,0,11088480,19030200,7941720,0,17,120,false,0
5383,0,0,11088480,19035350,7946870,0,4,107,false,0
5384,0,0,11088480,19040000,7951520,0,0,93,false,0
5385,0,0,11088480,19044700,7956220,0,0,94,false,0
5386,0,0,11088480,19049850,7961370,0,15,118,false,0
5387,0,0,11088480,19055000,7966520,0,9,112,false,0
5388,0,0,11088480,19060150,7971670,0,3,106,false,0
5389,0,0,11088480,19064350,7975870,0,0,84,false,0
5390,0,0,11088480,19069500,7981020,0,14,117,false,0
5391,0,0,11088480,19073350,7984870,0,0,77,false,0
5392,0,0,11088480,19077800,7989320,0,0,89,false,0
5393,0,0,11088480,19082750,7994270,0,0,99,false,0
5394,0,0,11088480,19087200,7998720,0,0,89,false,0
5395,0,0,11088480,19092050,8003570,0,0,97,false,0
5396,0,0,11088480,19092050,8003570,0,90,90,true,0
5397,0,0,11088480,19092050,8003570,0,116,116,true,0
5398,0,0,11088480,19092050,8003570,0,84,84,true,0
5399,0,0,11088480,19097200,8008720,0,1,104,false,0
5400,0,0,11088480,19101700,8013220,0,0,90,false,0
5401,0,0,11088480,19106850,8018370,0,8,111,false,0
5402,0,0,11088480,19111800,8023320,0,0,99,false,0
5403,0,0,11088480,19116600,8028120,0,0,96,false,0
5404,0,0,11088480,19121750,8033270,0,0,103,false,0
5405,0,0,11088480,19125550,8037070,0,0,76,false,0
5406,0,0,11088480,19130500,8042020,0,0,99,false,0
5407,0,0,11088480,19130500,8042020,0,99,99,true,0
5408,0,0,11195100,19135450,7940350,0,0,99,false,0
5409,0,0,11195100,19140500,7945400,0,0,101,false,0
5410,0,0,11195100,19145600,7950500,0,0,102,false,0
5411,0,0,11195100,19150500,7955400,0,0,98,false,0
5412,0,0,11195100,19155400,7960300,0,0,98,false,0
5413,0,0,11195100,19160100,7965000,0,0,94,false,0
5414,0,0,11195100,19165250,7970150,0,9,112,false,0
5415,0,0,11195100,19170100,7975000,0,0,97,false,0
5416,0,0,11195100,19175250,7980150,0,2,105,false,0
5417,0,0,11195100,19180050,7984950,0,0,96,false,0
5418,0,0,11195100,19184700,7989600,0,0,93,false,0
5419,0,0,11195100,19189800,7994700,0,0,102,false,0
5420,0,0,11195100,19194750,7999650,0,0,99,false,0
5421,0,0,11195100,19194750,7999650,0,106,106,true,0
5422,0,0,11195100,19199750,8004650,0,0,100,false,0
5423,0,0,11195100,19204900,8009800,0,17,120,false,0
5424,0,0,11195100,19209700,8014600,0,0,96,false,0
5425,0,0,11195100,19214350,8019250,0,0,93,false,0
5426,0,0,11195100,19219300,8024200,0,0,99,false,0
5427,0,0,11195100,19224450,8029350,0,1,104,false,0
5428,0,0,11195100,19229600,8034500,0,6,109,false,0
5429,0,0,11195100,19233750,8038650,0,0,83,false,0
5430,0,0,11195100,19238600,8043500,0,0,97,false,0
5431,0,0,11195100,19238600,8043500,0,84,84,true,0
5432,0,0,11195100,19243250,8048150,0,0,93,false,0
5433,0,0,11195100,19247850,8052750,0,0,92,false,0
5434,0,0,11195100,19247850,8052750,0,96,96,true,0
5435,0,0,11195100,19247850,8052750,0,95,95,true,0
5436,0,0,11195100,19247850,8052750,0,111,111,true,0
5437,0,0,11195100,19247850,8052750,0,96,96,true,0
5438,0,0,11195100,19252900,8057800,0,0,101,false,0
5439,0,0,11195100,19257500,8062400,0,0,92,false,0
5440,0,0,11195100,19262650,8067550,0,9,112,false,0
5441,0,0,11195100,19266750,8071650,0,0,82,false,0
5442,0,0,11195100,19266750,8071650,0,91,91,true,0
5443,0,0,11195100,19271450,8076350,0,0,94,false,0
5444,0,0,11195100,19276600,8081500,0,2,105,false,0
5445,0,0,11195100,19281750,8086650,0,0,103,false,0
5446,0,0,11195100,19286900,8091800,0,1,104,false,0
5447,0,0,11195100,19291200,8096100,0,0,86,false,0
5448,0,0,11195100,19296350,8101250,0,15,118,false,0
5449,0,0,11195100,19300950,8105850,0,0,92,false,0
5450,0,0,11195100,19305950,8110850,0,0,100,false,0
5451,0,0,11195100,19305950,8110850,0,90,90,true,0
5452,0,0,11195100,19311100,8116000,0,13,116,false,0
5453,0,0,11195100,19316250,8121150,0,7,110,false,0
5454,0,0,11195100,19321050,8125950,0,0,96,false,0
5455,0,0,11195100,19321050,8125950,0,110,110,true,0
5456,0,0,11195100,19326200,8131100,0,0,103,false,0
5457,0,0,11195100,19331350,8136250,0,6,109,false,0
5458,0,0,11195100,19336100,8141000,0,0,95,false,0
5459,0,0,11195100,19341250,8146150,0,8,111,false,0
5460,0,0,11301720,19345700,8043980,0,0,89,false,0
5461,0,0,11301720,19350650,8048930,0,0,99,false,0
5462,0,0,11301720,19355800,8054080,0,0,103,false,0
5463,0,0,11301720,19360950,8059230,0,9,112,false,0
5464,0,0,11301720,19360950,8059230,0,104,104,true,0
5465,0,0,11301720,19366100,8064380,0,16,119,false,0
5466,0,0,11301720,19371250,8069530,0,8,111,false,0
5467,0,0,11301720,19376250,8074530,0,0,100,false,0
5468,0,0,11301720,19380900,8079180,0,0,93,false,0
5469,0,0,11301720,19384900,8083180,0,0,80,false,0
5470,0,0,11301720,19389450,8087730,0,0,91,false,0
5471,0,0,11301720,19394600,8092880,0,2,105,false,0
5472,0,0,11301720,19399700,8097980,0,0,102,false,0
5473,0,0,11301720,19404400,8102680,0,0,94,false,0
5474,0,0,11301720,19408950,8107230,0,0,91,false,0
5475,0,0,11301720,19408950,8107230,0,113,113,true,0
5476,0,0,11301720,19413850,8112130,0,0,98,false,0
5477,0,0,11301720,19418950,8117230,0,0,102,false,0
5478,0,0,11301720,19423850,8122130,0,0,98,false,0
5479,0,0,11301720,19428800,8127080,0,0,99,false,0
5480,0,0,11301720,19433950,8132230,0,0,103,false,0
5481,0,0,11301720,19438850,8137130,0,0,98,false,0
5482,0,0,11301720,19443850,8142130,0,0,100,false,0
5483,0,0,11301720,19449000,8147280,0,0,103,false,0
5484,0,0,11301720,19453900,8152180,0,0,98,false,0
5485,0,0,11301720,19459050,8157330,0,2,105,false,0
5486,0,0,11301720,19463400,8161680,0,0,87,false,0
5487,0,0,11301720,19468550,8166830,0,1,104,false,0
5488,0,0,11301720,19468550,8166830,0,115,115,true,0
5489,0,0,11301720,19468550,8166830,0,95,95,true,0
5490,0,0,11301720,19468550,8166830,0,93,93,true,0
5491,0,0,11301720,19473150,8171430,0,0,92,false,0
5492,0,0,11301720,19477700,8175980,0,0,91,false,0
5493,0,0,11301720,19482250,8180530,0,0,91,false,0
5494,0,0,11301720,19487300,8185580,0,0,101,false,0
5495,0,0,11301720,19492450,8190730,0,13,116,false,0
5496,0,0,11301720,19497450,8195730,0,0,100,false,0
5497,0,0,11301720,19502100,8200380,0,0,93,false,0
5498,0,0,11301720,19507200,8205480,0,0,102,false,0
5499,0,0,11301720,19512150,8210430,0,0,99,false,0
5500,0,0,11301720,19517200,8215480,0,0,101,false,0
5501,0,0,11301720,19517200,8215480,0,85,85,true,0
5502,0,0,11301720,19517200,8215480,0,101,101,true,0
5503,0,0,11301720,19522350,8220630,0,8,111,false,0
5504,0,0,11301720,19527500,8225780,0,1,104,false,0
5505,0,0,11301720,19532650,8230930,0,4,107,false,0
5506,0,0,11301720,19537550,8235830,0,0,98,false,0
5507,0,0,11301720,19542700,8240980,0,9,112,false,0
5508,0,0,11301720,19547850,8246130,0,24,127,false,0
5509,0,0,11301720,19553000,8251280,0,4,107,false,0
5510,0,0,11301720,19558000,8256280,0,0,100,false,0
5511,0,0,11301720,19563100,8261380,0,0,102,false,0
5512,0,0,11408340,19567750,8159410,0,0,93,false,0
5513,0,0,11408340,19567750,8159410,0,82,82,true,0
5514,0,0,11408340,19567750,8159410,0,93,93,true,0
5515,0,0,11408340,19572450,8164110,0,0,94,false,0
5516,0,0,11408340,19577300,8168960,0,0,97,false,0
5517,0,0,11408340,19581500,8173160,0,0,84,false,0
5518,0,0,11408340,19586550,8178210,0,0,101,false,0
5519,0,0,11408340,19591350,8183010,0,0,96,false,0
5520,0,0,11408340,19596050,8187710,0,0,94,false,0
5521,0,0,11408340,19600900,8192560,0,0,97,false,0
5522,0,0,11408340,19606050,8197710,0,1,104,false,0
5523,0,0,11408340,19611200,8202860,0,14,117,false,0
5524,0,0,11408340,19616300,8207960,0,0,102,false,0
5525,0,0,11408340,19621450,8213110,0,11,114,false,0
5526,0,0,11408340,19626250,8217910,0,0,96,false,0
5527,0,0,11408340,19630900,8222560,0,0,93,false,0
5528,0,0,11408340,19635900,8227560,0,0,100,false,0
5529,0,0,11408340,19640500,8232160,0,0,92,false,0
5530,0,0,11408340,19645450,8237110,0,0,99,false,0
5531,0,0,11408340,19650100,8241760,0,0,93,false,0
5532,0,0,11408340,19655250,8246910,0,8,111,false,0
5533,0,0,11408340,19655250,8246910,0,82,82,true,0
5534,0,0,11408340,19655250,8246910,0,111,111,true,0
5535,0,0,11408340,19655250,8246910,0,132,132,true,0
5536,0,0,11408340,19655250,8246910,0,117,117,true,0
5537,0,0,11408340,19660000,8251660,0,0,95,false,0
5538,0,0,11408340,19665150,8256810,0,3,106,false,0
5539,0,0,11408340,19665150,8256810,0,82,82,true,0
5540,0,0,11408340,19670300,8261960,0,26,129,false,0
5541,0,0,11408340,19675400,8267060,0,0,102,false,0
5542,0,0,11408340,19680400,8272060,0,0,100,false,0
5543,0,0,11408340,19685550,8277210,0,6,109,false,0
5544,0,0,11408340,19690200,8281860,0,0,93,false,0
5545,0,0,11408340,19695350,8287010,0,6,109,false,0
5546,0,0,11408340,19695350,8287010,0,92,92,true,0
5547,0,0,11408340,19699450,8291110,0,0,82,false,0
5548,0,0,11408340,19703800,8295460,0,0,87,false,0
5549,0,0,11408340,19708950,8300610,0,8,111,false,0
5550,0,0,11408340,19714100,8305760,0,6,109,false,0
5551,0,0,11408340,19719250,8310910,0,8,111,false,0
5552,0,0,11408340,19724200,8315860,0,0,99,false,0
5553,0,0,11408340,19729350,8321010,0,2,105,false,0
5554,0,0,11408340,19734500,8326160,0,3,106,false,0
5555,0,0,11408340,19738800,8330460,0,0,86,false,0
5556,0,0,11408340,19743950,8335610,0,10,113,false,0
5557,0,0,11408340,19748350,8340010,0,0,88,false,0
5558,0,0,11408340,19753500,8345160,0,9,112,false,0
5559,0,0,11408340,19753500,8345160,0,97,97,true,0
5560,0,0,11408340,19753500,8345160,0,109,109,true,0
5561,0,0,11408340,19753500,8345160,0,95,95,true,0
5562,0,0,11408340,19753500,8345160,0,110,110,true,0
5563,0,0,11408340,19753500,8345160,0,84,84,true,0
5564,0,0,11514960,19753500,8238540,0,98,98,true,0
5565,0,0,11514960,19758050,8243090,0,0,91,false,0
5566,0,0,11514960,19762000,8247040,0,0,79,false,0
5567,0,0,11514960,19767150,8252190,0,11,114,false,0
5568,0,0,11514960,19771300,8256340,0,0,83,false,0
5569,0,0,11514960,19771300,8256340,0,90,90,true,0
5570,0,0,11514960,19776250,8261290,0,0,99,false,0
5571,0,0,11514960,19780550,8265590,0,0,86,false,0
5572,0,0,11514960,19780550,8265590,0,84,84,true,0
5573,0,0,11514960,19780550,8265590,0,118,118,true,0
5574,0,0,11514960,19780550,8265590,0,108,108,true,0
5575,0,0,11514960,19780550,8265590,0,76,76,true,0
5576,0,0,11514960,19780550,8265590,0,92,92,true,0
5577,0,0,11514960,19785700,8270740,0,12,115,false,0
5578,0,0,11514960,19790850,8275890,0,6,109,false,0
5579,0,0,11514960,19795950,8280990,0,0,102,false,0
5580,0,0,11514960,19801000,8286040,0,0,101,false,0
5581,0,0,11514960,19805950,8290990,0,0,99,false,0
5582,0,0,11514960,19811100,8296140,0,14,117,false,0
5583,0,0,11514960,19816250,8301290,0,6,109,false,0
5584,0,0,11514960,19821050,8306090,0,0,96,false,0
5585,0,0,11514960,19825150,8310190,0,0,82,false,0
5586,0,0,11514960,19825150,8310190,0,99,99,true,0
5587,0,0,11514960,19829500,8314540,0,0,87,false,0
5588,0,0,11514960,19834650,8319690,0,8,111,false,0
5589,0,0,11514960,19834650,8319690,0,73,73,true,0
5590,0,0,11514960,19834650,8319690,0,118,118,true,0
5591,0,0,11514960,19839550,8324590,0,0,98,false,0
5592,0,0,11514960,19844400,8329440,0,0,97,false,0
5593,0,0,11514960,19849550,8334590,0,4,107,false,0
5594,0,0,11514960,19854700,8339740,0,0,103,false,0
5595,0,0,11514960,19859850,8344890,0,6,109,false,0
5596,0,0,11514960,19865000,8350040,0,9,112,false,0
5597,0,0,11514960,19870150,8355190,0,0,103,false,0
5598,0,0,11514960,19875300,8360340,0,15,118,false,0
5599,0,0,11514960,19880300,8365340,0,0,100,false,0
5600,0,0,11514960,19885000,8370040,0,0,94,false,0
5601,0,0,11514960,19889850,8374890,0,0,97,false,0
5602,0,0,11514960,19894350,8379390,0,0,90,false,0
5603,0,0,11514960,19899150,8384190,0,0,96,false,0
5604,0,0,11514960,19904300,8389340,0,3,106,false,0
5605,0,0,11514960,19909400,8394440,0,0,102,false,0
5606,0,0,11514960,19909400,8394440,0,103,103,true,0
5607,0,0,11514960,19909400,8394440,0,92,92,true,0
5608,0,0,11514960,19909400,8394440,0,102,102,true,0
5609,0,0,11514960,19909400,8394440,0,102,102,true,0
5610,0,0,11514960,19914550,8399590,0,5,108,false,0
5611,0,0,11514960,19919600,8404640,0,0,101,false,0
5612,0,0,11514960,19924200,8409240,0,0,92,false,0
5613,0,0,11514960,19929300,8414340,0,0,102,false,0
5614,0,0,11514960,19934450,8419490,0,4,107,false,0
5615,0,0,11514960,19939600,8424640,0,13,116,false,0
5616,0,0,11621580,19944750,8323170,0,14,117,false,0
5617,0,0,11621580,19949700,8328120,0,0,99,false,0
5618,0,0,11621580,19954500,8332920,0,0,96,false,0
5619,0,0,11621580,19959650,8338070,0,17,120,false,0
5620,0,0,11621580,19964250,8342670,0,0,92,false,0
5621,0,0,11621580,19969200,8347620,0,0,99,false,0
5622,0,0,11621580,19974000,8352420,0,0,96,false,0
5623,0,0,11621580,19978750,8357170,0,0,95,false,0
5624,0,0,11621580,19983900,8362320,0,3,106,false,0
5625,0,0,11621580,19988850,8367270,0,0,99,false,0
5626,0,0,11621580,19993650,8372070,0,0,96,false,0
5627,0,0,11621580,19993650,8372070,0,95,95,true,0
5628,0,0,11621580,19993650,8372070,0,103,103,true,0
5629,0,0,11621580,19993650,8372070,0,100,100,true,0
5630,0,0,11621580,19998550,8376970,0,0,98,false,0
5631,0,0,11621580,20003300,8381720,0,0,95,false,0
5632,0,0,11621580,20003300,8381720,0,104,104,true,0
5633,0,0,11621580,20003300,8381720,0,122,122,true,0
5634,0,0,11621580,20003300,8381720,0,105,105,true,0
5635,0,0,11621580,20008450,8386870,0,4,107,false,0
5636,0,0,11621580,20013550,8391970,0,0,102,false,0
5637,0,0,11621580,20018700,8397120,0,2,105,false,0
5638,0,0,11621580,20023600,8402020,0,0,98,false,0
5639,0,0,11621580,20023600,8402020,0,91,91,true,0
5640,0,0,11621580,20023600,8402020,0,112,112,true,0
5641,0,0,11621580,20023600,8402020,0,118,118,true,0
5642,0,0,11621580,20023600,8402020,0,102,102,true,0
5643,0,0,11621580,20028750,8407170,0,1,104,false,0
5644,0,0,11621580,20033300,8411720,0,0,91,false,0
5645,0,0,11621580,20038450,8416870,0,15,118,false,0
5646,0,0,11621580,20042450,8420870,0,0,80,false,0
5647,0,0,11621580,20047500,8425920,0,0,101,false,0
5648,0,0,11621580,20052100,8430520,0,0,92,false,0
5649,0,0,11621580,20056500,8434920,0,0,88,false,0
5650,0,0,11621580,20061600,8440020,0,0,102,false,0
5651,0,0,11621580,20066750,8445170,0,7,110,false,0
5652,0,0,11621580,20066750,8445170,0,88,88,true,0
5653,0,0,11621580,20066750,8445170,0,108,108,true,0
5654,0,0,11621580,20071500,8449920,0,0,95,false,0
5655,0,0,11621580,20076650,8455070,0,1,104,false,0
5656,0,0,11621580,20081750,8460170,0,0,102,false,0
5657,0,0,11621580,20086450,8464870,0,0,94,false,0
5658,0,0,11621580,20086450,8464870,0,84,84,true,0
5659,0,0,11621580,20091350,8469770,0,0,98,false,0
5660,0,0,11621580,20096000,8474420,0,0,93,false,0
5661,0,0,11621580,20101150,8479570,0,4,107,false,0
5662,0,0,11621580,20106300,8484720,0,2,105,false,0
5663,0,0,11621580,20111450,8489870,0,4,107,false,0
5664,0,0,11621580,20115250,8493670,0,0,76,false,0
5665,0,0,11621580,20120000,8498420,0,0,95,false,0
5666,0,0,11621580,20120000,8498420,0,118,118,true,0
5667,0,0,11621580,20124600,8503020,0,0,92,false,0
5668,0,0,11728200,20129050,8400850,0,0,89,false,0
5669,0,0,11728200,20134200,8406000,0,4,107,false,0
5670,0,0,11728200,20138800,8410600,0,0,92,false,0
5671,0,0,11728200,20143950,8415750,0,13,116,false,0
5672,0,0,11728200,20143950,8415750,0,82,82,true,0
5673,0,0,11728200,20143950,8415750,0,104,104,true,0
5674,0,0,11728200,20143950,8415750,0,101,101,true,0
5675,0,0,11728200,20143950,8415750,0,91,91,true,0
5676,0,0,11728200,20143950,8415750,0,88,88,true,0
5677,0,0,11728200,20143950,8415750,0,99,99,true,0
5678,0,0,11728200,20143950,8415750,0,105,105,true,0
5679,0,0,11728200,20143950,8415750,0,95,95,true,0
5680,0,0,11728200,20143950,8415750,0,101,101,true,0
5681,0,0,11728200,20143950,8415750,0,89,89,true,0
5682,0,0,11728200,20143950,8415750,0,113,113,true,0
5683,0,0,11728200,20148800,8420600,0,0,97,false,0
5684,0,0,11728200,20153600,8425400,0,0,96,false,0
5685,0,0,11728200,20157700,8429500,0,0,82,false,0
5686,0,0,11728200,20162600,8434400,0,0,98,false,0
5687,0,0,11728200,20167700,8439500,0,0,102,false,0
5688,0,0,11728200,20167700,8439500,0,102,102,true,0
5689,0,0,11728200,20167700,8439500,0,112,112,true,0
5690,0,0,11728200,20172850,8444650,0,4,107,false,0
5691,0,0,11728200,20177900,8449700,0,0,101,false,0
5692,0,0,11728200,20182200,8454000,0,0,86,false,0
5693,0,0,11728200,20187350,8459150,0,16,119,false,0
5694,0,0,11728200,20192500,8464300,0,15,118,false,0
5695,0,0,11728200,20197300,8469100,0,0,96,false,0
5696,0,0,11728200,20202150,8473950,0,0,97,false,0
5697,0,0,11728200,20207200,8479000,0,0,101,false,0
5698,0,0,11728200,20207200,8479000,0,106,106,true,0
5699,0,0,11728200,20207200,8479000,0,101,101,true,0
5700,0,0,11728200,20207200,8479000,0,100,100,true,0
5701,0,0,11728200,20211750,8483550,0,0,91,false,0
5702,0,0,11728200,20216900,8488700,0,16,119,false,0
5703,0,0,11728200,20216900,8488700,0,97,97,true,0
5704,0,0,11728200,20221750,8493550,0,0,97,false,0
5705,0,0,11728200,20226350,8498150,0,0,92,false,0
5706,0,0,11728200,20231500,8503300,0,2,105,false,0
5707,0,0,11728200,20236650,8508450,0,2,105,false,0
5708,0,0,11728200,20240950,8512750,0,0,86,false,0
5709,0,0,11728200,20246100,8517900,0,0,103,false,0
5710,0,0,11728200,20246100,8517900,0,95,95,true,0
5711,0,0,11728200,20250800,8522600,0,0,94,false,0
5712,0,0,11728200,20255150,8526950,0,0,87,false,0
5713,0,0,11728200,20259150,8530950,0,0,80,false,0
5714,0,0,11728200,20263300,8535100,0,0,83,false,0
5715,0,0,11728200,20268050,8539850,0,0,95,false,0
5716,0,0,11728200,20273200,8545000,0,2,105,false,0
5717,0,0,11728200,20278350,8550150,0,1,104,false,0
5718,0,0,11728200,20283500,8555300,0,7,110,false,0
5719,0,0,11728200,20288650,8560450,0,0,103,false,0
5720,0,0,11834820,20293350,8458530,0,0,94,false,0
5721,0,0,11834820,20297650,8462830,0,0,86,false,0
5722,0,0,11834820,20301900,8467080,0,0,85,false,0
5723,0,0,11834820,20306800,8471980,0,0,98,false,0
5724,0,0,11834820,20311450,8476630,0,0,93,false,0
5725,0,0,11834820,20316600,8481780,0,0,103,false,0
5726,0,0,11834820,20321050,8486230,0,0,89,false,0
5727,0,0,11834820,20326150,8491330,0,0,102,false,0
5728,0,0,11834820,20326150,8491330,0,87,87,true,0
5729,0,0,11834820,20330900,8496080,0,0,95,false,0
5730,0,0,11834820,20334900,8500080,0,0,80,false,0
5731,0,0,11834820,20340000,8505180,0,0,102,false,0
5732,0,0,11834820,20344500,8509680,0,0,90,false,0
5733,0,0,11834820,20349000,8514180,0,0,90,false,0
5734,0,0,11834820,20353800,8518980,0,0,96,false,0
5735,0,0,11834820,20358950,8524130,0,28,131,false,0
5736,0,0,11834820,20363550,8528730,0,0,92,false,0
5737,0,0,11834820,20363550,8528730,0,104,104,true,0
5738,0,0,11834820,20363550,8528730,0,109,109,true,0
5739,0,0,11834820,20363550,8528730,0,102,102,true,0
5740,0,0,11834820,20368400,8533580,0,0,97,false,0
5741,0,0,11834820,20373050,8538230,0,0,93,false,0
5742,0,0,11834820,20378200,8543380,0,6,109,false,0
5743,0,0,11834820,20383200,8548380,0,0,100,false,0
5744,0,0,11834820,20383200,8548380,0,82,82,true,0
5745,0,0,11834820,20383200,8548380,0,102,102,true,0
5746,0,0,11834820,20383200,8548380,0,95,95,true,0
5747,0,0,11834820,20383200,8548380,0,103,103,true,0
5748,0,0,11834820,20383200,8548380,0,90,90,true,0
5749,0,0,11834820,20387050,8552230,0,0,77,false,0
5750,0,0,11834820,20391650,8556830,0,0,92,false,0
5751,0,0,11834820,20396800,8561980,0,0,103,false,0
5752,0,0,11834820,20401950,8567130,0,13,116,false,0
5753,0,0,11834820,20406400,8571580,0,0,89,false,0
5754,0,0,11834820,20411550,8576730,0,3,106,false,0
5755,0,0,11834820,20416000,8581180,0,0,89,false,0
5756,0,0,11834820,20421150,8586330,0,0,103,false,0
5757,0,0,11834820,20426300,8591480,0,16,119,false,0
5758,0,0,11834820,20426300,8591480,0,119,119,true,0
5759,0,0,11834820,20431150,8596330,0,0,97,false,0
5760,0,0,11834820,20436150,8601330,0,0,100,false,0
5761,0,0,11834820,20441200,8606380,0,0,101,false,0
5762,0,0,11834820,20445250,8610430,0,0,81,false,0
5763,0,0,11834820,20450400,8615580,0,15,118,false,0
5764,0,0,11834820,20455100,8620280,0,0,94,false,0
5765,0,0,11834820,20459550,8624730,0,0,89,false,0
5766,0,0,11834820,20464600,8629780,0,0,101,false,0
5767,0,0,11834820,20469500,8634680,0,0,98,false,0
5768,0,0,11834820,20474100,8639280,0,0,92,false,0
5769,0,0,11834820,20478950,8644130,0,0,97,false,0
5770,0,0,11834820,20484100,8649280,0,5,108,false,0
5771,0,0,11834820,20488900,8654080,0,0,96,false,0
5772,0,0,11941440,20493000,8551560,0,0,82,false,0
5773,0,0,11941440,20498150,8556710,0,8,111,false,0
5774,0,0,11941440,20502450,8561010,0,0,86,false,0
5775,0,0,11941440,20507600,8566160,0,5,108,false,0
5776,0,0,11941440,20512500,8571060,0,0,98,false,0
5777,0,0,11941440,20517400,8575960,0,0,98,false,0
5778,0,0,11941440,20517400,8575960,0,98,98,true,0
5779,0,0,11941440,20517400,8575960,0,90,90,true,0
5780,0,0,11941440,20517400,8575960,0,121,121,true,0
5781,0,0,11941440,20522550,8581110,0,0,103,false,0
5782,0,0,11941440,20527700,8586260,0,4,107,false,0
5783,0,0,11941440,20527700,8586260,0,102,102,true,0
5784,0,0,11941440,20527700,8586260,0,106,106,true,0
5785,0,0,11941440,20527700,8586260,0,89,89,true,0
5786,0,0,11941440,20527700,8586260,0,104,104,true,0
5787,0,0,11941440,20532850,8591410,0,2,105,false,0
5788,0,0,11941440,20538000,8596560,0,14,117,false,0
5789,0,0,11941440,20542650,8601210,0,0,93,false,0
5790,0,0,11941440,20542650,8601210,0,104,104,true,0
5791,0,0,11941440,20547750,8606310,0,0,102,false,0
5792,0,0,11941440,20552900,8611460,0,9,112,false,0
5793,0,0,11941440,20552900,8611460,0,99,99,true,0
5794,0,0,11941440,20552900,8611460,0,107,107,true,0
5795,0,0,11941440,20552900,8611460,0,108,108,true,0
5796,0,0,11941440,20552900,8611460,0,94,94,true,0
5797,0,0,11941440,20558050,8616610,0,2,105,false,0
5798,0,0,11941440,20562850,8621410,0,0,96,false,0
5799,0,0,11941440,20567450,8626010,0,0,92,false,0
5800,0,0,11941440,20572600,8631160,0,11,114,false,0
5801,0,0,11941440,20572600,8631160,0,89,89,true,0
5802,0,0,11941440,20577450,8636010,0,0,97,false,0
5803,0,0,11941440,20582600,8641160,0,6,109,false,0
5804,0,0,11941440,20582600,8641160,0,96,96,true,0
5805,0,0,11941440,20582600,8641160,0,97,97,true,0
5806,0,0,11941440,20587100,8645660,0,0,90,false,0
5807,0,0,11941440,20591850,8650410,0,0,95,false,0
5808,0,0,11941440,20596950,8655510,0,0,102,false,0
5809,0,0,11941440,20602100,8660660,0,1,104,false,0
5810,0,0,11941440,20606300,8664860,0,0,84,false,0
5811,0,0,11941440,20610850,8669410,0,0,91,false,0
5812,0,0,11941440,20616000,8674560,0,25,128,false,0
5813,0,0,11941440,20620700,8679260,0,0,94,false,0
5814,0,0,11941440,20625850,8684410,0,14,117,false,0
5815,0,0,11941440,20631000,8689560,0,8,111,false,0
5816,0,0,11941440,20635700,8694260,0,0,94,false,0
5817,0,0,11941440,20640200,8698760,0,0,90,false,0
5818,0,0,11941440,20645350,8703910,0,4,107,false,0
5819,0,0,11941440,20650100,8708660,0,0,95,false,0
5820,0,0,11941440,20650100,8708660,0,112,112,true,0
5821,0,0,11941440,20650100,8708660,0,91,91,true,0
5822,0,0,11941440,20655250,8713810,0,12,115,false,0
5823,0,0,11941440,20660400,8718960,0,21,124,false,0
5824,0,0,12048060,20660400,8612340,0,91,91,true,0
5825,0,0,12048060,20660400,8612340,0,106,106,true,0
5826,0,0,12048060,20660400,8612340,0,96,96,true,0
5827,0,0,12048060,20665550,8617490,0,1,104,false,0
5828,0,0,12048060,20669900,8621840,0,0,87,false,0
5829,0,0,12048060,20669900,8621840,0,99,99,true,0
5830,0,0,12048060,20669900,8621840,0,94,94,true,0
5831,0,0,12048060,20669900,8621840,0,96,96,true,0
5832,0,0,12048060,20669900,8621840,0,104,104,true,0
5833,0,0,12048060,20669900,8621840,0,110,110,true,0
5834,0,0,12048060,20669900,8621840,0,101,101,true,0
5835,0,0,12048060,20669900,8621840,0,107,107,true,0
5836,0,0,12048060,20674300,8626240,0,0,88,false,0
5837,0,0,12048060,20679100,8631040,0,0,96,false,0
5838,0,0,12048060,20684250,8636190,0,0,103,false,0
5839,0,0,12048060,20684250,8636190,0,99,99,true,0
5840,0,0,12048060,20684250,8636190,0,112,112,true,0
5841,0,0,12048060,20689400,8641340,0,11,114,false,0
5842,0,0,12048060,20694550,8646490,0,3,106,false,0
5843,0,0,12048060,20699100,8651040,0,0,91,false,0
5844,0,0,12048060,20699100,8651040,0,93,93,true,0
5845,0,0,12048060,20699100,8651040,0,93,93,true,0
5846,0,0,12048060,20703800,8655740,0,0,94,false,0
5847,0,0,12048060,20708750,8660690,0,0,99,false,0
5848,0,0,12048060,20713500,8665440,0,0,95,false,0
5849,0,0,12048060,20718650,8670590,0,0,103,false,0
5850,0,0,12048060,20723800,8675740,0,11,114,false,0
5851,0,0,12048060,20728150,8680090,0,0,87,false,0
5852,0,0,12048060,20733300,8685240,0,15,118,false,0
5853,0,0,12048060,20738450,8690390,0,12,115,false,0
5854,0,0,12048060,20742950,8694890,0,0,90,false,0
5855,0,0,12048060,20747550,8699490,0,0,92,false,0
5856,0,0,12048060,20752700,8704640,0,4,107,false,0
5857,0,0,12048060,20752700,8704640,0,110,110,true,0
5858,0,0,12048060,20752700,8704640,0,103,103,true,0
5859,0,0,12048060,20752700,8704640,0,110,110,true,0
5860,0,0,12048060,20757800,8709740,0,0,102,false,0
5861,0,0,12048060,20762950,8714890,0,24,127,false,0
5862,0,0,12048060,20766450,8718390,0,0,70,false,0
5863,0,0,12048060,20771050,8722990,0,0,92,false,0
5864,0,0,12048060,20775550,8727490,0,0,90,false,0
5865,0,0,12048060,20775550,8727490,0,88,88,true,0
5866,0,0,12048060,20780700,8732640,0,4,107,false,0
5867,0,0,12048060,20785600,8737540,0,0,98,false,0
5868,0,0,12048060,20790750,8742690,0,11,114,false,0
5869,0,0,12048060,20795700,8747640,0,0,99,false,0
5870,0,0,12048060,20800850,8752790,0,4,107,false,0
5871,0,0,12048060,20805500,8757440,0,0,93,false,0
5872,0,0,12048060,20810000,8761940,0,0,90,false,0
5873,0,0,12048060,20815150,8767090,0,0,103,false,0
5874,0,0,12048060,20815150,8767090,0,93,93,true,0
5875,0,0,12048060,20819900,8771840,0,0,95,false,0
5876,0,0,12154680,20824800,8670120,0,0,98,false,0
5877,0,0,12154680,20829500,8674820,0,0,94,false,0
5878,0,0,12154680,20833750,8679070,0,0,85,false,0
5879,0,0,12154680,20838250,8683570,0,0,90,false,0
5880,0,0,12154680,20842950,8688270,0,0,94,false,0
5881,0,0,12154680,20847150,8692470,0,0,84,false,0
5882,0,0,12154680,20851400,8696720,0,0,85,false,0
5883,0,0,12154680,20855850,8701170,0,0,89,false,0
5884,0,0,12154680,20861000,8706320,0,1,104,false,0
5885,0,0,12154680,20865700,8711020,0,0,94,false,0
5886,0,0,12154680,20870850,8716170,0,6,109,false,0
5887,0,0,12154680,20875200,8720520,0,0,87,false,0
5888,0,0,12154680,20875200,8720520,0,91,91,true,0
5889,0,0,12154680,20880350,8725670,0,3,106,false,0
5890,0,0,12154680,20885500,8730820,0,13,116,false,0
5891,0,0,12154680,20889900,8735220,0,0,88,false,0
5892,0,0,12154680,20889900,8735220,0,115,115,true,0
5893,0,0,12154680,20889900,8735220,0,90,90,true,0
5894,0,0,12154680,20889900,8735220,0,79,79,true,0
5895,0,0,12154680,20889900,8735220,0,102,102,true,0
5896,0,0,12154680,20889900,8735220,0,88,88,true,0
5897,0,0,12154680,20895050,8740370,0,4,107,false,0
5898,0,0,12154680,20900200,8745520,0,1,104,false,0
5899,0,0,12154680,20904950,8750270,0,0,95,false,0
5900,0,0,12154680,20909800,8755120,0,0,97,false,0
5901,0,0,12154680,20914950,8760270,0,2,105,false,0
5902,0,0,12154680,20920100,8765420,0,2,105,false,0
5903,0,0,12154680,20924700,8770020,0,0,92,false,0
5904,0,0,12154680,20929250,8774570,0,0,91,false,0
5905,0,0,12154680,20929250,8774570,0,109,109,true,0
5906,0,0,12154680,20929250,8774570,0,92,92,true,0
5907,0,0,12154680,20929250,8774570,0,98,98,true,0
5908,0,0,12154680,20929250,8774570,0,108,108,true,0
5909,0,0,12154680,20934300,8779620,0,0,101,false,0
5910,0,0,12154680,20939450,8784770,0,8,111,false,0
5911,0,0,12154680,20943450,8788770,0,0,80,false,0
5912,0,0,12154680,20948600,8793920,0,4,107,false,0
5913,0,0,12154680,20953200,8798520,0,0,92,false,0
5914,0,0,12154680,20953200,8798520,0,101,101,true,0
5915,0,0,12154680,20958350,8803670,0,1,104,false,0
5916,0,0,12154680,20962950,8808270,0,0,92,false,0
5917,0,0,12154680,20967700,8813020,0,0,95,false,0
5918,0,0,12154680,20971800,8817120,0,0,82,false,0
5919,0,0,12154680,20976950,8822270,0,12,115,false,0
5920,0,0,12154680,20982100,8827420,0,14,117,false,0
5921,0,0,12154680,20986650,8831970,0,0,91,false,0
5922,0,0,12154680,20991650,8836970,0,0,100,false,0
5923,0,0,12154680,20996800,8842120,0,3,106,false,0
5924,0,0,12154680,21001150,8846470,0,0,87,false,0
5925,0,0,12154680,21001150,8846470,0,92,92,true,0
5926,0,0,12154680,21006300,8851620,0,7,110,false,0
5927,0,0,12154680,21011400,8856720,0,0,102,false,0
5928,0,0,12261300,21016550,8755250,0,14,117,false,0
5929,0,0,12261300,21016550,8755250,0,105,105,true,0
5930,0,0,12261300,21021700,8760400,0,4,107,false,0
5931,0,0,12261300,21026850,8765550,0,2,105,false,0
5932,0,0,12261300,21026850,8765550,0,100,100,true,0
5933,0,0,12261300,21026850,8765550,0,91,91,true,0
5934,0,0,12261300,21031400,8770100,0,0,91,false,0
5935,0,0,12261300,21036550,8775250,0,0,103,false,0
5936,0,0,12261300,21041550,8780250,0,0,100,false,0
5937,0,0,12261300,21045850,8784550,0,0,86,false,0
5938,0,0,12261300,21050150,8788850,0,0,86,false,0
5939,0,0,12261300,21055300,8794000,0,13,116,false,0
5940,0,0,12261300,21060450,8799150,0,8,111,false,0
5941,0,0,12261300,21065600,8804300,0,16,119,false,0
5942,0,0,12261300,21070750,8809450,0,5,108,false,0
5943,0,0,12261300,21075900,8814600,0,11,114,false,0
5944,0,0,12261300,21081050,8819750,0,12,115,false,0
5945,0,0,12261300,21086200,8824900,0,4,107,false,0
5946,0,0,12261300,21091350,8830050,0,10,113,false,0
5947,0,0,12261300,21096250,8834950,0,0,98,false,0
5948,0,0,12261300,21096250,8834950,0,92,92,true,0
5949,0,0,12261300,21100750,8839450,0,0,90,false,0
5950,0,0,12261300,21105900,8844600,0,3,106,false,0
5951,0,0,12261300,21105900,8844600,0,97,97,true,0
5952,0,0,12261300,21110400,8849100,0,0,90,false,0
5953,0,0,12261300,21115550,8854250,0,3,106,false,0
5954,0,0,12261300,21120050,8858750,0,0,90,false,0
5955,0,0,12261300,21120050,8858750,0,94,94,true,0
5956,0,0,12261300,21120050,8858750,0,107,107,true,0
5957,0,0,12261300,21120050,8858750,0,84,84,true,0
5958,0,0,12261300,21124850,8863550,0,0,96,false,0
5959,0,0,12261300,21129550,8868250,0,0,94,false,0
5960,0,0,12261300,21133500,8872200,0,0,79,false,0
5961,0,0,12261300,21133500,8872200,0,95,95,true,0
5962,0,0,12261300,21133500,8872200,0,95,95,true,0
5963,0,0,12261300,21133500,8872200,0,95,95,true,0
5964,0,0,12261300,21138200,8876900,0,0,94,false,0
5965,0,0,12261300,21142850,8881550,0,0,93,false,0
5966,0,0,12261300,21142850,8881550,0,120,120,true,0
5967,0,0,12261300,21148000,8886700,0,5,108,false,0
5968,0,0,12261300,21153150,8891850,0,10,113,false,0
5969,0,0,12261300,21158150,8896850,0,0,100,false,0
5970,0,0,12261300,21162100,8900800,0,0,79,false,0
5971,0,0,12261300,21167250,8905950,0,10,113,false,0
5972,0,0,12261300,21171900,8910600,0,0,93,false,0
5973,0,0,12261300,21177050,8915750,0,3,106,false,0
5974,0,0,12261300,21182200,8920900,0,11,114,false,0
5975,0,0,12261300,21187350,8926050,0,2,105,false,0
5976,0,0,12261300,21187350,8926050,0,85,85,true,0
5977,0,0,12261300,21187350,8926050,0,94,94,true,0
5978,0,0,12261300,21187350,8926050,0,98,98,true,0
5979,0,0,12261300,21187350,8926050,0,93,93,true,0
5980,0,0,12367920,21187350,8819430,0,104,104,true,0
5981,0,0,12367920,21187350,8819430,0,88,88,true,0
5982,0,0,12367920,21192250,8824330,0,0,98,false,0
5983,0,0,12367920,21197400,8829480,0,3,106,false,0
5984,0,0,12367920,21202550,8834630,0,6,109,false,0
5985,0,0,12367920,21207700,8839780,0,11,114,false,0
5986,0,0,12367920,21212400,8844480,0,0,94,false,0
5987,0,0,12367920,21217550,8849630,0,0,103,false,0
5988,0,0,12367920,21222700,8854780,0,4,107,false,0
5989,0,0,12367920,21227850,8859930,0,11,114,false,0
5990,0,0,12367920,21233000,8865080,0,2,105,false,0
5991,0,0,12367920,21233000,8865080,0,93,93,true,0
5992,0,0,12367920,21238150,8870230,0,6,109,false,0
5993,0,0,12367920,21243000,8875080,0,0,97,false,0
5994,0,0,12367920,21247700,8879780,0,0,94,false,0
5995,0,0,12367920,21247700,8879780,0,102,102,true,0
5996,0,0,12367920,21247700,8879780,0,86,86,true,0
5997,0,0,12367920,21251950,8884030,0,0,85,false,0
5998,0,0,12367920,21256850,8888930,0,0,98,false,0
5999,0,0,12367920,21261600,8893680,0,0,95,false,0
6000,0,0,12367920,21261600,8893680,0,84,84,true,0
6001,0,0,12367920,21266750,8898830,0,8,111,false,0
6002,0,0,12367920,21271200,8903280,0,0,89,false,0
6003,0,0,12367920,21276350,8908430,0,2,105,false,0
6004,0,0,12367920,21276350,8908430,0,92,92,true,0
6005,0,0,12367920,21276350,8908430,0,95,95,true,0
6006,0,0,12367920,21276350,8908430,0,78,78,true,0
6007,0,0,12367920,21281250,8913330,0,0,98,false,0
6008,0,0,12367920,21286400,8918480,0,4,107,false,0
6009,0,0,12367920,21291550,8923630,0,5,108,false,0
6010,0,0,12367920,21296100,8928180,0,0,91,false,0
6011,0,0,12367920,21296100,8928180,0,100,100,true,0
6012,0,0,12367920,21300750,8932830,0,0,93,false,0
6013,0,0,12367920,21305900,8937980,0,6,109,false,0
6014,0,0,12367920,21310700,8942780,0,0,96,false,0
6015,0,0,12367920,21315850,8947930,0,11,114,false,0
6016,0,0,12367920,21321000,8953080,0,9,112,false,0
6017,0,0,12367920,21324750,8956830,0,0,75,false,0
6018,0,0,12367920,21329700,8961780,0,0,99,false,0
6019,0,0,12367920,21334850,8966930,0,3,106,false,0
6020,0,0,12367920,21339350,8971430,0,0,90,false,0
6021,0,0,12367920,21344500,8976580,0,9,112,false,0
6022,0,0,12367920,21344500,8976580,0,85,85,true,0
6023,0,0,12367920,21344500,8976580,0,113,113,true,0
6024,0,0,12367920,21344500,8976580,0,98,98,true,0
6025,0,0,12367920,21349400,8981480,0,0,98,false,0
6026,0,0,12367920,21353900,8985980,0,0,90,false,0
6027,0,0,12367920,21359050,8991130,0,6,109,false,0
6028,0,0,12367920,21363450,8995530,0,0,88,false,0
6029,0,0,12367920,21363450,8995530,0,103,103,true,0
6030,0,0,12367920,21367900,8999980,0,0,89,false,0
6031,0,0,12367920,21373050,9005130,0,0,103,false,0
6032,0,0,12474540,21378000,8903460,0,0,99,false,0
6033,0,0,12474540,21383150,8908610,0,6,109,false,0
6034,0,0,12474540,21388300,8913760,0,3,106,false,0
6035,0,0,12474540,21392800,8918260,0,0,90,false,0
6036,0,0,12474540,21397950,8923410,0,18,121,false,0
6037,0,0,12474540,21402450,8927910,0,0,90,false,0
6038,0,0,12474540,21407600,8933060,0,0,103,false,0
6039,0,0,12474540,21412750,8938210,0,9,112,false,0
6040,0,0,12474540,21417350,8942810,0,0,92,false,0
6041,0,0,12474540,21422100,8947560,0,0,95,false,0
6042,0,0,12474540,21427250,8952710,0,4,107,false,0
6043,0,0,12474540,21432200,8957660,0,0,99,false,0
6044,0,0,12474540,21437300,8962760,0,0,102,false,0
6045,0,0,12474540,21442000,8967460,0,0,94,false,0
6046,0,0,12474540,21447050,8972510,0,0,101,false,0
6047,0,0,12474540,21451800,8977260,0,0,95,false,0
6048,0,0,12474540,21456950,8982410,0,9,112,false,0
6049,0,0,12474540,21462100,8987560,0,20,123,false,0
6050,0,0,12474540,21462100,8987560,0,99,99,true,0
6051,0,0,12474540,21466300,8991760,0,0,84,false,0
6052,0,0,12474540,21470850,8996310,0,0,91,false,0
6053,0,0,12474540,21475750,9001210,0,0,98,false,0
6054,0,0,12474540,21480900,9006360,0,0,103,false,0
6055,0,0,12474540,21485900,9011360,0,0,100,false,0
6056,0,0,12474540,21485900,9011360,0,113,113,true,0
6057,0,0,12474540,21491050,9016510,0,4,107,false,0
6058,0,0,12474540,21496200,9021660,0,0,103,false,0
6059,0,0,12474540,21501350,9026810,0,4,107,false,0
6060,0,0,12474540,21506500,9031960,0,4,107,false,0
6061,0,0,12474540,21511650,9037110,0,0,103,false,0
6062,0,0,12474540,21516550,9042010,0,0,98,false,0
6063,0,0,12474540,21521150,9046610,0,0,92,false,0
6064,0,0,12474540,21521150,9046610,0,98,98,true,0
6065,0,0,12474540,21521150,9046610,0,92,92,true,0
6066,0,0,12474540,21521150,9046610,0,106,106,true,0
6067,0,0,12474540,21526300,9051760,0,4,107,false,0
6068,0,0,12474540,21531300,9056760,0,0,100,false,0
6069,0,0,12474540,21536450,9061910,0,1,104,false,0
6070,0,0,12474540,21540900,9066360,0,0,89,false,0
6071,0,0,12474540,21545500,9070960,0,0,92,false,0
6072,0,0,12474540,21550500,9075960,0,0,100,false,0
6073,0,0,12474540,21555050,9080510,0,0,91,false,0
6074,0,0,12474540,21555050,9080510,0,107,107,true,0
6075,0,0,12474540,21559650,9085110,0,0,92,false,0
6076,0,0,12474540,21564350,9089810,0,0,94,false,0
6077,0,0,12474540,21569450,9094910,0,0,102,false,0
6078,0,0,12474540,21574600,9100060,0,13,116,false,0
6079,0,0,12474540,21574600,9100060,0,94,94,true,0
6080,0,0,12474540,21574600,9100060,0,95,95,true,0
6081,0,0,12474540,21579750,9105210,0,4,107,false,0
6082,0,0,12474540,21584900,9110360,0,4,107,false,0
6083,0,0,12474540,21590050,9115510,0,12,115,false,0
6084,0,0,12581160,21594950,9013790,0,0,98,false,0
6085,0,0,12581160,21599900,9018740,0,0,99,false,0
6086,0,0,12581160,21605050,9023890,0,1,104,false,0
6087,0,0,12581160,21609700,9028540,0,0,93,false,0
6088,0,0,12581160,21614850,9033690,0,1,104,false,0
6089,0,0,12581160,21619600,9038440,0,0,95,false,0
6090,0,0,12581160,21624400,9043240,0,0,96,false,0
6091,0,0,12581160,21629550,9048390,0,5,108,false,0
6092,0,0,12581160,21634250,9053090,0,0,94,false,0
6093,0,0,12581160,21639100,9057940,0,0,97,false,0
6094,0,0,12581160,21639100,9057940,0,93,93,true,0
6095,0,0,12581160,21639100,9057940,0,86,86,true,0
6096,0,0,12581160,21639100,9057940,0,79,79,true,0
6097,0,0,12581160,21639100,9057940,0,102,102,true,0
6098,0,0,12581160,21639100,9057940,0,93,93,true,0
6099,0,0,12581160,21639100,9057940,0,92,92,true,0
6100,0,0,12581160,21643650,9062490,0,0,91,false,0
6101,0,0,12581160,21648200,9067040,0,0,91,false,0
6102,0,0,12581160,21652400,9071240,0,0,84,false,0
6103,0,0,12581160,21657250,9076090,0,0,97,false,0
6104,0,0,12581160,21661650,9080490,0,0,88,false,0
6105,0,0,12581160,21666800,9085640,0,3,106,false,0
6106,0,0,12581160,21671600,9090440,0,0,96,false,0
6107,0,0,12581160,21676750,9095590,0,2,105,false,0
6108,0,0,12581160,21676750,9095590,0,94,94,true,0
6109,0,0,12581160,21676750,9095590,0,119,119,true,0
6110,0,0,12581160,21681100,9099940,0,0,87,false,0
6111,0,0,12581160,21686250,9105090,0,0,103,false,0
6112,0,0,12581160,21686250,9105090,0,112,112,true,0
6113,0,0,12581160,21690900,9109740,0,0,93,false,0
6114,0,0,12581160,21696050,9114890,0,15,118,false,0
6115,0,0,12581160,21700550,9119390,0,0,90,false,0
6116,0,0,12581160,21700550,9119390,0,100,100,true,0
6117,0,0,12581160,21705500,9124340,0,0,99,false,0
6118,0,0,12581160,21710250,9129090,0,0,95,false,0
6119,0,0,12581160,21715300,9134140,0,0,101,false,0
6120,0,0,12581160,21715300,9134140,0,123,123,true,0
6121,0,0,12581160,21715300,9134140,0,106,106,true,0
6122,0,0,12581160,21715300,9134140,0,108,108,true,0
6123,0,0,12581160,21715300,9134140,0,97,97,true,0
6124,0,0,12581160,21715300,9134140,0,84,84,true,0
6125,0,0,12581160,21715300,9134140,0,126,126,true,0
6126,0,0,12581160,21720000,9138840,0,0,94,false,0
6127,0,0,12581160,21724050,9142890,0,0,81,false,0
6128,0,0,12581160,21729050,9147890,0,0,100,false,0
6129,0,0,12581160,21733950,9152790,0,0,98,false,0
6130,0,0,12581160,21739100,9157940,0,1,104,false,0
6131,0,0,12581160,21744250,9163090,0,2,105,false,0
6132,0,0,12581160,21749250,9168090,0,0,100,false,0
6133,0,0,12581160,21753850,9172690,0,0,92,false,0
6134,0,0,12581160,21758900,9177740,0,0,101,false,0
6135,0,0,12581160,21763900,9182740,0,0,100,false,0
6136,0,0,12687780,21769050,9081270,0,10,113,false,0
6137,0,0,12687780,21773500,9085720,0,0,89,false,0
6138,0,0,12687780,21777950,9090170,0,0,89,false,0
6139,0,0,12687780,21781850,9094070,0,0,78,false,0
6140,0,0,12687780,21787000,9099220,0,9,112,false,0
6141,0,0,12687780,21792150,9104370,0,12,115,false,0
6142,0,0,12687780,21792150,9104370,0,103,103,true,0
6143,0,0,12687780,21797150,9109370,0,0,100,false,0
6144,0,0,12687780,21802300,9114520,0,5,108,false,0
6145,0,0,12687780,21802300,9114520,0,85,85,true,0
6146,0,0,12687780,21802300,9114520,0,104,104,true,0
6147,0,0,12687780,21802300,9114520,0,96,96,true,0
6148,0,0,12687780,21807450,9119670,0,7,110,false,0
6149,0,0,12687780,21811650,9123870,0,0,84,false,0
6150,0,0,12687780,21816800,9129020,0,5,108,false,0
6151,0,0,12687780,21821750,9133970,0,0,99,false,0
6152,0,0,12687780,21821750,9133970,0,101,101,true,0
6153,0,0,12687780,21826750,9138970,0,0,100,false,0
6154,0,0,12687780,21831900,9144120,0,2,105,false,0
6155,0,0,12687780,21836850,9149070,0,0,99,false,0
6156,0,0,12687780,21841500,9153720,0,0,93,false,0
6157,0,0,12687780,21846650,9158870,0,16,119,false,0
6158,0,0,12687780,21851200,9163420,0,0,91,false,0
6159,0,0,12687780,21856350,9168570,0,17,120,false,0
6160,0,0,12687780,21861100,9173320,0,0,95,false,0
6161,0,0,12687780,21861100,9173320,0,131,131,true,0
6162,0,0,12687780,21861100,9173320,0,106,106,true,0
6163,0,0,12687780,21861100,9173320,0,121,121,true,0
6164,0,0,12687780,21861100,9173320,0,84,84,true,0
6165,0,0,12687780,21861100,9173320,0,94,94,true,0
6166,0,0,12687780,21861100,9173320,0,109,109,true,0
6167,0,0,12687780,21861100,9173320,0,105,105,true,0
6168,0,0,12687780,21861100,9173320,0,91,91,true,0
6169,0,0,12687780,21865550,9177770,0,0,89,false,0
6170,0,0,12687780,21870050,9182270,0,0,90,false,0
6171,0,0,12687780,21870050,9182270,0,102,102,true,0
6172,0,0,12687780,21870050,9182270,0,81,81,true,0
6173,0,0,12687780,21874000,9186220,0,0,79,false,0
6174,0,0,12687780,21879150,9191370,0,16,119,false,0
6175,0,0,12687780,21884300,9196520,0,0,103,false,0
6176,0,0,12687780,21889350,9201570,0,0,101,false,0
6177,0,0,12687780,21894150,9206370,0,0,96,false,0
6178,0,0,12687780,21899300,9211520,0,4,107,false,0
6179,0,0,12687780,21903550,9215770,0,0,85,false,0
6180,0,0,12687780,21903550,9215770,0,112,112,true,0
6181,0,0,12687780,21908700,9220920,0,12,115,false,0
6182,0,0,12687780,21913300,9225520,0,0,92,false,0
6183,0,0,12687780,21918200,9230420,0,0,98,false,0
6184,0,0,12687780,21923150,9235370,0,0,99,false,0
6185,0,0,12687780,21927950,9240170,0,0,96,false,0
6186,0,0,12687780,21932850,9245070,0,0,98,false,0
6187,0,0,12687780,21932850,9245070,0,107,107,true,0
6188,0,0,12794400,21932850,9138450,0,79,79,true,0
6189,0,0,12794400,21938000,9143600,0,4,107,false,0
6190,0,0,12794400,21942850,9148450,0,0,97,false,0
6191,0,0,12794400,21947450,9153050,0,0,92,false,0
6192,0,0,12794400,21951400,9157000,0,0,79,false,0
6193,0,0,12794400,21955800,9161400,0,0,88,false,0
6194,0,0,12794400,21960950,9166550,0,6,109,false,0
6195,0,0,12794400,21960950,9166550,0,105,105,true,0
6196,0,0,12794400,21960950,9166550,0,110,110,true,0
6197,0,0,12794400,21960950,9166550,0,104,104,true,0
6198,0,0,12794400,21965900,9171500,0,0,99,false,0
6199,0,0,12794400,21970650,9176250,0,0,95,false,0
6200,0,0,12794400,21975800,9181400,0,9,112,false,0
6201,0,0,12794400,21980950,9186550,0,1,104,false,0
6202,0,0,12794400,21985650,9191250,0,0,94,false,0
6203,0,0,12794400,21990800,9196400,0,3,106,false,0
6204,0,0,12794400,21994950,9200550,0,0,83,false,0
6205,0,0,12794400,21999200,9204800,0,0,85,false,0
6206,0,0,12794400,22003250,9208850,0,0,81,false,0
6207,0,0,12794400,22008400,9214000,0,9,112,false,0
6208,0,0,12794400,22013150,9218750,0,0,95,false,0
6209,0,0,12794400,22016850,9222450,0,0,74,false,0
6210,0,0,12794400,22022000,9227600,0,2,105,false,0
6211,0,0,12794400,22022000,9227600,0,108,108,true,0
6212,0,0,12794400,22022000,9227600,0,80,80,true,0
6213,0,0,12794400,22027050,9232650,0,0,101,false,0
6214,0,0,12794400,22031200,9236800,0,0,83,false,0
6215,0,0,12794400,22036350,9241950,0,1,104,false,0
6216,0,0,12794400,22041250,9246850,0,0,98,false,0
6217,0,0,12794400,22045650,9251250,0,0,88,false,0
6218,0,0,12794400,22050800,9256400,0,17,120,false,0
6219,0,0,12794400,22055650,9261250,0,0,97,false,0
6220,0,0,12794400,22060800,9266400,0,7,110,false,0
6221,0,0,12794400,22065950,9271550,0,5,108,false,0
6222,0,0,12794400,22071100,9276700,0,7,110,false,0
6223,0,0,12794400,22075950,9281550,0,0,97,false,0
6224,0,0,12794400,22080100,9285700,0,0,83,false,0
6225,0,0,12794400,22084950,9290550,0,0,97,false,0
6226,0,0,12794400,22089300,9294900,0,0,87,false,0
6227,0,0,12794400,22094450,9300050,0,5,108,false,0
6228,0,0,12794400,22099600,9305200,0,8,111,false,0
6229,0,0,12794400,22104750,9310350,0,3,106,false,0
6230,0,0,12794400,22109900,9315500,0,1,104,false,0
6231,0,0,12794400,22115050,9320650,0,3,106,false,0
6232,0,0,12794400,22115050,9320650,0,88,88,true,0
6233,0,0,12794400,22115050,9320650,0,100,100,true,0
6234,0,0,12794400,22119750,9325350,0,0,94,false,0
6235,0,0,12794400,22124350,9329950,0,0,92,false,0
6236,0,0,12794400,22129500,9335100,0,17,120,false,0
6237,0,0,12794400,22132650,9338250,0,0,63,false,0
6238,0,0,12794400,22132650,9338250,0,108,108,true,0
6239,0,0,12794400,22132650,9338250,0,96,96,true,0
6240,0,0,12901020,22137600,9236580,0,0,99,false,0
6241,0,0,12901020,22141800,9240780,0,0,84,false,0
6242,0,0,12901020,22146650,9245630,0,0,97,false,0
6243,0,0,12901020,22151550,9250530,0,0,98,false,0
6244,0,0,12901020,22156700,9255680,0,3,106,false,0
6245,0,0,12901020,22161850,9260830,0,15,118,false,0
6246,0,0,12901020,22166700,9265680,0,0,97,false,0
6247,0,0,12901020,22166700,9265680,0,104,104,true,0
6248,0,0,12901020,22166700,9265680,0,95,95,true,0
6249,0,0,12901020,22171350,9270330,0,0,93,false,0
6250,0,0,12901020,22176500,9275480,0,11,114,false,0
6251,0,0,12901020,22176500,9275480,0,101,101,true,0
6252,0,0,12901020,22176500,9275480,0,94,94,true,0
6253,0,0,12901020,22176500,9275480,0,106,106,true,0
6254,0,0,12901020,22176500,9275480,0,93,93,true,0
6255,0,0,12901020,22181200,9280180,0,0,94,false,0
6256,0,0,12901020,22185600,9284580,0,0,88,false,0
6257,0,0,12901020,22189000,9287980,0,0,68,false,0
6258,0,0,12901020,22192300,9291280,0,0,66,false,0
6259,0,0,12901020,22196800,9295780,0,0,90,false,0
6260,0,0,12901020,22201350,9300330,0,0,91,false,0
6261,0,0,12901020,22206500,9305480,0,7,110,false,0
6262,0,0,12901020,22206500,9305480,0,102,102,true,0
6263,0,0,12901020,22206500,9305480,0,91,91,true,0
6264,0,0,12901020,22211650,9310630,0,2,105,false,0
6265,0,0,12901020,22216800,9315780,0,19,122,false,0
6266,0,0,12901020,22221950,9320930,0,12,115,false,0
6267,0,0,12901020,22227100,9326080,0,16,119,false,0
6268,0,0,12901020,22231700,9330680,0,0,92,false,0
6269,0,0,12901020,22236350,9335330,0,0,93,false,0
6270,0,0,12901020,22241150,9340130,0,0,96,false,0
6271,0,0,12901020,22245550,9344530,0,0,88,false,0
6272,0,0,12901020,22245550,9344530,0,86,86,true,0
6273,0,0,12901020,22245550,9344530,0,85,85,true,0
6274,0,0,12901020,22245550,9344530,0,104,104,true,0
6275,0,0,12901020,22245550,9344530,0,105,105,true,0
6276,0,0,12901020,22249600,9348580,0,0,81,false,0
6277,0,0,12901020,22254750,9353730,0,1,104,false,0
6278,0,0,12901020,22259900,9358880,0,1,104,false,0
6279,0,0,12901020,22265050,9364030,0,12,115,false,0
6280,0,0,12901020,22270150,9369130,0,0,102,false,0
6281,0,0,12901020,22275250,9374230,0,0,102,false,0
6282,0,0,12901020,22279950,9378930,0,0,94,false,0
6283,0,0,12901020,22284350,9383330,0,0,88,false,0
6284,0,0,12901020,22284350,9383330,0,112,112,true,0
6285,0,0,12901020,22284350,9383330,0,86,86,true,0
6286,0,0,12901020,22284350,9383330,0,103,103,true,0
6287,0,0,12901020,22284350,9383330,0,112,112,true,0
6288,0,0,12901020,22284350,9383330,0,106,106,true,0
6289,0,0,12901020,22284350,9383330,0,100,100,true,0
6290,0,0,12901020,22284350,9383330,0,91,91,true,0
6291,0,0,12901020,22284350,9383330,0,117,117,true,0
6292,0,0,13007640,22289500,9281860,0,2,105,false,0
6293,0,0,13007640,22294450,9286810,0,0,99,false,0
6294,0,0,13007640,22299600,9291960,0,2,105,false,0
6295,0,0,13007640,22304750,9297110,0,20,123,false,0
6296,0,0,13007640,22309700,9302060,0,0,99,false,0
6297,0,0,13007640,22309700,9302060,0,104,104,true,0
6298,0,0,13007640,22309700,9302060,0,95,95,true,0
6299,0,0,13007640,22309700,9302060,0,87,87,true,0
6300,0,0,13007640,22314850,9307210,0,1,104,false,0
6301,0,0,13007640,22320000,9312360,0,6,109,false,0
6302,0,0,13007640,22325150,9317510,0,0,103,false,0
6303,0,0,13007640,22330300,9322660,0,0,103,false,0
6304,0,0,13007640,22335450,9327810,0,4,107,false,0
6305,0,0,13007640,22339950,9332310,0,0,90,false,0
6306,0,0,13007640,22339950,9332310,0,100,100,true,0
6307,0,0,13007640,22339950,9332310,0,90,90,true,0
6308,0,0,13007640,22345100,9337460,0,1,104,false,0
6309,0,0,13007640,22349950,9342310,0,0,97,false,0
6310,0,0,13007640,22355100,9347460,0,3,106,false,0
6311,0,0,13007640,22360150,9352510,0,0,101,false,0
6312,0,0,13007640,22365300,9357660,0,5,108,false,0
6313,0,0,13007640,22370450,9362810,0,4,107,false,0
6314,0,0,13007640,22374800,9367160,0,0,87,false,0
6315,0,0,13007640,22379950,9372310,0,5,108,false,0
6316,0,0,13007640,22384350,9376710,0,0,88,false,0
6317,0,0,13007640,22388650,9381010,0,0,86,false,0
6318,0,0,13007640,22393800,9386160,0,4,107,false,0
6319,0,0,13007640,22393800,9386160,0,98,98,true,0
6320,0,0,13007640,22393800,9386160,0,100,100,true,0
6321,0,0,13007640,22398950,9391310,0,8,111,false,0
6322,0,0,13007640,22404050,9396410,0,0,102,false,0
6323,0,0,13007640,22404050,9396410,0,106,106,true,0
6324,0,0,13007640,22408450,9400810,0,0,88,false,0
6325,0,0,13007640,22412500,9404860,0,0,81,false,0
6326,0,0,13007640,22416850,9409210,0,0,87,false,0
6327,0,0,13007640,22422000,9414360,0,16,119,false,0
6328,0,0,13007640,22426750,9419110,0,0,95,false,0
6329,0,0,13007640,22431650,9424010,0,0,98,false,0
6330,0,0,13007640,22436700,9429060,0,0,101,false,0
6331,0,0,13007640,22441750,9434110,0,0,101,false,0
6332,0,0,13007640,22446900,9439260,0,23,126,false,0
6333,0,0,13007640,22446900,9439260,0,90,90,true,0
6334,0,0,13007640,22452050,9444410,0,1,104,false,0
6335,0,0,13007640,22457050,9449410,0,0,100,false,0
6336,0,0,13007640,22457050,9449410,0,110,110,true,0
6337,0,0,13007640,22461950,9454310,0,0,98,false,0
6338,0,0,13007640,22466900,9459260,0,0,99,false,0
6339,0,0,13007640,22471400,9463760,0,0,90,false,0
6340,0,0,13007640,22476450,9468810,0,0,101,false,0
6341,0,0,13007640,22481000,9473360,0,0,91,false,0
6342,0,0,13007640,22486150,9478510,0,3,106,false,0
6343,0,0,13007640,22486150,9478510,0,88,88,true,0
6344,0,0,13114260,22486150,9371890,0,118,118,true,0
6345,0,0,13114260,22491300,9377040,0,1,104,false,0
6346,0,0,13114260,22495250,9380990,0,0,79,false,0
6347,0,0,13114260,22500400,9386140,0,1,104,false,0
6348,0,0,13114260,22505550,9391290,0,6,109,false,0
6349,0,0,13114260,22510550,9396290,0,0,100,false,0
6350,0,0,13114260,22515350,9401090,0,0,96,false,0
6351,0,0,13114260,22520500,9406240,0,11,114,false,0
6352,0,0,13114260,22525100,9410840,0,0,92,false,0
6353,0,0,13114260,22529450,9415190,0,0,87,false,0
6354,0,0,13114260,22534550,9420290,0,0,102,false,0
6355,0,0,13114260,22539700,9425440,0,0,103,false,0
6356,0,0,13114260,22544350,9430090,0,0,93,false,0
6357,0,0,13114260,22548700,9434440,0,0,87,false,0
6358,0,0,13114260,22553150,9438890,0,0,89,false,0
6359,0,0,13114260,22558000,9443740,0,0,97,false,0
6360,0,0,13114260,22563150,9448890,0,2,105,false,0
6361,0,0,13114260,22567400,9453140,0,0,85,false,0
6362,0,0,13114260,22572100,9457840,0,0,94,false,0
6363,0,0,13114260,22577250,9462990,0,9,112,false,0
6364,0,0,13114260,22577250,9462990,0,100,100,true,0
6365,0,0,13114260,22577250,9462990,0,96,96,true,0
6366,0,0,13114260,22582050,9467790,0,0,96,false,0
6367,0,0,13114260,22587000,9472740,0,0,99,false,0
6368,0,0,13114260,22591500,9477240,0,0,90,false,0
6369,0,0,13114260,22591500,9477240,0,107,107,true,0
6370,0,0,13114260,22591500,9477240,0,108,108,true,0
6371,0,0,13114260,22591500,9477240,0,107,107,true,0
6372,0,0,13114260,22591500,9477240,0,85,85,true,0
6373,0,0,13114260,22596650,9482390,0,11,114,false,0
6374,0,0,13114260,22601650,9487390,0,0,100,false,0
6375,0,0,13114260,22606600,9492340,0,0,99,false,0
6376,0,0,13114260,22611750,9497490,0,4,107,false,0
6377,0,0,13114260,22616600,9502340,0,0,97,false,0
6378,0,0,13114260,22621750,9507490,0,6,109,false,0
6379,0,0,13114260,22626900,9512640,0,0,103,false,0
6380,0,0,13114260,22632050,9517790,0,4,107,false,0
6381,0,0,13114260,22637200,9522940,0,4,107,false,0
6382,0,0,13114260,22641400,9527140,0,0,84,false,0
6383,0,0,13114260,22646000,9531740,0,0,92,false,0
6384,0,0,13114260,22651050,9536790,0,0,101,false,0
6385,0,0,13114260,22656050,9541790,0,0,100,false,0
6386,0,0,13114260,22656050,9541790,0,110,110,true,0
6387,0,0,13114260,22661200,9546940,0,4,107,false,0
6388,0,0,13114260,22666350,9552090,0,5,108,false,0
6389,0,0,13114260,22666350,9552090,0,89,89,true,0
6390,0,0,13114260,22671250,9556990,0,0,98,false,0
6391,0,0,13114260,22676200,9561940,0,0,99,false,0
6392,0,0,13114260,22676200,9561940,0,97,97,true,0
6393,0,0,13114260,22676200,9561940,0,107,107,true,0
6394,0,0,13114260,22676200,9561940,0,103,103,true,0
6395,0,0,13114260,22680850,9566590,0,0,93,false,0
6396,0,0,13220880,22686000,9465120,0,11,114,false,0
6397,0,0,13220880,22691150,9470270,0,2,105,false,0
6398,0,0,13220880,22696000,9475120,0,0,97,false,0
6399,0,0,13220880,22700800,9479920,0,0,96,false,0
6400,0,0,13220880,22705900,9485020,0,0,102,false,0
6401,0,0,13220880,22711050,9490170,0,0,103,false,0
6402,0,0,13220880,22715950,9495070,0,0,98,false,0
6403,0,0,13220880,22720800,9499920,0,0,97,false,0
6404,0,0,13220880,22725150,9504270,0,0,87,false,0
6405,0,0,13220880,22729450,9508570,0,0,86,false,0
6406,0,0,13220880,22734500,9513620,0,0,101,false,0
6407,0,0,13220880,22739350,9518470,0,0,97,false,0
6408,0,0,13220880,22744100,9523220,0,0,95,false,0
6409,0,0,13220880,22744100,9523220,0,109,109,true,0
6410,0,0,13220880,22749000,9528120,0,0,98,false,0
6411,0,0,13220880,22754050,9533170,0,0,101,false,0
6412,0,0,13220880,22754050,9533170,0,105,105,true,0
6413,0,0,13220880,22754050,9533170,0,93,93,true,0
6414,0,0,13220880,22754050,9533170,0,91,91,true,0
6415,0,0,13220880,22754050,9533170,0,91,91,true,0
6416,0,0,13220880,22758350,9537470,0,0,86,false,0
6417,0,0,13220880,22763500,9542620,0,8,111,false,0
6418,0,0,13220880,22768650,9547770,0,1,104,false,0
6419,0,0,13220880,22773800,9552920,0,13,116,false,0
6420,0,0,13220880,22778450,9557570,0,0,93,false,0
6421,0,0,13220880,22783600,9562720,0,1,104,false,0
6422,0,0,13220880,22787600,9566720,0,0,80,false,0
6423,0,0,13220880,22787600,9566720,0,97,97,true,0
6424,0,0,13220880,22792250,9571370,0,0,93,false,0
6425,0,0,13220880,22796750,9575870,0,0,90,false,0
6426,0,0,13220880,22796750,9575870,0,103,103,true,0
6427,0,0,13220880,22796750,9575870,0,115,115,true,0
6428,0,0,13220880,22801200,9580320,0,0,89,false,0
6429,0,0,13220880,22806350,9585470,0,1,104,false,0
6430,0,0,13220880,22811300,9590420,0,0,99,false,0
6431,0,0,13220880,22816450,9595570,0,11,114,false,0
6432,0,0,13220880,22820550,9599670,0,0,82,false,0
6433,0,0,13220880,22825150,9604270,0,0,92,false,0
6434,0,0,13220880,22830300,9609420,0,19,122,false,0
6435,0,0,13220880,22830300,9609420,0,110,110,true,0
6436,0,0,13220880,22835050,9614170,0,0,95,false,0
6437,0,0,13220880,22839350,9618470,0,0,86,false,0
6438,0,0,13220880,22844350,9623470,0,0,100,false,0
6439,0,0,13220880,22849500,9628620,0,4,107,false,0
6440,0,0,13220880,22853950,9633070,0,0,89,false,0
6441,0,0,13220880,22859100,9638220,0,0,103,false,0
6442,0,0,13220880,22859100,9638220,0,101,101,true,0
6443,0,0,13220880,22859100,9638220,0,105,105,true,0
6444,0,0,13220880,22864250,9643370,0,0,103,false,0
6445,0,0,13220880,22868900,9648020,0,0,93,false,0
6446,0,0,13220880,22868900,9648020,0,97,97,true,0
6447,0,0,13220880,22874050,9653170,0,3,106,false,0
6448,0,0,13327500,22879200,9551700,0,3,106,false,0
6449,0,0,13327500,22883800,9556300,0,0,92,false,0
6450,0,0,13327500,22888950,9561450,0,5,108,false,0
6451,0,0,13327500,22893500,9566000,0,0,91,false,0
6452,0,0,13327500,22893500,9566000,0,88,88,true,0
6453,0,0,13327500,22893500,9566000,0,85,85,true,0
6454,0,0,13327500,22898650,9571150,0,3,106,false,0
6455,0,0,13327500,22903800,9576300,0,1,104,false,0
6456,0,0,13327500,22908550,9581050,0,0,95,false,0
6457,0,0,13327500,22913450,9585950,0,0,98,false,0
6458,0,0,13327500,22913450,9585950,0,99,99,true,0
6459,0,0,13327500,22913450,9585950,0,103,103,true,0
6460,0,0,13327500,22913450,9585950,0,92,92,true,0
6461,0,0,13327500,22913450,9585950,0,104,104,true,0
6462,0,0,13327500,22913450,9585950,0,120,120,true,0
6463,0,0,13327500,22913450,9585950,0,130,130,true,0
6464,0,0,13327500,22918600,9591100,0,8,111,false,0
6465,0,0,13327500,22923750,9596250,0,10,113,false,0
6466,0,0,13327500,22928900,9601400,0,2,105,false,0
6467,0,0,13327500,22934050,9606550,0,9,112,false,0
6468,0,0,13327500,22939200,9611700,0,4,107,false,0
6469,0,0,13327500,22944100,9616600,0,0,98,false,0
6470,0,0,13327500,22949250,9621750,0,11,114,false,0
6471,0,0,13327500,22953950,9626450,0,0,94,false,0
6472,0,0,13327500,22958100,9630600,0,0,83,false,0
6473,0,0,13327500,22962800,9635300,0,0,94,false,0
6474,0,0,13327500,22967850,9640350,0,0,101,false,0
6475,0,0,13327500,22973000,9645500,0,0,103,false,0
6476,0,0,13327500,22973000,9645500,0,111,111,true,0
6477,0,0,13327500,22973000,9645500,0,96,96,true,0
6478,0,0,13327500,22973000,9645500,0,84,84,true,0
6479,0,0,13327500,22973000,9645500,0,102,102,true,0
6480,0,0,13327500,22973000,9645500,0,96,96,true,0
6481,0,0,13327500,22977200,9649700,0,0,84,false,0
6482,0,0,13327500,22982350,9654850,0,2,105,false,0
6483,0,0,13327500,22987300,9659800,0,0,99,false,0
6484,0,0,13327500,22992200,9664700,0,0,98,false,0
6485,0,0,13327500,22997000,9669500,0,0,96,false,0
6486,0,0,13327500,22997000,9669500,0,85,85,true,0
6487,0,0,13327500,23000800,9673300,0,0,76,false,0
6488,0,0,13327500,23005850,9678350,0,0,101,false,0
6489,0,0,13327500,23010600,9683100,0,0,95,false,0
6490,0,0,13327500,23015350,9687850,0,0,95,false,0
6491,0,0,13327500,23020500,9693000,0,18,121,false,0
6492,0,0,13327500,23025650,9698150,0,9,112,false,0
6493,0,0,13327500,23030350,9702850,0,0,94,false,0
6494,0,0,13327500,23035150,9707650,0,0,96,false,0
6495,0,0,13327500,23035150,9707650,0,104,104,true,0
6496,0,0,13327500,23035150,9707650,0,106,106,true,0
6497,0,0,13327500,23035150,9707650,0,86,86,true,0
6498,0,0,13327500,23035150,9707650,0,93,93,true,0
6499,0,0,13327500,23035150,9707650,0,105,105,true,0
6500,0,0,13434120,23039950,9605830,0,0,96,false,0
6501,0,0,13434120,23044550,9610430,0,0,92,false,0
6502,0,0,13434120,23049100,9614980,0,0,91,false,0
6503,0,0,13434120,23054250,9620130,0,9,112,false,0
6504,0,0,13434120,23059000,9624880,0,0,95,false,0
6505,0,0,13434120,23064150,9630030,0,4,107,false,0
6506,0,0,13434120,23069300,9635180,0,6,109,false,0
6507,0,0,13434120,23069300,9635180,0,98,98,true,0
6508,0,0,13434120,23074350,9640230,0,0,101,false,0
6509,0,0,13434120,23079500,9645380,0,1,104,false,0
6510,0,0,13434120,23084650,9650530,0,4,107,false,0
6511,0,0,13434120,23089800,9655680,0,3,106,false,0
6512,0,0,13434120,23094950,9660830,0,4,107,false,0
6513,0,0,13434120,23100100,9665980,0,0,103,false,0
6514,0,0,13434120,23100100,9665980,0,90,90,true,0
6515,0,0,13434120,23100100,9665980,0,87,87,true,0
6516,0,0,13434120,23100100,9665980,0,81,81,true,0
6517,0,0,13434120,23105250,9671130,0,5,108,false,0
6518,0,0,13434120,23110400,9676280,0,6,109,false,0
6519,0,0,13434120,23115150,9681030,0,0,95,false,0
6520,0,0,13434120,23119450,9685330,0,0,86,false,0
6521,0,0,13434120,23124600,9690480,0,5,108,false,0
6522,0,0,13434120,23129450,9695330,0,0,97,false,0
6523,0,0,13434120,23134600,9700480,0,5,108,false,0
6524,0,0,13434120,23139500,9705380,0,0,98,false,0
6525,0,0,13434120,23143600,9709480,0,0,82,false,0
6526,0,0,13434120,23148750,9714630,0,15,118,false,0
6527,0,0,13434120,23153600,9719480,0,0,97,false,0
6528,0,0,13434120,23158250,9724130,0,0,93,false,0
6529,0,0,13434120,23162650,9728530,0,0,88,false,0
6530,0,0,13434120,23167800,9733680,0,4,107,false,0
6531,0,0,13434120,23172050,9737930,0,0,85,false,0
6532,0,0,13434120,23177000,9742880,0,0,99,false,0
6533,0,0,13434120,23182000,9747880,0,0,100,false,0
6534,0,0,13434120,23187150,9753030,0,10,113,false,0
6535,0,0,13434120,23192150,9758030,0,0,100,false,0
6536,0,0,13434120,23192150,9758030,0,118,118,true,0
6537,0,0,13434120,23192150,9758030,0,142,142,true,0
6538,0,0,13434120,23192150,9758030,0,104,104,true,0
6539,0,0,13434120,23192150,9758030,0,75,75,true,0
6540,0,0,13434120,23192150,9758030,0,97,97,true,0
6541,0,0,13434120,23196900,9762780,0,0,95,false,0
6542,0,0,13434120,23201250,9767130,0,0,87,false,0
6543,0,0,13434120,23206400,9772280,0,2,105,false,0
6544,0,0,13434120,23210600,9776480,0,0,84,false,0
6545,0,0,13434120,23215450,9781330,0,0,97,false,0
6546,0,0,13434120,23220500,9786380,0,0,101,false,0
6547,0,0,13434120,23220500,9786380,0,88,88,true,0
6548,0,0,13434120,23220500,9786380,0,97,97,true,0
6549,0,0,13434120,23224500,9790380,0,0,80,false,0
6550,0,0,13434120,23229300,9795180,0,0,96,false,0
6551,0,0,13434120,23234450,9800330,0,14,117,false,0
6552,0,0,13540740,23239600,9698860,0,3,106,false,0
6553,0,0,13540740,23244750,9704010,0,1,104,false,0
6554,0,0,13540740,23249350,9708610,0,0,92,false,0
6555,0,0,13540740,23254500,9713760,0,3,106,false,0
6556,0,0,13540740,23259650,9718910,0,2,105,false,0
6557,0,0,13540740,23264800,9724060,0,3,106,false,0
6558,0,0,13540740,23269950,9729210,0,14,117,false,0
6559,0,0,13540740,23274800,9734060,0,0,97,false,0
6560,0,0,13540740,23279950,9739210,0,7,110,false,0
6561,0,0,13540740,23284900,9744160,0,0,99,false,0
6562,0,0,13540740,23289800,9749060,0,0,98,false,0
6563,0,0,13540740,23294800,9754060,0,0,100,false,0
6564,0,0,13540740,23299550,9758810,0,0,95,false,0
6565,0,0,13540740,23304600,9763860,0,0,101,false,0
6566,0,0,13540740,23309700,9768960,0,0,102,false,0
6567,0,0,13540740,23314400,9773660,0,0,94,false,0
6568,0,0,13540740,23318800,9778060,0,0,88,false,0
6569,0,0,13540740,23318800,9778060,0,111,111,true,0
6570,0,0,13540740,23318800,9778060,0,89,89,true,0
6571,0,0,13540740,23318800,9778060,0,99,99,true,0
6572,0,0,13540740,23322700,9781960,0,0,78,false,0
6573,0,0,13540740,23327850,9787110,0,14,117,false,0
6574,0,0,13540740,23332800,9792060,0,0,99,false,0
6575,0,0,13540740,23332800,9792060,0,105,105,true,0
6576,0,0,13540740,23337900,9797160,0,0,102,false,0
6577,0,0,13540740,23343050,9802310,0,11,114,false,0
6578,0,0,13540740,23346650,9805910,0,0,72,false,0
6579,0,0,13540740,23351800,9811060,0,0,103,false,0
6580,0,0,13540740,23351800,9811060,0,91,91,true,0
6581,0,0,13540740,23356700,9815960,0,0,98,false,0
6582,0,0,13540740,23361850,9821110,0,18,121,false,0
6583,0,0,13540740,23367000,9826260,0,4,107,false,0
6584,0,0,13540740,23367000,9826260,0,105,105,true,0
6585,0,0,13540740,23371450,9830710,0,0,89,false,0
6586,0,0,13540740,23376450,9835710,0,0,100,false,0
6587,0,0,13540740,23381350,9840610,0,0,98,false,0
6588,0,0,13540740,23386500,9845760,0,7,110,false,0
6589,0,0,13540740,23386500,9845760,0,112,112,true,0
6590,0,0,13540740,23386500,9845760,0,109,109,true,0
6591,0,0,13540740,23386500,9845760,0,101,101,true,0
6592,0,0,13540740,23386500,9845760,0,113,113,true,0
6593,0,0,13540740,23391650,9850910,0,9,112,false,0
6594,0,0,13540740,23396250,9855510,0,0,92,false,0
6595,0,0,13540740,23400750,9860010,0,0,90,false,0
6596,0,0,13540740,23405900,9865160,0,4,107,false,0
6597,0,0,13540740,23410200,9869460,0,0,86,false,0
6598,0,0,13540740,23410200,9869460,0,113,113,true,0
6599,0,0,13540740,23410200,9869460,0,90,90,true,0
6600,0,0,13540740,23414400,9873660,0,0,84,false,0
6601,0,0,13540740,23418350,9877610,0,0,79,false,0
6602,0,0,13540740,23423500,9882760,0,8,111,false,0
6603,0,0,13540740,23428350,9887610,0,0,97,false,0
6604,0,0,13647360,23432500,9785140,0,0,83,false,0
6605,0,0,13647360,23432500,9785140,0,78,78,true,0
6606,0,0,13647360,23432500,9785140,0,99,99,true,0
6607,0,0,13647360,23432500,9785140,0,96,96,true,0
6608,0,0,13647360,23432500,9785140,0,93,93,true,0
6609,0,0,13647360,23432500,9785140,0,83,83,true,0
6610,0,0,13647360,23432500,9785140,0,89,89,true,0
6611,0,0,13647360,23437300,9789940,0,0,96,false,0
6612,0,0,13647360,23442200,9794840,0,0,98,false,0
6613,0,0,13647360,23446900,9799540,0,0,94,false,0
6614,0,0,13647360,23452050,9804690,0,17,120,false,0
6615,0,0,13647360,23456800,9809440,0,0,95,false,0
6616,0,0,13647360,23461950,9814590,0,8,111,false,0
6617,0,0,13647360,23466500,9819140,0,0,91,false,0
6618,0,0,13647360,23470650,9823290,0,0,83,false,0
6619,0,0,13647360,23475800,9828440,0,17,120,false,0
6620,0,0,13647360,23475800,9828440,0,112,112,true,0
6621,0,0,13647360,23475800,9828440,0,109,109,true,0
6622,0,0,13647360,23480950,9833590,0,2,105,false,0
6623,0,0,13647360,23484850,9837490,0,0,78,false,0
6624,0,0,13647360,23489000,9841640,0,0,83,false,0
6625,0,0,13647360,23494150,9846790,0,15,118,false,0
6626,0,0,13647360,23494150,9846790,0,102,102,true,0
6627,0,0,13647360,23499300,9851940,0,10,113,false,0
6628,0,0,13647360,23504050,9856690,0,0,95,false,0
6629,0,0,13647360,23509200,9861840,0,8,111,false,0
6630,0,0,13647360,23514000,9866640,0,0,96,false,0
6631,0,0,13647360,23514000,9866640,0,100,100,true,0
6632,0,0,13647360,23514000,9866640,0,103,103,true,0
6633,0,0,13647360,23518550,9871190,0,0,91,false,0
6634,0,0,13647360,23523000,9875640,0,0,89,false,0
6635,0,0,13647360,23528150,9880790,0,3,106,false,0
6636,0,0,13647360,23533300,9885940,0,2,105,false,0
6637,0,0,13647360,23533300,9885940,0,102,102,true,0
6638,0,0,13647360,23533300,9885940,0,98,98,true,0
6639,0,0,13647360,23533300,9885940,0,98,98,true,0
6640,0,0,13647360,23538450,9891090,0,3,106,false,0
6641,0,0,13647360,23543350,9895990,0,0,98,false,0
6642,0,0,13647360,23548500,9901140,0,0,103,false,0
6643,0,0,13647360,23553650,9906290,0,6,109,false,0
6644,0,0,13647360,23558300,9910940,0,0,93,false,0
6645,0,0,13647360,23563450,9916090,0,8,111,false,0
6646,0,0,13647360,23568300,9920940,0,0,97,false,0
6647,0,0,13647360,23573450,9926090,0,1,104,false,0
6648,0,0,13647360,23577900,9930540,0,0,89,false,0
6649,0,0,13647360,23583000,9935640,0,0,102,false,0
6650,0,0,13647360,23587850,9940490,0,0,97,false,0
6651,0,0,13647360,23593000,9945640,0,7,110,false,0
6652,0,0,13647360,23598150,9950790,0,1,104,false,0
6653,0,0,13647360,23603300,9955940,0,7,110,false,0
6654,0,0,13647360,23608350,9960990,0,0,101,false,0
6655,0,0,13647360,23608350,9960990,0,85,85,true,0
6656,0,0,13753980,23612950,9858970,0,0,92,false,0
6657,0,0,13753980,23617750,9863770,0,0,96,false,0
6658,0,0,13753980,23622900,9868920,0,16,119,false,0
6659,0,0,13753980,23622900,9868920,0,113,113,true,0
6660,0,0,13753980,23622900,9868920,0,107,107,true,0
6661,0,0,13753980,23622900,9868920,0,82,82,true,0
6662,0,0,13753980,23622900,9868920,0,96,96,true,0
6663,0,0,13753980,23628050,9874070,0,1,104,false,0
6664,0,0,13753980,23631950,9877970,0,0,78,false,0
6665,0,0,13753980,23631950,9877970,0,108,108,true,0
6666,0,0,13753980,23631950,9877970,0,111,111,true,0
6667,0,0,13753980,23636850,9882870,0,0,98,false,0
6668,0,0,13753980,23642000,9888020,0,9,112,false,0
6669,0,0,13753980,23646900,9892920,0,0,98,false,0
6670,0,0,13753980,23652050,9898070,0,11,114,false,0
6671,0,0,13753980,23652050,9898070,0,103,103,true,0
6672,0,0,13753980,23656600,9902620,0,0,91,false,0
6673,0,0,13753980,23661650,9907670,0,0,101,false,0
6674,0,0,13753980,23666150,9912170,0,0,90,false,0
6675,0,0,13753980,23670700,9916720,0,0,91,false,0
6676,0,0,13753980,23675450,9921470,0,0,95,false,0
6677,0,0,13753980,23675450,9921470,0,99,99,true,0
6678,0,0,13753980,23675450,9921470,0,90,90,true,0
6679,0,0,13753980,23680350,9926370,0,0,98,false,0
6680,0,0,13753980,23684500,9930520,0,0,83,false,0
6681,0,0,13753980,23689650,9935670,0,0,103,false,0
6682,0,0,13753980,23694600,9940620,0,0,99,false,0
6683,0,0,13753980,23694600,9940620,0,99,99,true,0
6684,0,0,13753980,23694600,9940620,0,92,92,true,0
6685,0,0,13753980,23699600,9945620,0,0,100,false,0
6686,0,0,13753980,23704750,9950770,0,10,113,false,0
6687,0,0,13753980,23708550,9954570,0,0,76,false,0
6688,0,0,13753980,23713700,9959720,0,3,106,false,0
6689,0,0,13753980,23717400,9963420,0,0,74,false,0
6690,0,0,13753980,23721950,9967970,0,0,91,false,0
6691,0,0,13753980,23726650,9972670,0,0,94,false,0
6692,0,0,13753980,23731800,9977820,0,19,122,false,0
6693,0,0,13753980,23736900,9982920,0,0,102,false,0
6694,0,0,13753980,23741900,9987920,0,0,100,false,0
6695,0,0,13753980,23746550,9992570,0,0,93,false,0
6696,0,0,13753980,23746550,9992570,0,90,90,true,0
6697,0,0,13753980,23751700,9997720,0,12,115,false,0
6698,0,0,13753980,23756500,10002520,0,0,96,false,0
6699,0,0,13753980,23761650,10007670,0,4,107,false,0
6700,0,0,13753980,23766800,10012820,0,4,107,false,0
6701,0,0,13753980,23771400,10017420,0,0,92,false,0
6702,0,0,13753980,23776400,10022420,0,0,100,false,0
6703,0,0,13753980,23776400,10022420,0,119,119,true,0
6704,0,0,13753980,23776400,10022420,0,100,100,true,0
6705,0,0,13753980,23781450,10027470,0,0,101,false,0
6706,0,0,13753980,23786150,10032170,0,0,94,false,0
6707,0,0,13753980,23790750,10036770,0,0,92,false,0
6708,0,0,13860600,23795450,9934850,0,0,94,false,0
6709,0,0,13860600,23800600,9940000,0,5,108,false,0
6710,0,0,13860600,23805600,9945000,0,0,100,false,0
6711,0,0,13860600,23809900,9949300,0,0,86,false,0
6712,0,0,13860600,23815050,9954450,0,1,104,false,0
6713,0,0,13860600,23815050,9954450,0,102,102,true,0
6714,0,0,13860600,23820200,9959600,0,6,109,false,0
6715,0,0,13860600,23825300,9964700,0,0,102,false,0
6716,0,0,13860600,23830450,9969850,0,1,104,false,0
6717,0,0,13860600,23830450,9969850,0,94,94,true,0
6718,0,0,13860600,23830450,9969850,0,108,108,true,0
6719,0,0,13860600,23830450,9969850,0,85,85,true,0
6720,0,0,13860600,23830450,9969850,0,93,93,true,0
6721,0,0,13860600,23835100,9974500,0,0,93,false,0
6722,0,0,13860600,23840250,9979650,0,2,105,false,0
6723,0,0,13860600,23845250,9984650,0,0,100,false,0
6724,0,0,13860600,23850050,9989450,0,0,96,false,0
6725,0,0,13860600,23850050,9989450,0,88,88,true,0
6726,0,0,13860600,23850050,9989450,0,93,93,true,0
6727,0,0,13860600,23854800,9994200,0,0,95,false,0
6728,0,0,13860600,23859700,9999100,0,0,98,false,0
6729,0,0,13860600,23864850,10004250,0,5,108,false,0
6730,0,0,13860600,23869750,10009150,0,0,98,false,0
6731,0,0,13860600,23874900,10014300,0,8,111,false,0
6732,0,0,13860600,23874900,10014300,0,101,101,true,0
6733,0,0,13860600,23879700,10019100,0,0,96,false,0
6734,0,0,13860600,23884850,10024250,0,15,118,false,0
6735,0,0,13860600,23889750,10029150,0,0,98,false,0
6736,0,0,13860600,23894050,10033450,0,0,86,false,0
6737,0,0,13860600,23898950,10038350,0,0,98,false,0
6738,0,0,13860600,23898950,10038350,0,97,97,true,0
6739,0,0,13860600,23904050,10043450,0,0,102,false,0
6740,0,0,13860600,23908650,10048050,0,0,92,false,0
6741,0,0,13860600,23913700,10053100,0,0,101,false,0
6742,0,0,13860600,23918550,10057950,0,0,97,false,0
6743,0,0,13860600,23923700,10063100,0,11,114,false,0
6744,0,0,13860600,23928650,10068050,0,0,99,false,0
6745,0,0,13860600,23933100,10072500,0,0,89,false,0
6746,0,0,13860600,23933100,10072500,0,96,96,true,0
6747,0,0,13860600,23933100,10072500,0,94,94,true,0
6748,0,0,13860600,23933100,10072500,0,97,97,true,0
6749,0,0,13860600,23937400,10076800,0,0,86,false,0
6750,0,0,13860600,23942250,10081650,0,0,97,false,0
6751,0,0,13860600,23947300,10086700,0,0,101,false,0
6752,0,0,13860600,23952350,10091750,0,0,101,false,0
6753,0,0,13860600,23952350,10091750,0,75,75,true,0
6754,0,0,13860600,23952350,10091750,0,93,93,true,0
6755,0,0,13860600,23952350,10091750,0,92,92,true,0
6756,0,0,13860600,23952350,10091750,0,105,105,true,0
6757,0,0,13860600,23957500,10096900,0,10,113,false,0
6758,0,0,13860600,23962550,10101950,0,0,101,false,0
6759,0,0,13860600,23962550,10101950,0,101,101,true,0
6760,0,0,13967220,23962550,9995330,0,94,94,true,0
6761,0,0,13967220,23962550,9995330,0,85,85,true,0
6762,0,0,13967220,23962550,9995330,0,96,96,true,0
6763,0,0,13967220,23967700,10000480,0,1,104,false,0
6764,0,0,13967220,23972500,10005280,0,0,96,false,0
6765,0,0,13967220,23972500,10005280,0,92,92,true,0
6766,0,0,13967220,23977500,10010280,0,0,100,false,0
6767,0,0,13967220,23982150,10014930,0,0,93,false,0
6768,0,0,13967220,23987300,10020080,0,1,104,false,0
6769,0,0,13967220,23991500,10024280,0,0,84,false,0
6770,0,0,13967220,23996650,10029430,0,2,105,false,0
6771,0,0,13967220,24000800,10033580,0,0,83,false,0
6772,0,0,13967220,24000800,10033580,0,101,101,true,0
6773,0,0,13967220,24000800,10033580,0,96,96,true,0
6774,0,0,13967220,24000800,10033580,0,105,105,true,0
6775,0,0,13967220,24000800,10033580,0,73,73,true,0
6776,0,0,13967220,24000800,10033580,0,94,94,true,0
6777,0,0,13967220,24005950,10038730,0,13,116,false,0
6778,0,0,13967220,24011100,10043880,0,1,104,false,0
6779,0,0,13967220,24016250,10049030,0,17,120,false,0
6780,0,0,13967220,24016250,10049030,0,88,88,true,0
6781,0,0,13967220,24016250,10049030,0,96,96,true,0
6782,0,0,13967220,24021350,10054130,0,0,102,false,0
6783,0,0,13967220,24026500,10059280,0,6,109,false,0
6784,0,0,13967220,24031650,10064430,0,0,103,false,0
6785,0,0,13967220,24036800,10069580,0,2,105,false,0
6786,0,0,13967220,24036800,10069580,0,97,97,true,0
6787,0,0,13967220,24036800,10069580,0,103,103,true,0
6788,0,0,13967220,24041300,10074080,0,0,90,false,0
6789,0,0,13967220,24046200,10078980,0,0,98,false,0
6790,0,0,13967220,24051350,10084130,0,6,109,false,0
6791,0,0,13967220,24056250,10089030,0,0,98,false,0
6792,0,0,13967220,24061400,10094180,0,6,109,false,0
6793,0,0,13967220,24066350,10099130,0,0,99,false,0
6794,0,0,13967220,24071200,10103980,0,0,97,false,0
6795,0,0,13967220,24071200,10103980,0,97,97,true,0
6796,0,0,13967220,24071200,10103980,0,87,87,true,0
6797,0,0,13967220,24071200,10103980,0,90,90,true,0
6798,0,0,13967220,24071200,10103980,0,100,100,true,0
6799,0,0,13967220,24071200,10103980,0,102,102,true,0
6800,0,0,13967220,24071200,10103980,0,93,93,true,0
6801,0,0,13967220,24071200,10103980,0,104,104,true,0
6802,0,0,13967220,24071200,10103980,0,113,113,true,0
6803,0,0,13967220,24071200,10103980,0,101,101,true,0
6804,0,0,13967220,24071200,10103980,0,104,104,true,0
6805,0,0,13967220,24071200,10103980,0,93,93,true,0
6806,0,0,13967220,24076350,10109130,0,5,108,false,0
6807,0,0,13967220,24081300,10114080,0,0,99,false,0
6808,0,0,13967220,24086150,10118930,0,0,97,false,0
6809,0,0,13967220,24091300,10124080,0,9,112,false,0
6810,0,0,13967220,24095950,10128730,0,0,93,false,0
6811,0,0,13967220,24100150,10132930,0,0,84,false,0
6812,0,0,14073840,24105150,10031310,0,0,100,false,0
6813,0,0,14073840,24109950,10036110,0,0,96,false,0
6814,0,0,14073840,24114800,10040960,0,0,97,false,0
6815,0,0,14073840,24119450,10045610,0,0,93,false,0
6816,0,0,14073840,24124600,10050760,0,3,106,false,0
6817,0,0,14073840,24129750,10055910,0,5,108,false,0
6818,0,0,14073840,24134750,10060910,0,0,100,false,0
6819,0,0,14073840,24139500,10065660,0,0,95,false,0
6820,0,0,14073840,24144600,10070760,0,0,102,false,0
6821,0,0,14073840,24149750,10075910,0,1,104,false,0
6822,0,0,14073840,24154300,10080460,0,0,91,false,0
6823,0,0,14073840,24158700,10084860,0,0,88,false,0
6824,0,0,14073840,24162200,10088360,0,0,70,false,0
6825,0,0,14073840,24166500,10092660,0,0,86,false,0
6826,0,0,14073840,24171000,10097160,0,0,90,false,0
6827,0,0,14073840,24176150,10102310,0,2,105,false,0
6828,0,0,14073840,24176150,10102310,0,114,114,true,0
6829,0,0,14073840,24176150,10102310,0,111,111,true,0
6830,0,0,14073840,24176150,10102310,0,102,102,true,0
6831,0,0,14073840,24176150,10102310,0,98,98,true,0
6832,0,0,14073840,24176150,10102310,0,84,84,true,0
6833,0,0,14073840,24176150,10102310,0,107,107,true,0
6834,0,0,14073840,24176150,10102310,0,111,111,true,0
6835,0,0,14073840,24176150,10102310,0,113,113,true,0
6836,0,0,14073840,24181300,10107460,0,6,109,false,0
6837,0,0,14073840,24185800,10111960,0,0,90,false,0
6838,0,0,14073840,24190600,10116760,0,0,96,false,0
6839,0,0,14073840,24195750,10121910,0,1,104,false,0
6840,0,0,14073840,24200650,10126810,0,0,98,false,0
6841,0,0,14073840,24205650,10131810,0,0,100,false,0
6842,0,0,14073840,24210800,10136960,0,4,107,false,0
6843,0,0,14073840,24215350,10141510,0,0,91,false,0
6844,0,0,14073840,24220300,10146460,0,0,99,false,0
6845,0,0,14073840,24225250,10151410,0,0,99,false,0
6846,0,0,14073840,24230050,10156210,0,0,96,false,0
6847,0,0,14073840,24230050,10156210,0,90,90,true,0
6848,0,0,14073840,24230050,10156210,0,85,85,true,0
6849,0,0,14073840,24230050,10156210,0,98,98,true,0
6850,0,0,14073840,24230050,10156210,0,102,102,true,0
6851,0,0,14073840,24230050,10156210,0,90,90,true,0
6852,0,0,14073840,24230050,10156210,0,97,97,true,0
6853,0,0,14073840,24235200,10161360,0,15,118,false,0
6854,0,0,14073840,24239150,10165310,0,0,79,false,0
6855,0,0,14073840,24244300,10170460,0,4,107,false,0
6856,0,0,14073840,24249450,10175610,0,2,105,false,0
6857,0,0,14073840,24254600,10180760,0,9,112,false,0
6858,0,0,14073840,24254600,10180760,0,99,99,true,0
6859,0,0,14073840,24259750,10185910,0,6,109,false,0
6860,0,0,14073840,24264850,10191010,0,0,102,false,0
6861,0,0,14073840,24270000,10196160,0,0,103,false,0
6862,0,0,14073840,24270000,10196160,0,104,104,true,0
6863,0,0,14073840,24275150,10201310,0,17,120,false,0
6864,0,0,14180460,24280300,10099840,0,12,115,false,0
6865,0,0,14180460,24280300,10099840,0,97,97,true,0
6866,0,0,14180460,24285100,10104640,0,0,96,false,0
6867,0,0,14180460,24290000,10109540,0,0,98,false,0
6868,0,0,14180460,24290000,10109540,0,91,91,true,0
6869,0,0,14180460,24290000,10109540,0,109,109,true,0
6870,0,0,14180460,24290000,10109540,0,108,108,true,0
6871,0,0,14180460,24290000,10109540,0,98,98,true,0
6872,0,0,14180460,24290000,10109540,0,103,103,true,0
6873,0,0,14180460,24295150,10114690,0,19,122,false,0
6874,0,0,14180460,24299450,10118990,0,0,86,false,0
6875,0,0,14180460,24304500,10124040,0,0,101,false,0
6876,0,0,14180460,24304500,10124040,0,86,86,true,0
6877,0,0,14180460,24304500,10124040,0,100,100,true,0
6878,0,0,14180460,24309650,10129190,0,5,108,false,0
6879,0,0,14180460,24314800,10134340,0,0,103,false,0
6880,0,0,14180460,24319650,10139190,0,0,97,false,0
6881,0,0,14180460,24324800,10144340,0,1,104,false,0
6882,0,0,14180460,24329950,10149490,0,12,115,false,0
6883,0,0,14180460,24335100,10154640,0,0,103,false,0
6884,0,0,14180460,24340250,10159790,0,7,110,false,0
6885,0,0,14180460,24345400,10164940,0,5,108,false,0
6886,0,0,14180460,24350550,10170090,0,0,103,false,0
6887,0,0,14180460,24355700,10175240,0,0,103,false,0
6888,0,0,14180460,24355700,10175240,0,78,78,true,0
6889,0,0,14180460,24355700,10175240,0,90,90,true,0
6890,0,0,14180460,24360850,10180390,0,15,118,false,0
6891,0,0,14180460,24365000,10184540,0,0,83,false,0
6892,0,0,14180460,24369900,10189440,0,0,98,false,0
6893,0,0,14180460,24369900,10189440,0,106,106,true,0
6894,0,0,14180460,24374700,10194240,0,0,96,false,0
6895,0,0,14180460,24379850,10199390,0,1,104,false,0
6896,0,0,14180460,24379850,10199390,0,102,102,true,0
6897,0,0,14180460,24379850,10199390,0,97,97,true,0
6898,0,0,14180460,24379850,10199390,0,107,107,true,0
6899,0,0,14180460,24379850,10199390,0,112,112,true,0
6900,0,0,14180460,24379850,10199390,0,102,102,true,0
6901,0,0,14180460,24384900,10204440,0,0,101,false,0
6902,0,0,14180460,24389750,10209290,0,0,97,false,0
6903,0,0,14180460,24389750,10209290,0,111,111,true,0
6904,0,0,14180460,24394100,10213640,0,0,87,false,0
6905,0,0,14180460,24398700,10218240,0,0,92,false,0
6906,0,0,14180460,24403850,10223390,0,1,104,false,0
6907,0,0,14180460,24408450,10227990,0,0,92,false,0
6908,0,0,14180460,24413250,10232790,0,0,96,false,0
6909,0,0,14180460,24417600,10237140,0,0,87,false,0
6910,0,0,14180460,24422400,10241940,0,0,96,false,0
6911,0,0,14180460,24427550,10247090,0,8,111,false,0
6912,0,0,14180460,24432350,10251890,0,0,96,false,0
6913,0,0,14180460,24436300,10255840,0,0,79,false,0
6914,0,0,14180460,24441450,10260990,0,1,104,false,0
6915,0,0,14180460,24446200,10265740,0,0,95,false,0
6916,0,0,14287080,24451350,10164270,0,9,112,false,0
6917,0,0,14287080,24456500,10169420,0,5,108,false,0
6918,0,0,14287080,24456500,10169420,0,117,117,true,0
6919,0,0,14287080,24460900,10173820,0,0,88,false,0
6920,0,0,14287080,24466050,10178970,0,6,109,false,0
6921,0,0,14287080,24466050,10178970,0,117,117,true,0
6922,0,0,14287080,24471200,10184120,0,0,103,false,0
6923,0,0,14287080,24476050,10188970,0,0,97,false,0
6924,0,0,14287080,24476050,10188970,0,100,100,true,0
6925,0,0,14287080,24476050,10188970,0,94,94,true,0
6926,0,0,14287080,24479850,10192770,0,0,76,false,0
6927,0,0,14287080,24484600,10197520,0,0,95,false,0
6928,0,0,14287080,24489100,10202020,0,0,90,false,0
6929,0,0,14287080,24493900,10206820,0,0,96,false,0
6930,0,0,14287080,24498200,10211120,0,0,86,false,0
6931,0,0,14287080,24503350,10216270,0,6,109,false,0
6932,0,0,14287080,24507800,10220720,0,0,89,false,0
6933,0,0,14287080,24511900,10224820,0,0,82,false,0
6934,0,0,14287080,24517050,10229970,0,19,122,false,0
6935,0,0,14287080,24521400,10234320,0,0,87,false,0
6936,0,0,14287080,24526050,10238970,0,0,93,false,0
6937,0,0,14287080,24530550,10243470,0,0,90,false,0
6938,0,0,14287080,24535200,10248120,0,0,93,false,0
6939,0,0,14287080,24540100,10253020,0,0,98,false,0
6940,0,0,14287080,24540100,10253020,0,93,93,true,0
6941,0,0,14287080,24545000,10257920,0,0,98,false,0
6942,0,0,14287080,24550150,10263070,0,0,103,false,0
6943,0,0,14287080,24555300,10268220,0,18,121,false,0
6944,0,0,14287080,24559950,10272870,0,0,93,false,0
6945,0,0,14287080,24559950,10272870,0,109,109,true,0
6946,0,0,14287080,24559950,10272870,0,108,108,true,0
6947,0,0,14287080,24564800,10277720,0,0,97,false,0
6948,0,0,14287080,24569950,10282870,0,2,105,false,0
6949,0,0,14287080,24575100,10288020,0,6,109,false,0
6950,0,0,14287080,24580250,10293170,0,2,105,false,0
6951,0,0,14287080,24585350,10298270,0,0,102,false,0
6952,0,0,14287080,24589800,10302720,0,0,89,false,0
6953,0,0,14287080,24589800,10302720,0,102,102,true,0
6954,0,0,14287080,24594950,10307870,0,7,110,false,0
6955,0,0,14287080,24600100,10313020,0,6,109,false,0
6956,0,0,14287080,24605250,10318170,0,12,115,false,0
6957,0,0,14287080,24610100,10323020,0,0,97,false,0
6958,0,0,14287080,24614350,10327270,0,0,85,false,0
6959,0,0,14287080,24614350,10327270,0,79,79,true,0
6960,0,0,14287080,24619500,10332420,0,12,115,false,0
6961,0,0,14287080,24624650,10337570,0,8,111,false,0
6962,0,0,14287080,24624650,10337570,0,115,115,true,0
6963,0,0,14287080,24624650,10337570,0,94,94,true,0
6964,0,0,14287080,24629600,10342520,0,0,99,false,0
6965,0,0,14287080,24634500,10347420,0,0,98,false,0
6966,0,0,14287080,24639200,10352120,0,0,94,false,0
6967,0,0,14287080,24639200,10352120,0,98,98,true,0
6968,0,0,14393700,24644350,10250650,0,1,104,false,0
6969,0,0,14393700,24648850,10255150,0,0,90,false,0
6970,0,0,14393700,24653500,10259800,0,0,93,false,0
6971,0,0,14393700,24658250,10264550,0,0,95,false,0
6972,0,0,14393700,24662850,10269150,0,0,92,false,0
6973,0,0,14393700,24668000,10274300,0,2,105,false,0
6974,0,0,14393700,24672500,10278800,0,0,90,false,0
6975,0,0,14393700,24677600,10283900,0,0,102,false,0
6976,0,0,14393700,24682400,10288700,0,0,96,false,0
6977,0,0,14393700,24686950,10293250,0,0,91,false,0
6978,0,0,14393700,24691200,10297500,0,0,85,false,0
6979,0,0,14393700,24695250,10301550,0,0,81,false,0
6980,0,0,14393700,24700100,10306400,0,0,97,false,0
6981,0,0,14393700,24704850,10311150,0,0,95,false,0
6982,0,0,14393700,24710000,10316300,0,11,114,false,0
6983,0,0,14393700,24710000,10316300,0,95,95,true,0
6984,0,0,14393700,24715150,10321450,0,1,104,false,0
6985,0,0,14393700,24720300,10326600,0,5,108,false,0
6986,0,0,14393700,24725400,10331700,0,0,102,false,0
6987,0,0,14393700,24730550,10336850,0,0,103,false,0
6988,0,0,14393700,24735700,10342000,0,2,105,false,0
6989,0,0,14393700,24740850,10347150,0,6,109,false,0
6990,0,0,14393700,24744900,10351200,0,0,81,false,0
6991,0,0,14393700,24744900,10351200,0,102,102,true,0
6992,0,0,14393700,24749350,10355650,0,0,89,false,0
6993,0,0,14393700,24753950,10360250,0,0,92,false,0
6994,0,0,14393700,24753950,10360250,0,109,109,true,0
6995,0,0,14393700,24753950,10360250,0,113,113,true,0
6996,0,0,14393700,24753950,10360250,0,95,95,true,0
6997,0,0,14393700,24753950,10360250,0,94,94,true,0
6998,0,0,14393700,24753950,10360250,0,101,101,true,0
6999,0,0,14393700,24753950,10360250,0,109,109,true,0
7000,0,0,14393700,24753950,10360250,0,97,97,true,0
7001,0,0,14393700,24759100,10365400,0,10,113,false,0
7002,0,0,14393700,24763700,10370000,0,0,92,false,0
7003,0,0,14393700,24768700,10375000,0,0,100,false,0
7004,0,0,14393700,24773850,10380150,0,23,126,false,0
7005,0,0,14393700,24779000,10385300,0,2,105,false,0
7006,0,0,14393700,24784150,10390450,0,7,110,false,0
7007,0,0,14393700,24789300,10395600,0,13,116,false,0
7008,0,0,14393700,24793900,10400200,0,0,92,false,0
7009,0,0,14393700,24798750,10405050,0,0,97,false,0
7010,0,0,14393700,24803750,10410050,0,0,100,false,0
7011,0,0,14393700,24808650,10414950,0,0,98,false,0
7012,0,0,14393700,24813450,10419750,0,0,96,false,0
7013,0,0,14393700,24818600,10424900,0,3,106,false,0
7014,0,0,14393700,24823500,10429800,0,0,98,false,0
7015,0,0,14393700,24828300,10434600,0,0,96,false,0
7016,0,0,14393700,24828300,10434600,0,91,91,true,0
7017,0,0,14393700,24828300,10434600,0,82,82,true,0
7018,0,0,14393700,24833450,10439750,0,6,109,false,0
7019,0,0,14393700,24838200,10444500,0,0,95,false,0
7020,0,0,14500320,24838200,10337880,0,97,97,true,0
7021,0,0,14500320,24838200,10337880,0,81,81,true,0
7022,0,0,14500320,24843350,10343030,0,2,105,false,0
7023,0,0,14500320,24848050,10347730,0,0,94,false,0
7024,0,0,14500320,24852800,10352480,0,0,95,false,0
7025,0,0,14500320,24852800,10352480,0,113,113,true,0
7026,0,0,14500320,24852800,10352480,0,89,89,true,0
7027,0,0,14500320,24857850,10357530,0,0,101,false,0
7028,0,0,14500320,24863000,10362680,0,1,104,false,0
7029,0,0,14500320,24867750,10367430,0,0,95,false,0
7030,0,0,14500320,24872900,10372580,0,11,114,false,0
7031,0,0,14500320,24878050,10377730,0,2,105,false,0
7032,0,0,14500320,24882650,10382330,0,0,92,false,0
7033,0,0,14500320,24887100,10386780,0,0,89,false,0
7034,0,0,14500320,24891100,10390780,0,0,80,false,0
7035,0,0,14500320,24895150,10394830,0,0,81,false,0
7036,0,0,14500320,24900300,10399980,0,3,106,false,0
7037,0,0,14500320,24904050,10403730,0,0,75,false,0
7038,0,0,14500320,24908800,10408480,0,0,95,false,0
7039,0,0,14500320,24912950,10412630,0,0,83,false,0
7040,0,0,14500320,24918100,10417780,0,9,112,false,0
7041,0,0,14500320,24918100,10417780,0,92,92,true,0
7042,0,0,14500320,24923250,10422930,0,3,106,false,0
7043,0,0,14500320,24927650,10427330,0,0,88,false,0
7044,0,0,14500320,24932250,10431930,0,0,92,false,0
7045,0,0,14500320,24936950,10436630,0,0,94,false,0
7046,0,0,14500320,24941950,10441630,0,0,100,false,0
7047,0,0,14500320,24946600,10446280,0,0,93,false,0
7048,0,0,14500320,24951200,10450880,0,0,92,false,0
7049,0,0,14500320,24956300,10455980,0,0,102,false,0
7050,0,0,14500320,24960700,10460380,0,0,88,false,0
7051,0,0,14500320,24965850,10465530,0,4,107,false,0
7052,0,0,14500320,24971000,10470680,0,3,106,false,0
7053,0,0,14500320,24971000,10470680,0,121,121,true,0
7054,0,0,14500320,24976150,10475830,0,6,109,false,0
7055,0,0,14500320,24980600,10480280,0,0,89,false,0
7056,0,0,14500320,24985750,10485430,0,3,106,false,0
7057,0,0,14500320,24990450,10490130,0,0,94,false,0
7058,0,0,14500320,24995200,10494880,0,0,95,false,0
7059,0,0,14500320,25000350,10500030,0,3,106,false,0
7060,0,0,14500320,25004500,10504180,0,0,83,false,0
7061,0,0,14500320,25009100,10508780,0,0,92,false,0
7062,0,0,14500320,25014250,10513930,0,2,105,false,0
7063,0,0,14500320,25014250,10513930,0,101,101,true,0
7064,0,0,14500320,25014250,10513930,0,94,94,true,0
7065,0,0,14500320,25018650,10518330,0,0,88,false,0
7066,0,0,14500320,25023400,10523080,0,0,95,false,0
7067,0,0,14500320,25028550,10528230,0,4,107,false,0
7068,0,0,14500320,25033400,10533080,0,0,97,false,0
7069,0,0,14500320,25038550,10538230,0,2,105,false,0
7070,0,0,14500320,25043200,10542880,0,0,93,false,0
7071,0,0,14500320,25047750,10547430,0,0,91,false,0
7072,0,0,14606940,25047750,10440810,0,97,97,true,0
7073,0,0,14606940,25047750,10440810,0,98,98,true,0
7074,0,0,14606940,25047750,10440810,0,87,87,true,0
7075,0,0,14606940,25052550,10445610,0,0,96,false,0
7076,0,0,14606940,25057500,10450560,0,0,99,false,0
7077,0,0,14606940,25062350,10455410,0,0,97,false,0
7078,0,0,14606940,25066600,10459660,0,0,85,false,0
7079,0,0,14606940,25066600,10459660,0,105,105,true,0
7080,0,0,14606940,25066600,10459660,0,90,90,true,0
7081,0,0,14606940,25066600,10459660,0,104,104,true,0
7082,0,0,14606940,25066600,10459660,0,99,99,true,0
7083,0,0,14606940,25071550,10464610,0,0,99,false,0
7084,0,0,14606940,25076700,10469760,0,4,107,false,0
7085,0,0,14606940,25081850,10474910,0,2,105,false,0
7086,0,0,14606940,25086950,10480010,0,0,102,false,0
7087,0,0,14606940,25091850,10484910,0,0,98,false,0
7088,0,0,14606940,25095900,10488960,0,0,81,false,0
7089,0,0,14606940,25100900,10493960,0,0,100,false,0
7090,0,0,14606940,25100900,10493960,0,99,99,true,0
7091,0,0,14606940,25100900,10493960,0,93,93,true,0
7092,0,0,14606940,25100900,10493960,0,91,91,true,0
7093,0,0,14606940,25106050,10499110,0,0,103,false,0
7094,0,0,14606940,25110650,10503710,0,0,92,false,0
7095,0,0,14606940,25110650,10503710,0,98,98,true,0
7096,0,0,14606940,25115450,10508510,0,0,96,false,0
7097,0,0,14606940,25120000,10513060,0,0,91,false,0
7098,0,0,14606940,25125150,10518210,0,0,103,false,0
7099,0,0,14606940,25129800,10522860,0,0,93,false,0
7100,0,0,14606940,25129800,10522860,0,93,93,true,0
7101,0,0,14606940,25129800,10522860,0,103,103,true,0
7102,0,0,14606940,25129800,10522860,0,108,108,true,0
7103,0,0,14606940,25134950,10528010,0,17,120,false,0
7104,0,0,14606940,25139950,10533010,0,0,100,false,0
7105,0,0,14606940,25145100,10538160,0,8,111,false,0
7106,0,0,14606940,25150250,10543310,0,5,108,false,0
7107,0,0,14606940,25150250,10543310,0,80,80,true,0
7108,0,0,14606940,25150250,10543310,0,108,108,true,0
7109,0,0,14606940,25155150,10548210,0,0,98,false,0
7110,0,0,14606940,25160050,10553110,0,0,98,false,0
7111,0,0,14606940,25164950,10558010,0,0,98,false,0
7112,0,0,14606940,25169550,10562610,0,0,92,false,0
7113,0,0,14606940,25174500,10567560,0,0,99,false,0
7114,0,0,14606940,25178700,10571760,0,0,84,false,0
7115,0,0,14606940,25183200,10576260,0,0,90,false,0
7116,0,0,14606940,25187750,10580810,0,0,91,false,0
7117,0,0,14606940,25192900,10585960,0,4,107,false,0
7118,0,0,14606940,25198050,10591110,0,2,105,false,0
7119,0,0,14606940,25203200,10596260,0,2,105,false,0
7120,0,0,14606940,25208350,10601410,0,3,106,false,0
7121,0,0,14606940,25213500,10606560,0,5,108,false,0
7122,0,0,14606940,25217850,10610910,0,0,87,false,0
7123,0,0,14606940,25222350,10615410,0,0,90,false,0
7124,0,0,14713560,25222350,10508790,0,108,108,true,0
7125,0,0,14713560,25222350,10508790,0,85,85,true,0
7126,0,0,14713560,25222350,10508790,0,101,101,true,0
7127,0,0,14713560,25222350,10508790,0,97,97,true,0
7128,0,0,14713560,25227500,10513940,0,9,112,false,0
7129,0,0,14713560,25232650,10519090,0,2,105,false,0
7130,0,0,14713560,25236750,10523190,0,0,82,false,0
7131,0,0,14713560,25241900,10528340,0,6,109,false,0
7132,0,0,14713560,25246700,10533140,0,0,96,false,0
7133,0,0,14713560,25251850,10538290,0,9,112,false,0
7134,0,0,14713560,25251850,10538290,0,98,98,true,0
7135,0,0,14713560,25256600,10543040,0,0,95,false,0
7136,0,0,14713560,25261150,10547590,0,0,91,false,0
7137,0,0,14713560,25261150,10547590,0,101,101,true,0
7138,0,0,14713560,25261150,10547590,0,120,120,true,0
7139,0,0,14713560,25261150,10547590,0,82,82,true,0
7140,0,0,14713560,25261150,10547590,0,88,88,true,0
7141,0,0,14713560,25266000,10552440,0,0,97,false,0
7142,0,0,14713560,25270500,10556940,0,0,90,false,0
7143,0,0,14713560,25275650,10562090,0,0,103,false,0
7144,0,0,14713560,25280500,10566940,0,0,97,false,0
7145,0,0,14713560,25285650,10572090,0,3,106,false,0
7146,0,0,14713560,25285650,10572090,0,89,89,true,0
7147,0,0,14713560,25285650,10572090,0,91,91,true,0
7148,0,0,14713560,25285650,10572090,0,104,104,true,0
7149,0,0,14713560,25290450,10576890,0,0,96,false,0
7150,0,0,14713560,25295600,10582040,0,3,106,false,0
7151,0,0,14713560,25300600,10587040,0,0,100,false,0
7152,0,0,14713560,25300600,10587040,0,84,84,true,0
7153,0,0,14713560,25300600,10587040,0,103,103,true,0
7154,0,0,14713560,25300600,10587040,0,109,109,true,0
7155,0,0,14713560,25305750,10592190,0,1,104,false,0
7156,0,0,14713560,25310550,10596990,0,0,96,false,0
7157,0,0,14713560,25310550,10596990,0,103,103,true,0
7158,0,0,14713560,25315700,10602140,0,2,105,false,0
7159,0,0,14713560,25320750,10607190,0,0,101,false,0
7160,0,0,14713560,25325900,10612340,0,3,106,false,0
7161,0,0,14713560,25331000,10617440,0,0,102,false,0
7162,0,0,14713560,25335350,10621790,0,0,87,false,0
7163,0,0,14713560,25339850,10626290,0,0,90,false,0
7164,0,0,14713560,25345000,10631440,0,11,114,false,0
7165,0,0,14713560,25345000,10631440,0,110,110,true,0
7166,0,0,14713560,25350150,10636590,0,12,115,false,0
7167,0,0,14713560,25355000,10641440,0,0,97,false,0
7168,0,0,14713560,25359700,10646140,0,0,94,false,0
7169,0,0,14713560,25364550,10650990,0,0,97,false,0
7170,0,0,14713560,25368900,10655340,0,0,87,false,0
7171,0,0,14713560,25374050,10660490,0,8,111,false,0
7172,0,0,14713560,25378600,10665040,0,0,91,false,0
7173,0,0,14713560,25383750,10670190,0,9,112,false,0
7174,0,0,14713560,25388900,10675340,0,9,112,false,0
7175,0,0,14713560,25393850,10680290,0,0,99,false,0
7176,0,0,14820180,25393850,10573670,0,110,110,true,0
7177,0,0,14820180,25393850,10573670,0,97,97,true,0
7178,0,0,14820180,25393850,10573670,0,97,97,true,0
7179,0,0,14820180,25393850,10573670,0,97,97,true,0
7180,0,0,14820180,25398700,10578520,0,0,97,false,0
7181,0,0,14820180,25403850,10583670,0,5,108,false,0
7182,0,0,14820180,25408250,10588070,0,0,88,false,0
7183,0,0,14820180,25413400,10593220,0,7,110,false,0
7184,0,0,14820180,25418000,10597820,0,0,92,false,0
7185,0,0,14820180,25423150,10602970,0,15,118,false,0
7186,0,0,14820180,25423150,10602970,0,107,107,true,0
7187,0,0,14820180,25428100,10607920,0,0,99,false,0
7188,0,0,14820180,25433250,10613070,0,4,107,false,0
7189,0,0,14820180,25438400,10618220,0,25,128,false,0
7190,0,0,14820180,25442400,10622220,0,0,80,false,0
7191,0,0,14820180,25447200,10627020,0,0,96,false,0
7192,0,0,14820180,25452200,10632020,0,0,100,false,0
7193,0,0,14820180,25457250,10637070,0,0,101,false,0
7194,0,0,14820180,25462050,10641870,0,0,96,false,0
7195,0,0,14820180,25462050,10641870,0,97,97,true,0
7196,0,0,14820180,25467150,10646970,0,0,102,false,0
7197,0,0,14820180,25472100,10651920,0,0,99,false,0
7198,0,0,14820180,25476150,10655970,0,0,81,false,0
7199,0,0,14820180,25481300,10661120,0,4,107,false,0
7200,0,0,14820180,25486450,10666270,0,13,116,false,0
7201,0,0,14820180,25491450,10671270,0,0,100,false,0
7202,0,0,14820180,25491450,10671270,0,108,108,true,0
7203,0,0,14820180,25496350,10676170,0,0,98,false,0
7204,0,0,14820180,25500950,10680770,0,0,92,false,0
7205,0,0,14820180,25505250,10685070,0,0,86,false,0
7206,0,0,14820180,25510100,10689920,0,0,97,false,0
7207,0,0,14820180,25515250,10695070,0,5,108,false,0
7208,0,0,14820180,25519700,10699520,0,0,89,false,0
7209,0,0,14820180,25523950,10703770,0,0,85,false,0
7210,0,0,14820180,25529100,10708920,0,4,107,false,0
7211,0,0,14820180,25533350,10713170,0,0,85,false,0
7212,0,0,14820180,25537950,10717770,0,0,92,false,0
7213,0,0,14820180,25542800,10722620,0,0,97,false,0
7214,0,0,14820180,25542800,10722620,0,100,100,true,0
7215,0,0,14820180,25547950,10727770,0,1,104,false,0
7216,0,0,14820180,25553100,10732920,0,1,104,false,0
7217,0,0,14820180,25557650,10737470,0,0,91,false,0
7218,0,0,14820180,25562750,10742570,0,0,102,false,0
7219,0,0,14820180,25567600,10747420,0,0,97,false,0
7220,0,0,14820180,25572550,10752370,0,0,99,false,0
7221,0,0,14820180,25572550,10752370,0,97,97,true,0
7222,0,0,14820180,25577150,10756970,0,0,92,false,0
7223,0,0,14820180,25582300,10762120,0,15,118,false,0
7224,0,0,14820180,25586900,10766720,0,0,92,false,0
7225,0,0,14820180,25591350,10771170,0,0,89,false,0
7226,0,0,14820180,25595650,10775470,0,0,86,false,0
7227,0,0,14820180,25595650,10775470,0,110,110,true,0
7228,0,0,14926800,25595650,10668850,0,100,100,true,0
7229,0,0,14926800,25595650,10668850,0,94,94,true,0
7230,0,0,14926800,25595650,10668850,0,98,98,true,0
7231,0,0,14926800,25595650,10668850,0,109,109,true,0
7232,0,0,14926800,25595650,10668850,0,95,95,true,0
7233,0,0,14926800,25600800,10674000,0,2,105,false,0
7234,0,0,14926800,25605600,10678800,0,0,96,false,0
7235,0,0,14926800,25605600,10678800,0,107,107,true,0
7236,0,0,14926800,25605600,10678800,0,98,98,true,0
7237,0,0,14926800,25605600,10678800,0,103,103,true,0
7238,0,0,14926800,25610050,10683250,0,0,89,false,0
7239,0,0,14926800,25614800,10688000,0,0,95,false,0
7240,0,0,14926800,25619400,10692600,0,0,92,false,0
7241,0,0,14926800,25624500,10697700,0,0,102,false,0
7242,0,0,14926800,25628400,10701600,0,0,78,false,0
7243,0,0,14926800,25628400,10701600,0,117,117,true,0
7244,0,0,14926800,25628400,10701600,0,97,97,true,0
7245,0,0,14926800,25633550,10706750,0,0,103,false,0
7246,0,0,14926800,25638450,10711650,0,0,98,false,0
7247,0,0,14926800,25643600,10716800,0,8,111,false,0
7248,0,0,14926800,25648400,10721600,0,0,96,false,0
7249,0,0,14926800,25652250,10725450,0,0,77,false,0
7250,0,0,14926800,25657150,10730350,0,0,98,false,0
7251,0,0,14926800,25661550,10734750,0,0,88,false,0
7252,0,0,14926800,25661550,10734750,0,108,108,true,0
7253,0,0,14926800,25661550,10734750,0,104,104,true,0
7254,0,0,14926800,25661550,10734750,0,110,110,true,0
7255,0,0,14926800,25661550,10734750,0,95,95,true,0
7256,0,0,14926800,25666700,10739900,0,9,112,false,0
7257,0,0,14926800,25671300,10744500,0,0,92,false,0
7258,0,0,14926800,25676450,10749650,0,4,107,false,0
7259,0,0,14926800,25681600,10754800,0,8,111,false,0
7260,0,0,14926800,25685950,10759150,0,0,87,false,0
7261,0,0,14926800,25691100,10764300,0,4,107,false,0
7262,0,0,14926800,25691100,10764300,0,94,94,true,0
7263,0,0,14926800,25691100,10764300,0,103,103,true,0
7264,0,0,14926800,25691100,10764300,0,103,103,true,0
7265,0,0,14926800,25691100,10764300,0,88,88,true,0
7266,0,0,14926800,25691100,10764300,0,92,92,true,0
7267,0,0,14926800,25695800,10769000,0,0,94,false,0
7268,0,0,14926800,25700050,10773250,0,0,85,false,0
7269,0,0,14926800,25704000,10777200,0,0,79,false,0
7270,0,0,14926800,25708900,10782100,0,0,98,false,0
7271,0,0,14926800,25713400,10786600,0,0,90,false,0
7272,0,0,14926800,25713400,10786600,0,106,106,true,0
7273,0,0,14926800,25718150,10791350,0,0,95,false,0
7274,0,0,14926800,25723300,10796500,0,2,105,false,0
7275,0,0,14926800,25723300,10796500,0,96,96,true,0
7276,0,0,14926800,25723300,10796500,0,75,75,true,0
7277,0,0,14926800,25723300,10796500,0,79,79,true,0
7278,0,0,14926800,25723300,10796500,0,116,116,true,0
7279,0,0,14926800,25723300,10796500,0,110,110,true,0
7280,0,0,15033420,25723300,10689880,0,108,108,true,0
7281,0,0,15033420,25723300,10689880,0,94,94,true,0
7282,0,0,15033420,25723300,10689880,0,100,100,true,0
7283,0,0,15033420,25727550,10694130,0,0,85,false,0
7284,0,0,15033420,25731950,10698530,0,0,88,false,0
7285,0,0,15033420,25731950,10698530,0,101,101,true,0
7286,0,0,15033420,25737050,10703630,0,0,102,false,0
7287,0,0,15033420,25742200,10708780,0,10,113,false,0
7288,0,0,15033420,25746200,10712780,0,0,80,false,0
7289,0,0,15033420,25751350,10717930,0,7,110,false,0
7290,0,0,15033420,25756100,10722680,0,0,95,false,0
7291,0,0,15033420,25756100,10722680,0,94,94,true,0
7292,0,0,15033420,25756100,10722680,0,89,89,true,0
7293,0,0,15033420,25756100,10722680,0,100,100,true,0
7294,0,0,15033420,25756100,10722680,0,104,104,true,0
7295,0,0,15033420,25756100,10722680,0,92,92,true,0
7296,0,0,15033420,25756100,10722680,0,94,94,true,0
7297,0,0,15033420,25761250,10727830,0,27,130,false,0
7298,0,0,15033420,25765700,10732280,0,0,89,false,0
7299,0,0,15033420,25770550,10737130,0,0,97,false,0
7300,0,0,15033420,25775700,10742280,0,14,117,false,0
7301,0,0,15033420,25780400,10746980,0,0,94,false,0
7302,0,0,15033420,25780400,10746980,0,96,96,true,0
7303,0,0,15033420,25780400,10746980,0,111,111,true,0
7304,0,0,15033420,25780400,10746980,0,78,78,true,0
7305,0,0,15033420,25780400,10746980,0,91,91,true,0
7306,0,0,15033420,25780400,10746980,0,84,84,true,0
7307,0,0,15033420,25780400,10746980,0,86,86,true,0
7308,0,0,15033420,25785550,10752130,0,0,103,false,0
7309,0,0,15033420,25790500,10757080,0,0,99,false,0
7310,0,0,15033420,25795650,10762230,0,8,111,false,0
7311,0,0,15033420,25795650,10762230,0,103,103,true,0
7312,0,0,15033420,25795650,10762230,0,95,95,true,0
7313,0,0,15033420,25800250,10766830,0,0,92,false,0
7314,0,0,15033420,25805400,10771980,0,3,106,false,0
7315,0,0,15033420,25810500,10777080,0,0,102,false,0
7316,0,0,15033420,25815650,10782230,0,6,109,false,0
7317,0,0,15033420,25820500,10787080,0,0,97,false,0
7318,0,0,15033420,25825650,10792230,0,1,104,false,0
7319,0,0,15033420,25830150,10796730,0,0,90,false,0
7320,0,0,15033420,25835250,10801830,0,0,102,false,0
7321,0,0,15033420,25839550,10806130,0,0,86,false,0
7322,0,0,15033420,25844500,10811080,0,0,99,false,0
7323,0,0,15033420,25848950,10815530,0,0,89,false,0
7324,0,0,15033420,25848950,10815530,0,86,86,true,0
7325,0,0,15033420,25853750,10820330,0,0,96,false,0
7326,0,0,15033420,25858550,10825130,0,0,96,false,0
7327,0,0,15033420,25863700,10830280,0,1,104,false,0
7328,0,0,15033420,25867900,10834480,0,0,84,false,0
7329,0,0,15033420,25873050,10839630,0,4,107,false,0
7330,0,0,15033420,25878050,10844630,0,0,100,false,0
7331,0,0,15033420,25883200,10849780,0,28,131,false,0
7332,0,0,15140040,25887650,10747610,0,0,89,false,0
7333,0,0,15140040,25891700,10751660,0,0,81,false,0
7334,0,0,15140040,25896850,10756810,0,6,109,false,0
7335,0,0,15140040,25901300,10761260,0,0,89,false,0
7336,0,0,15140040,25906450,10766410,0,1,104,false,0
7337,0,0,15140040,25911050,10771010,0,0,92,false,0
7338,0,0,15140040,25916200,10776160,0,1,104,false,0
7339,0,0,15140040,25920850,10780810,0,0,93,false,0
7340,0,0,15140040,25925650,10785610,0,0,96,false,0
7341,0,0,15140040,25930300,10790260,0,0,93,false,0
7342,0,0,15140040,25935350,10795310,0,0,101,false,0
7343,0,0,15140040,25939900,10799860,0,0,91,false,0
7344,0,0,15140040,25945050,10805010,0,8,111,false,0
7345,0,0,15140040,25950200,10810160,0,6,109,false,0
7346,0,0,15140040,25955350,10815310,0,1,104,false,0
7347,0,0,15140040,25955350,10815310,0,108,108,true,0
7348,0,0,15140040,25959950,10819910,0,0,92,false,0
7349,0,0,15140040,25964350,10824310,0,0,88,false,0
7350,0,0,15140040,25964350,10824310,0,98,98,true,0
7351,0,0,15140040,25964350,10824310,0,97,97,true,0
7352,0,0,15140040,25969500,10829460,0,6,109,false,0
7353,0,0,15140040,25974450,10834410,0,0,99,false,0
7354,0,0,15140040,25978550,10838510,0,0,82,false,0
7355,0,0,15140040,25983700,10843660,0,11,114,false,0
7356,0,0,15140040,25983700,10843660,0,101,101,true,0
7357,0,0,15140040,25983700,10843660,0,107,107,true,0
7358,0,0,15140040,25988850,10848810,0,3,106,false,0
7359,0,0,15140040,25993900,10853860,0,0,101,false,0
7360,0,0,15140040,25998950,10858910,0,0,101,false,0
7361,0,0,15140040,26004050,10864010,0,0,102,false,0
7362,0,0,15140040,26009200,10869160,0,1,104,false,0
7363,0,0,15140040,26014050,10874010,0,0,97,false,0
7364,0,0,15140040,26019200,10879160,0,0,103,false,0
7365,0,0,15140040,26024200,10884160,0,0,100,false,0
7366,0,0,15140040,26029050,10889010,0,0,97,false,0
7367,0,0,15140040,26029050,10889010,0,102,102,true,0
7368,0,0,15140040,26029050,10889010,0,102,102,true,0
7369,0,0,15140040,26029050,10889010,0,125,125,true,0
7370,0,0,15140040,26029050,10889010,0,94,94,true,0
7371,0,0,15140040,26034200,10894160,0,13,116,false,0
7372,0,0,15140040,26039350,10899310,0,6,109,false,0
7373,0,0,15140040,26044500,10904460,0,5,108,false,0
7374,0,0,15140040,26044500,10904460,0,95,95,true,0
7375,0,0,15140040,26044500,10904460,0,101,101,true,0
7376,0,0,15140040,26044500,10904460,0,101,101,true,0
7377,0,0,15140040,26048900,10908860,0,0,88,false,0
7378,0,0,15140040,26053650,10913610,0,0,95,false,0
7379,0,0,15140040,26053650,10913610,0,107,107,true,0
7380,0,0,15140040,26053650,10913610,0,91,91,true,0
7381,0,0,15140040,26058800,10918760,0,13,116,false,0
7382,0,0,15140040,26063950,10923910,0,14,117,false,0
7383,0,0,15140040,26069100,10929060,0,9,112,false,0
7384,0,0,15246660,26069100,10822440,0,113,113,true,0
7385,0,0,15246660,26069100,10822440,0,100,100,true,0
7386,0,0,15246660,26069100,10822440,0,102,102,true,0
7387,0,0,15246660,26074200,10827540,0,0,102,false,0
7388,0,0,15246660,26078200,10831540,0,0,80,false,0
7389,0,0,15246660,26083250,10836590,0,0,101,false,0
7390,0,0,15246660,26087850,10841190,0,0,92,false,0
7391,0,0,15246660,26091800,10845140,0,0,79,false,0
7392,0,0,15246660,26096950,10850290,0,14,117,false,0
7393,0,0,15246660,26101400,10854740,0,0,89,false,0
7394,0,0,15246660,26106400,10859740,0,0,100,false,0
7395,0,0,15246660,26111550,10864890,0,1,104,false,0
7396,0,0,15246660,26116700,10870040,0,13,116,false,0
7397,0,0,15246660,26116700,10870040,0,109,109,true,0
7398,0,0,15246660,26116700,10870040,0,83,83,true,0
7399,0,0,15246660,26121850,10875190,0,0,103,false,0
7400,0,0,15246660,26127000,10880340,0,1,104,false,0
7401,0,0,15246660,26132150,10885490,0,11,114,false,0
7402,0,0,15246660,26137300,10890640,0,2,105,false,0
7403,0,0,15246660,26137300,10890640,0,109,109,true,0
7404,0,0,15246660,26137300,10890640,0,86,86,true,0
7405,0,0,15246660,26141950,10895290,0,0,93,false,0
7406,0,0,15246660,26147100,10900440,0,6,109,false,0
7407,0,0,15246660,26151250,10904590,0,0,83,false,0
7408,0,0,15246660,26151250,10904590,0,92,92,true,0
7409,0,0,15246660,26151250,10904590,0,97,97,true,0
7410,0,0,15246660,26156400,10909740,0,16,119,false,0
7411,0,0,15246660,26161300,10914640,0,0,98,false,0
7412,0,0,15246660,26166450,10919790,0,9,112,false,0
7413,0,0,15246660,26171400,10924740,0,0,99,false,0
7414,0,0,15246660,26176250,10929590,0,0,97,false,0
7415,0,0,15246660,26181400,10934740,0,5,108,false,0
7416,0,0,15246660,26185750,10939090,0,0,87,false,0
7417,0,0,15246660,26190900,10944240,0,22,125,false,0
7418,0,0,15246660,26195700,10949040,0,0,96,false,0
7419,0,0,15246660,26195700,10949040,0,100,100,true,0
7420,0,0,15246660,26195700,10949040,0,107,107,true,0
7421,0,0,15246660,26200450,10953790,0,0,95,false,0
7422,0,0,15246660,26204850,10958190,0,0,88,false,0
7423,0,0,15246660,26208750,10962090,0,0,78,false,0
7424,0,0,15246660,26212550,10965890,0,0,76,false,0
7425,0,0,15246660,26217050,10970390,0,0,90,false,0
7426,0,0,15246660,26222100,10975440,0,0,101,false,0
7427,0,0,15246660,26227250,10980590,0,7,110,false,0
7428,0,0,15246660,26231600,10984940,0,0,87,false,0
7429,0,0,15246660,26236650,10989990,0,0,101,false,0
7430,0,0,15246660,26236650,10989990,0,107,107,true,0
7431,0,0,15246660,26236650,10989990,0,105,105,true,0
7432,0,0,15246660,26241800,10995140,0,5,108,false,0
7433,0,0,15246660,26246950,11000290,0,0,103,false,0
7434,0,0,15246660,26246950,11000290,0,104,104,true,0
7435,0,0,15246660,26246950,11000290,0,104,104,true,0
7436,0,0,15353280,26246950,10893670,0,111,111,true,0
7437,0,0,15353280,26246950,10893670,0,92,92,true,0
7438,0,0,15353280,26251900,10898620,0,0,99,false,0
7439,0,0,15353280,26255450,10902170,0,0,71,false,0
7440,0,0,15353280,26260250,10906970,0,0,96,false,0
7441,0,0,15353280,26265400,10912120,0,9,112,false,0
7442,0,0,15353280,26270300,10917020,0,0,98,false,0
7443,0,0,15353280,26274450,10921170,0,0,83,false,0
7444,0,0,15353280,26274450,10921170,0,114,114,true,0
7445,0,0,15353280,26274450,10921170,0,126,126,true,0
7446,0,0,15353280,26278850,10925570,0,0,88,false,0
7447,0,0,15353280,26283300,10930020,0,0,89,false,0
7448,0,0,15353280,26287850,10934570,0,0,91,false,0
7449,0,0,15353280,26287850,10934570,0,101,101,true,0
7450,0,0,15353280,26287850,10934570,0,110,110,true,0
7451,0,0,15353280,26287850,10934570,0,105,105,true,0
7452,0,0,15353280,26287850,10934570,0,106,106,true,0
7453,0,0,15353280,26292550,10939270,0,0,94,false,0
7454,0,0,15353280,26297450,10944170,0,0,98,false,0
7455,0,0,15353280,26302350,10949070,0,0,98,false,0
7456,0,0,15353280,26302350,10949070,0,95,95,true,0
7457,0,0,15353280,26307500,10954220,0,22,125,false,0
7458,0,0,15353280,26312650,10959370,0,13,116,false,0
7459,0,0,15353280,26317800,10964520,0,1,104,false,0
7460,0,0,15353280,26317800,10964520,0,102,102,true,0
7461,0,0,15353280,26322950,10969670,0,0,103,false,0
7462,0,0,15353280,26327750,10974470,0,0,96,false,0
7463,0,0,15353280,26332650,10979370,0,0,98,false,0
7464,0,0,15353280,26337500,10984220,0,0,97,false,0
7465,0,0,15353280,26342650,10989370,0,10,113,false,0
7466,0,0,15353280,26347800,10994520,0,0,103,false,0
7467,0,0,15353280,26347800,10994520,0,82,82,true,0
7468,0,0,15353280,26352800,10999520,0,0,100,false,0
7469,0,0,15353280,26357950,11004670,0,1,104,false,0
7470,0,0,15353280,26363100,11009820,0,4,107,false,0
7471,0,0,15353280,26367150,11013870,0,0,81,false,0
7472,0,0,15353280,26372300,11019020,0,1,104,false,0
7473,0,0,15353280,26377450,11024170,0,1,104,false,0
7474,0,0,15353280,26382450,11029170,0,0,100,false,0
7475,0,0,15353280,26387600,11034320,0,3,106,false,0
7476,0,0,15353280,26391650,11038370,0,0,81,false,0
7477,0,0,15353280,26391650,11038370,0,98,98,true,0
7478,0,0,15353280,26391650,11038370,0,112,112,true,0
7479,0,0,15353280,26391650,11038370,0,99,99,true,0
7480,0,0,15353280,26391650,11038370,0,93,93,true,0
7481,0,0,15353280,26396800,11043520,0,4,107,false,0
7482,0,0,15353280,26401150,11047870,0,0,87,false,0
7483,0,0,15353280,26406250,11052970,0,0,102,false,0
7484,0,0,15353280,26410450,11057170,0,0,84,false,0
7485,0,0,15353280,26415000,11061720,0,0,91,false,0
7486,0,0,15353280,26420150,11066870,0,6,109,false,0
7487,0,0,15353280,26425300,11072020,0,8,111,false,0
7488,0,0,15459900,26430450,10970550,0,1,104,false,0
7489,0,0,15459900,26435200,10975300,0,0,95,false,0
7490,0,0,15459900,26435200,10975300,0,84,84,true,0
7491,0,0,15459900,26440200,10980300,0,0,100,false,0
7492,0,0,15459900,26444450,10984550,0,0,85,false,0
7493,0,0,15459900,26449450,10989550,0,0,100,false,0
7494,0,0,15459900,26454600,10994700,0,8,111,false,0
7495,0,0,15459900,26459200,10999300,0,0,92,false,0
7496,0,0,15459900,26459200,10999300,0,100,100,true,0
7497,0,0,15459900,26459200,10999300,0,91,91,true,0
7498,0,0,15459900,26459200,10999300,0,83,83,true,0
7499,0,0,15459900,26459200,10999300,0,97,97,true,0
7500,0,0,15459900,26464350,11004450,0,12,115,false,0
7501,0,0,15459900,26469500,11009600,0,2,105,false,0
7502,0,0,15459900,26474650,11014750,0,10,113,false,0
7503,0,0,15459900,26479300,11019400,0,0,93,false,0
7504,0,0,15459900,26484300,11024400,0,0,100,false,0
7505,0,0,15459900,26489450,11029550,0,15,118,false,0
7506,0,0,15459900,26494600,11034700,0,1,104,false,0
7507,0,0,15459900,26499200,11039300,0,0,92,false,0
7508,0,0,15459900,26504350,11044450,0,7,110,false,0
7509,0,0,15459900,26509400,11049500,0,0,101,false,0
7510,0,0,15459900,26514550,11054650,0,0,103,false,0
7511,0,0,15459900,26519550,11059650,0,0,100,false,0
7512,0,0,15459900,26519550,11059650,0,101,101,true,0
7513,0,0,15459900,26519550,11059650,0,113,113,true,0
7514,0,0,15459900,26524700,11064800,0,3,106,false,0
7515,0,0,15459900,26529850,11069950,0,8,111,false,0
7516,0,0,15459900,26534700,11074800,0,0,97,false,0
7517,0,0,15459900,26539150,11079250,0,0,89,false,0
7518,0,0,15459900,26544000,11084100,0,0,97,false,0
7519,0,0,15459900,26548650,11088750,0,0,93,false,0
7520,0,0,15459900,26553550,11093650,0,0,98,false,0
7521,0,0,15459900,26558700,11098800,0,4,107,false,0
7522,0,0,15459900,26563050,11103150,0,0,87,false,0
7523,0,0,15459900,26568200,11108300,0,18,121,false,0
7524,0,0,15459900,26573250,11113350,0,0,101,false,0
7525,0,0,15459900,26578400,11118500,0,1,104,false,0
7526,0,0,15459900,26583000,11123100,0,0,92,false,0
7527,0,0,15459900,26587450,11127550,0,0,89,false,0
7528,0,0,15459900,26592250,11132350,0,0,96,false,0
7529,0,0,15459900,26592250,11132350,0,101,101,true,0
7530,0,0,15459900,26597400,11137500,0,7,110,false,0
7531,0,0,15459900,26602550,11142650,0,0,103,false,0
7532,0,0,15459900,26607700,11147800,0,13,116,false,0
7533,0,0,15459900,26607700,11147800,0,82,82,true,0
7534,0,0,15459900,26607700,11147800,0,98,98,true,0
7535,0,0,15459900,26612500,11152600,0,0,96,false,0
7536,0,0,15459900,26616950,11157050,0,0,89,false,0
7537,0,0,15459900,26616950,11157050,0,119,119,true,0
7538,0,0,15459900,26616950,11157050,0,103,103,true,0
7539,0,0,15459900,26616950,11157050,0,113,113,true,0
7540,0,0,15566520,26616950,11050430,0,93,93,true,0
7541,0,0,15566520,26616950,11050430,0,94,94,true,0
7542,0,0,15566520,26622100,11055580,0,19,122,false,0
7543,0,0,15566520,26627200,11060680,0,0,102,false,0
7544,0,0,15566520,26632350,11065830,0,2,105,false,0
7545,0,0,15566520,26637450,11070930,0,0,102,false,0
7546,0,0,15566520,26642600,11076080,0,2,105,false,0
7547,0,0,15566520,26647450,11080930,0,0,97,false,0
7548,0,0,15566520,26652300,11085780,0,0,97,false,0
7549,0,0,15566520,26657400,11090880,0,0,102,false,0
7550,0,0,15566520,26662550,11096030,0,4,107,false,0
7551,0,0,15566520,26662550,11096030,0,105,105,true,0
7552,0,0,15566520,26662550,11096030,0,125,125,true,0
7553,0,0,15566520,26667650,11101130,0,0,102,false,0
7554,0,0,15566520,26672500,11105980,0,0,97,false,0
7555,0,0,15566520,26677650,11111130,0,2,105,false,0
7556,0,0,15566520,26682600,11116080,0,0,99,false,0
7557,0,0,15566520,26687050,11120530,0,0,89,false,0
7558,0,0,15566520,26692200,11125680,0,1,104,false,0
7559,0,0,15566520,26697350,11130830,0,0,103,false,0
7560,0,0,15566520,26702400,11135880,0,0,101,false,0
7561,0,0,15566520,26707000,11140480,0,0,92,false,0
7562,0,0,15566520,26712150,11145630,0,0,103,false,0
7563,0,0,15566520,26716400,11149880,0,0,85,false,0
7564,0,0,15566520,26720850,11154330,0,0,89,false,0
7565,0,0,15566520,26725450,11158930,0,0,92,false,0
7566,0,0,15566520,26725450,11158930,0,88,88,true,0
7567,0,0,15566520,26730500,11163980,0,0,101,false,0
7568,0,0,15566520,26735650,11169130,0,7,110,false,0
7569,0,0,15566520,26740200,11173680,0,0,91,false,0
7570,0,0,15566520,26744850,11178330,0,0,93,false,0
7571,0,0,15566520,26744850,11178330,0,85,85,true,0
7572,0,0,15566520,26744850,11178330,0,106,106,true,0
7573,0,0,15566520,26744850,11178330,0,89,89,true,0
7574,0,0,15566520,26744850,11178330,0,98,98,true,0
7575,0,0,15566520,26750000,11183480,0,12,115,false,0
7576,0,0,15566520,26755100,11188580,0,0,102,false,0
7577,0,0,15566520,26755100,11188580,0,87,87,true,0
7578,0,0,15566520,26759700,11193180,0,0,92,false,0
7579,0,0,15566520,26764850,11198330,0,1,104,false,0
7580,0,0,15566520,26770000,11203480,0,6,109,false,0
7581,0,0,15566520,26774250,11207730,0,0,85,false,0
7582,0,0,15566520,26778450,11211930,0,0,84,false,0
7583,0,0,15566520,26783600,11217080,0,4,107,false,0
7584,0,0,15566520,26788050,11221530,0,0,89,false,0
7585,0,0,15566520,26792400,11225880,0,0,87,false,0
7586,0,0,15566520,26792400,11225880,0,106,106,true,0
7587,0,0,15566520,26797550,11231030,0,8,111,false,0
7588,0,0,15566520,26802700,11236180,0,1,104,false,0
7589,0,0,15566520,26807800,11241280,0,0,102,false,0
7590,0,0,15566520,26807800,11241280,0,99,99,true,0
7591,0,0,15566520,26807800,11241280,0,95,95,true,0
7592,0,0,15673140,26807800,11134660,0,97,97,true,0
7593,0,0,15673140,26807800,11134660,0,92,92,true,0
7594,0,0,15673140,26807800,11134660,0,116,116,true,0
7595,0,0,15673140,26807800,11134660,0,107,107,true,0
7596,0,0,15673140,26807800,11134660,0,112,112,true,0
7597,0,0,15673140,26807800,11134660,0,106,106,true,0
7598,0,0,15673140,26807800,11134660,0,83,83,true,0
7599,0,0,15673140,26812350,11139210,0,0,91,false,0
7600,0,0,15673140,26817350,11144210,0,0,100,false,0
7601,0,0,15673140,26822100,11148960,0,0,95,false,0
7602,0,0,15673140,26827250,11154110,0,19,122,false,0
7603,0,0,15673140,26831500,11158360,0,0,85,false,0
7604,0,0,15673140,26836300,11163160,0,0,96,false,0
7605,0,0,15673140,26841450,11168310,0,9,112,false,0
7606,0,0,15673140,26845500,11172360,0,0,81,false,0
7607,0,0,15673140,26845500,11172360,0,115,115,true,0
7608,0,0,15673140,26850650,11177510,0,1,104,false,0
7609,0,0,15673140,26855800,11182660,0,20,123,false,0
7610,0,0,15673140,26859900,11186760,0,0,82,false,0
7611,0,0,15673140,26864150,11191010,0,0,85,false,0
7612,0,0,15673140,26869300,11196160,0,10,113,false,0
7613,0,0,15673140,26874400,11201260,0,0,102,false,0
7614,0,0,15673140,26879300,11206160,0,0,98,false,0
7615,0,0,15673140,26879300,11206160,0,101,101,true,0
7616,0,0,15673140,26884300,11211160,0,0,100,false,0
7617,0,0,15673140,26889450,11216310,0,5,108,false,0
7618,0,0,15673140,26889450,11216310,0,109,109,true,0
7619,0,0,15673140,26894550,11221410,0,0,102,false,0
7620,0,0,15673140,26899050,11225910,0,0,90,false,0
7621,0,0,15673140,26899050,11225910,0,96,96,true,0
7622,0,0,15673140,26899050,11225910,0,108,108,true,0
7623,0,0,15673140,26899050,11225910,0,80,80,true,0
7624,0,0,15673140,26899050,11225910,0,93,93,true,0
7625,0,0,15673140,26899050,11225910,0,88,88,true,0
7626,0,0,15673140,26899050,11225910,0,99,99,true,0
7627,0,0,15673140,26899050,11225910,0,125,125,true,0
7628,0,0,15673140,26904200,11231060,0,1,104,false,0
7629,0,0,15673140,26909350,11236210,0,4,107,false,0
7630,0,0,15673140,26913500,11240360,0,0,83,false,0
7631,0,0,15673140,26918650,11245510,0,11,114,false,0
7632,0,0,15673140,26923800,11250660,0,6,109,false,0
7633,0,0,15673140,26928950,11255810,0,4,107,false,0
7634,0,0,15673140,26934100,11260960,0,5,108,false,0
7635,0,0,15673140,26934100,11260960,0,90,90,true,0
7636,0,0,15673140,26938850,11265710,0,0,95,false,0
7637,0,0,15673140,26944000,11270860,0,23,126,false,0
7638,0,0,15673140,26949150,11276010,0,11,114,false,0
7639,0,0,15673140,26954300,11281160,0,5,108,false,0
7640,0,0,15673140,26959250,11286110,0,0,99,false,0
7641,0,0,15673140,26963350,11290210,0,0,82,false,0
7642,0,0,15673140,26963350,11290210,0,108,108,true,0
7643,0,0,15673140,26963350,11290210,0,71,71,true,0
7644,0,0,15779760,26963350,11183590,0,117,117,true,0
7645,0,0,15779760,26963350,11183590,0,109,109,true,0
7646,0,0,15779760,26968500,11188740,0,1,104,false,0
7647,0,0,15779760,26972700,11192940,0,0,84,false,0
7648,0,0,15779760,26972700,11192940,0,99,99,true,0
7649,0,0,15779760,26977500,11197740,0,0,96,false,0
7650,0,0,15779760,26982650,11202890,0,7,110,false,0
7651,0,0,15779760,26986550,11206790,0,0,78,false,0
7652,0,0,15779760,26986550,11206790,0,115,115,true,0
7653,0,0,15779760,26986550,11206790,0,92,92,true,0
7654,0,0,15779760,26986550,11206790,0,95,95,true,0
7655,0,0,15779760,26991700,11211940,0,7,110,false,0
7656,0,0,15779760,26996600,11216840,0,0,98,false,0
7657,0,0,15779760,27001750,11221990,0,7,110,false,0
7658,0,0,15779760,27006850,11227090,0,0,102,false,0
7659,0,0,15779760,27012000,11232240,0,9,112,false,0
7660,0,0,15779760,27017150,11237390,0,1,104,false,0
7661,0,0,15779760,27017150,11237390,0,93,93,true,0
7662,0,0,15779760,27017150,11237390,0,109,109,true,0
7663,0,0,15779760,27021300,11241540,0,0,83,false,0
7664,0,0,15779760,27026400,11246640,0,0,102,false,0
7665,0,0,15779760,27031250,11251490,0,0,97,false,0
7666,0,0,15779760,27036200,11256440,0,0,99,false,0
7667,0,0,15779760,27036200,11256440,0,86,86,true,0
7668,0,0,15779760,27036200,11256440,0,89,89,true,0
7669,0,0,15779760,27036200,11256440,0,110,110,true,0
7670,0,0,15779760,27036200,11256440,0,114,114,true,0
7671,0,0,15779760,27036200,11256440,0,98,98,true,0
7672,0,0,15779760,27041350,11261590,0,2,105,false,0
7673,0,0,15779760,27046200,11266440,0,0,97,false,0
7674,0,0,15779760,27051150,11271390,0,0,99,false,0
7675,0,0,15779760,27051150,11271390,0,109,109,true,0
7676,0,0,15779760,27051150,11271390,0,95,95,true,0
7677,0,0,15779760,27055850,11276090,0,0,94,false,0
7678,0,0,15779760,27060850,11281090,0,0,100,false,0
7679,0,0,15779760,27065950,11286190,0,0,102,false,0
7680,0,0,15779760,27071100,11291340,0,0,103,false,0
7681,0,0,15779760,27075450,11295690,0,0,87,false,0
7682,0,0,15779760,27080600,11300840,0,1,104,false,0
7683,0,0,15779760,27085400,11305640,0,0,96,false,0
7684,0,0,15779760,27089900,11310140,0,0,90,false,0
7685,0,0,15779760,27095000,11315240,0,0,102,false,0
7686,0,0,15779760,27099850,11320090,0,0,97,false,0
7687,0,0,15779760,27104550,11324790,0,0,94,false,0
7688,0,0,15779760,27109600,11329840,0,0,101,false,0
7689,0,0,15779760,27109600,11329840,0,94,94,true,0
7690,0,0,15779760,27109600,11329840,0,95,95,true,0
7691,0,0,15779760,27109600,11329840,0,109,109,true,0
7692,0,0,15779760,27109600,11329840,0,111,111,true,0
7693,0,0,15779760,27109600,11329840,0,89,89,true,0
7694,0,0,15779760,27109600,11329840,0,83,83,true,0
7695,0,0,15779760,27109600,11329840,0,91,91,true,0
7696,0,0,15886380,27114750,11228370,0,17,120,false,0
7697,0,0,15886380,27119900,11233520,0,1,104,false,0
7698,0,0,15886380,27125050,11238670,0,13,116,false,0
7699,0,0,15886380,27128550,11242170,0,0,70,false,0
7700,0,0,15886380,27133400,11247020,0,0,97,false,0
7701,0,0,15886380,27138450,11252070,0,0,101,false,0
7702,0,0,15886380,27143600,11257220,0,14,117,false,0
7703,0,0,15886380,27148750,11262370,0,2,105,false,0
7704,0,0,15886380,27153750,11267370,0,0,100,false,0
7705,0,0,15886380,27153750,11267370,0,109,109,true,0
7706,0,0,15886380,27158450,11272070,0,0,94,false,0
7707,0,0,15886380,27163600,11277220,0,0,103,false,0
7708,0,0,15886380,27168450,11282070,0,0,97,false,0
7709,0,0,15886380,27173250,11286870,0,0,96,false,0
7710,0,0,15886380,27177850,11291470,0,0,92,false,0
7711,0,0,15886380,27183000,11296620,0,4,107,false,0
7712,0,0,15886380,27183000,11296620,0,103,103,true,0
7713,0,0,15886380,27183000,11296620,0,109,109,true,0
7714,0,0,15886380,27188150,11301770,0,12,115,false,0
7715,0,0,15886380,27193300,11306920,0,12,115,false,0
7716,0,0,15886380,27198150,11311770,0,0,97,false,0
7717,0,0,15886380,27203300,11316920,0,6,109,false,0
7718,0,0,15886380,27208450,11322070,0,6,109,false,0
7719,0,0,15886380,27212900,11326520,0,0,89,false,0
7720,0,0,15886380,27217900,11331520,0,0,100,false,0
7721,0,0,15886380,27223050,11336670,0,18,121,false,0
7722,0,0,15886380,27228200,11341820,0,3,106,false,0
7723,0,0,15886380,27233300,11346920,0,0,102,false,0
7724,0,0,15886380,27237700,11351320,0,0,88,false,0
7725,0,0,15886380,27242850,11356470,0,3,106,false,0
7726,0,0,15886380,27248000,11361620,0,5,108,false,0
7727,0,0,15886380,27252400,11366020,0,0,88,false,0
7728,0,0,15886380,27252400,11366020,0,96,96,true,0
7729,0,0,15886380,27252400,11366020,0,90,90,true,0
7730,0,0,15886380,27252400,11366020,0,93,93,true,0
7731,0,0,15886380,27252400,11366020,0,100,100,true,0
7732,0,0,15886380,27252400,11366020,0,103,103,true,0
7733,0,0,15886380,27252400,11366020,0,96,96,true,0
7734,0,0,15886380,27257000,11370620,0,0,92,false,0
7735,0,0,15886380,27262150,11375770,0,9,112,false,0
7736,0,0,15886380,27266550,11380170,0,0,88,false,0
7737,0,0,15886380,27271550,11385170,0,0,100,false,0
7738,0,0,15886380,27276350,11389970,0,0,96,false,0
7739,0,0,15886380,27281300,11394920,0,0,99,false,0
7740,0,0,15886380,27285800,11399420,0,0,90,false,0
7741,0,0,15886380,27290450,11404070,0,0,93,false,0
7742,0,0,15886380,27290450,11404070,0,105,105,true,0
7743,0,0,15886380,27290450,11404070,0,83,83,true,0
7744,0,0,15886380,27294650,11408270,0,0,84,false,0
7745,0,0,15886380,27299800,11413420,0,14,117,false,0
7746,0,0,15886380,27304950,11418570,0,9,112,false,0
7747,0,0,15886380,27304950,11418570,0,103,103,true,0
7748,0,0,15993000,27304950,11311950,0,100,100,true,0
7749,0,0,15993000,27310000,11317000,0,0,101,false,0
7750,0,0,15993000,27314800,11321800,0,0,96,false,0
7751,0,0,15993000,27319500,11326500,0,0,94,false,0
7752,0,0,15993000,27323950,11330950,0,0,89,false,0
7753,0,0,15993000,27329100,11336100,0,2,105,false,0
7754,0,0,15993000,27333850,11340850,0,0,95,false,0
7755,0,0,15993000,27333850,11340850,0,92,92,true,0
7756,0,0,15993000,27333850,11340850,0,101,101,true,0
7757,0,0,15993000,27339000,11346000,0,0,103,false,0
7758,0,0,15993000,27344150,11351150,0,9,112,false,0
7759,0,0,15993000,27349300,11356300,0,3,106,false,0
7760,0,0,15993000,27354450,11361450,0,9,112,false,0
7761,0,0,15993000,27359600,11366600,0,3,106,false,0
7762,0,0,15993000,27364600,11371600,0,0,100,false,0
7763,0,0,15993000,27369550,11376550,0,0,99,false,0
7764,0,0,15993000,27374700,11381700,0,1,104,false,0
7765,0,0,15993000,27374700,11381700,0,98,98,true,0
7766,0,0,15993000,27374700,11381700,0,85,85,true,0
7767,0,0,15993000,27374700,11381700,0,106,106,true,0
7768,0,0,15993000,27374700,11381700,0,99,99,true,0
7769,0,0,15993000,27374700,11381700,0,97,97,true,0
7770,0,0,15993000,27374700,11381700,0,100,100,true,0
7771,0,0,15993000,27379400,11386400,0,0,94,false,0
7772,0,0,15993000,27383700,11390700,0,0,86,false,0
7773,0,0,15993000,27388850,11395850,0,1,104,false,0
7774,0,0,15993000,27393350,11400350,0,0,90,false,0
7775,0,0,15993000,27397650,11404650,0,0,86,false,0
7776,0,0,15993000,27397650,11404650,0,104,104,true,0
7777,0,0,15993000,27402350,11409350,0,0,94,false,0
7778,0,0,15993000,27407500,11414500,0,9,112,false,0
7779,0,0,15993000,27412650,11419650,0,1,104,false,0
7780,0,0,15993000,27417800,11424800,0,10,113,false,0
7781,0,0,15993000,27417800,11424800,0,99,99,true,0
7782,0,0,15993000,27422950,11429950,0,0,103,false,0
7783,0,0,15993000,27426850,11433850,0,0,78,false,0
7784,0,0,15993000,27431600,11438600,0,0,95,false,0
7785,0,0,15993000,27436750,11443750,0,7,110,false,0
7786,0,0,15993000,27441850,11448850,0,0,102,false,0
7787,0,0,15993000,27447000,11454000,0,11,114,false,0
7788,0,0,15993000,27451550,11458550,0,0,91,false,0
7789,0,0,15993000,27456300,11463300,0,0,95,false,0
7790,0,0,15993000,27461000,11468000,0,0,94,false,0
7791,0,0,15993000,27465650,11472650,0,0,93,false,0
7792,0,0,15993000,27470400,11477400,0,0,95,false,0
7793,0,0,15993000,27475000,11482000,0,0,92,false,0
7794,0,0,15993000,27479850,11486850,0,0,97,false,0
7795,0,0,15993000,27484850,11491850,0,0,100,false,0
7796,0,0,15993000,27490000,11497000,0,2,105,false,0
7797,0,0,15993000,27494250,11501250,0,0,85,false,0
7798,0,0,15993000,27498850,11505850,0,0,92,false,0
7799,0,0,15993000,27503600,11510600,0,0,95,false,0
7800,0,0,16099620,27508750,11409130,0,10,113,false,0
7801,0,0,16099620,27508750,11409130,0,93,93,true,0
7802,0,0,16099620,27508750,11409130,0,94,94,true,0
7803,0,0,16099620,27512650,11413030,0,0,78,false,0
7804,0,0,16099620,27517700,11418080,0,0,101,false,0
7805,0,0,16099620,27517700,11418080,0,110,110,true,0
7806,0,0,16099620,27522850,11423230,0,5,108,false,0
7807,0,0,16099620,27527300,11427680,0,0,89,false,0
7808,0,0,16099620,27532200,11432580,0,0,98,false,0
7809,0,0,16099620,27536900,11437280,0,0,94,false,0
7810,0,0,16099620,27536900,11437280,0,109,109,true,0
7811,0,0,16099620,27536900,11437280,0,86,86,true,0
7812,0,0,16099620,27541600,11441980,0,0,94,false,0
7813,0,0,16099620,27546750,11447130,0,25,128,false,0
7814,0,0,16099620,27551750,11452130,0,0,100,false,0
7815,0,0,16099620,27556500,11456880,0,0,95,false,0
7816,0,0,16099620,27560900,11461280,0,0,88,false,0
7817,0,0,16099620,27565850,11466230,0,0,99,false,0
7818,0,0,16099620,27570900,11471280,0,0,101,false,0
7819,0,0,16099620,27575800,11476180,0,0,98,false,0
7820,0,0,16099620,27580950,11481330,0,10,113,false,0
7821,0,0,16099620,27585850,11486230,0,0,98,false,0
7822,0,0,16099620,27591000,11491380,0,11,114,false,0
7823,0,0,16099620,27596050,11496430,0,0,101,false,0
7824,0,0,16099620,27601200,11501580,0,0,103,false,0
7825,0,0,16099620,27605350,11505730,0,0,83,false,0
7826,0,0,16099620,27610500,11510880,0,6,109,false,0
7827,0,0,16099620,27615350,11515730,0,0,97,false,0
7828,0,0,16099620,27615350,11515730,0,87,87,true,0
7829,0,0,16099620,27615350,11515730,0,100,100,true,0
7830,0,0,16099620,27615350,11515730,0,101,101,true,0
7831,0,0,16099620,27620400,11520780,0,0,101,false,0
7832,0,0,16099620,27624950,11525330,0,0,91,false,0
7833,0,0,16099620,27629450,11529830,0,0,90,false,0
7834,0,0,16099620,27634600,11534980,0,4,107,false,0
7835,0,0,16099620,27634600,11534980,0,99,99,true,0
7836,0,0,16099620,27634600,11534980,0,105,105,true,0
7837,0,0,16099620,27634600,11534980,0,88,88,true,0
7838,0,0,16099620,27634600,11534980,0,112,112,true,0
7839,0,0,16099620,27639750,11540130,0,12,115,false,0
7840,0,0,16099620,27644900,11545280,0,0,103,false,0
7841,0,0,16099620,27644900,11545280,0,90,90,true,0
7842,0,0,16099620,27650050,11550430,0,4,107,false,0
7843,0,0,16099620,27654750,11555130,0,0,94,false,0
7844,0,0,16099620,27659550,11559930,0,0,96,false,0
7845,0,0,16099620,27664700,11565080,0,4,107,false,0
7846,0,0,16099620,27664700,11565080,0,94,94,true,0
7847,0,0,16099620,27664700,11565080,0,105,105,true,0
7848,0,0,16099620,27664700,11565080,0,101,101,true,0
7849,0,0,16099620,27664700,11565080,0,119,119,true,0
7850,0,0,16099620,27669200,11569580,0,0,90,false,0
7851,0,0,16099620,27673450,11573830,0,0,85,false,0
7852,0,0,16206240,27678600,11472360,0,1,104,false,0
7853,0,0,16206240,27683750,11477510,0,6,109,false,0
7854,0,0,16206240,27688900,11482660,0,15,118,false,0
7855,0,0,16206240,27693950,11487710,0,0,101,false,0
7856,0,0,16206240,27699000,11492760,0,0,101,false,0
7857,0,0,16206240,27704150,11497910,0,11,114,false,0
7858,0,0,16206240,27709300,11503060,0,2,105,false,0
7859,0,0,16206240,27713600,11507360,0,0,86,false,0
7860,0,0,16206240,27718550,11512310,0,0,99,false,0
7861,0,0,16206240,27718550,11512310,0,106,106,true,0
7862,0,0,16206240,27718550,11512310,0,93,93,true,0
7863,0,0,16206240,27718550,11512310,0,93,93,true,0
7864,0,0,16206240,27723500,11517260,0,0,99,false,0
7865,0,0,16206240,27728400,11522160,0,0,98,false,0
7866,0,0,16206240,27733550,11527310,0,2,105,false,0
7867,0,0,16206240,27737850,11531610,0,0,86,false,0
7868,0,0,16206240,27742200,11535960,0,0,87,false,0
7869,0,0,16206240,27747350,11541110,0,4,107,false,0
7870,0,0,16206240,27751650,11545410,0,0,86,false,0
7871,0,0,16206240,27756150,11549910,0,0,90,false,0
7872,0,0,16206240,27761300,11555060,0,2,105,false,0
7873,0,0,16206240,27766450,11560210,0,4,107,false,0
7874,0,0,16206240,27771600,11565360,0,10,113,false,0
7875,0,0,16206240,27771600,11565360,0,102,102,true,0
7876,0,0,16206240,27771600,11565360,0,98,98,true,0
7877,0,0,16206240,27771600,11565360,0,90,90,true,0
7878,0,0,16206240,27776150,11569910,0,0,91,false,0
7879,0,0,16206240,27781300,11575060,0,14,117,false,0
7880,0,0,16206240,27785250,11579010,0,0,79,false,0
7881,0,0,16206240,27790400,11584160,0,0,103,false,0
7882,0,0,16206240,27795550,11589310,0,4,107,false,0
7883,0,0,16206240,27800700,11594460,0,8,111,false,0
7884,0,0,16206240,27805350,11599110,0,0,93,false,0
7885,0,0,16206240,27810100,11603860,0,0,95,false,0
7886,0,0,16206240,27810100,11603860,0,95,95,true,0
7887,0,0,16206240,27810100,11603860,0,96,96,true,0
7888,0,0,16206240,27814700,11608460,0,0,92,false,0
7889,0,0,16206240,27819800,11613560,0,0,102,false,0
7890,0,0,16206240,27824950,11618710,0,5,108,false,0
7891,0,0,16206240,27829950,11623710,0,0,100,false,0
7892,0,0,16206240,27829950,11623710,0,116,116,true,0
7893,0,0,16206240,27834800,11628560,0,0,97,false,0
7894,0,0,16206240,27839000,11632760,0,0,84,false,0
7895,0,0,16206240,27839000,11632760,0,102,102,true,0
7896,0,0,16206240,27839000,11632760,0,84,84,true,0
7897,0,0,16206240,27839000,11632760,0,85,85,true,0
7898,0,0,16206240,27843900,11637660,0,0,98,false,0
7899,0,0,16206240,27848900,11642660,0,0,100,false,0
7900,0,0,16206240,27853700,11647460,0,0,96,false,0
7901,0,0,16206240,27858600,11652360,0,0,98,false,0
7902,0,0,16206240,27863000,11656760,0,0,88,false,0
7903,0,0,16206240,27868100,11661860,0,0,102,false,0
7904,0,0,16312860,27872850,11559990,0,0,95,false,0
7905,0,0,16312860,27876750,11563890,0,0,78,false,0
7906,0,0,16312860,27881150,11568290,0,0,88,false,0
7907,0,0,16312860,27885700,11572840,0,0,91,false,0
7908,0,0,16312860,27885700,11572840,0,101,101,true,0
7909,0,0,16312860,27885700,11572840,0,115,115,true,0
7910,0,0,16312860,27890500,11577640,0,0,96,false,0
7911,0,0,16312860,27895000,11582140,0,0,90,false,0
7912,0,0,16312860,27899800,11586940,0,0,96,false,0
7913,0,0,16312860,27904600,11591740,0,0,96,false,0
7914,0,0,16312860,27908850,11595990,0,0,85,false,0
7915,0,0,16312860,27913400,11600540,0,0,91,false,0
7916,0,0,16312860,27913400,11600540,0,101,101,true,0
7917,0,0,16312860,27913400,11600540,0,97,97,true,0
7918,0,0,16312860,27913400,11600540,0,90,90,true,0
7919,0,0,16312860,27913400,11600540,0,116,116,true,0
7920,0,0,16312860,27913400,11600540,0,110,110,true,0
7921,0,0,16312860,27918350,11605490,0,0,99,false,0
7922,0,0,16312860,27923050,11610190,0,0,94,false,0
7923,0,0,16312860,27928200,11615340,0,5,108,false,0
7924,0,0,16312860,27932450,11619590,0,0,85,false,0
7925,0,0,16312860,27937600,11624740,0,3,106,false,0
7926,0,0,16312860,27942400,11629540,0,0,96,false,0
7927,0,0,16312860,27947050,11634190,0,0,93,false,0
7928,0,0,16312860,27951850,11638990,0,0,96,false,0
7929,0,0,16312860,27956400,11643540,0,0,91,false,0
7930,0,0,16312860,27956400,11643540,0,84,84,true,0
7931,0,0,16312860,27956400,11643540,0,107,107,true,0
7932,0,0,16312860,27961550,11648690,0,2,105,false,0
7933,0,0,16312860,27966700,11653840,0,2,105,false,0
7934,0,0,16312860,27971850,11658990,0,3,106,false,0
7935,0,0,16312860,27976350,11663490,0,0,90,false,0
7936,0,0,16312860,27981500,11668640,0,1,104,false,0
7937,0,0,16312860,27986450,11673590,0,0,99,false,0
7938,0,0,16312860,27991600,11678740,0,3,106,false,0
7939,0,0,16312860,27991600,11678740,0,112,112,true,0
7940,0,0,16312860,27991600,11678740,0,103,103,true,0
7941,0,0,16312860,27991600,11678740,0,84,84,true,0
7942,0,0,16312860,27991600,11678740,0,95,95,true,0
7943,0,0,16312860,27991600,11678740,0,81,81,true,0
7944,0,0,16312860,27991600,11678740,0,108,108,true,0
7945,0,0,16312860,27996600,11683740,0,0,100,false,0
7946,0,0,16312860,28001700,11688840,0,0,102,false,0
7947,0,0,16312860,28006850,11693990,0,8,111,false,0
7948,0,0,16312860,28012000,11699140,0,7,110,false,0
7949,0,0,16312860,28016750,11703890,0,0,95,false,0
7950,0,0,16312860,28021050,11708190,0,0,86,false,0
7951,0,0,16312860,28025900,11713040,0,0,97,false,0
7952,0,0,16312860,28030150,11717290,0,0,85,false,0
7953,0,0,16312860,28035300,11722440,0,2,105,false,0
7954,0,0,16312860,28039750,11726890,0,0,89,false,0
7955,0,0,16312860,28039750,11726890,0,93,93,true,0
7956,0,0,16419480,28039750,11620270,0,92,92,true,0
7957,0,0,16419480,28039750,11620270,0,109,109,true,0
7958,0,0,16419480,28044400,11624920,0,0,93,false,0
7959,0,0,16419480,28049550,11630070,0,8,111,false,0
7960,0,0,16419480,28054700,11635220,0,7,110,false,0
7961,0,0,16419480,28058850,11639370,0,0,83,false,0
7962,0,0,16419480,28063500,11644020,0,0,93,false,0
7963,0,0,16419480,28068650,11649170,0,13,116,false,0
7964,0,0,16419480,28073800,11654320,0,13,116,false,0
7965,0,0,16419480,28073800,11654320,0,106,106,true,0
7966,0,0,16419480,28073800,11654320,0,100,100,true,0
7967,0,0,16419480,28078900,11659420,0,0,102,false,0
7968,0,0,16419480,28083850,11664370,0,0,99,false,0
7969,0,0,16419480,28088750,11669270,0,0,98,false,0
7970,0,0,16419480,28093900,11674420,0,10,113,false,0
7971,0,0,16419480,28099050,11679570,0,22,125,false,0
7972,0,0,16419480,28103650,11684170,0,0,92,false,0
7973,0,0,16419480,28108300,11688820,0,0,93,false,0
7974,0,0,16419480,28108300,11688820,0,109,109,true,0
7975,0,0,16419480,28108300,11688820,0,93,93,true,0
7976,0,0,16419480,28108300,11688820,0,98,98,true,0
7977,0,0,16419480,28108300,11688820,0,105,105,true,0
7978,0,0,16419480,28113200,11693720,0,0,98,false,0
7979,0,0,16419480,28117750,11698270,0,0,91,false,0
7980,0,0,16419480,28122450,11702970,0,0,94,false,0
7981,0,0,16419480,28127600,11708120,0,1,104,false,0
7982,0,0,16419480,28132050,11712570,0,0,89,false,0
7983,0,0,16419480,28137100,11717620,0,0,101,false,0
7984,0,0,16419480,28142100,11722620,0,0,100,false,0
7985,0,0,16419480,28146800,11727320,0,0,94,false,0
7986,0,0,16419480,28150800,11731320,0,0,80,false,0
7987,0,0,16419480,28155200,11735720,0,0,88,false,0
7988,0,0,16419480,28155200,11735720,0,88,88,true,0
7989,0,0,16419480,28155200,11735720,0,105,105,true,0
7990,0,0,16419480,28155200,11735720,0,109,109,true,0
7991,0,0,16419480,28160350,11740870,0,2,105,false,0
7992,0,0,16419480,28165500,11746020,0,1,104,false,0
7993,0,0,16419480,28170650,11751170,0,0,103,false,0
7994,0,0,16419480,28175650,11756170,0,0,100,false,0
7995,0,0,16419480,28179300,11759820,0,0,73,false,0
7996,0,0,16419480,28183750,11764270,0,0,89,false,0
7997,0,0,16419480,28183750,11764270,0,97,97,true,0
7998,0,0,16419480,28183750,11764270,0,93,93,true,0
7999,0,0,16419480,28183750,11764270,0,86,86,true,0
8000,0,0,16419480,28183750,11764270,0,82,82,true,0
8001,0,0,16419480,28188750,11769270,0,0,100,false,0
8002,0,0,16419480,28193450,11773970,0,0,94,false,0
8003,0,0,16419480,28198600,11779120,0,3,106,false,0
8004,0,0,16419480,28203600,11784120,0,0,100,false,0
8005,0,0,16419480,28203600,11784120,0,84,84,true,0
8006,0,0,16419480,28208600,11789120,0,0,100,false,0
8007,0,0,16419480,28213200,11793720,0,0,92,false,0
8008,0,0,16526100,28217550,11691450,0,0,87,false,0
8009,0,0,16526100,28222050,11695950,0,0,90,false,0
8010,0,0,16526100,28226650,11700550,0,0,92,false,0
8011,0,0,16526100,28231200,11705100,0,0,91,false,0
8012,0,0,16526100,28235350,11709250,0,0,83,false,0
8013,0,0,16526100,28240300,11714200,0,0,99,false,0
8014,0,0,16526100,28245450,11719350,0,5,108,false,0
8015,0,0,16526100,28250600,11724500,0,9,112,false,0
8016,0,0,16526100,28255650,11729550,0,0,101,false,0
8017,0,0,16526100,28260800,11734700,0,0,103,false,0
8018,0,0,16526100,28265050,11738950,0,0,85,false,0
8019,0,0,16526100,28269650,11743550,0,0,92,false,0
8020,0,0,16526100,28269650,11743550,0,82,82,true,0
8021,0,0,16526100,28269650,11743550,0,112,112,true,0
8022,0,0,16526100,28274600,11748500,0,0,99,false,0
8023,0,0,16526100,28279300,11753200,0,0,94,false,0
8024,0,0,16526100,28284350,11758250,0,0,101,false,0
8025,0,0,16526100,28289250,11763150,0,0,98,false,0
8026,0,0,16526100,28294400,11768300,0,2,105,false,0
8027,0,0,16526100,28299100,11773000,0,0,94,false,0
8028,0,0,16526100,28303950,11777850,0,0,97,false,0
8029,0,0,16526100,28309100,11783000,0,6,109,false,0
8030,0,0,16526100,28314250,11788150,0,8,111,false,0
8031,0,0,16526100,28318700,11792600,0,0,89,false,0
8032,0,0,16526100,28323750,11797650,0,0,101,false,0
8033,0,0,16526100,28328750,11802650,0,0,100,false,0
8034,0,0,16526100,28333900,11807800,0,12,115,false,0
8035,0,0,16526100,28338800,11812700,0,0,98,false,0
8036,0,0,16526100,28343950,11817850,0,15,118,false,0
8037,0,0,16526100,28348600,11822500,0,0,93,false,0
8038,0,0,16526100,28352750,11826650,0,0,83,false,0
8039,0,0,16526100,28357850,11831750,0,0,102,false,0
8040,0,0,16526100,28363000,11836900,0,3,106,false,0
8041,0,0,16526100,28368150,11842050,0,15,118,false,0
8042,0,0,16526100,28372300,11846200,0,0,83,false,0
8043,0,0,16526100,28376450,11850350,0,0,83,false,0
8044,0,0,16526100,28381600,11855500,0,1,104,false,0
8045,0,0,16526100,28386050,11859950,0,0,89,false,0
8046,0,0,16526100,28390350,11864250,0,0,86,false,0
8047,0,0,16526100,28395250,11869150,0,0,98,false,0
8048,0,0,16526100,28399550,11873450,0,0,86,false,0
8049,0,0,16526100,28404550,11878450,0,0,100,false,0
8050,0,0,16526100,28409600,11883500,0,0,101,false,0
8051,0,0,16526100,28409600,11883500,0,83,83,true,0
8052,0,0,16526100,28414700,11888600,0,0,102,false,0
8053,0,0,16526100,28419850,11893750,0,0,103,false,0
8054,0,0,16526100,28424750,11898650,0,0,98,false,0
8055,0,0,16526100,28429000,11902900,0,0,85,false,0
8056,0,0,16526100,28434150,11908050,0,3,106,false,0
8057,0,0,16526100,28439050,11912950,0,0,98,false,0
8058,0,0,16526100,28444150,11918050,0,0,102,false,0
8059,0,0,16526100,28448800,11922700,0,0,93,false,0
8060,0,0,16632720,28448800,11816080,0,100,100,true,0
8061,0,0,16632720,28448800,11816080,0,92,92,true,0
8062,0,0,16632720,28448800,11816080,0,95,95,true,0
8063,0,0,16632720,28448800,11816080,0,84,84,true,0
8064,0,0,16632720,28453750,11821030,0,0,99,false,0
8065,0,0,16632720,28458600,11825880,0,0,97,false,0
8066,0,0,16632720,28462950,11830230,0,0,87,false,0
8067,0,0,16632720,28462950,11830230,0,105,105,true,0
8068,0,0,16632720,28462950,11830230,0,96,96,true,0
8069,0,0,16632720,28466500,11833780,0,0,71,false,0
8070,0,0,16632720,28470850,11838130,0,0,87,false,0
8071,0,0,16632720,28475650,11842930,0,0,96,false,0
8072,0,0,16632720,28480800,11848080,0,11,114,false,0
8073,0,0,16632720,28485800,11853080,0,0,100,false,0
8074,0,0,16632720,28485800,11853080,0,101,101,true,0
8075,0,0,16632720,28485800,11853080,0,108,108,true,0
8076,0,0,16632720,28485800,11853080,0,102,102,true,0
8077,0,0,16632720,28485800,11853080,0,88,88,true,0
8078,0,0,16632720,28490950,11858230,0,0,103,false,0
8079,0,0,16632720,28496100,11863380,0,13,116,false,0
8080,0,0,16632720,28501250,11868530,0,1,104,false,0
8081,0,0,16632720,28505350,11872630,0,0,82,false,0
8082,0,0,16632720,28510100,11877380,0,0,95,false,0
8083,0,0,16632720,28514750,11882030,0,0,93,false,0
8084,0,0,16632720,28518450,11885730,0,0,74,false,0
8085,0,0,16632720,28523500,11890780,0,0,101,false,0
8086,0,0,16632720,28528650,11895930,0,23,126,false,0
8087,0,0,16632720,28533650,11900930,0,0,100,false,0
8088,0,0,16632720,28538700,11905980,0,0,101,false,0
8089,0,0,16632720,28543850,11911130,0,1,104,false,0
8090,0,0,16632720,28548850,11916130,0,0,100,false,0
8091,0,0,16632720,28553950,11921230,0,0,102,false,0
8092,0,0,16632720,28558750,11926030,0,0,96,false,0
8093,0,0,16632720,28563300,11930580,0,0,91,false,0
8094,0,0,16632720,28568450,11935730,0,1,104,false,0
8095,0,0,16632720,28568450,11935730,0,107,107,true,0
8096,0,0,16632720,28568450,11935730,0,101,101,true,0
8097,0,0,16632720,28568450,11935730,0,100,100,true,0
8098,0,0,16632720,28568450,11935730,0,106,106,true,0
8099,0,0,16632720,28573600,11940880,0,1,104,false,0
8100,0,0,16632720,28578300,11945580,0,0,94,false,0
8101,0,0,16632720,28578300,11945580,0,102,102,true,0
8102,0,0,16632720,28578300,11945580,0,100,100,true,0
8103,0,0,16632720,28578300,11945580,0,97,97,true,0
8104,0,0,16632720,28578300,11945580,0,109,109,true,0
8105,0,0,16632720,28582600,11949880,0,0,86,false,0
8106,0,0,16632720,28587650,11954930,0,0,101,false,0
8107,0,0,16632720,28592200,11959480,0,0,91,false,0
8108,0,0,16632720,28596750,11964030,0,0,91,false,0
8109,0,0,16632720,28601500,11968780,0,0,95,false,0
8110,0,0,16632720,28606250,11973530,0,0,95,false,0
8111,0,0,16632720,28606250,11973530,0,88,88,true,0
8112,0,0,16739340,28610800,11871460,0,0,91,false,0
8113,0,0,16739340,28615950,11876610,0,2,105,false,0
8114,0,0,16739340,28620700,11881360,0,0,95,false,0
8115,0,0,16739340,28625750,11886410,0,0,101,false,0
8116,0,0,16739340,28630500,11891160,0,0,95,false,0
8117,0,0,16739340,28630500,11891160,0,105,105,true,0
8118,0,0,16739340,28630500,11891160,0,84,84,true,0
8119,0,0,16739340,28630500,11891160,0,88,88,true,0
8120,0,0,16739340,28635650,11896310,0,7,110,false,0
8121,0,0,16739340,28640800,11901460,0,8,111,false,0
8122,0,0,16739340,28645200,11905860,0,0,88,false,0
8123,0,0,16739340,28645200,11905860,0,109,109,true,0
8124,0,0,16739340,28645200,11905860,0,75,75,true,0
8125,0,0,16739340,28645200,11905860,0,111,111,true,0
8126,0,0,16739340,28649350,11910010,0,0,83,false,0
8127,0,0,16739340,28653850,11914510,0,0,90,false,0
8128,0,0,16739340,28653850,11914510,0,105,105,true,0
8129,0,0,16739340,28653850,11914510,0,87,87,true,0
8130,0,0,16739340,28653850,11914510,0,86,86,true,0
8131,0,0,16739340,28658250,11918910,0,0,88,false,0
8132,0,0,16739340,28663250,11923910,0,0,100,false,0
8133,0,0,16739340,28667700,11928360,0,0,89,false,0
8134,0,0,16739340,28672850,11933510,0,2,105,false,0
8135,0,0,16739340,28677300,11937960,0,0,89,false,0
8136,0,0,16739340,28682450,11943110,0,7,110,false,0
8137,0,0,16739340,28687050,11947710,0,0,92,false,0
8138,0,0,16739340,28692100,11952760,0,0,101,false,0
8139,0,0,16739340,28696900,11957560,0,0,96,false,0
8140,0,0,16739340,28701200,11961860,0,0,86,false,0
8141,0,0,16739340,28701200,11961860,0,82,82,true,0
8142,0,0,16739340,28706050,11966710,0,0,97,false,0
8143,0,0,16739340,28711200,11971860,0,15,118,false,0
8144,0,0,16739340,28716200,11976860,0,0,100,false,0
8145,0,0,16739340,28716200,11976860,0,98,98,true,0
8146,0,0,16739340,28721350,11982010,0,4,107,false,0
8147,0,0,16739340,28725850,11986510,0,0,90,false,0
8148,0,0,16739340,28729900,11990560,0,0,81,false,0
8149,0,0,16739340,28733900,11994560,0,0,80,false,0
8150,0,0,16739340,28738250,11998910,0,0,87,false,0
8151,0,0,16739340,28743400,12004060,0,1,104,false,0
8152,0,0,16739340,28748200,12008860,0,0,96,false,0
8153,0,0,16739340,28753350,12014010,0,1,104,false,0
8154,0,0,16739340,28758500,12019160,0,3,106,false,0
8155,0,0,16739340,28763650,12024310,0,19,122,false,0
8156,0,0,16739340,28767700,12028360,0,0,81,false,0
8157,0,0,16739340,28772850,12033510,0,18,121,false,0
8158,0,0,16739340,28778000,12038660,0,13,116,false,0
8159,0,0,16739340,28783150,12043810,0,8,111,false,0
8160,0,0,16739340,28783150,12043810,0,92,92,true,0
8161,0,0,16739340,28783150,12043810,0,96,96,true,0
8162,0,0,16739340,28787450,12048110,0,0,86,false,0
8163,0,0,16739340,28792550,12053210,0,0,102,false,0
8164,0,0,16845960,28797700,11951740,0,0,103,false,0
8165,0,0,16845960,28802650,11956690,0,0,99,false,0
8166,0,0,16845960,28807500,11961540,0,0,97,false,0
8167,0,0,16845960,28812650,11966690,0,15,118,false,0
8168,0,0,16845960,28812650,11966690,0,82,82,true,0
8169,0,0,16845960,28812650,11966690,0,103,103,true,0
8170,0,0,16845960,28817800,11971840,0,1,104,false,0
8171,0,0,16845960,28822950,11976990,0,18,121,false,0
8172,0,0,16845960,28828100,11982140,0,13,116,false,0
8173,0,0,16845960,28833050,11987090,0,0,99,false,0
8174,0,0,16845960,28833050,11987090,0,96,96,true,0
8175,0,0,16845960,28833050,11987090,0,109,109,true,0
8176,0,0,16845960,28838050,11992090,0,0,100,false,0
8177,0,0,16845960,28842500,11996540,0,0,89,false,0
8178,0,0,16845960,28846800,12000840,0,0,86,false,0
8179,0,0,16845960,28851950,12005990,0,8,111,false,0
8180,0,0,16845960,28857100,12011140,0,7,110,false,0
8181,0,0,16845960,28861250,12015290,0,0,83,false,0
8182,0,0,16845960,28866400,12020440,0,3,106,false,0
8183,0,0,16845960,28866400,12020440,0,104,104,true,0
8184,0,0,16845960,28866400,12020440,0,79,79,true,0
8185,0,0,16845960,28871550,12025590,0,2,105,false,0
8186,0,0,16845960,28876200,12030240,0,0,93,false,0
8187,0,0,16845960,28881250,12035290,0,0,101,false,0
8188,0,0,16845960,28886300,12040340,0,0,101,false,0
8189,0,0,16845960,28891450,12045490,0,7,110,false,0
8190,0,0,16845960,28896600,12050640,0,5,108,false,0
8191,0,0,16845960,28901250,12055290,0,0,93,false,0
8192,0,0,16845960,28901250,12055290,0,99,99,true,0
8193,0,0,16845960,28901250,12055290,0,96,96,true,0
8194,0,0,16845960,28901250,12055290,0,104,104,true,0
8195,0,0,16845960,28906400,12060440,0,5,108,false,0
8196,0,0,16845960,28911250,12065290,0,0,97,false,0
8197,0,0,16845960,28916400,12070440,0,0,103,false,0
8198,0,0,16845960,28916400,12070440,0,115,115,true,0
8199,0,0,16845960,28921050,12075090,0,0,93,false,0
8200,0,0,16845960,28925450,12079490,0,0,88,false,0
8201,0,0,16845960,28930600,12084640,0,15,118,false,0
8202,0,0,16845960,28930600,12084640,0,113,113,true,0
8203,0,0,16845960,28935750,12089790,0,11,114,false,0
8204,0,0,16845960,28940750,12094790,0,0,100,false,0
8205,0,0,16845960,28945700,12099740,0,0,99,false,0
8206,0,0,16845960,28950850,12104890,0,9,112,false,0
8207,0,0,16845960,28955900,12109940,0,0,101,false,0
8208,0,0,16845960,28961050,12115090,0,2,105,false,0
8209,0,0,16845960,28966200,12120240,0,6,109,false,0
8210,0,0,16845960,28971350,12125390,0,0,103,false,0
8211,0,0,16845960,28976350,12130390,0,0,100,false,0
8212,0,0,16845960,28981500,12135540,0,6,109,false,0
8213,0,0,16845960,28986550,12140590,0,0,101,false,0
8214,0,0,16845960,28986550,12140590,0,112,112,true,0
8215,0,0,16845960,28991400,12145440,0,0,97,false,0
8216,0,0,16952580,28996200,12043620,0,0,96,false,0
8217,0,0,16952580,29001250,12048670,0,0,101,false,0
8218,0,0,16952580,29001250,12048670,0,89,89,true,0
8219,0,0,16952580,29006400,12053820,0,6,109,false,0
8220,0,0,16952580,29010850,12058270,0,0,89,false,0
8221,0,0,16952580,29015150,12062570,0,0,86,false,0
8222,0,0,16952580,29019550,12066970,0,0,88,false,0
8223,0,0,16952580,29024250,12071670,0,0,94,false,0
8224,0,0,16952580,29024250,12071670,0,86,86,true,0
8225,0,0,16952580,29024250,12071670,0,98,98,true,0
8226,0,0,16952580,29029000,12076420,0,0,95,false,0
8227,0,0,16952580,29034150,12081570,0,8,111,false,0
8228,0,0,16952580,29039050,12086470,0,0,98,false,0
8229,0,0,16952580,29044200,12091620,0,22,125,false,0
8230,0,0,16952580,29049350,12096770,0,10,113,false,0
8231,0,0,16952580,29049350,12096770,0,81,81,true,0
8232,0,0,16952580,29049350,12096770,0,98,98,true,0
8233,0,0,16952580,29054500,12101920,0,2,105,false,0
8234,0,0,16952580,29059300,12106720,0,0,96,false,0
8235,0,0,16952580,29063650,12111070,0,0,87,false,0
8236,0,0,16952580,29063650,12111070,0,96,96,true,0
8237,0,0,16952580,29068800,12116220,0,3,106,false,0
8238,0,0,16952580,29073000,12120420,0,0,84,false,0
8239,0,0,16952580,29078150,12125570,0,17,120,false,0
8240,0,0,16952580,29078150,12125570,0,102,102,true,0
8241,0,0,16952580,29078150,12125570,0,100,100,true,0
8242,0,0,16952580,29083300,12130720,0,17,120,false,0
8243,0,0,16952580,29088250,12135670,0,0,99,false,0
8244,0,0,16952580,29092900,12140320,0,0,93,false,0
8245,0,0,16952580,29098050,12145470,0,1,104,false,0
8246,0,0,16952580,29103200,12150620,0,2,105,false,0
8247,0,0,16952580,29108050,12155470,0,0,97,false,0
8248,0,0,16952580,29112900,12160320,0,0,97,false,0
8249,0,0,16952580,29118000,12165420,0,0,102,false,0
8250,0,0,16952580,29118000,12165420,0,102,102,true,0
8251,0,0,16952580,29118000,12165420,0,99,99,true,0
8252,0,0,16952580,29118000,12165420,0,91,91,true,0
8253,0,0,16952580,29118000,12165420,0,93,93,true,0
8254,0,0,16952580,29123000,12170420,0,0,100,false,0
8255,0,0,16952580,29128150,12175570,0,17,120,false,0
8256,0,0,16952580,29133300,12180720,0,1,104,false,0
8257,0,0,16952580,29138450,12185870,0,14,117,false,0
8258,0,0,16952580,29143600,12191020,0,6,109,false,0
8259,0,0,16952580,29148750,12196170,0,13,116,false,0
8260,0,0,16952580,29153900,12201320,0,15,118,false,0
8261,0,0,16952580,29158450,12205870,0,0,91,false,0
8262,0,0,16952580,29163600,12211020,0,6,109,false,0
8263,0,0,16952580,29168750,12216170,0,7,110,false,0
8264,0,0,16952580,29173900,12221320,0,14,117,false,0
8265,0,0,16952580,29179050,12226470,0,5,108,false,0
8266,0,0,16952580,29184100,12231520,0,0,101,false,0
8267,0,0,16952580,29189250,12236670,0,16,119,false,0
8268,0,0,17059200,29189250,12130050,0,80,80,true,0
8269,0,0,17059200,29189250,12130050,0,126,126,true,0
8270,0,0,17059200,29194400,12135200,0,22,125,false,0
8271,0,0,17059200,29199550,12140350,0,0,103,false,0
8272,0,0,17059200,29204250,12145050,0,0,94,false,0
8273,0,0,17059200,29204250,12145050,0,92,92,true,0
8274,0,0,17059200,29208500,12149300,0,0,85,false,0
8275,0,0,17059200,29213250,12154050,0,0,95,false,0
8276,0,0,17059200,29217850,12158650,0,0,92,false,0
8277,0,0,17059200,29223000,12163800,0,12,115,false,0
8278,0,0,17059200,29227850,12168650,0,0,97,false,0
8279,0,0,17059200,29232150,12172950,0,0,86,false,0
8280,0,0,17059200,29237050,12177850,0,0,98,false,0
8281,0,0,17059200,29237050,12177850,0,108,108,true,0
8282,0,0,17059200,29237050,12177850,0,93,93,true,0
8283,0,0,17059200,29242200,12183000,0,5,108,false,0
8284,0,0,17059200,29247350,12188150,0,8,111,false,0
8285,0,0,17059200,29252450,12193250,0,0,102,false,0
8286,0,0,17059200,29257150,12197950,0,0,94,false,0
8287,0,0,17059200,29262300,12203100,0,6,109,false,0
8288,0,0,17059200,29267000,12207800,0,0,94,false,0
8289,0,0,17059200,29271950,12212750,0,0,99,false,0
8290,0,0,17059200,29277100,12217900,0,8,111,false,0
8291,0,0,17059200,29282250,12223050,0,14,117,false,0
8292,0,0,17059200,29282250,12223050,0,98,98,true,0
8293,0,0,17059200,29282250,12223050,0,91,91,true,0
8294,0,0,17059200,29286500,12227300,0,0,85,false,0
8295,0,0,17059200,29291250,12232050,0,0,95,false,0
8296,0,0,17059200,29291250,12232050,0,94,94,true,0
8297,0,0,17059200,29295250,12236050,0,0,80,false,0
8298,0,0,17059200,29300400,12241200,0,2,105,false,0
8299,0,0,17059200,29304950,12245750,0,0,91,false,0
8300,0,0,17059200,29304950,12245750,0,114,114,true,0
8301,0,0,17059200,29304950,12245750,0,100,100,true,0
8302,0,0,17059200,29309600,12250400,0,0,93,false,0
8303,0,0,17059200,29314550,12255350,0,0,99,false,0
8304,0,0,17059200,29318950,12259750,0,0,88,false,0
8305,0,0,17059200,29324100,12264900,0,6,109,false,0
8306,0,0,17059200,29329250,12270050,0,1,104,false,0
8307,0,0,17059200,29329250,12270050,0,113,113,true,0
8308,0,0,17059200,29334400,12275200,0,3,106,false,0
8309,0,0,17059200,29339150,12279950,0,0,95,false,0
8310,0,0,17059200,29344200,12285000,0,0,101,false,0
8311,0,0,17059200,29344200,12285000,0,101,101,true,0
8312,0,0,17059200,29344200,12285000,0,94,94,true,0
8313,0,0,17059200,29344200,12285000,0,112,112,true,0
8314,0,0,17059200,29349050,12289850,0,0,97,false,0
8315,0,0,17059200,29353800,12294600,0,0,95,false,0
8316,0,0,17059200,29353800,12294600,0,121,121,true,0
8317,0,0,17059200,29353800,12294600,0,114,114,true,0
8318,0,0,17059200,29353800,12294600,0,88,88,true,0
8319,0,0,17059200,29358500,12299300,0,0,94,false,0
8320,0,0,17165820,29363650,12197830,0,24,127,false,0
8321,0,0,17165820,29363650,12197830,0,106,106,true,0
8322,0,0,17165820,29368800,12202980,0,3,106,false,0
8323,0,0,17165820,29373600,12207780,0,0,96,false,0
8324,0,0,17165820,29373600,12207780,0,103,103,true,0
8325,0,0,17165820,29373600,12207780,0,89,89,true,0
8326,0,0,17165820,29373600,12207780,0,106,106,true,0
8327,0,0,17165820,29373600,12207780,0,117,117,true,0
8328,0,0,17165820,29373600,12207780,0,104,104,true,0
8329,0,0,17165820,29373600,12207780,0,95,95,true,0
8330,0,0,17165820,29378750,12212930,0,0,103,false,0
8331,0,0,17165820,29383400,12217580,0,0,93,false,0
8332,0,0,17165820,29388450,12222630,0,0,101,false,0
8333,0,0,17165820,29393600,12227780,0,17,120,false,0
8334,0,0,17165820,29398600,12232780,0,0,100,false,0
8335,0,0,17165820,29403050,12237230,0,0,89,false,0
8336,0,0,17165820,29408200,12242380,0,5,108,false,0
8337,0,0,17165820,29408200,12242380,0,95,95,true,0
8338,0,0,17165820,29408200,12242380,0,90,90,true,0
8339,0,0,17165820,29408200,12242380,0,109,109,true,0
8340,0,0,17165820,29412850,12247030,0,0,93,false,0
8341,0,0,17165820,29418000,12252180,0,7,110,false,0
8342,0,0,17165820,29423150,12257330,0,2,105,false,0
8343,0,0,17165820,29427500,12261680,0,0,87,false,0
8344,0,0,17165820,29427500,12261680,0,97,97,true,0
8345,0,0,17165820,29431950,12266130,0,0,89,false,0
8346,0,0,17165820,29436650,12270830,0,0,94,false,0
8347,0,0,17165820,29441350,12275530,0,0,94,false,0
8348,0,0,17165820,29445900,12280080,0,0,91,false,0
8349,0,0,17165820,29445900,12280080,0,99,99,true,0
8350,0,0,17165820,29450250,12284430,0,0,87,false,0
8351,0,0,17165820,29454950,12289130,0,0,94,false,0
8352,0,0,17165820,29459950,12294130,0,0,100,false,0
8353,0,0,17165820,29465100,12299280,0,12,115,false,0
8354,0,0,17165820,29470250,12304430,0,4,107,false,0
8355,0,0,17165820,29475150,12309330,0,0,98,false,0
8356,0,0,17165820,29479500,12313680,0,0,87,false,0
8357,0,0,17165820,29484300,12318480,0,0,96,false,0
8358,0,0,17165820,29489300,12323480,0,0,100,false,0
8359,0,0,17165820,29494450,12328630,0,4,107,false,0
8360,0,0,17165820,29499600,12333780,0,1,104,false,0
8361,0,0,17165820,29504650,12338830,0,0,101,false,0
8362,0,0,17165820,29509800,12343980,0,5,108,false,0
8363,0,0,17165820,29514950,12349130,0,0,103,false,0
8364,0,0,17165820,29514950,12349130,0,97,97,true,0
8365,0,0,17165820,29519850,12354030,0,0,98,false,0
8366,0,0,17165820,29524900,12359080,0,0,101,false,0
8367,0,0,17165820,29530050,12364230,0,10,113,false,0
8368,0,0,17165820,29535150,12369330,0,0,102,false,0
8369,0,0,17165820,29540100,12374280,0,0,99,false,0
8370,0,0,17165820,29545250,12379430,0,9,112,false,0
8371,0,0,17165820,29549650,12383830,0,0,88,false,0
8372,0,0,17272440,29554800,12282360,0,6,109,false,0
8373,0,0,17272440,29559950,12287510,0,12,115,false,0
8374,0,0,17272440,29559950,12287510,0,100,100,true,0
8375,0,0,17272440,29559950,12287510,0,96,96,true,0
8376,0,0,17272440,29559950,12287510,0,96,96,true,0
8377,0,0,17272440,29559950,12287510,0,96,96,true,0
8378,0,0,17272440,29564350,12291910,0,0,88,false,0
8379,0,0,17272440,29569400,12296960,0,0,101,false,0
8380,0,0,17272440,29573800,12301360,0,0,88,false,0
8381,0,0,17272440,29578250,12305810,0,0,89,false,0
8382,0,0,17272440,29578250,12305810,0,101,101,true,0
8383,0,0,17272440,29578250,12305810,0,99,99,true,0
8384,0,0,17272440,29578250,12305810,0,92,92,true,0
8385,0,0,17272440,29578250,12305810,0,103,103,true,0
8386,0,0,17272440,29578250,12305810,0,98,98,true,0
8387,0,0,17272440,29578250,12305810,0,96,96,true,0
8388,0,0,17272440,29578250,12305810,0,113,113,true,0
8389,0,0,17272440,29578250,12305810,0,97,97,true,0
8390,0,0,17272440,29583400,12310960,0,3,106,false,0
8391,0,0,17272440,29588550,12316110,0,6,109,false,0
8392,0,0,17272440,29592000,12319560,0,0,69,false,0
8393,0,0,17272440,29596550,12324110,0,0,91,false,0
8394,0,0,17272440,29596550,12324110,0,103,103,true,0
8395,0,0,17272440,29596550,12324110,0,90,90,true,0
8396,0,0,17272440,29601300,12328860,0,0,95,false,0
8397,0,0,17272440,29606050,12333610,0,0,95,false,0
8398,0,0,17272440,29606050,12333610,0,121,121,true,0
8399,0,0,17272440,29606050,12333610,0,104,104,true,0
8400,0,0,17272440,29606050,12333610,0,99,99,true,0
8401,0,0,17272440,29606050,12333610,0,94,94,true,0
8402,0,0,17272440,29611200,12338760,0,11,114,false,0
8403,0,0,17272440,29615050,12342610,0,0,77,false,0
8404,0,0,17272440,29620200,12347760,0,25,128,false,0
8405,0,0,17272440,29620200,12347760,0,103,103,true,0
8406,0,0,17272440,29624800,12352360,0,0,92,false,0
8407,0,0,17272440,29629950,12357510,0,12,115,false,0
8408,0,0,17272440,29634400,12361960,0,0,89,false,0
8409,0,0,17272440,29634400,12361960,0,92,92,true,0
8410,0,0,17272440,29634400,12361960,0,100,100,true,0
8411,0,0,17272440,29639400,12366960,0,0,100,false,0
8412,0,0,17272440,29643050,12370610,0,0,73,false,0
8413,0,0,17272440,29643050,12370610,0,109,109,true,0
8414,0,0,17272440,29648200,12375760,0,1,104,false,0
8415,0,0,17272440,29653350,12380910,0,9,112,false,0
8416,0,0,17272440,29658050,12385610,0,0,94,false,0
8417,0,0,17272440,29663200,12390760,0,3,106,false,0
8418,0,0,17272440,29668350,12395910,0,1,104,false,0
8419,0,0,17272440,29673500,12401060,0,6,109,false,0
8420,0,0,17272440,29673500,12401060,0,118,118,true,0
8421,0,0,17272440,29678350,12405910,0,0,97,false,0
8422,0,0,17272440,29682850,12410410,0,0,90,false,0
8423,0,0,17272440,29688000,12415560,0,12,115,false,0
8424,0,0,17379060,29692000,12312940,0,0,80,false,0
8425,0,0,17379060,29692000,12312940,0,95,95,true,0
8426,0,0,17379060,29697150,12318090,0,8,111,false,0
8427,0,0,17379060,29701050,12321990,0,0,78,false,0
8428,0,0,17379060,29705900,12326840,0,0,97,false,0
8429,0,0,17379060,29711050,12331990,0,9,112,false,0
8430,0,0,17379060,29716200,12337140,0,0,103,false,0
8431,0,0,17379060,29720950,12341890,0,0,95,false,0
8432,0,0,17379060,29726100,12347040,0,2,105,false,0
8433,0,0,17379060,29731250,12352190,0,2,105,false,0
8434,0,0,17379060,29736300,12357240,0,0,101,false,0
8435,0,0,17379060,29741200,12362140,0,0,98,false,0
8436,0,0,17379060,29746350,12367290,0,10,113,false,0
8437,0,0,17379060,29746350,12367290,0,96,96,true,0
8438,0,0,17379060,29746350,12367290,0,115,115,true,0
8439,0,0,17379060,29751500,12372440,0,5,108,false,0
8440,0,0,17379060,29756650,12377590,0,16,119,false,0
8441,0,0,17379060,29761800,12382740,0,8,111,false,0
8442,0,0,17379060,29766950,12387890,0,8,111,false,0
8443,0,0,17379060,29772100,12393040,0,13,116,false,0
8444,0,0,17379060,29777250,12398190,0,4,107,false,0
8445,0,0,17379060,29782300,12403240,0,0,101,false,0
8446,0,0,17379060,29782300,12403240,0,95,95,true,0
8447,0,0,17379060,29782300,12403240,0,102,102,true,0
8448,0,0,17379060,29782300,12403240,0,106,106,true,0
8449,0,0,17379060,29782300,12403240,0,91,91,true,0
8450,0,0,17379060,29782300,12403240,0,83,83,true,0
8451,0,0,17379060,29782300,12403240,0,97,97,true,0
8452,0,0,17379060,29787450,12408390,0,0,103,false,0
8453,0,0,17379060,29792600,12413540,0,31,134,false,0
8454,0,0,17379060,29797750,12418690,0,6,109,false,0
8455,0,0,17379060,29797750,12418690,0,96,96,true,0
8456,0,0,17379060,29802500,12423440,0,0,95,false,0
8457,0,0,17379060,29807650,12428590,0,6,109,false,0
8458,0,0,17379060,29807650,12428590,0,112,112,true,0
8459,0,0,17379060,29807650,12428590,0,92,92,true,0
8460,0,0,17379060,29812500,12433440,0,0,97,false,0
8461,0,0,17379060,29817150,12438090,0,0,93,false,0
8462,0,0,17379060,29821750,12442690,0,0,92,false,0
8463,0,0,17379060,29825650,12446590,0,0,78,false,0
8464,0,0,17379060,29829550,12450490,0,0,78,false,0
8465,0,0,17379060,29833300,12454240,0,0,75,false,0
8466,0,0,17379060,29838400,12459340,0,0,102,false,0
8467,0,0,17379060,29843550,12464490,0,14,117,false,0
8468,0,0,17379060,29848700,12469640,0,1,104,false,0
8469,0,0,17379060,29853800,12474740,0,0,102,false,0
8470,0,0,17379060,29858200,12479140,0,0,88,false,0
8471,0,0,17379060,29863300,12484240,0,0,102,false,0
8472,0,0,17379060,29863300,12484240,0,96,96,true,0
8473,0,0,17379060,29867500,12488440,0,0,84,false,0
8474,0,0,17379060,29872350,12493290,0,0,97,false,0
8475,0,0,17379060,29877500,12498440,0,0,103,false,0
8476,0,0,17485680,29877500,12391820,0,108,108,true,0
8477,0,0,17485680,29882050,12396370,0,0,91,false,0
8478,0,0,17485680,29887000,12401320,0,0,99,false,0
8479,0,0,17485680,29892050,12406370,0,0,101,false,0
8480,0,0,17485680,29897200,12411520,0,6,109,false,0
8481,0,0,17485680,29901400,12415720,0,0,84,false,0
8482,0,0,17485680,29906550,12420870,0,0,103,false,0
8483,0,0,17485680,29911650,12425970,0,0,102,false,0
8484,0,0,17485680,29916800,12431120,0,1,104,false,0
8485,0,0,17485680,29921950,12436270,0,2,105,false,0
8486,0,0,17485680,29927100,12441420,0,10,113,false,0
8487,0,0,17485680,29931600,12445920,0,0,90,false,0
8488,0,0,17485680,29931600,12445920,0,96,96,true,0
8489,0,0,17485680,29931600,12445920,0,97,97,true,0
8490,0,0,17485680,29931600,12445920,0,116,116,true,0
8491,0,0,17485680,29931600,12445920,0,90,90,true,0
8492,0,0,17485680,29931600,12445920,0,94,94,true,0
8493,0,0,17485680,29936750,12451070,0,18,121,false,0
8494,0,0,17485680,29941350,12455670,0,0,92,false,0
8495,0,0,17485680,29946400,12460720,0,0,101,false,0
8496,0,0,17485680,29951550,12465870,0,2,105,false,0
8497,0,0,17485680,29956700,12471020,0,7,110,false,0
8498,0,0,17485680,29961150,12475470,0,0,89,false,0
8499,0,0,17485680,29966300,12480620,0,11,114,false,0
8500,0,0,17485680,29971450,12485770,0,6,109,false,0
8501,0,0,17485680,29976600,12490920,0,1,104,false,0
8502,0,0,17485680,29981750,12496070,0,3,106,false,0
8503,0,0,17485680,29981750,12496070,0,103,103,true,0
8504,0,0,17485680,29986450,12500770,0,0,94,false,0
8505,0,0,17485680,29990850,12505170,0,0,88,false,0
8506,0,0,17485680,29990850,12505170,0,97,97,true,0
8507,0,0,17485680,29990850,12505170,0,100,100,true,0
8508,0,0,17485680,29990850,12505170,0,108,108,true,0
8509,0,0,17485680,29990850,12505170,0,94,94,true,0
8510,0,0,17485680,29990850,12505170,0,97,97,true,0
8511,0,0,17485680,29990850,12505170,0,87,87,true,0
8512,0,0,17485680,29990850,12505170,0,108,108,true,0
8513,0,0,17485680,29995350,12509670,0,0,90,false,0
8514,0,0,17485680,30000400,12514720,0,0,101,false,0
8515,0,0,17485680,30000400,12514720,0,97,97,true,0
8516,0,0,17485680,30005100,12519420,0,0,94,false,0
8517,0,0,17485680,30010100,12524420,0,0,100,false,0
8518,0,0,17485680,30010100,12524420,0,101,101,true,0
8519,0,0,17485680,30015150,12529470,0,0,101,false,0
8520,0,0,17485680,30020100,12534420,0,0,99,false,0
8521,0,0,17485680,30024200,12538520,0,0,82,false,0
8522,0,0,17485680,30028450,12542770,0,0,85,false,0
8523,0,0,17485680,30033600,12547920,0,2,105,false,0
8524,0,0,17485680,30038600,12552920,0,0,100,false,0
8525,0,0,17485680,30038600,12552920,0,103,103,true,0
8526,0,0,17485680,30038600,12552920,0,102,102,true,0
8527,0,0,17485680,30043500,12557820,0,0,98,false,0
8528,0,0,17592300,30048450,12456150,0,0,99,false,0
8529,0,0,17592300,30053600,12461300,0,3,106,false,0
8530,0,0,17592300,30058750,12466450,0,18,121,false,0
8531,0,0,17592300,30063900,12471600,0,3,106,false,0
8532,0,0,17592300,30069050,12476750,0,9,112,false,0
8533,0,0,17592300,30074200,12481900,0,0,103,false,0
8534,0,0,17592300,30079350,12487050,0,2,105,false,0
8535,0,0,17592300,30084500,12492200,0,1,104,false,0
8536,0,0,17592300,30084500,12492200,0,94,94,true,0
8537,0,0,17592300,30089650,12497350,0,11,114,false,0
8538,0,0,17592300,30093850,12501550,0,0,84,false,0
8539,0,0,17592300,30098900,12506600,0,0,101,false,0
8540,0,0,17592300,30104050,12511750,0,2,105,false,0
8541,0,0,17592300,30108200,12515900,0,0,83,false,0
8542,0,0,17592300,30112600,12520300,0,0,88,false,0
8543,0,0,17592300,30117400,12525100,0,0,96,false,0
8544,0,0,17592300,30117400,12525100,0,104,104,true,0
8545,0,0,17592300,30122400,12530100,0,0,100,false,0
8546,0,0,17592300,30127350,12535050,0,0,99,false,0
8547,0,0,17592300,30132350,12540050,0,0,100,false,0
8548,0,0,17592300,30137300,12545000,0,0,99,false,0
8549,0,0,17592300,30137300,12545000,0,103,103,true,0
8550,0,0,17592300,30137300,12545000,0,102,102,true,0
8551,0,0,17592300,30142450,12550150,0,0,103,false,0
8552,0,0,17592300,30147600,12555300,0,5,108,false,0
8553,0,0,17592300,30152150,12559850,0,0,91,false,0
8554,0,0,17592300,30152150,12559850,0,102,102,true,0
8555,0,0,17592300,30156900,12564600,0,0,95,false,0
8556,0,0,17592300,30162000,12569700,0,0,102,false,0
8557,0,0,17592300,30167150,12574850,0,17,120,false,0
8558,0,0,17592300,30172300,12580000,0,4,107,false,0
8559,0,0,17592300,30177250,12584950,0,0,99,false,0
8560,0,0,17592300,30182400,12590100,0,9,112,false,0
8561,0,0,17592300,30187500,12595200,0,0,102,false,0
8562,0,0,17592300,30192650,12600350,0,17,120,false,0
8563,0,0,17592300,30192650,12600350,0,103,103,true,0
8564,0,0,17592300,30196950,12604650,0,0,86,false,0
8565,0,0,17592300,30202100,12609800,0,1,104,false,0
8566,0,0,17592300,30202100,12609800,0,112,112,true,0
8567,0,0,17592300,30206650,12614350,0,0,91,false,0
8568,0,0,17592300,30211100,12618800,0,0,89,false,0
8569,0,0,17592300,30216250,12623950,0,11,114,false,0
8570,0,0,17592300,30221400,12629100,0,1,104,false,0
8571,0,0,17592300,30221400,12629100,0,87,87,true,0
8572,0,0,17592300,30221400,12629100,0,99,99,true,0
8573,0,0,17592300,30221400,12629100,0,100,100,true,0
8574,0,0,17592300,30225750,12633450,0,0,87,false,0
8575,0,0,17592300,30230250,12637950,0,0,90,false,0
8576,0,0,17592300,30230250,12637950,0,100,100,true,0
8577,0,0,17592300,30230250,12637950,0,105,105,true,0
8578,0,0,17592300,30230250,12637950,0,105,105,true,0
8579,0,0,17592300,30230250,12637950,0,84,84,true,0
8580,0,0,17698920,30230250,12531330,0,94,94,true,0
8581,0,0,17698920,30230250,12531330,0,108,108,true,0
8582,0,0,17698920,30230250,12531330,0,113,113,true,0
8583,0,0,17698920,30230250,12531330,0,94,94,true,0
8584,0,0,17698920,30235100,12536180,0,0,97,false,0
8585,0,0,17698920,30240250,12541330,0,6,109,false,0
8586,0,0,17698920,30245400,12546480,0,3,106,false,0
8587,0,0,17698920,30250300,12551380,0,0,98,false,0
8588,0,0,17698920,30255300,12556380,0,0,100,false,0
8589,0,0,17698920,30260250,12561330,0,0,99,false,0
8590,0,0,17698920,30265150,12566230,0,0,98,false,0
8591,0,0,17698920,30270300,12571380,0,5,108,false,0
8592,0,0,17698920,30274050,12575130,0,0,75,false,0
8593,0,0,17698920,30278950,12580030,0,0,98,false,0
8594,0,0,17698920,30284100,12585180,0,1,104,false,0
8595,0,0,17698920,30284100,12585180,0,118,118,true,0
8596,0,0,17698920,30284100,12585180,0,107,107,true,0
8597,0,0,17698920,30288600,12589680,0,0,90,false,0
8598,0,0,17698920,30293750,12594830,0,8,111,false,0
8599,0,0,17698920,30293750,12594830,0,110,110,true,0
8600,0,0,17698920,30293750,12594830,0,97,97,true,0
8601,0,0,17698920,30293750,12594830,0,103,103,true,0
8602,0,0,17698920,30298650,12599730,0,0,98,false,0
8603,0,0,17698920,30302950,12604030,0,0,86,false,0
8604,0,0,17698920,30307800,12608880,0,0,97,false,0
8605,0,0,17698920,30312950,12614030,0,7,110,false,0
8606,0,0,17698920,30318050,12619130,0,0,102,false,0
8607,0,0,17698920,30322550,12623630,0,0,90,false,0
8608,0,0,17698920,30327700,12628780,0,4,107,false,0
8609,0,0,17698920,30332450,12633530,0,0,95,false,0
8610,0,0,17698920,30332450,12633530,0,112,112,true,0
8611,0,0,17698920,30332450,12633530,0,115,115,true,0
8612,0,0,17698920,30337600,12638680,0,5,108,false,0
8613,0,0,17698920,30342300,12643380,0,0,94,false,0
8614,0,0,17698920,30347450,12648530,0,0,103,false,0
8615,0,0,17698920,30352600,12653680,0,0,103,false,0
8616,0,0,17698920,30357250,12658330,0,0,93,false,0
8617,0,0,17698920,30357250,12658330,0,82,82,true,0
8618,0,0,17698920,30357250,12658330,0,107,107,true,0
8619,0,0,17698920,30357250,12658330,0,98,98,true,0
8620,0,0,17698920,30357250,12658330,0,113,113,true,0
8621,0,0,17698920,30361500,12662580,0,0,85,false,0
8622,0,0,17698920,30366450,12667530,0,0,99,false,0
8623,0,0,17698920,30370750,12671830,0,0,86,false,0
8624,0,0,17698920,30375700,12676780,0,0,99,false,0
8625,0,0,17698920,30380450,12681530,0,0,95,false,0
8626,0,0,17698920,30385600,12686680,0,1,104,false,0
8627,0,0,17698920,30390750,12691830,0,17,120,false,0
8628,0,0,17698920,30395900,12696980,0,13,116,false,0
8629,0,0,17698920,30401050,12702130,0,7,110,false,0
8630,0,0,17698920,30401050,12702130,0,89,89,true,0
8631,0,0,17698920,30401050,12702130,0,94,94,true,0
8632,0,0,17805540,30401050,12595510,0,112,112,true,0
8633,0,0,17805540,30401050,12595510,0,104,104,true,0
8634,0,0,17805540,30405950,12600410,0,0,98,false,0
8635,0,0,17805540,30411100,12605560,0,0,103,false,0
8636,0,0,17805540,30416050,12610510,0,0,99,false,0
8637,0,0,17805540,30421200,12615660,0,1,104,false,0
8638,0,0,17805540,30425800,12620260,0,0,92,false,0
8639,0,0,17805540,30430950,12625410,0,6,109,false,0
8640,0,0,17805540,30435900,12630360,0,0,99,false,0
8641,0,0,17805540,30440900,12635360,0,0,100,false,0
8642,0,0,17805540,30440900,12635360,0,117,117,true,0
8643,0,0,17805540,30440900,12635360,0,118,118,true,0
8644,0,0,17805540,30446050,12640510,0,8,111,false,0
8645,0,0,17805540,30451200,12645660,0,0,103,false,0
8646,0,0,17805540,30455500,12649960,0,0,86,false,0
8647,0,0,17805540,30455500,12649960,0,99,99,true,0
8648,0,0,17805540,30460150,12654610,0,0,93,false,0
8649,0,0,17805540,30464400,12658860,0,0,85,false,0
8650,0,0,17805540,30469000,12663460,0,0,92,false,0
8651,0,0,17805540,30469000,12663460,0,108,108,true,0
8652,0,0,17805540,30474050,12668510,0,0,101,false,0
8653,0,0,17805540,30478800,12673260,0,0,95,false,0
8654,0,0,17805540,30483600,12678060,0,0,96,false,0
8655,0,0,17805540,30488750,12683210,0,7,110,false,0
8656,0,0,17805540,30493450,12687910,0,0,94,false,0
8657,0,0,17805540,30498400,12692860,0,0,99,false,0
8658,0,0,17805540,30503050,12697510,0,0,93,false,0
8659,0,0,17805540,30507650,12702110,0,0,92,false,0
8660,0,0,17805540,30512800,12707260,0,5,108,false,0
8661,0,0,17805540,30517950,12712410,0,4,107,false,0
8662,0,0,17805540,30522650,12717110,0,0,94,false,0
8663,0,0,17805540,30527700,12722160,0,0,101,false,0
8664,0,0,17805540,30532650,12727110,0,0,99,false,0
8665,0,0,17805540,30537350,12731810,0,0,94,false,0
8666,0,0,17805540,30537350,12731810,0,105,105,true,0
8667,0,0,17805540,30537350,12731810,0,111,111,true,0
8668,0,0,17805540,30537350,12731810,0,112,112,true,0
8669,0,0,17805540,30537350,12731810,0,99,99,true,0
8670,0,0,17805540,30537350,12731810,0,96,96,true,0
8671,0,0,17805540,30537350,12731810,0,86,86,true,0
8672,0,0,17805540,30537350,12731810,0,112,112,true,0
8673,0,0,17805540,30542500,12736960,0,5,108,false,0
8674,0,0,17805540,30547550,12742010,0,0,101,false,0
8675,0,0,17805540,30552050,12746510,0,0,90,false,0
8676,0,0,17805540,30556550,12751010,0,0,90,false,0
8677,0,0,17805540,30561200,12755660,0,0,93,false,0
8678,0,0,17805540,30561200,12755660,0,96,96,true,0
8679,0,0,17805540,30561200,12755660,0,93,93,true,0
8680,0,0,17805540,30561200,12755660,0,98,98,true,0
8681,0,0,17805540,30561200,12755660,0,93,93,true,0
8682,0,0,17805540,30566000,12760460,0,0,96,false,0
8683,0,0,17805540,30571150,12765610,0,17,120,false,0
8684,0,0,17912160,30576200,12664040,0,0,101,false,0
8685,0,0,17912160,30581350,12669190,0,18,121,false,0
8686,0,0,17912160,30586500,12674340,0,8,111,false,0
8687,0,0,17912160,30591650,12679490,0,16,119,false,0
8688,0,0,17912160,30596350,12684190,0,0,94,false,0
8689,0,0,17912160,30601500,12689340,0,7,110,false,0
8690,0,0,17912160,30601500,12689340,0,80,80,true,0
8691,0,0,17912160,30606150,12693990,0,0,93,false,0
8692,0,0,17912160,30610500,12698340,0,0,87,false,0
8693,0,0,17912160,30610500,12698340,0,121,121,true,0
8694,0,0,17912160,30615650,12703490,0,10,113,false,0
8695,0,0,17912160,30620550,12708390,0,0,98,false,0
8696,0,0,17912160,30620550,12708390,0,92,92,true,0
8697,0,0,17912160,30625300,12713140,0,0,95,false,0
8698,0,0,17912160,30629700,12717540,0,0,88,false,0
8699,0,0,17912160,30634850,12722690,0,11,114,false,0
8700,0,0,17912160,30634850,12722690,0,100,100,true,0
8701,0,0,17912160,30639900,12727740,0,0,101,false,0
8702,0,0,17912160,30644650,12732490,0,0,95,false,0
8703,0,0,17912160,30649800,12737640,0,11,114,false,0
8704,0,0,17912160,30654950,12742790,0,1,104,false,0
8705,0,0,17912160,30659450,12747290,0,0,90,false,0
8706,0,0,17912160,30664500,12752340,0,0,101,false,0
8707,0,0,17912160,30669650,12757490,0,0,103,false,0
8708,0,0,17912160,30673550,12761390,0,0,78,false,0
8709,0,0,17912160,30678700,12766540,0,0,103,false,0
8710,0,0,17912160,30683850,12771690,0,13,116,false,0
8711,0,0,17912160,30689000,12776840,0,8,111,false,0
8712,0,0,17912160,30693500,12781340,0,0,90,false,0
8713,0,0,17912160,30698650,12786490,0,1,104,false,0
8714,0,0,17912160,30698650,12786490,0,112,112,true,0
8715,0,0,17912160,30703800,12791640,0,13,116,false,0
8716,0,0,17912160,30708950,12796790,0,4,107,false,0
8717,0,0,17912160,30708950,12796790,0,113,113,true,0
8718,0,0,17912160,30714100,12801940,0,0,103,false,0
8719,0,0,17912160,30718850,12806690,0,0,95,false,0
8720,0,0,17912160,30718850,12806690,0,94,94,true,0
8721,0,0,17912160,30718850,12806690,0,84,84,true,0
8722,0,0,17912160,30723650,12811490,0,0,96,false,0
8723,0,0,17912160,30728450,12816290,0,0,96,false,0
8724,0,0,17912160,30733150,12820990,0,0,94,false,0
8725,0,0,17912160,30738300,12826140,0,2,105,false,0
8726,0,0,17912160,30743350,12831190,0,0,101,false,0
8727,0,0,17912160,30743350,12831190,0,90,90,true,0
8728,0,0,17912160,30748500,12836340,0,11,114,false,0
8729,0,0,17912160,30753150,12840990,0,0,93,false,0
8730,0,0,17912160,30758050,12845890,0,0,98,false,0
8731,0,0,17912160,30762150,12849990,0,0,82,false,0
8732,0,0,17912160,30766200,12854040,0,0,81,false,0
8733,0,0,17912160,30771350,12859190,0,11,114,false,0
8734,0,0,17912160,30776300,12864140,0,0,99,false,0
8735,0,0,17912160,30780850,12868690,0,0,91,false,0
8736,0,0,18018780,30786000,12767220,0,2,105,false,0
8737,0,0,18018780,30791150,12772370,0,7,110,false,0
8738,0,0,18018780,30795900,12777120,0,0,95,false,0
8739,0,0,18018780,30800800,12782020,0,0,98,false,0
8740,0,0,18018780,30805050,12786270,0,0,85,false,0
8741,0,0,18018780,30805050,12786270,0,96,96,true,0
8742,0,0,18018780,30805050,12786270,0,97,97,true,0
8743,0,0,18018780,30809600,12790820,0,0,91,false,0
8744,0,0,18018780,30813850,12795070,0,0,85,false,0
8745,0,0,18018780,30819000,12800220,0,3,106,false,0
8746,0,0,18018780,30823700,12804920,0,0,94,false,0
8747,0,0,18018780,30828350,12809570,0,0,93,false,0
8748,0,0,18018780,30833350,12814570,0,0,100,false,0
8749,0,0,18018780,30838150,12819370,0,0,96,false,0
8750,0,0,18018780,30843300,12824520,0,3,106,false,0
8751,0,0,18018780,30848450,12829670,0,1,104,false,0
8752,0,0,18018780,30848450,12829670,0,87,87,true,0
8753,0,0,18018780,30853450,12834670,0,0,100,false,0
8754,0,0,18018780,30858350,12839570,0,0,98,false,0
8755,0,0,18018780,30863500,12844720,0,10,113,false,0
8756,0,0,18018780,30863500,12844720,0,85,85,true,0
8757,0,0,18018780,30868650,12849870,0,3,106,false,0
8758,0,0,18018780,30872950,12854170,0,0,86,false,0
8759,0,0,18018780,30872950,12854170,0,95,95,true,0
8760,0,0,18018780,30872950,12854170,0,95,95,true,0
8761,0,0,18018780,30877900,12859120,0,0,99,false,0
8762,0,0,18018780,30883050,12864270,0,0,103,false,0
8763,0,0,18018780,30888100,12869320,0,0,101,false,0
8764,0,0,18018780,30888100,12869320,0,104,104,true,0
8765,0,0,18018780,30888100,12869320,0,88,88,true,0
8766,0,0,18018780,30888100,12869320,0,91,91,true,0
8767,0,0,18018780,30888100,12869320,0,96,96,true,0
8768,0,0,18018780,30888100,12869320,0,95,95,true,0
8769,0,0,18018780,30888100,12869320,0,101,101,true,0
8770,0,0,18018780,30888100,12869320,0,106,106,true,0
8771,0,0,18018780,30892650,12873870,0,0,91,false,0
8772,0,0,18018780,30897550,12878770,0,0,98,false,0
8773,0,0,18018780,30902700,12883920,0,4,107,false,0
8774,0,0,18018780,30907700,12888920,0,0,100,false,0
8775,0,0,18018780,30912850,12894070,0,2,105,false,0
8776,0,0,18018780,30912850,12894070,0,98,98,true,0
8777,0,0,18018780,30918000,12899220,0,1,104,false,0
8778,0,0,18018780,30923150,12904370,0,2,105,false,0
8779,0,0,18018780,30928300,12909520,0,2,105,false,0
8780,0,0,18018780,30933400,12914620,0,0,102,false,0
8781,0,0,18018780,30938050,12919270,0,0,93,false,0
8782,0,0,18018780,30942400,12923620,0,0,87,false,0
8783,0,0,18018780,30942400,12923620,0,92,92,true,0
8784,0,0,18018780,30946500,12927720,0,0,82,false,0
8785,0,0,18018780,30951650,12932870,0,12,115,false,0
8786,0,0,18018780,30956800,12938020,0,2,105,false,0
8787,0,0,18018780,30961850,12943070,0,0,101,false,0
8788,0,0,18125400,30966200,12840800,0,0,87,false,0
8789,0,0,18125400,30971350,12845950,0,6,109,false,0
8790,0,0,18125400,30976500,12851100,0,18,121,false,0
8791,0,0,18125400,30981350,12855950,0,0,97,false,0
8792,0,0,18125400,30986250,12860850,0,0,98,false,0
8793,0,0,18125400,30991400,12866000,0,2,105,false,0
8794,0,0,18125400,30996550,12871150,0,4,107,false,0
8795,0,0,18125400,30996550,12871150,0,95,95,true,0
8796,0,0,18125400,30996550,12871150,0,92,92,true,0
8797,0,0,18125400,31001700,12876300,0,4,107,false,0
8798,0,0,18125400,31005750,12880350,0,0,81,false,0
8799,0,0,18125400,31010900,12885500,0,1,104,false,0
8800,0,0,18125400,31016050,12890650,0,14,117,false,0
8801,0,0,18125400,31021200,12895800,0,9,112,false,0
8802,0,0,18125400,31026150,12900750,0,0,99,false,0
8803,0,0,18125400,31031200,12905800,0,0,101,false,0
8804,0,0,18125400,31036350,12910950,0,9,112,false,0
8805,0,0,18125400,31040750,12915350,0,0,88,false,0
8806,0,0,18125400,31045450,12920050,0,0,94,false,0
8807,0,0,18125400,31050550,12925150,0,0,102,false,0
8808,0,0,18125400,31055700,12930300,0,3,106,false,0
8809,0,0,18125400,31060850,12935450,0,16,119,false,0
8810,0,0,18125400,31065400,12940000,0,0,91,false,0
8811,0,0,18125400,31070550,12945150,0,5,108,false,0
8812,0,0,18125400,31075150,12949750,0,0,92,false,0
8813,0,0,18125400,31079550,12954150,0,0,88,false,0
8814,0,0,18125400,31084100,12958700,0,0,91,false,0
8815,0,0,18125400,31089000,12963600,0,0,98,false,0
8816,0,0,18125400,31093950,12968550,0,0,99,false,0
8817,0,0,18125400,31099100,12973700,0,0,103,false,0
8818,0,0,18125400,31099100,12973700,0,83,83,true,0
8819,0,0,18125400,31099100,12973700,0,90,90,true,0
8820,0,0,18125400,31103850,12978450,0,0,95,false,0
8821,0,0,18125400,31108900,12983500,0,0,101,false,0
8822,0,0,18125400,31114050,12988650,0,10,113,false,0
8823,0,0,18125400,31119200,12993800,0,0,103,false,0
8824,0,0,18125400,31124200,12998800,0,0,100,false,0
8825,0,0,18125400,31129350,13003950,0,6,109,false,0
8826,0,0,18125400,31129350,13003950,0,93,93,true,0
8827,0,0,18125400,31129350,13003950,0,102,102,true,0
8828,0,0,18125400,31129350,13003950,0,97,97,true,0
8829,0,0,18125400,31134500,13009100,0,3,106,false,0
8830,0,0,18125400,31139650,13014250,0,6,109,false,0
8831,0,0,18125400,31143850,13018450,0,0,84,false,0
8832,0,0,18125400,31149000,13023600,0,15,118,false,0
8833,0,0,18125400,31154100,13028700,0,0,102,false,0
8834,0,0,18125400,31154100,13028700,0,95,95,true,0
8835,0,0,18125400,31154100,13028700,0,94,94,true,0
8836,0,0,18125400,31154100,13028700,0,95,95,true,0
8837,0,0,18125400,31159250,13033850,0,10,113,false,0
8838,0,0,18125400,31164400,13039000,0,10,113,false,0
8839,0,0,18125400,31169400,13044000,0,0,100,false,0
8840,0,0,18232020,31174550,12942530,0,6,109,false,0
8841,0,0,18232020,31178750,12946730,0,0,84,false,0
8842,0,0,18232020,31183050,12951030,0,0,86,false,0
8843,0,0,18232020,31187950,12955930,0,0,98,false,0
8844,0,0,18232020,31193100,12961080,0,4,107,false,0
8845,0,0,18232020,31198100,12966080,0,0,100,false,0
8846,0,0,18232020,31202550,12970530,0,0,89,false,0
8847,0,0,18232020,31207400,12975380,0,0,97,false,0
8848,0,0,18232020,31212400,12980380,0,0,100,false,0
8849,0,0,18232020,31217100,12985080,0,0,94,false,0
8850,0,0,18232020,31222250,12990230,0,15,118,false,0
8851,0,0,18232020,31222250,12990230,0,92,92,true,0
8852,0,0,18232020,31222250,12990230,0,86,86,true,0
8853,0,0,18232020,31227400,12995380,0,0,103,false,0
8854,0,0,18232020,31232550,13000530,0,1,104,false,0
8855,0,0,18232020,31237600,13005580,0,0,101,false,0
8856,0,0,18232020,31242700,13010680,0,0,102,false,0
8857,0,0,18232020,31242700,13010680,0,84,84,true,0
8858,0,0,18232020,31247850,13015830,0,4,107,false,0
8859,0,0,18232020,31253000,13020980,0,14,117,false,0
8860,0,0,18232020,31258150,13026130,0,7,110,false,0
8861,0,0,18232020,31263250,13031230,0,0,102,false,0
8862,0,0,18232020,31268150,13036130,0,0,98,false,0
8863,0,0,18232020,31272800,13040780,0,0,93,false,0
8864,0,0,18232020,31277050,13045030,0,0,85,false,0
8865,0,0,18232020,31282200,13050180,0,2,105,false,0
8866,0,0,18232020,31287350,13055330,0,13,116,false,0
8867,0,0,18232020,31292500,13060480,0,12,115,false,0
8868,0,0,18232020,31292500,13060480,0,104,104,true,0
8869,0,0,18232020,31297650,13065630,0,17,120,false,0
8870,0,0,18232020,31302300,13070280,0,0,93,false,0
8871,0,0,18232020,31307050,13075030,0,0,95,false,0
8872,0,0,18232020,31311750,13079730,0,0,94,false,0
8873,0,0,18232020,31311750,13079730,0,85,85,true,0
8874,0,0,18232020,31311750,13079730,0,101,101,true,0
8875,0,0,18232020,31316900,13084880,0,5,108,false,0
8876,0,0,18232020,31322050,13090030,0,1,104,false,0
8877,0,0,18232020,31322050,13090030,0,91,91,true,0
8878,0,0,18232020,31322050,13090030,0,85,85,true,0
8879,0,0,18232020,31326800,13094780,0,0,95,false,0
8880,0,0,18232020,31331950,13099930,0,9,112,false,0
8881,0,0,18232020,31336900,13104880,0,0,99,false,0
8882,0,0,18232020,31342000,13109980,0,0,102,false,0
8883,0,0,18232020,31347100,13115080,0,0,102,false,0
8884,0,0,18232020,31351500,13119480,0,0,88,false,0
8885,0,0,18232020,31355700,13123680,0,0,84,false,0
8886,0,0,18232020,31360100,13128080,0,0,88,false,0
8887,0,0,18232020,31365250,13133230,0,6,109,false,0
8888,0,0,18232020,31370400,13138380,0,12,115,false,0
8889,0,0,18232020,31374300,13142280,0,0,78,false,0
8890,0,0,18232020,31374300,13142280,0,99,99,true,0
8891,0,0,18232020,31374300,13142280,0,96,96,true,0
8892,0,0,18338640,31374300,13035660,0,85,85,true,0
8893,0,0,18338640,31378500,13039860,0,0,84,false,0
8894,0,0,18338640,31383600,13044960,0,0,102,false,0
8895,0,0,18338640,31388300,13049660,0,0,94,false,0
8896,0,0,18338640,31393000,13054360,0,0,94,false,0
8897,0,0,18338640,31397750,13059110,0,0,95,false,0
8898,0,0,18338640,31402900,13064260,0,5,108,false,0
8899,0,0,18338640,31408050,13069410,0,6,109,false,0
8900,0,0,18338640,31413100,13074460,0,0,101,false,0
8901,0,0,18338640,31418250,13079610,0,1,104,false,0
8902,0,0,18338640,31422350,13083710,0,0,82,false,0
8903,0,0,18338640,31427500,13088860,0,2,105,false,0
8904,0,0,18338640,31427500,13088860,0,105,105,true,0
8905,0,0,18338640,31432500,13093860,0,0,100,false,0
8906,0,0,18338640,31437450,13098810,0,0,99,false,0
8907,0,0,18338640,31442550,13103910,0,0,102,false,0
8908,0,0,18338640,31442550,13103910,0,108,108,true,0
8909,0,0,18338640,31442550,13103910,0,123,123,true,0
8910,0,0,18338640,31447700,13109060,0,0,103,false,0
8911,0,0,18338640,31452850,13114210,0,17,120,false,0
8912,0,0,18338640,31457800,13119160,0,0,99,false,0
8913,0,0,18338640,31457800,13119160,0,101,101,true,0
8914,0,0,18338640,31457800,13119160,0,97,97,true,0
8915,0,0,18338640,31457800,13119160,0,88,88,true,0
8916,0,0,18338640,31457800,13119160,0,92,92,true,0
8917,0,0,18338640,31457800,13119160,0,113,113,true,0
8918,0,0,18338640,31462550,13123910,0,0,95,false,0
8919,0,0,18338640,31467700,13129060,0,19,122,false,0
8920,0,0,18338640,31471800,13133160,0,0,82,false,0
8921,0,0,18338640,31476400,13137760,0,0,92,false,0
8922,0,0,18338640,31481150,13142510,0,0,95,false,0
8923,0,0,18338640,31486000,13147360,0,0,97,false,0
8924,0,0,18338640,31486000,13147360,0,107,107,true,0
8925,0,0,18338640,31486000,13147360,0,107,107,true,0
8926,0,0,18338640,31486000,13147360,0,94,94,true,0
8927,0,0,18338640,31486000,13147360,0,103,103,true,0
8928,0,0,18338640,31486000,13147360,0,95,95,true,0
8929,0,0,18338640,31486000,13147360,0,94,94,true,0
8930,0,0,18338640,31486000,13147360,0,94,94,true,0
8931,0,0,18338640,31486000,13147360,0,94,94,true,0
8932,0,0,18338640,31486000,13147360,0,90,90,true,0
8933,0,0,18338640,31486000,13147360,0,95,95,true,0
8934,0,0,18338640,31486000,13147360,0,103,103,true,0
8935,0,0,18338640,31486000,13147360,0,84,84,true,0
8936,0,0,18338640,31491150,13152510,0,1,104,false,0
8937,0,0,18338640,31495750,13157110,0,0,92,false,0
8938,0,0,18338640,31500350,13161710,0,0,92,false,0
8939,0,0,18338640,31504950,13166310,0,0,92,false,0
8940,0,0,18338640,31509800,13171160,0,0,97,false,0
8941,0,0,18338640,31514650,13176010,0,0,97,false,0
8942,0,0,18338640,31519050,13180410,0,0,88,false,0
8943,0,0,18338640,31524200,13185560,0,0,103,false,0
8944,0,0,18445260,31529300,13084040,0,0,102,false,0
8945,0,0,18445260,31534450,13089190,0,3,106,false,0
8946,0,0,18445260,31538850,13093590,0,0,88,false,0
8947,0,0,18445260,31538850,13093590,0,104,104,true,0
8948,0,0,18445260,31538850,13093590,0,102,102,true,0
8949,0,0,18445260,31538850,13093590,0,102,102,true,0
8950,0,0,18445260,31538850,13093590,0,110,110,true,0
8951,0,0,18445260,31544000,13098740,0,0,103,false,0
8952,0,0,18445260,31548700,13103440,0,0,94,false,0
8953,0,0,18445260,31553850,13108590,0,10,113,false,0
8954,0,0,18445260,31558150,13112890,0,0,86,false,0
8955,0,0,18445260,31563000,13117740,0,0,97,false,0
8956,0,0,18445260,31567500,13122240,0,0,90,false,0
8957,0,0,18445260,31567500,13122240,0,88,88,true,0
8958,0,0,18445260,31567500,13122240,0,90,90,true,0
8959,0,0,18445260,31567500,13122240,0,102,102,true,0
8960,0,0,18445260,31572650,13127390,0,6,109,false,0
8961,0,0,18445260,31577800,13132540,0,0,103,false,0
8962,0,0,18445260,31582700,13137440,0,0,98,false,0
8963,0,0,18445260,31582700,13137440,0,96,96,true,0
8964,0,0,18445260,31587000,13141740,0,0,86,false,0
8965,0,0,18445260,31592150,13146890,0,16,119,false,0
8966,0,0,18445260,31596300,13151040,0,0,83,false,0
8967,0,0,18445260,31601450,13156190,0,4,107,false,0
8968,0,0,18445260,31601450,13156190,0,102,102,true,0
8969,0,0,18445260,31605750,13160490,0,0,86,false,0
8970,0,0,18445260,31610700,13165440,0,0,99,false,0
8971,0,0,18445260,31615700,13170440,0,0,100,false,0
8972,0,0,18445260,31620850,13175590,0,1,104,false,0
8973,0,0,18445260,31625450,13180190,0,0,92,false,0
8974,0,0,18445260,31629650,13184390,0,0,84,false,0
8975,0,0,18445260,31634550,13189290,0,0,98,false,0
8976,0,0,18445260,31639550,13194290,0,0,100,false,0
8977,0,0,18445260,31644700,13199440,0,31,134,false,0
8978,0,0,18445260,31648900,13203640,0,0,84,false,0
8979,0,0,18445260,31654050,13208790,0,0,103,false,0
8980,0,0,18445260,31659200,13213940,0,2,105,false,0
8981,0,0,18445260,31664150,13218890,0,0,99,false,0
8982,0,0,18445260,31664150,13218890,0,95,95,true,0
8983,0,0,18445260,31664150,13218890,0,112,112,true,0
8984,0,0,18445260,31664150,13218890,0,114,114,true,0
8985,0,0,18445260,31664150,13218890,0,85,85,true,0
8986,0,0,18445260,31664150,13218890,0,111,111,true,0
8987,0,0,18445260,31669300,13224040,0,11,114,false,0
8988,0,0,18445260,31673850,13228590,0,0,91,false,0
8989,0,0,18445260,31678500,13233240,0,0,93,false,0
8990,0,0,18445260,31683200,13237940,0,0,94,false,0
8991,0,0,18445260,31688150,13242890,0,0,99,false,0
8992,0,0,18445260,31693300,13248040,0,0,103,false,0
8993,0,0,18445260,31698450,13253190,0,0,103,false,0
8994,0,0,18445260,31703600,13258340,0,1,104,false,0
8995,0,0,18445260,31708400,13263140,0,0,96,false,0
8996,0,0,18551880,31708400,13156520,0,113,113,true,0
8997,0,0,18551880,31713550,13161670,0,4,107,false,0
8998,0,0,18551880,31717950,13166070,0,0,88,false,0
8999,0,0,18551880,31722950,13171070,0,0,100,false,0
9000,0,0,18551880,31728100,13176220,0,16,119,false,0
9001,0,0,18551880,31733100,13181220,0,0,100,false,0
9002,0,0,18551880,31738250,13186370,0,1,104,false,0
9003,0,0,18551880,31743400,13191520,0,11,114,false,0
9004,0,0,18551880,31747500,13195620,0,0,82,false,0
9005,0,0,18551880,31752650,13200770,0,0,103,false,0
9006,0,0,18551880,31757450,13205570,0,0,96,false,0
9007,0,0,18551880,31762600,13210720,0,1,104,false,0
9008,0,0,18551880,31767700,13215820,0,0,102,false,0
9009,0,0,18551880,31767700,13215820,0,97,97,true,0
9010,0,0,18551880,31767700,13215820,0,78,78,true,0
9011,0,0,18551880,31772850,13220970,0,1,104,false,0
9012,0,0,18551880,31778000,13226120,0,8,111,false,0
9013,0,0,18551880,31783150,13231270,0,1,104,false,0
9014,0,0,18551880,31788000,13236120,0,0,97,false,0
9015,0,0,18551880,31793150,13241270,0,8,111,false,0
9016,0,0,18551880,31798250,13246370,0,0,102,false,0
9017,0,0,18551880,31802550,13250670,0,0,86,false,0
9018,0,0,18551880,31807700,13255820,0,10,113,false,0
9019,0,0,18551880,31812850,13260970,0,9,112,false,0
9020,0,0,18551880,31812850,13260970,0,104,104,true,0
9021,0,0,18551880,31812850,13260970,0,96,96,true,0
9022,0,0,18551880,31818000,13266120,0,2,105,false,0
9023,0,0,18551880,31823050,13271170,0,0,101,false,0
9024,0,0,18551880,31828200,13276320,0,15,118,false,0
9025,0,0,18551880,31828200,13276320,0,78,78,true,0
9026,0,0,18551880,31828200,13276320,0,91,91,true,0
9027,0,0,18551880,31832250,13280370,0,0,81,false,0
9028,0,0,18551880,31837400,13285520,0,5,108,false,0
9029,0,0,18551880,31842550,13290670,0,5,108,false,0
9030,0,0,18551880,31847250,13295370,0,0,94,false,0
9031,0,0,18551880,31851800,13299920,0,0,91,false,0
9032,0,0,18551880,31856850,13304970,0,0,101,false,0
9033,0,0,18551880,31862000,13310120,0,13,116,false,0
9034,0,0,18551880,31867000,13315120,0,0,100,false,0
9035,0,0,18551880,31871650,13319770,0,0,93,false,0
9036,0,0,18551880,31876800,13324920,0,2,105,false,0
9037,0,0,18551880,31881900,13330020,0,0,102,false,0
9038,0,0,18551880,31886700,13334820,0,0,96,false,0
9039,0,0,18551880,31891250,13339370,0,0,91,false,0
9040,0,0,18551880,31895700,13343820,0,0,89,false,0
9041,0,0,18551880,31900300,13348420,0,0,92,false,0
9042,0,0,18551880,31905450,13353570,0,5,108,false,0
9043,0,0,18551880,31910600,13358720,0,18,121,false,0
9044,0,0,18551880,31915400,13363520,0,0,96,false,0
9045,0,0,18551880,31920250,13368370,0,0,97,false,0
9046,0,0,18551880,31920250,13368370,0,106,106,true,0
9047,0,0,18551880,31920250,13368370,0,105,105,true,0
9048,0,0,18658500,31920250,13261750,0,96,96,true,0
9049,0,0,18658500,31925400,13266900,0,6,109,false,0
9050,0,0,18658500,31930350,13271850,0,0,99,false,0
9051,0,0,18658500,31935500,13277000,0,19,122,false,0
9052,0,0,18658500,31940650,13282150,0,7,110,false,0
9053,0,0,18658500,31945250,13286750,0,0,92,false,0
9054,0,0,18658500,31949800,13291300,0,0,91,false,0
9055,0,0,18658500,31954950,13296450,0,7,110,false,0
9056,0,0,18658500,31960100,13301600,0,2,105,false,0
9057,0,0,18658500,31965250,13306750,0,5,108,false,0
9058,0,0,18658500,31970300,13311800,0,0,101,false,0
9059,0,0,18658500,31970300,13311800,0,92,92,true,0
9060,0,0,18658500,31974950,13316450,0,0,93,false,0
9061,0,0,18658500,31979750,13321250,0,0,96,false,0
9062,0,0,18658500,31984800,13326300,0,0,101,false,0
9063,0,0,18658500,31989950,13331450,0,2,105,false,0
9064,0,0,18658500,31994700,13336200,0,0,95,false,0
9065,0,0,18658500,31999450,13340950,0,0,95,false,0
9066,0,0,18658500,32004400,13345900,0,0,99,false,0
9067,0,0,18658500,32009050,13350550,0,0,93,false,0
9068,0,0,18658500,32013650,13355150,0,0,92,false,0
9069,0,0,18658500,32018250,13359750,0,0,92,false,0
9070,0,0,18658500,32018250,13359750,0,113,113,true,0
9071,0,0,18658500,32018250,13359750,0,97,97,true,0
9072,0,0,18658500,32023300,13364800,0,0,101,false,0
9073,0,0,18658500,32027550,13369050,0,0,85,false,0
9074,0,0,18658500,32032700,13374200,0,7,110,false,0
9075,0,0,18658500,32037300,13378800,0,0,92,false,0
9076,0,0,18658500,32042450,13383950,0,5,108,false,0
9077,0,0,18658500,32046850,13388350,0,0,88,false,0
9078,0,0,18658500,32051700,13393200,0,0,97,false,0
9079,0,0,18658500,32056200,13397700,0,0,90,false,0
9080,0,0,18658500,32061350,13402850,0,6,109,false,0
9081,0,0,18658500,32066500,13408000,0,3,106,false,0
9082,0,0,18658500,32066500,13408000,0,113,113,true,0
9083,0,0,18658500,32066500,13408000,0,99,99,true,0
9084,0,0,18658500,32071650,13413150,0,2,105,false,0
9085,0,0,18658500,32076800,13418300,0,17,120,false,0
9086,0,0,18658500,32081950,13423450,0,12,115,false,0
9087,0,0,18658500,32086650,13428150,0,0,94,false,0
9088,0,0,18658500,32091800,13433300,0,0,103,false,0
9089,0,0,18658500,32096800,13438300,0,0,100,false,0
9090,0,0,18658500,32101950,13443450,0,11,114,false,0
9091,0,0,18658500,32107100,13448600,0,6,109,false,0
9092,0,0,18658500,32112250,13453750,0,18,121,false,0
9093,0,0,18658500,32116350,13457850,0,0,82,false,0
9094,0,0,18658500,32121500,13463000,0,6,109,false,0
9095,0,0,18658500,32126150,13467650,0,0,93,false,0
9096,0,0,18658500,32131250,13472750,0,0,102,false,0
9097,0,0,18658500,32136100,13477600,0,0,97,false,0
9098,0,0,18658500,32141250,13482750,0,11,114,false,0
9099,0,0,18658500,32146400,13487900,0,6,109,false,0
9100,0,0,18765120,32151550,13386430,0,8,111,false,0
9101,0,0,18765120,32155650,13390530,0,0,82,false,0
9102,0,0,18765120,32155650,13390530,0,81,81,true,0
9103,0,0,18765120,32160500,13395380,0,0,97,false,0
9104,0,0,18765120,32165400,13400280,0,0,98,false,0
9105,0,0,18765120,32170150,13405030,0,0,95,false,0
9106,0,0,18765120,32174750,13409630,0,0,92,false,0
9107,0,0,18765120,32178900,13413780,0,0,83,false,0
9108,0,0,18765120,32183450,13418330,0,0,91,false,0
9109,0,0,18765120,32188150,13423030,0,0,94,false,0
9110,0,0,18765120,32192900,13427780,0,0,95,false,0
9111,0,0,18765120,32198050,13432930,0,5,108,false,0
9112,0,0,18765120,32203100,13437980,0,0,101,false,0
9113,0,0,18765120,32208250,13443130,0,2,105,false,0
9114,0,0,18765120,32213400,13448280,0,0,103,false,0
9115,0,0,18765120,32218150,13453030,0,0,95,false,0
9116,0,0,18765120,32223300,13458180,0,3,106,false,0
9117,0,0,18765120,32228450,13463330,0,18,121,false,0
9118,0,0,18765120,32232800,13467680,0,0,87,false,0
9119,0,0,18765120,32237900,13472780,0,0,102,false,0
9120,0,0,18765120,32243050,13477930,0,10,113,false,0
9121,0,0,18765120,32248200,13483080,0,10,113,false,0
9122,0,0,18765120,32253350,13488230,0,3,106,false,0
9123,0,0,18765120,32257750,13492630,0,0,88,false,0
9124,0,0,18765120,32262900,13497780,0,5,108,false,0
9125,0,0,18765120,32262900,13497780,0,103,103,true,0
9126,0,0,18765120,32262900,13497780,0,109,109,true,0
9127,0,0,18765120,32262900,13497780,0,111,111,true,0
9128,0,0,18765120,32262900,13497780,0,115,115,true,0
9129,0,0,18765120,32262900,13497780,0,102,102,true,0
9130,0,0,18765120,32267550,13502430,0,0,93,false,0
9131,0,0,18765120,32272650,13507530,0,0,102,false,0
9132,0,0,18765120,32277800,13512680,0,11,114,false,0
9133,0,0,18765120,32281850,13516730,0,0,81,false,0
9134,0,0,18765120,32281850,13516730,0,107,107,true,0
9135,0,0,18765120,32281850,13516730,0,92,92,true,0
9136,0,0,18765120,32281850,13516730,0,110,110,true,0
9137,0,0,18765120,32286500,13521380,0,0,93,false,0
9138,0,0,18765120,32291550,13526430,0,0,101,false,0
9139,0,0,18765120,32296450,13531330,0,0,98,false,0
9140,0,0,18765120,32296450,13531330,0,91,91,true,0
9141,0,0,18765120,32296450,13531330,0,111,111,true,0
9142,0,0,18765120,32296450,13531330,0,103,103,true,0
9143,0,0,18765120,32296450,13531330,0,88,88,true,0
9144,0,0,18765120,32301350,13536230,0,0,98,false,0
9145,0,0,18765120,32305700,13540580,0,0,87,false,0
9146,0,0,18765120,32310700,13545580,0,0,100,false,0
9147,0,0,18765120,32315800,13550680,0,0,102,false,0
9148,0,0,18765120,32320350,13555230,0,0,91,false,0
9149,0,0,18765120,32324800,13559680,0,0,89,false,0
9150,0,0,18765120,32329900,13564780,0,0,102,false,0
9151,0,0,18765120,32335050,13569930,0,6,109,false,0
9152,0,0,18871740,32338600,13466860,0,0,71,false,0
9153,0,0,18871740,32338600,13466860,0,106,106,true,0
9154,0,0,18871740,32338600,13466860,0,122,122,true,0
9155,0,0,18871740,32338600,13466860,0,99,99,true,0
9156,0,0,18871740,32343750,13472010,0,0,103,false,0
9157,0,0,18871740,32348900,13477160,0,5,108,false,0
9158,0,0,18871740,32348900,13477160,0,88,88,true,0
9159,0,0,18871740,32353650,13481910,0,0,95,false,0
9160,0,0,18871740,32358100,13486360,0,0,89,false,0
9161,0,0,18871740,32358100,13486360,0,95,95,true,0
9162,0,0,18871740,32358100,13486360,0,97,97,true,0
9163,0,0,18871740,32358100,13486360,0,100,100,true,0
9164,0,0,18871740,32358100,13486360,0,84,84,true,0
9165,0,0,18871740,32358100,13486360,0,87,87,true,0
9166,0,0,18871740,32358100,13486360,0,85,85,true,0
9167,0,0,18871740,32358100,13486360,0,84,84,true,0
9168,0,0,18871740,32358100,13486360,0,95,95,true,0
9169,0,0,18871740,32362700,13490960,0,0,92,false,0
9170,0,0,18871740,32367850,13496110,0,9,112,false,0
9171,0,0,18871740,32372700,13500960,0,0,97,false,0
9172,0,0,18871740,32377850,13506110,0,4,107,false,0
9173,0,0,18871740,32383000,13511260,0,13,116,false,0
9174,0,0,18871740,32387850,13516110,0,0,97,false,0
9175,0,0,18871740,32392500,13520760,0,0,93,false,0
9176,0,0,18871740,32397550,13525810,0,0,101,false,0
9177,0,0,18871740,32401400,13529660,0,0,77,false,0
9178,0,0,18871740,32406550,13534810,0,12,115,false,0
9179,0,0,18871740,32411550,13539810,0,0,100,false,0
9180,0,0,18871740,32416100,13544360,0,0,91,false,0
9181,0,0,18871740,32421250,13549510,0,1,104,false,0
9182,0,0,18871740,32426400,13554660,0,1,104,false,0
9183,0,0,18871740,32431000,13559260,0,0,92,false,0
9184,0,0,18871740,32434950,13563210,0,0,79,false,0
9185,0,0,18871740,32439850,13568110,0,0,98,false,0
9186,0,0,18871740,32445000,13573260,0,0,103,false,0
9187,0,0,18871740,32445000,13573260,0,86,86,true,0
9188,0,0,18871740,32449950,13578210,0,0,99,false,0
9189,0,0,18871740,32454850,13583110,0,0,98,false,0
9190,0,0,18871740,32454850,13583110,0,89,89,true,0
9191,0,0,18871740,32454850,13583110,0,86,86,true,0
9192,0,0,18871740,32460000,13588260,0,10,113,false,0
9193,0,0,18871740,32465150,13593410,0,19,122,false,0
9194,0,0,18871740,32470300,13598560,0,1,104,false,0
9195,0,0,18871740,32470300,13598560,0,74,74,true,0
9196,0,0,18871740,32470300,13598560,0,100,100,true,0
9197,0,0,18871740,32475250,13603510,0,0,99,false,0
9198,0,0,18871740,32480350,13608610,0,0,102,false,0
9199,0,0,18871740,32480350,13608610,0,91,91,true,0
9200,0,0,18871740,32485300,13613560,0,0,99,false,0
9201,0,0,18871740,32490450,13618710,0,15,118,false,0
9202,0,0,18871740,32490450,13618710,0,103,103,true,0
9203,0,0,18871740,32490450,13618710,0,109,109,true,0
9204,0,0,18978360,32495400,13517040,0,0,99,false,0
9205,0,0,18978360,32500550,13522190,0,12,115,false,0
9206,0,0,18978360,32504600,13526240,0,0,81,false,0
9207,0,0,18978360,32509750,13531390,0,13,116,false,0
9208,0,0,18978360,32509750,13531390,0,109,109,true,0
9209,0,0,18978360,32509750,13531390,0,93,93,true,0
9210,0,0,18978360,32509750,13531390,0,107,107,true,0
9211,0,0,18978360,32509750,13531390,0,117,117,true,0
9212,0,0,18978360,32509750,13531390,0,101,101,true,0
9213,0,0,18978360,32514450,13536090,0,0,94,false,0
9214,0,0,18978360,32519600,13541240,0,2,105,false,0
9215,0,0,18978360,32524250,13545890,0,0,93,false,0
9216,0,0,18978360,32529400,13551040,0,8,111,false,0
9217,0,0,18978360,32533750,13555390,0,0,87,false,0
9218,0,0,18978360,32538900,13560540,0,6,109,false,0
9219,0,0,18978360,32543800,13565440,0,0,98,false,0
9220,0,0,18978360,32548950,13570590,0,10,113,false,0
9221,0,0,18978360,32553450,13575090,0,0,90,false,0
9222,0,0,18978360,32557800,13579440,0,0,87,false,0
9223,0,0,18978360,32557800,13579440,0,119,119,true,0
9224,0,0,18978360,32562150,13583790,0,0,87,false,0
9225,0,0,18978360,32567300,13588940,0,15,118,false,0
9226,0,0,18978360,32572450,13594090,0,0,103,false,0
9227,0,0,18978360,32577550,13599190,0,0,102,false,0
9228,0,0,18978360,32582700,13604340,0,0,103,false,0
9229,0,0,18978360,32587850,13609490,0,12,115,false,0
9230,0,0,18978360,32592900,13614540,0,0,101,false,0
9231,0,0,18978360,32597300,13618940,0,0,88,false,0
9232,0,0,18978360,32601750,13623390,0,0,89,false,0
9233,0,0,18978360,32606250,13627890,0,0,90,false,0
9234,0,0,18978360,32610800,13632440,0,0,91,false,0
9235,0,0,18978360,32615800,13637440,0,0,100,false,0
9236,0,0,18978360,32620350,13641990,0,0,91,false,0
9237,0,0,18978360,32620350,13641990,0,81,81,true,0
9238,0,0,18978360,32625000,13646640,0,0,93,false,0
9239,0,0,18978360,32629800,13651440,0,0,96,false,0
9240,0,0,18978360,32634750,13656390,0,0,99,false,0
9241,0,0,18978360,32639900,13661540,0,6,109,false,0
9242,0,0,18978360,32645050,13666690,0,13,116,false,0
9243,0,0,18978360,32650200,13671840,0,14,117,false,0
9244,0,0,18978360,32655350,13676990,0,4,107,false,0
9245,0,0,18978360,32660500,13682140,0,18,121,false,0
9246,0,0,18978360,32665250,13686890,0,0,95,false,0
9247,0,0,18978360,32670400,13692040,0,5,108,false,0
9248,0,0,18978360,32674700,13696340,0,0,86,false,0
9249,0,0,18978360,32678700,13700340,0,0,80,false,0
9250,0,0,18978360,32683850,13705490,0,5,108,false,0
9251,0,0,18978360,32687900,13709540,0,0,81,false,0
9252,0,0,18978360,32693050,13714690,0,2,105,false,0
9253,0,0,18978360,32697250,13718890,0,0,84,false,0
9254,0,0,18978360,32701950,13723590,0,0,94,false,0
9255,0,0,18978360,32706850,13728490,0,0,98,false,0
9256,0,0,19084980,32711750,13626770,0,0,98,false,0
9257,0,0,19084980,32711750,13626770,0,87,87,true,0
9258,0,0,19084980,32716900,13631920,0,12,115,false,0
9259,0,0,19084980,32722050,13637070,0,2,105,false,0
9260,0,0,19084980,32722050,13637070,0,110,110,true,0
9261,0,0,19084980,32726450,13641470,0,0,88,false,0
9262,0,0,19084980,32731550,13646570,0,0,102,false,0
9263,0,0,19084980,32735900,13650920,0,0,87,false,0
9264,0,0,19084980,32740500,13655520,0,0,92,false,0
9265,0,0,19084980,32745650,13660670,0,23,126,false,0
9266,0,0,19084980,32750800,13665820,0,20,123,false,0
9267,0,0,19084980,32755950,13670970,0,9,112,false,0
9268,0,0,19084980,32761100,13676120,0,3,106,false,0
9269,0,0,19084980,32766150,13681170,0,0,101,false,0
9270,0,0,19084980,32771300,13686320,0,18,121,false,0
9271,0,0,19084980,32776150,13691170,0,0,97,false,0
9272,0,0,19084980,32780700,13695720,0,0,91,false,0
9273,0,0,19084980,32785850,13700870,0,0,103,false,0
9274,0,0,19084980,32791000,13706020,0,1,104,false,0
9275,0,0,19084980,32795550,13710570,0,0,91,false,0
9276,0,0,19084980,32800400,13715420,0,0,97,false,0
9277,0,0,19084980,32805550,13720570,0,8,111,false,0
9278,0,0,19084980,32810700,13725720,0,1,104,false,0
9279,0,0,19084980,32815000,13730020,0,0,86,false,0
9280,0,0,19084980,32815000,13730020,0,99,99,true,0
9281,0,0,19084980,32815000,13730020,0,90,90,true,0
9282,0,0,19084980,32819650,13734670,0,0,93,false,0
9283,0,0,19084980,32824550,13739570,0,0,98,false,0
9284,0,0,19084980,32829200,13744220,0,0,93,false,0
9285,0,0,19084980,32834200,13749220,0,0,100,false,0
9286,0,0,19084980,32839200,13754220,0,0,100,false,0
9287,0,0,19084980,32844350,13759370,0,6,109,false,0
9288,0,0,19084980,32849050,13764070,0,0,94,false,0
9289,0,0,19084980,32853700,13768720,0,0,93,false,0
9290,0,0,19084980,32853700,13768720,0,99,99,true,0
9291,0,0,19084980,32853700,13768720,0,93,93,true,0
9292,0,0,19084980,32858850,13773870,0,0,103,false,0
9293,0,0,19084980,32863750,13778770,0,0,98,false,0
9294,0,0,19084980,32867900,13782920,0,0,83,false,0
9295,0,0,19084980,32872500,13787520,0,0,92,false,0
9296,0,0,19084980,32872500,13787520,0,97,97,true,0
9297,0,0,19084980,32872500,13787520,0,92,92,true,0
9298,0,0,19084980,32877250,13792270,0,0,95,false,0
9299,0,0,19084980,32881650,13796670,0,0,88,false,0
9300,0,0,19084980,32886250,13801270,0,0,92,false,0
9301,0,0,19084980,32890450,13805470,0,0,84,false,0
9302,0,0,19084980,32895350,13810370,0,0,98,false,0
9303,0,0,19084980,32900500,13815520,0,6,109,false,0
9304,0,0,19084980,32900500,13815520,0,114,114,true,0
9305,0,0,19084980,32900500,13815520,0,101,101,true,0
9306,0,0,19084980,32900500,13815520,0,98,98,true,0
9307,0,0,19084980,32900500,13815520,0,100,100,true,0
9308,0,0,19191600,32904750,13713150,0,0,85,false,0
9309,0,0,19191600,32909150,13717550,0,0,88,false,0
9310,0,0,19191600,32913800,13722200,0,0,93,false,0
9311,0,0,19191600,32918950,13727350,0,1,104,false,0
9312,0,0,19191600,32923950,13732350,0,0,100,false,0
9313,0,0,19191600,32928650,13737050,0,0,94,false,0
9314,0,0,19191600,32928650,13737050,0,96,96,true,0
9315,0,0,19191600,32928650,13737050,0,111,111,true,0
9316,0,0,19191600,32933800,13742200,0,2,105,false,0
9317,0,0,19191600,32938650,13747050,0,0,97,false,0
9318,0,0,19191600,32943800,13752200,0,3,106,false,0
9319,0,0,19191600,32943800,13752200,0,124,124,true,0
9320,0,0,19191600,32948950,13757350,0,13,116,false,0
9321,0,0,19191600,32954100,13762500,0,4,107,false,0
9322,0,0,19191600,32959100,13767500,0,0,100,false,0
9323,0,0,19191600,32959100,13767500,0,98,98,true,0
9324,0,0,19191600,32959100,13767500,0,104,104,true,0
9325,0,0,19191600,32964050,13772450,0,0,99,false,0
9326,0,0,19191600,32968800,13777200,0,0,95,false,0
9327,0,0,19191600,32973950,13782350,0,10,113,false,0
9328,0,0,19191600,32973950,13782350,0,97,97,true,0
9329,0,0,19191600,32979100,13787500,0,4,107,false,0
9330,0,0,19191600,32984250,13792650,0,3,106,false,0
9331,0,0,19191600,32988700,13797100,0,0,89,false,0
9332,0,0,19191600,32988700,13797100,0,100,100,true,0
9333,0,0,19191600,32988700,13797100,0,92,92,true,0
9334,0,0,19191600,32988700,13797100,0,104,104,true,0
9335,0,0,19191600,32993850,13802250,0,0,103,false,0
9336,0,0,19191600,32997500,13805900,0,0,73,false,0
9337,0,0,19191600,33002550,13810950,0,0,101,false,0
9338,0,0,19191600,33002550,13810950,0,104,104,true,0
9339,0,0,19191600,33002550,13810950,0,99,99,true,0
9340,0,0,19191600,33002550,13810950,0,101,101,true,0
9341,0,0,19191600,33007000,13815400,0,0,89,false,0
9342,0,0,19191600,33011950,13820350,0,0,99,false,0
9343,0,0,19191600,33016700,13825100,0,0,95,false,0
9344,0,0,19191600,33016700,13825100,0,98,98,true,0
9345,0,0,19191600,33016700,13825100,0,89,89,true,0
9346,0,0,19191600,33021550,13829950,0,0,97,false,0
9347,0,0,19191600,33026550,13834950,0,0,100,false,0
9348,0,0,19191600,33031700,13840100,0,13,116,false,0
9349,0,0,19191600,33031700,13840100,0,80,80,true,0
9350,0,0,19191600,33031700,13840100,0,95,95,true,0
9351,0,0,19191600,33031700,13840100,0,108,108,true,0
9352,0,0,19191600,33031700,13840100,0,118,118,true,0
9353,0,0,19191600,33036850,13845250,0,5,108,false,0
9354,0,0,19191600,33041450,13849850,0,0,92,false,0
9355,0,0,19191600,33046500,13854900,0,0,101,false,0
9356,0,0,19191600,33051300,13859700,0,0,96,false,0
9357,0,0,19191600,33051300,13859700,0,92,92,true,0
9358,0,0,19191600,33056450,13864850,0,3,106,false,0
9359,0,0,19191600,33061450,13869850,0,0,100,false,0
9360,0,0,19298220,33066300,13768080,0,0,97,false,0
9361,0,0,19298220,33071250,13773030,0,0,99,false,0
9362,0,0,19298220,33075850,13777630,0,0,92,false,0
9363,0,0,19298220,33080700,13782480,0,0,97,false,0
9364,0,0,19298220,33080700,13782480,0,95,95,true,0
9365,0,0,19298220,33080700,13782480,0,105,105,true,0
9366,0,0,19298220,33085750,13787530,0,0,101,false,0
9367,0,0,19298220,33090900,13792680,0,6,109,false,0
9368,0,0,19298220,33090900,13792680,0,101,101,true,0
9369,0,0,19298220,33090900,13792680,0,86,86,true,0
9370,0,0,19298220,33096050,13797830,0,14,117,false,0
9371,0,0,19298220,33100850,13802630,0,0,96,false,0
9372,0,0,19298220,33105100,13806880,0,0,85,false,0
9373,0,0,19298220,33110250,13812030,0,20,123,false,0
9374,0,0,19298220,33114750,13816530,0,0,90,false,0
9375,0,0,19298220,33119900,13821680,0,3,106,false,0
9376,0,0,19298220,33119900,13821680,0,89,89,true,0
9377,0,0,19298220,33119900,13821680,0,89,89,true,0
9378,0,0,19298220,33119900,13821680,0,94,94,true,0
9379,0,0,19298220,33119900,13821680,0,102,102,true,0
9380,0,0,19298220,33119900,13821680,0,102,102,true,0
9381,0,0,19298220,33125000,13826780,0,0,102,false,0
9382,0,0,19298220,33129900,13831680,0,0,98,false,0
9383,0,0,19298220,33134100,13835880,0,0,84,false,0
9384,0,0,19298220,33138200,13839980,0,0,82,false,0
9385,0,0,19298220,33143100,13844880,0,0,98,false,0
9386,0,0,19298220,33148250,13850030,0,16,119,false,0
9387,0,0,19298220,33153400,13855180,0,11,114,false,0
9388,0,0,19298220,33153400,13855180,0,103,103,true,0
9389,0,0,19298220,33157650,13859430,0,0,85,false,0
9390,0,0,19298220,33162800,13864580,0,11,114,false,0
9391,0,0,19298220,33167200,13868980,0,0,88,false,0
9392,0,0,19298220,33171700,13873480,0,0,90,false,0
9393,0,0,19298220,33176850,13878630,0,12,115,false,0
9394,0,0,19298220,33176850,13878630,0,78,78,true,0
9395,0,0,19298220,33176850,13878630,0,95,95,true,0
9396,0,0,19298220,33176850,13878630,0,111,111,true,0
9397,0,0,19298220,33176850,13878630,0,115,115,true,0
9398,0,0,19298220,33176850,13878630,0,101,101,true,0
9399,0,0,19298220,33181000,13882780,0,0,83,false,0
9400,0,0,19298220,33186150,13887930,0,1,104,false,0
9401,0,0,19298220,33190400,13892180,0,0,85,false,0
9402,0,0,19298220,33190400,13892180,0,111,111,true,0
9403,0,0,19298220,33190400,13892180,0,89,89,true,0
9404,0,0,19298220,33190400,13892180,0,94,94,true,0
9405,0,0,19298220,33195550,13897330,0,4,107,false,0
9406,0,0,19298220,33200700,13902480,0,13,116,false,0
9407,0,0,19298220,33205250,13907030,0,0,91,false,0
9408,0,0,19298220,33209650,13911430,0,0,88,false,0
9409,0,0,19298220,33214200,13915980,0,0,91,false,0
9410,0,0,19298220,33219350,13921130,0,6,109,false,0
9411,0,0,19298220,33224300,13926080,0,0,99,false,0
9412,0,0,19404840,33229200,13824360,0,0,98,false,0
9413,0,0,19404840,33234100,13829260,0,0,98,false,0
9414,0,0,19404840,33238900,13834060,0,0,96,false,0
9415,0,0,19404840,33243600,13838760,0,0,94,false,0
9416,0,0,19404840,33248750,13843910,0,0,103,false,0
9417,0,0,19404840,33253900,13849060,0,11,114,false,0
9418,0,0,19404840,33258700,13853860,0,0,96,false,0
9419,0,0,19404840,33263550,13858710,0,0,97,false,0
9420,0,0,19404840,33263550,13858710,0,96,96,true,0
9421,0,0,19404840,33268700,13863860,0,6,109,false,0
9422,0,0,19404840,33272750,13867910,0,0,81,false,0
9423,0,0,19404840,33277900,13873060,0,1,104,false,0
9424,0,0,19404840,33283050,13878210,0,11,114,false,0
9425,0,0,19404840,33288000,13883160,0,0,99,false,0
9426,0,0,19404840,33292650,13887810,0,0,93,false,0
9427,0,0,19404840,33297800,13892960,0,6,109,false,0
9428,0,0,19404840,33302900,13898060,0,0,102,false,0
9429,0,0,19404840,33302900,13898060,0,109,109,true,0
9430,0,0,19404840,33308050,13903210,0,2,105,false,0
9431,0,0,19404840,33312450,13907610,0,0,88,false,0
9432,0,0,19404840,33317600,13912760,0,4,107,false,0
9433,0,0,19404840,33322750,13917910,0,20,123,false,0
9434,0,0,19404840,33327900,13923060,0,5,108,false,0
9435,0,0,19404840,33332850,13928010,0,0,99,false,0
9436,0,0,19404840,33337250,13932410,0,0,88,false,0
9437,0,0,19404840,33337250,13932410,0,97,97,true,0
9438,0,0,19404840,33342400,13937560,0,4,107,false,0
9439,0,0,19404840,33347500,13942660,0,0,102,false,0
9440,0,0,19404840,33352600,13947760,0,0,102,false,0
9441,0,0,19404840,33357600,13952760,0,0,100,false,0
9442,0,0,19404840,33362750,13957910,0,15,118,false,0
9443,0,0,19404840,33367050,13962210,0,0,86,false,0
9444,0,0,19404840,33372000,13967160,0,0,99,false,0
9445,0,0,19404840,33376000,13971160,0,0,80,false,0
9446,0,0,19404840,33381150,13976310,0,2,105,false,0
9447,0,0,19404840,33385950,13981110,0,0,96,false,0
9448,0,0,19404840,33391100,13986260,0,10,113,false,0
9449,0,0,19404840,33396250,13991410,0,11,114,false,0
9450,0,0,19404840,33400600,13995760,0,0,87,false,0
9451,0,0,19404840,33405750,14000910,0,0,103,false,0
9452,0,0,19404840,33409800,14004960,0,0,81,false,0
9453,0,0,19404840,33409800,14004960,0,98,98,true,0
9454,0,0,19404840,33414950,14010110,0,3,106,false,0
9455,0,0,19404840,33420100,14015260,0,7,110,false,0
9456,0,0,19404840,33425250,14020410,0,3,106,false,0
9457,0,0,19404840,33429900,14025060,0,0,93,false,0
9458,0,0,19404840,33434250,14029410,0,0,87,false,0
9459,0,0,19404840,33439400,14034560,0,8,111,false,0
9460,0,0,19404840,33444250,14039410,0,0,97,false,0
9461,0,0,19404840,33448750,14043910,0,0,90,false,0
9462,0,0,19404840,33453900,14049060,0,15,118,false,0
9463,0,0,19404840,33458250,14053410,0,0,87,false,0
9464,0,0,19511460,33463000,13951540,0,0,95,false,0
9465,0,0,19511460,33468150,13956690,0,12,115,false,0
9466,0,0,19511460,33473200,13961740,0,0,101,false,0
9467,0,0,19511460,33478300,13966840,0,0,102,false,0
9468,0,0,19511460,33483450,13971990,0,2,105,false,0
9469,0,0,19511460,33488400,13976940,0,0,99,false,0
9470,0,0,19511460,33493550,13982090,0,4,107,false,0
9471,0,0,19511460,33498650,13987190,0,0,102,false,0
9472,0,0,19511460,33503800,13992340,0,1,104,false,0
9473,0,0,19511460,33508950,13997490,0,3,106,false,0
9474,0,0,19511460,33508950,13997490,0,105,105,true,0
9475,0,0,19511460,33508950,13997490,0,107,107,true,0
9476,0,0,19511460,33514100,14002640,0,12,115,false,0
9477,0,0,19511460,33519250,14007790,0,5,108,false,0
9478,0,0,19511460,33523850,14012390,0,0,92,false,0
9479,0,0,19511460,33528050,14016590,0,0,84,false,0
9480,0,0,19511460,33533200,14021740,0,6,109,false,0
9481,0,0,19511460,33538350,14026890,0,1,104,false,0
9482,0,0,19511460,33543400,14031940,0,0,101,false,0
9483,0,0,19511460,33548050,14036590,0,0,93,false,0
9484,0,0,19511460,33553200,14041740,0,5,108,false,0
9485,0,0,19511460,33558350,14046890,0,1,104,false,0
9486,0,0,19511460,33562850,14051390,0,0,90,false,0
9487,0,0,19511460,33567900,14056440,0,0,101,false,0
9488,0,0,19511460,33573050,14061590,0,6,109,false,0
9489,0,0,19511460,33573050,14061590,0,99,99,true,0
9490,0,0,19511460,33578200,14066740,0,7,110,false,0
9491,0,0,19511460,33583350,14071890,0,5,108,false,0
9492,0,0,19511460,33588500,14077040,0,5,108,false,0
9493,0,0,19511460,33592550,14081090,0,0,81,false,0
9494,0,0,19511460,33597700,14086240,0,11,114,false,0
9495,0,0,19511460,33602400,14090940,0,0,94,false,0
9496,0,0,19511460,33607550,14096090,0,12,115,false,0
9497,0,0,19511460,33612700,14101240,0,10,113,false,0
9498,0,0,19511460,33612700,14101240,0,104,104,true,0
9499,0,0,19511460,33612700,14101240,0,98,98,true,0
9500,0,0,19511460,33612700,14101240,0,87,87,true,0
9501,0,0,19511460,33612700,14101240,0,101,101,true,0
9502,0,0,19511460,33612700,14101240,0,110,110,true,0
9503,0,0,19511460,33617400,14105940,0,0,94,false,0
9504,0,0,19511460,33622050,14110590,0,0,93,false,0
9505,0,0,19511460,33627200,14115740,0,7,110,false,0
9506,0,0,19511460,33632350,14120890,0,2,105,false,0
9507,0,0,19511460,33637350,14125890,0,0,100,false,0
9508,0,0,19511460,33642350,14130890,0,0,100,false,0
9509,0,0,19511460,33646950,14135490,0,0,92,false,0
9510,0,0,19511460,33646950,14135490,0,107,107,true,0
9511,0,0,19511460,33646950,14135490,0,105,105,true,0
9512,0,0,19511460,33652100,14140640,0,1,104,false,0
9513,0,0,19511460,33656350,14144890,0,0,85,false,0
9514,0,0,19511460,33656350,14144890,0,107,107,true,0
9515,0,0,19511460,33660500,14149040,0,0,83,false,0
9516,0,0,19618080,33665550,14047470,0,0,101,false,0
9517,0,0,19618080,33665550,14047470,0,87,87,true,0
9518,0,0,19618080,33670700,14052620,0,18,121,false,0
9519,0,0,19618080,33675850,14057770,0,4,107,false,0
9520,0,0,19618080,33681000,14062920,0,26,129,false,0
9521,0,0,19618080,33681000,14062920,0,104,104,true,0
9522,0,0,19618080,33685950,14067870,0,0,99,false,0
9523,0,0,19618080,33690800,14072720,0,0,97,false,0
9524,0,0,19618080,33694950,14076870,0,0,83,false,0
9525,0,0,19618080,33699750,14081670,0,0,96,false,0
9526,0,0,19618080,33704900,14086820,0,9,112,false,0
9527,0,0,19618080,33709800,14091720,0,0,98,false,0
9528,0,0,19618080,33714950,14096870,0,17,120,false,0
9529,0,0,19618080,33718450,14100370,0,0,70,false,0
9530,0,0,19618080,33722800,14104720,0,0,87,false,0
9531,0,0,19618080,33727600,14109520,0,0,96,false,0
9532,0,0,19618080,33732200,14114120,0,0,92,false,0
9533,0,0,19618080,33737050,14118970,0,0,97,false,0
9534,0,0,19618080,33741100,14123020,0,0,81,false,0
9535,0,0,19618080,33746250,14128170,0,7,110,false,0
9536,0,0,19618080,33746250,14128170,0,100,100,true,0
9537,0,0,19618080,33750650,14132570,0,0,88,false,0
9538,0,0,19618080,33755150,14137070,0,0,90,false,0
9539,0,0,19618080,33759600,14141520,0,0,89,false,0
9540,0,0,19618080,33764300,14146220,0,0,94,false,0
9541,0,0,19618080,33769450,14151370,0,12,115,false,0
9542,0,0,19618080,33774600,14156520,0,5,108,false,0
9543,0,0,19618080,33779100,14161020,0,0,90,false,0
9544,0,0,19618080,33783850,14165770,0,0,95,false,0
9545,0,0,19618080,33783850,14165770,0,104,104,true,0
9546,0,0,19618080,33788100,14170020,0,0,85,false,0
9547,0,0,19618080,33793000,14174920,0,0,98,false,0
9548,0,0,19618080,33793000,14174920,0,100,100,true,0
9549,0,0,19618080,33793000,14174920,0,89,89,true,0
9550,0,0,19618080,33793000,14174920,0,88,88,true,0
9551,0,0,19618080,33793000,14174920,0,103,103,true,0
9552,0,0,19618080,33797300,14179220,0,0,86,false,0
9553,0,0,19618080,33802450,14184370,0,21,124,false,0
9554,0,0,19618080,33802450,14184370,0,97,97,true,0
9555,0,0,19618080,33802450,14184370,0,104,104,true,0
9556,0,0,19618080,33806850,14188770,0,0,88,false,0
9557,0,0,19618080,33811650,14193570,0,0,96,false,0
9558,0,0,19618080,33816800,14198720,0,3,106,false,0
9559,0,0,19618080,33816800,14198720,0,95,95,true,0
9560,0,0,19618080,33816800,14198720,0,105,105,true,0
9561,0,0,19618080,33821150,14203070,0,0,87,false,0
9562,0,0,19618080,33825700,14207620,0,0,91,false,0
9563,0,0,19618080,33825700,14207620,0,106,106,true,0
9564,0,0,19618080,33825700,14207620,0,100,100,true,0
9565,0,0,19618080,33830850,14212770,0,0,103,false,0
9566,0,0,19618080,33836000,14217920,0,12,115,false,0
9567,0,0,19618080,33841150,14223070,0,4,107,false,0
9568,0,0,19724700,33845400,14120700,0,0,85,false,0
9569,0,0,19724700,33845400,14120700,0,90,90,true,0
9570,0,0,19724700,33845400,14120700,0,98,98,true,0
9571,0,0,19724700,33845400,14120700,0,96,96,true,0
9572,0,0,19724700,33845400,14120700,0,98,98,true,0
9573,0,0,19724700,33845400,14120700,0,91,91,true,0
9574,0,0,19724700,33845400,14120700,0,88,88,true,0
9575,0,0,19724700,33845400,14120700,0,109,109,true,0
9576,0,0,19724700,33845400,14120700,0,108,108,true,0
9577,0,0,19724700,33845400,14120700,0,104,104,true,0
9578,0,0,19724700,33849750,14125050,0,0,87,false,0
9579,0,0,19724700,33854600,14129900,0,0,97,false,0
9580,0,0,19724700,33859750,14135050,0,25,128,false,0
9581,0,0,19724700,33864750,14140050,0,0,100,false,0
9582,0,0,19724700,33869350,14144650,0,0,92,false,0
9583,0,0,19724700,33874300,14149600,0,0,99,false,0
9584,0,0,19724700,33879450,14154750,0,4,107,false,0
9585,0,0,19724700,33884250,14159550,0,0,96,false,0
9586,0,0,19724700,33889400,14164700,0,9,112,false,0
9587,0,0,19724700,33894550,14169850,0,18,121,false,0
9588,0,0,19724700,33898500,14173800,0,0,79,false,0
9589,0,0,19724700,33903650,14178950,0,16,119,false,0
9590,0,0,19724700,33908400,14183700,0,0,95,false,0
9591,0,0,19724700,33913050,14188350,0,0,93,false,0
9592,0,0,19724700,33918000,14193300,0,0,99,false,0
9593,0,0,19724700,33923050,14198350,0,0,101,false,0
9594,0,0,19724700,33928200,14203500,0,1,104,false,0
9595,0,0,19724700,33933250,14208550,0,0,101,false,0
9596,0,0,19724700,33938400,14213700,0,5,108,false,0
9597,0,0,19724700,33943550,14218850,0,1,104,false,0
9598,0,0,19724700,33948200,14223500,0,0,93,false,0
9599,0,0,19724700,33953350,14228650,0,10,113,false,0
9600,0,0,19724700,33958500,14233800,0,8,111,false,0
9601,0,0,19724700,33963650,14238950,0,0,103,false,0
9602,0,0,19724700,33968800,14244100,0,2,105,false,0
9603,0,0,19724700,33973950,14249250,0,3,106,false,0
9604,0,0,19724700,33978200,14253500,0,0,85,false,0
9605,0,0,19724700,33978200,14253500,0,112,112,true,0
9606,0,0,19724700,33978200,14253500,0,88,88,true,0
9607,0,0,19724700,33983350,14258650,0,5,108,false,0
9608,0,0,19724700,33988500,14263800,0,9,112,false,0
9609,0,0,19724700,33993650,14268950,0,7,110,false,0
9610,0,0,19724700,33998400,14273700,0,0,95,false,0
9611,0,0,19724700,34003550,14278850,0,5,108,false,0
9612,0,0,19724700,34008700,14284000,0,10,113,false,0
9613,0,0,19724700,34008700,14284000,0,74,74,true,0
9614,0,0,19724700,34008700,14284000,0,121,121,true,0
9615,0,0,19724700,34008700,14284000,0,107,107,true,0
9616,0,0,19724700,34008700,14284000,0,95,95,true,0
9617,0,0,19724700,34008700,14284000,0,97,97,true,0
9618,0,0,19724700,34013650,14288950,0,0,99,false,0
9619,0,0,19724700,34018750,14294050,0,0,102,false,0
9620,0,0,19831320,34023700,14192380,0,0,99,false,0
9621,0,0,19831320,34023700,14192380,0,98,98,true,0
9622,0,0,19831320,34023700,14192380,0,89,89,true,0
9623,0,0,19831320,34023700,14192380,0,99,99,true,0
9624,0,0,19831320,34023700,14192380,0,100,100,true,0
9625,0,0,19831320,34028550,14197230,0,0,97,false,0
9626,0,0,19831320,34033700,14202380,0,2,105,false,0
9627,0,0,19831320,34038850,14207530,0,2,105,false,0
9628,0,0,19831320,34038850,14207530,0,116,116,true,0
9629,0,0,19831320,34043800,14212480,0,0,99,false,0
9630,0,0,19831320,34048950,14217630,0,9,112,false,0
9631,0,0,19831320,34053550,14222230,0,0,92,false,0
9632,0,0,19831320,34058700,14227380,0,0,103,false,0
9633,0,0,19831320,34063050,14231730,0,0,87,false,0
9634,0,0,19831320,34067500,14236180,0,0,89,false,0
9635,0,0,19831320,34072650,14241330,0,13,116,false,0
9636,0,0,19831320,34072650,14241330,0,108,108,true,0
9637,0,0,19831320,34077800,14246480,0,12,115,false,0
9638,0,0,19831320,34082950,14251630,0,8,111,false,0
9639,0,0,19831320,34088100,14256780,0,1,104,false,0
9640,0,0,19831320,34093000,14261680,0,0,98,false,0
9641,0,0,19831320,34097350,14266030,0,0,87,false,0
9642,0,0,19831320,34102300,14270980,0,0,99,false,0
9643,0,0,19831320,34107000,14275680,0,0,94,false,0
9644,0,0,19831320,34112150,14280830,0,12,115,false,0
9645,0,0,19831320,34117300,14285980,0,0,103,false,0
9646,0,0,19831320,34122450,14291130,0,6,109,false,0
9647,0,0,19831320,34122450,14291130,0,117,117,true,0
9648,0,0,19831320,34122450,14291130,0,98,98,true,0
9649,0,0,19831320,34122450,14291130,0,113,113,true,0
9650,0,0,19831320,34126750,14295430,0,0,86,false,0
9651,0,0,19831320,34131900,14300580,0,6,109,false,0
9652,0,0,19831320,34137050,14305730,0,22,125,false,0
9653,0,0,19831320,34141750,14310430,0,0,94,false,0
9654,0,0,19831320,34146900,14315580,0,0,103,false,0
9655,0,0,19831320,34152050,14320730,0,10,113,false,0
9656,0,0,19831320,34152050,14320730,0,102,102,true,0
9657,0,0,19831320,34152050,14320730,0,111,111,true,0
9658,0,0,19831320,34152050,14320730,0,100,100,true,0
9659,0,0,19831320,34157200,14325880,0,10,113,false,0
9660,0,0,19831320,34162350,14331030,0,12,115,false,0
9661,0,0,19831320,34166800,14335480,0,0,89,false,0
9662,0,0,19831320,34166800,14335480,0,114,114,true,0
9663,0,0,19831320,34166800,14335480,0,115,115,true,0
9664,0,0,19831320,34166800,14335480,0,113,113,true,0
9665,0,0,19831320,34171950,14340630,0,15,118,false,0
9666,0,0,19831320,34176300,14344980,0,0,87,false,0
9667,0,0,19831320,34181450,14350130,0,0,103,false,0
9668,0,0,19831320,34186200,14354880,0,0,95,false,0
9669,0,0,19831320,34186200,14354880,0,103,103,true,0
9670,0,0,19831320,34191000,14359680,0,0,96,false,0
9671,0,0,19831320,34195650,14364330,0,0,93,false,0
9672,0,0,19937940,34195650,14257710,0,105,105,true,0
9673,0,0,19937940,34195650,14257710,0,101,101,true,0
9674,0,0,19937940,34195650,14257710,0,95,95,true,0
9675,0,0,19937940,34195650,14257710,0,103,103,true,0
9676,0,0,19937940,34195650,14257710,0,92,92,true,0
9677,0,0,19937940,34200800,14262860,0,3,106,false,0
9678,0,0,19937940,34205400,14267460,0,0,92,false,0
9679,0,0,19937940,34209850,14271910,0,0,89,false,0
9680,0,0,19937940,34214550,14276610,0,0,94,false,0
9681,0,0,19937940,34214550,14276610,0,91,91,true,0
9682,0,0,19937940,34219500,14281560,0,0,99,false,0
9683,0,0,19937940,34223850,14285910,0,0,87,false,0
9684,0,0,19937940,34228800,14290860,0,0,99,false,0
9685,0,0,19937940,34228800,14290860,0,91,91,true,0
9686,0,0,19937940,34233850,14295910,0,0,101,false,0
9687,0,0,19937940,34238450,14300510,0,0,92,false,0
9688,0,0,19937940,34243000,14305060,0,0,91,false,0
9689,0,0,19937940,34247650,14309710,0,0,93,false,0
9690,0,0,19937940,34247650,14309710,0,98,98,true,0
9691,0,0,19937940,34247650,14309710,0,105,105,true,0
9692,0,0,19937940,34252800,14314860,0,11,114,false,0
9693,0,0,19937940,34257950,14320010,0,2,105,false,0
9694,0,0,19937940,34262350,14324410,0,0,88,false,0
9695,0,0,19937940,34267200,14329260,0,0,97,false,0
9696,0,0,19937940,34272350,14334410,0,13,116,false,0
9697,0,0,19937940,34276700,14338760,0,0,87,false,0
9698,0,0,19937940,34281250,14343310,0,0,91,false,0
9699,0,0,19937940,34284800,14346860,0,0,71,false,0
9700,0,0,19937940,34289850,14351910,0,0,101,false,0
9701,0,0,19937940,34294850,14356910,0,0,100,false,0
9702,0,0,19937940,34300000,14362060,0,0,103,false,0
9703,0,0,19937940,34305000,14367060,0,0,100,false,0
9704,0,0,19937940,34309200,14371260,0,0,84,false,0
9705,0,0,19937940,34309200,14371260,0,112,112,true,0
9706,0,0,19937940,34313900,14375960,0,0,94,false,0
9707,0,0,19937940,34318250,14380310,0,0,87,false,0
9708,0,0,19937940,34323350,14385410,0,0,102,false,0
9709,0,0,19937940,34328000,14390060,0,0,93,false,0
9710,0,0,19937940,34333150,14395210,0,11,114,false,0
9711,0,0,19937940,34337900,14399960,0,0,95,false,0
9712,0,0,19937940,34342350,14404410,0,0,89,false,0
9713,0,0,19937940,34342350,14404410,0,103,103,true,0
9714,0,0,19937940,34342350,14404410,0,100,100,true,0
9715,0,0,19937940,34342350,14404410,0,109,109,true,0
9716,0,0,19937940,34342350,14404410,0,112,112,true,0
9717,0,0,19937940,34342350,14404410,0,88,88,true,0
9718,0,0,19937940,34342350,14404410,0,96,96,true,0
9719,0,0,19937940,34342350,14404410,0,108,108,true,0
9720,0,0,19937940,34347200,14409260,0,0,97,false,0
9721,0,0,19937940,34352350,14414410,0,2,105,false,0
9722,0,0,19937940,34357250,14419310,0,0,98,false,0
9723,0,0,19937940,34362400,14424460,0,6,109,false,0
9724,0,0,20044560,34367550,14322990,0,5,108,false,0
9725,0,0,20044560,34372650,14328090,0,0,102,false,0
9726,0,0,20044560,34377500,14332940,0,0,97,false,0
9727,0,0,20044560,34382400,14337840,0,0,98,false,0
9728,0,0,20044560,34382400,14337840,0,88,88,true,0
9729,0,0,20044560,34382400,14337840,0,112,112,true,0
9730,0,0,20044560,34387150,14342590,0,0,95,false,0
9731,0,0,20044560,34391650,14347090,0,0,90,false,0
9732,0,0,20044560,34395900,14351340,0,0,85,false,0
9733,0,0,20044560,34400550,14355990,0,0,93,false,0
9734,0,0,20044560,34405700,14361140,0,6,109,false,0
9735,0,0,20044560,34405700,14361140,0,99,99,true,0
9736,0,0,20044560,34410850,14366290,0,1,104,false,0
9737,0,0,20044560,34415950,14371390,0,0,102,false,0
9738,0,0,20044560,34415950,14371390,0,81,81,true,0
9739,0,0,20044560,34415950,14371390,0,103,103,true,0
9740,0,0,20044560,34415950,14371390,0,120,120,true,0
9741,0,0,20044560,34420850,14376290,0,0,98,false,0
9742,0,0,20044560,34425450,14380890,0,0,92,false,0
9743,0,0,20044560,34425450,14380890,0,104,104,true,0
9744,0,0,20044560,34425450,14380890,0,104,104,true,0
9745,0,0,20044560,34425450,14380890,0,102,102,true,0
9746,0,0,20044560,34425450,14380890,0,96,96,true,0
9747,0,0,20044560,34425450,14380890,0,96,96,true,0
9748,0,0,20044560,34425450,14380890,0,105,105,true,0
9749,0,0,20044560,34425450,14380890,0,98,98,true,0
9750,0,0,20044560,34425450,14380890,0,117,117,true,0
9751,0,0,20044560,34425450,14380890,0,103,103,true,0
9752,0,0,20044560,34425450,14380890,0,114,114,true,0
9753,0,0,20044560,34430600,14386040,0,7,110,false,0
9754,0,0,20044560,34435500,14390940,0,0,98,false,0
9755,0,0,20044560,34440650,14396090,0,8,111,false,0
9756,0,0,20044560,34445800,14401240,0,1,104,false,0
9757,0,0,20044560,34450950,14406390,0,5,108,false,0
9758,0,0,20044560,34455400,14410840,0,0,89,false,0
9759,0,0,20044560,34460550,14415990,0,4,107,false,0
9760,0,0,20044560,34465700,14421140,0,7,110,false,0
9761,0,0,20044560,34465700,14421140,0,89,89,true,0
9762,0,0,20044560,34470200,14425640,0,0,90,false,0
9763,0,0,20044560,34474900,14430340,0,0,94,false,0
9764,0,0,20044560,34474900,14430340,0,110,110,true,0
9765,0,0,20044560,34474900,14430340,0,100,100,true,0
9766,0,0,20044560,34479600,14435040,0,0,94,false,0
9767,0,0,20044560,34484650,14440090,0,0,101,false,0
9768,0,0,20044560,34489000,14444440,0,0,87,false,0
9769,0,0,20044560,34489000,14444440,0,92,92,true,0
9770,0,0,20044560,34493800,14449240,0,0,96,false,0
9771,0,0,20044560,34498950,14454390,0,5,108,false,0
9772,0,0,20044560,34504100,14459540,0,13,116,false,0
9773,0,0,20044560,34509250,14464690,0,3,106,false,0
9774,0,0,20044560,34509250,14464690,0,97,97,true,0
9775,0,0,20044560,34509250,14464690,0,96,96,true,0
9776,0,0,20151180,34514050,14362870,0,0,96,false,0
9777,0,0,20151180,34519200,14368020,0,4,107,false,0
9778,0,0,20151180,34523650,14372470,0,0,89,false,0
9779,0,0,20151180,34528800,14377620,0,9,112,false,0
9780,0,0,20151180,34533750,14382570,0,0,99,false,0
9781,0,0,20151180,34538000,14386820,0,0,85,false,0
9782,0,0,20151180,34543000,14391820,0,0,100,false,0
9783,0,0,20151180,34547200,14396020,0,0,84,false,0
9784,0,0,20151180,34552300,14401120,0,0,102,false,0
9785,0,0,20151180,34557350,14406170,0,0,101,false,0
9786,0,0,20151180,34562150,14410970,0,0,96,false,0
9787,0,0,20151180,34566900,14415720,0,0,95,false,0
9788,0,0,20151180,34572050,14420870,0,26,129,false,0
9789,0,0,20151180,34576700,14425520,0,0,93,false,0
9790,0,0,20151180,34581850,14430670,0,1,104,false,0
9791,0,0,20151180,34586600,14435420,0,0,95,false,0
9792,0,0,20151180,34590900,14439720,0,0,86,false,0
9793,0,0,20151180,34595650,14444470,0,0,95,false,0
9794,0,0,20151180,34600550,14449370,0,0,98,false,0
9795,0,0,20151180,34605650,14454470,0,0,102,false,0
9796,0,0,20151180,34610800,14459620,0,1,104,false,0
9797,0,0,20151180,34614800,14463620,0,0,80,false,0
9798,0,0,20151180,34614800,14463620,0,117,117,true,0
9799,0,0,20151180,34614800,14463620,0,110,110,true,0
9800,0,0,20151180,34619350,14468170,0,0,91,false,0
9801,0,0,20151180,34623900,14472720,0,0,91,false,0
9802,0,0,20151180,34629050,14477870,0,0,103,false,0
9803,0,0,20151180,34634200,14483020,0,8,111,false,0
9804,0,0,20151180,34639350,14488170,0,7,110,false,0
9805,0,0,20151180,34639350,14488170,0,110,110,true,0
9806,0,0,20151180,34639350,14488170,0,103,103,true,0
9807,0,0,20151180,34639350,14488170,0,99,99,true,0
9808,0,0,20151180,34644400,14493220,0,0,101,false,0
9809,0,0,20151180,34649550,14498370,0,3,106,false,0
9810,0,0,20151180,34654700,14503520,0,9,112,false,0
9811,0,0,20151180,34659850,14508670,0,2,105,false,0
9812,0,0,20151180,34664450,14513270,0,0,92,false,0
9813,0,0,20151180,34664450,14513270,0,96,96,true,0
9814,0,0,20151180,34664450,14513270,0,97,97,true,0
9815,0,0,20151180,34664450,14513270,0,109,109,true,0
9816,0,0,20151180,34669600,14518420,0,5,108,false,0
9817,0,0,20151180,34674200,14523020,0,0,92,false,0
9818,0,0,20151180,34679350,14528170,0,7,110,false,0
9819,0,0,20151180,34684500,14533320,0,3,106,false,0
9820,0,0,20151180,34689250,14538070,0,0,95,false,0
9821,0,0,20151180,34694400,14543220,0,21,124,false,0
9822,0,0,20151180,34699250,14548070,0,0,97,false,0
9823,0,0,20151180,34704300,14553120,0,0,101,false,0
9824,0,0,20151180,34709300,14558120,0,0,100,false,0
9825,0,0,20151180,34714150,14562970,0,0,97,false,0
9826,0,0,20151180,34719100,14567920,0,0,99,false,0
9827,0,0,20151180,34719100,14567920,0,81,81,true,0
9828,0,0,20257800,34719100,14461300,0,108,108,true,0
9829,0,0,20257800,34719100,14461300,0,85,85,true,0
9830,0,0,20257800,34719100,14461300,0,109,109,true,0
9831,0,0,20257800,34723600,14465800,0,0,90,false,0
9832,0,0,20257800,34728450,14470650,0,0,97,false,0
9833,0,0,20257800,34733600,14475800,0,11,114,false,0
9834,0,0,20257800,34738750,14480950,0,11,114,false,0
9835,0,0,20257800,34743350,14485550,0,0,92,false,0
9836,0,0,20257800,34748500,14490700,0,15,118,false,0
9837,0,0,20257800,34753350,14495550,0,0,97,false,0
9838,0,0,20257800,34753350,14495550,0,112,112,true,0
9839,0,0,20257800,34758500,14500700,0,2,105,false,0
9840,0,0,20257800,34763650,14505850,0,9,112,false,0
9841,0,0,20257800,34768050,14510250,0,0,88,false,0
9842,0,0,20257800,34772200,14514400,0,0,83,false,0
9843,0,0,20257800,34777100,14519300,0,0,98,false,0
9844,0,0,20257800,34782250,14524450,0,6,109,false,0
9845,0,0,20257800,34787400,14529600,0,8,111,false,0
9846,0,0,20257800,34792550,14534750,0,4,107,false,0
9847,0,0,20257800,34797550,14539750,0,0,100,false,0
9848,0,0,20257800,34801950,14544150,0,0,88,false,0
9849,0,0,20257800,34807050,14549250,0,0,102,false,0
9850,0,0,20257800,34807050,14549250,0,103,103,true,0
9851,0,0,20257800,34812050,14554250,0,0,100,false,0
9852,0,0,20257800,34817100,14559300,0,0,101,false,0
9853,0,0,20257800,34822250,14564450,0,0,103,false,0
9854,0,0,20257800,34827400,14569600,0,4,107,false,0
9855,0,0,20257800,34827400,14569600,0,97,97,true,0
9856,0,0,20257800,34832300,14574500,0,0,98,false,0
9857,0,0,20257800,34837450,14579650,0,19,122,false,0
9858,0,0,20257800,34841800,14584000,0,0,87,false,0
9859,0,0,20257800,34846650,14588850,0,0,97,false,0
9860,0,0,20257800,34851650,14593850,0,0,100,false,0
9861,0,0,20257800,34856800,14599000,0,1,104,false,0
9862,0,0,20257800,34856800,14599000,0,97,97,true,0
9863,0,0,20257800,34856800,14599000,0,108,108,true,0
9864,0,0,20257800,34861950,14604150,0,0,103,false,0
9865,0,0,20257800,34866350,14608550,0,0,88,false,0
9866,0,0,20257800,34871500,14613700,0,4,107,false,0
9867,0,0,20257800,34871500,14613700,0,119,119,true,0
9868,0,0,20257800,34871500,14613700,0,115,115,true,0
9869,0,0,20257800,34875550,14617750,0,0,81,false,0
9870,0,0,20257800,34880700,14622900,0,9,112,false,0
9871,0,0,20257800,34880700,14622900,0,108,108,true,0
9872,0,0,20257800,34880700,14622900,0,100,100,true,0
9873,0,0,20257800,34885800,14628000,0,0,102,false,0
9874,0,0,20257800,34890950,14633150,0,9,112,false,0
9875,0,0,20257800,34896100,14638300,0,1,104,false,0
9876,0,0,20257800,34901000,14643200,0,0,98,false,0
9877,0,0,20257800,34905750,14647950,0,0,95,false,0
9878,0,0,20257800,34910750,14652950,0,0,100,false,0
9879,0,0,20257800,34915900,14658100,0,1,104,false,0
9880,0,0,20364420,34915900,14551480,0,101,101,true,0
9881,0,0,20364420,34915900,14551480,0,119,119,true,0
9882,0,0,20364420,34915900,14551480,0,106,106,true,0
9883,0,0,20364420,34915900,14551480,0,108,108,true,0
9884,0,0,20364420,34915900,14551480,0,106,106,true,0
9885,0,0,20364420,34920600,14556180,0,0,94,false,0
9886,0,0,20364420,34925350,14560930,0,0,95,false,0
9887,0,0,20364420,34930500,14566080,0,11,114,false,0
9888,0,0,20364420,34935500,14571080,0,0,100,false,0
9889,0,0,20364420,34940650,14576230,0,1,104,false,0
9890,0,0,20364420,34944900,14580480,0,0,85,false,0
9891,0,0,20364420,34949950,14585530,0,0,101,false,0
9892,0,0,20364420,34954600,14590180,0,0,93,false,0
9893,0,0,20364420,34954600,14590180,0,89,89,true,0
9894,0,0,20364420,34959750,14595330,0,6,109,false,0
9895,0,0,20364420,34964500,14600080,0,0,95,false,0
9896,0,0,20364420,34969300,14604880,0,0,96,false,0
9897,0,0,20364420,34973650,14609230,0,0,87,false,0
9898,0,0,20364420,34977850,14613430,0,0,84,false,0
9899,0,0,20364420,34977850,14613430,0,117,117,true,0
9900,0,0,20364420,34977850,14613430,0,100,100,true,0
9901,0,0,20364420,34977850,14613430,0,90,90,true,0
9902,0,0,20364420,34977850,14613430,0,114,114,true,0
9903,0,0,20364420,34977850,14613430,0,103,103,true,0
9904,0,0,20364420,34977850,14613430,0,102,102,true,0
9905,0,0,20364420,34983000,14618580,0,9,112,false,0
9906,0,0,20364420,34987900,14623480,0,0,98,false,0
9907,0,0,20364420,34993050,14628630,0,0,103,false,0
9908,0,0,20364420,34993050,14628630,0,105,105,true,0
9909,0,0,20364420,34993050,14628630,0,98,98,true,0
9910,0,0,20364420,34993050,14628630,0,90,90,true,0
9911,0,0,20364420,34997950,14633530,0,0,98,false,0
9912,0,0,20364420,35003100,14638680,0,0,103,false,0
9913,0,0,20364420,35008250,14643830,0,21,124,false,0
9914,0,0,20364420,35012800,14648380,0,0,91,false,0
9915,0,0,20364420,35017950,14653530,0,16,119,false,0
9916,0,0,20364420,35017950,14653530,0,89,89,true,0
9917,0,0,20364420,35023100,14658680,0,10,113,false,0
9918,0,0,20364420,35027750,14663330,0,0,93,false,0
9919,0,0,20364420,35032900,14668480,0,0,103,false,0
9920,0,0,20364420,35037650,14673230,0,0,95,false,0
9921,0,0,20364420,35037650,14673230,0,109,109,true,0
9922,0,0,20364420,35042800,14678380,0,3,106,false,0
9923,0,0,20364420,35047950,14683530,0,1,104,false,0
9924,0,0,20364420,35053100,14688680,0,0,103,false,0
9925,0,0,20364420,35058250,14693830,0,25,128,false,0
9926,0,0,20364420,35062750,14698330,0,0,90,false,0
9927,0,0,20364420,35062750,14698330,0,100,100,true,0
9928,0,0,20364420,35067900,14703480,0,1,104,false,0
9929,0,0,20364420,35072700,14708280,0,0,96,false,0
9930,0,0,20364420,35077500,14713080,0,0,96,false,0
9931,0,0,20364420,35082650,14718230,0,15,118,false,0
9932,0,0,20471040,35082650,14611610,0,121,121,true,0
9933,0,0,20471040,35087500,14616460,0,0,97,false,0
9934,0,0,20471040,35092650,14621610,0,0,103,false,0
9935,0,0,20471040,35096950,14625910,0,0,86,false,0
9936,0,0,20471040,35102050,14631010,0,0,102,false,0
9937,0,0,20471040,35106900,14635860,0,0,97,false,0
9938,0,0,20471040,35111750,14640710,0,0,97,false,0
9939,0,0,20471040,35116900,14645860,0,3,106,false,0
9940,0,0,20471040,35122050,14651010,0,1,104,false,0
9941,0,0,20471040,35122050,14651010,0,110,110,true,0
9942,0,0,20471040,35122050,14651010,0,102,102,true,0
9943,0,0,20471040,35122050,14651010,0,101,101,true,0
9944,0,0,20471040,35122050,14651010,0,98,98,true,0
9945,0,0,20471040,35127200,14656160,0,3,106,false,0
9946,0,0,20471040,35132350,14661310,0,3,106,false,0
9947,0,0,20471040,35137500,14666460,0,4,107,false,0
9948,0,0,20471040,35142650,14671610,0,19,122,false,0
9949,0,0,20471040,35147750,14676710,0,0,102,false,0
9950,0,0,20471040,35152750,14681710,0,0,100,false,0
9951,0,0,20471040,35157900,14686860,0,2,105,false,0
9952,0,0,20471040,35163050,14692010,0,7,110,false,0
9953,0,0,20471040,35168200,14697160,0,2,105,false,0
9954,0,0,20471040,35172600,14701560,0,0,88,false,0
9955,0,0,20471040,35177550,14706510,0,0,99,false,0
9956,0,0,20471040,35182100,14711060,0,0,91,false,0
9957,0,0,20471040,35187250,14716210,0,1,104,false,0
9958,0,0,20471040,35192400,14721360,0,1,104,false,0
9959,0,0,20471040,35192400,14721360,0,92,92,true,0
9960,0,0,20471040,35192400,14721360,0,105,105,true,0
9961,0,0,20471040,35197550,14726510,0,13,116,false,0
9962,0,0,20471040,35201700,14730660,0,0,83,false,0
9963,0,0,20471040,35206150,14735110,0,0,89,false,0
9964,0,0,20471040,35206150,14735110,0,119,119,true,0
9965,0,0,20471040,35206150,14735110,0,91,91,true,0
9966,0,0,20471040,35211300,14740260,0,7,110,false,0
9967,0,0,20471040,35216450,14745410,0,12,115,false,0
9968,0,0,20471040,35221200,14750160,0,0,95,false,0
9969,0,0,20471040,35225700,14754660,0,0,90,false,0
9970,0,0,20471040,35230750,14759710,0,0,101,false,0
9971,0,0,20471040,35235900,14764860,0,4,107,false,0
9972,0,0,20471040,35235900,14764860,0,105,105,true,0
9973,0,0,20471040,35235900,14764860,0,109,109,true,0
9974,0,0,20471040,35235900,14764860,0,86,86,true,0
9975,0,0,20471040,35235900,14764860,0,96,96,true,0
9976,0,0,20471040,35235900,14764860,0,79,79,true,0
9977,0,0,20471040,35235900,14764860,0,116,116,true,0
9978,0,0,20471040,35235900,14764860,0,105,105,true,0
9979,0,0,20471040,35240600,14769560,0,0,94,false,0
9980,0,0,20471040,35244800,14773760,0,0,84,false,0
9981,0,0,20471040,35249200,14778160,0,0,88,false,0
9982,0,0,20471040,35254350,14783310,0,17,120,false,0
9983,0,0,20471040,35259500,14788460,0,6,109,false,0
9984,0,0,20577660,35264650,14686990,0,1,104,false,0
9985,0,0,20577660,35269800,14692140,0,3,106,false,0
9986,0,0,20577660,35269800,14692140,0,114,114,true,0
9987,0,0,20577660,35269800,14692140,0,88,88,true,0
9988,0,0,20577660,35269800,14692140,0,97,97,true,0
9989,0,0,20577660,35269800,14692140,0,83,83,true,0
9990,0,0,20577660,35274400,14696740,0,0,92,false,0
9991,0,0,20577660,35279000,14701340,0,0,92,false,0
9992,0,0,20577660,35284150,14706490,0,2,105,false,0
9993,0,0,20577660,35288850,14711190,0,0,94,false,0
9994,0,0,20577660,35293050,14715390,0,0,84,false,0
9995,0,0,20577660,35297100,14719440,0,0,81,false,0
9996,0,0,20577660,35302000,14724340,0,0,98,false,0
9997,0,0,20577660,35306700,14729040,0,0,94,false,0
9998,0,0,20577660,35311700,14734040,0,0,100,false,0
9999,0,0,20577660,35316850,14739190,0,5,108,false,0
10000,0,0,20577660,35321050,14743390,0,0,84,false,0
10001,0,0,20577660,35325150,14747490,0,0,82,false,0
10002,0,0,20577660,35330250,14752590,0,0,102,false,0
10003,0,0,20577660,35335400,14757740,0,5,108,false,0
10004,0,0,20577660,35340150,14762490,0,0,95,false,0
10005,0,0,20577660,35344600,14766940,0,0,89,false,0
10006,0,0,20577660,35344600,14766940,0,97,97,true,0
10007,0,0,20577660,35349550,14771890,0,0,99,false,0
10008,0,0,20577660,35354450,14776790,0,0,98,false,0
10009,0,0,20577660,35359100,14781440,0,0,93,false,0
10010,0,0,20577660,35364250,14786590,0,1,104,false,0
10011,0,0,20577660,35368650,14790990,0,0,88,false,0
10012,0,0,20577660,35373350,14795690,0,0,94,false,0
10013,0,0,20577660,35378100,14800440,0,0,95,false,0
10014,0,0,20577660,35382450,14804790,0,0,87,false,0
10015,0,0,20577660,35387600,14809940,0,3,106,false,0
10016,0,0,20577660,35392150,14814490,0,0,91,false,0
10017,0,0,20577660,35397300,14819640,0,4,107,false,0
10018,0,0,20577660,35397300,14819640,0,97,97,true,0
10019,0,0,20577660,35397300,14819640,0,102,102,true,0
10020,0,0,20577660,35397300,14819640,0,120,120,true,0
10021,0,0,20577660,35402100,14824440,0,0,96,false,0
10022,0,0,20577660,35406500,14828840,0,0,88,false,0
10023,0,0,20577660,35411350,14833690,0,0,97,false,0
10024,0,0,20577660,35415700,14838040,0,0,87,false,0
10025,0,0,20577660,35415700,14838040,0,89,89,true,0
10026,0,0,20577660,35415700,14838040,0,97,97,true,0
10027,0,0,20577660,35415700,14838040,0,101,101,true,0
10028,0,0,20577660,35415700,14838040,0,82,82,true,0
10029,0,0,20577660,35420850,14843190,0,6,109,false,0
10030,0,0,20577660,35425100,14847440,0,0,85,false,0
10031,0,0,20577660,35430250,14852590,0,1,104,false,0
10032,0,0,20577660,35435050,14857390,0,0,96,false,0
10033,0,0,20577660,35440200,14862540,0,17,120,false,0
10034,0,0,20577660,35445250,14867590,0,0,101,false,0
10035,0,0,20577660,35450400,14872740,0,0,103,false,0
10036,0,0,20684280,35450400,14766120,0,88,88,true,0
10037,0,0,20684280,35455550,14771270,0,3,106,false,0
10038,0,0,20684280,35460600,14776320,0,0,101,false,0
10039,0,0,20684280,35465750,14781470,0,8,111,false,0
10040,0,0,20684280,35470500,14786220,0,0,95,false,0
10041,0,0,20684280,35475650,14791370,0,7,110,false,0
10042,0,0,20684280,35480800,14796520,0,2,105,false,0
10043,0,0,20684280,35485450,14801170,0,0,93,false,0
10044,0,0,20684280,35490550,14806270,0,0,102,false,0
10045,0,0,20684280,35495400,14811120,0,0,97,false,0
10046,0,0,20684280,35500100,14815820,0,0,94,false,0
10047,0,0,20684280,35505150,14820870,0,0,101,false,0
10048,0,0,20684280,35510100,14825820,0,0,99,false,0
10049,0,0,20684280,35514750,14830470,0,0,93,false,0
10050,0,0,20684280,35514750,14830470,0,96,96,true,0
10051,0,0,20684280,35514750,14830470,0,110,110,true,0
10052,0,0,20684280,35514750,14830470,0,85,85,true,0
10053,0,0,20684280,35519900,14835620,0,14,117,false,0
10054,0,0,20684280,35524300,14840020,0,0,88,false,0
10055,0,0,20684280,35528900,14844620,0,0,92,false,0
10056,0,0,20684280,35533800,14849520,0,0,98,false,0
10057,0,0,20684280,35533800,14849520,0,92,92,true,0
10058,0,0,20684280,35538950,14854670,0,1,104,false,0
10059,0,0,20684280,35543550,14859270,0,0,92,false,0
10060,0,0,20684280,35548700,14864420,0,2,105,false,0
10061,0,0,20684280,35553850,14869570,0,4,107,false,0
10062,0,0,20684280,35553850,14869570,0,79,79,true,0
10063,0,0,20684280,35558950,14874670,0,0,102,false,0
10064,0,0,20684280,35563550,14879270,0,0,92,false,0
10065,0,0,20684280,35568700,14884420,0,9,112,false,0
10066,0,0,20684280,35573850,14889570,0,3,106,false,0
10067,0,0,20684280,35579000,14894720,0,5,108,false,0
10068,0,0,20684280,35584150,14899870,0,4,107,false,0
10069,0,0,20684280,35588800,14904520,0,0,93,false,0
10070,0,0,20684280,35593800,14909520,0,0,100,false,0
10071,0,0,20684280,35598800,14914520,0,0,100,false,0
10072,0,0,20684280,35603650,14919370,0,0,97,false,0
10073,0,0,20684280,35608800,14924520,0,5,108,false,0
10074,0,0,20684280,35608800,14924520,0,94,94,true,0
10075,0,0,20684280,35608800,14924520,0,118,118,true,0
10076,0,0,20684280,35608800,14924520,0,103,103,true,0
10077,0,0,20684280,35608800,14924520,0,100,100,true,0
10078,0,0,20684280,35608800,14924520,0,101,101,true,0
10079,0,0,20684280,35613950,14929670,0,0,103,false,0
10080,0,0,20684280,35617800,14933520,0,0,77,false,0
10081,0,0,20684280,35622800,14938520,0,0,100,false,0
10082,0,0,20684280,35627200,14942920,0,0,88,false,0
10083,0,0,20684280,35632150,14947870,0,0,99,false,0
10084,0,0,20684280,35632150,14947870,0,116,116,true,0
10085,0,0,20684280,35632150,14947870,0,99,99,true,0
10086,0,0,20684280,35637300,14953020,0,11,114,false,0
10087,0,0,20684280,35642450,14958170,0,2,105,false,0
10088,0,0,20790900,35642450,14851550,0,109,109,true,0
10089,0,0,20790900,35642450,14851550,0,104,104,true,0
10090,0,0,20790900,35642450,14851550,0,92,92,true,0
10091,0,0,20790900,35642450,14851550,0,121,121,true,0
10092,0,0,20790900,35642450,14851550,0,100,100,true,0
10093,0,0,20790900,35646950,14856050,0,0,90,false,0
10094,0,0,20790900,35652100,14861200,0,15,118,false,0
10095,0,0,20790900,35657200,14866300,0,0,102,false,0
10096,0,0,20790900,35662100,14871200,0,0,98,false,0
10097,0,0,20790900,35666600,14875700,0,0,90,false,0
10098,0,0,20790900,35671500,14880600,0,0,98,false,0
10099,0,0,20790900,35675900,14885000,0,0,88,false,0
10100,0,0,20790900,35680900,14890000,0,0,100,false,0
10101,0,0,20790900,35685800,14894900,0,0,98,false,0
10102,0,0,20790900,35690450,14899550,0,0,93,false,0
10103,0,0,20790900,35695600,14904700,0,7,110,false,0
10104,0,0,20790900,35695600,14904700,0,112,112,true,0
10105,0,0,20790900,35700050,14909150,0,0,89,false,0
10106,0,0,20790900,35705200,14914300,0,4,107,false,0
10107,0,0,20790900,35710350,14919450,0,22,125,false,0
10108,0,0,20790900,35710350,14919450,0,84,84,true,0
10109,0,0,20790900,35710350,14919450,0,89,89,true,0
10110,0,0,20790900,35715000,14924100,0,0,93,false,0
10111,0,0,20790900,35719600,14928700,0,0,92,false,0
10112,0,0,20790900,35724100,14933200,0,0,90,false,0
10113,0,0,20790900,35728950,14938050,0,0,97,false,0
10114,0,0,20790900,35728950,14938050,0,85,85,true,0
10115,0,0,20790900,35733800,14942900,0,0,97,false,0
10116,0,0,20790900,35738900,14948000,0,0,102,false,0
10117,0,0,20790900,35738900,14948000,0,86,86,true,0
10118,0,0,20790900,35738900,14948000,0,108,108,true,0
10119,0,0,20790900,35743950,14953050,0,0,101,false,0
10120,0,0,20790900,35748950,14958050,0,0,100,false,0
10121,0,0,20790900,35754100,14963200,0,11,114,false,0
10122,0,0,20790900,35759150,14968250,0,0,101,false,0
10123,0,0,20790900,35763800,14972900,0,0,93,false,0
10124,0,0,20790900,35763800,14972900,0,94,94,true,0
10125,0,0,20790900,35763800,14972900,0,111,111,true,0
10126,0,0,20790900,35763800,14972900,0,92,92,true,0
10127,0,0,20790900,35763800,14972900,0,83,83,true,0
10128,0,0,20790900,35763800,14972900,0,94,94,true,0
10129,0,0,20790900,35763800,14972900,0,94,94,true,0
10130,0,0,20790900,35763800,14972900,0,82,82,true,0
10131,0,0,20790900,35768400,14977500,0,0,92,false,0
10132,0,0,20790900,35773050,14982150,0,0,93,false,0
10133,0,0,20790900,35773050,14982150,0,96,96,true,0
10134,0,0,20790900,35778200,14987300,0,3,106,false,0
10135,0,0,20790900,35783350,14992450,0,4,107,false,0
10136,0,0,20790900,35783350,14992450,0,111,111,true,0
10137,0,0,20790900,35783350,14992450,0,103,103,true,0
10138,0,0,20790900,35788500,14997600,0,18,121,false,0
10139,0,0,20790900,35793050,15002150,0,0,91,false,0
10140,0,0,20897520,35798200,14900680,0,6,109,false,0
10141,0,0,20897520,35803100,14905580,0,0,98,false,0
10142,0,0,20897520,35807700,14910180,0,0,92,false,0
10143,0,0,20897520,35812350,14914830,0,0,93,false,0
10144,0,0,20897520,35817300,14919780,0,0,99,false,0
10145,0,0,20897520,35822450,14924930,0,17,120,false,0
10146,0,0,20897520,35827600,14930080,0,4,107,false,0
10147,0,0,20897520,35832200,14934680,0,0,92,false,0
10148,0,0,20897520,35837350,14939830,0,6,109,false,0
10149,0,0,20897520,35842500,14944980,0,1,104,false,0
10150,0,0,20897520,35847650,14950130,0,1,104,false,0
10151,0,0,20897520,35847650,14950130,0,103,103,true,0
10152,0,0,20897520,35847650,14950130,0,97,97,true,0
10153,0,0,20897520,35852150,14954630,0,0,90,false,0
10154,0,0,20897520,35856950,14959430,0,0,96,false,0
10155,0,0,20897520,35862100,14964580,0,8,111,false,0
10156,0,0,20897520,35867250,14969730,0,4,107,false,0
10157,0,0,20897520,35872400,14974880,0,11,114,false,0
10158,0,0,20897520,35877550,14980030,0,1,104,false,0
10159,0,0,20897520,35882700,14985180,0,2,105,false,0
10160,0,0,20897520,35882700,14985180,0,107,107,true,0
10161,0,0,20897520,35882700,14985180,0,95,95,true,0
10162,0,0,20897520,35887850,14990330,0,9,112,false,0
10163,0,0,20897520,35891500,14993980,0,0,73,false,0
10164,0,0,20897520,35891500,14993980,0,103,103,true,0
10165,0,0,20897520,35891500,14993980,0,93,93,true,0
10166,0,0,20897520,35891500,14993980,0,94,94,true,0
10167,0,0,20897520,35896350,14998830,0,0,97,false,0
10168,0,0,20897520,35901350,15003830,0,0,100,false,0
10169,0,0,20897520,35906400,15008880,0,0,101,false,0
10170,0,0,20897520,35911500,15013980,0,0,102,false,0
10171,0,0,20897520,35911500,15013980,0,84,84,true,0
10172,0,0,20897520,35916200,15018680,0,0,94,false,0
10173,0,0,20897520,35920700,15023180,0,0,90,false,0
10174,0,0,20897520,35925800,15028280,0,0,102,false,0
10175,0,0,20897520,35930950,15033430,0,0,103,false,0
10176,0,0,20897520,35935400,15037880,0,0,89,false,0
10177,0,0,20897520,35940350,15042830,0,0,99,false,0
10178,0,0,20897520,35945400,15047880,0,0,101,false,0
10179,0,0,20897520,35950550,15053030,0,0,103,false,0
10180,0,0,20897520,35955700,15058180,0,8,111,false,0
10181,0,0,20897520,35960850,15063330,0,0,103,false,0
10182,0,0,20897520,35960850,15063330,0,111,111,true,0
10183,0,0,20897520,35960850,15063330,0,98,98,true,0
10184,0,0,20897520,35966000,15068480,0,21,124,false,0
10185,0,0,20897520,35970550,15073030,0,0,91,false,0
10186,0,0,20897520,35975700,15078180,0,4,107,false,0
10187,0,0,20897520,35980600,15083080,0,0,98,false,0
10188,0,0,20897520,35985450,15087930,0,0,97,false,0
10189,0,0,20897520,35990300,15092780,0,0,97,false,0
10190,0,0,20897520,35995450,15097930,0,10,113,false,0
10191,0,0,20897520,36000250,15102730,0,0,96,false,0
10192,0,0,21004140,36005400,15001260,0,1,104,false,0
10193,0,0,21004140,36010550,15006410,0,0,103,false,0
10194,0,0,21004140,36015200,15011060,0,0,93,false,0
10195,0,0,21004140,36019950,15015810,0,0,95,false,0
10196,0,0,21004140,36025100,15020960,0,5,108,false,0
10197,0,0,21004140,36029550,15025410,0,0,89,false,0
10198,0,0,21004140,36034000,15029860,0,0,89,false,0
10199,0,0,21004140,36039150,15035010,0,9,112,false,0
10200,0,0,21004140,36043500,15039360,0,0,87,false,0
10201,0,0,21004140,36048650,15044510,0,0,103,false,0
10202,0,0,21004140,36053800,15049660,0,7,110,false,0
10203,0,0,21004140,36053800,15049660,0,89,89,true,0
10204,0,0,21004140,36053800,15049660,0,103,103,true,0
10205,0,0,21004140,36058350,15054210,0,0,91,false,0
10206,0,0,21004140,36063100,15058960,0,0,95,false,0
10207,0,0,21004140,36068250,15064110,0,7,110,false,0
10208,0,0,21004140,36068250,15064110,0,93,93,true,0
10209,0,0,21004140,36068250,15064110,0,95,95,true,0
10210,0,0,21004140,36068250,15064110,0,77,77,true,0
10211,0,0,21004140,36073050,15068910,0,0,96,false,0
10212,0,0,21004140,36078200,15074060,0,0,103,false,0
10213,0,0,21004140,36083300,15079160,0,0,102,false,0
10214,0,0,21004140,36088450,15084310,0,4,107,false,0
10215,0,0,21004140,36093600,15089460,0,3,106,false,0
10216,0,0,21004140,36098750,15094610,0,3,106,false,0
10217,0,0,21004140,36098750,15094610,0,99,99,true,0
10218,0,0,21004140,36098750,15094610,0,98,98,true,0
10219,0,0,21004140,36103900,15099760,0,3,106,false,0
10220,0,0,21004140,36109050,15104910,0,5,108,false,0
10221,0,0,21004140,36113350,15109210,0,0,86,false,0
10222,0,0,21004140,36117850,15113710,0,0,90,false,0
10223,0,0,21004140,36123000,15118860,0,1,104,false,0
10224,0,0,21004140,36127500,15123360,0,0,90,false,0
10225,0,0,21004140,36131600,15127460,0,0,82,false,0
10226,0,0,21004140,36136550,15132410,0,0,99,false,0
10227,0,0,21004140,36141700,15137560,0,1,104,false,0
10228,0,0,21004140,36146850,15142710,0,0,103,false,0
10229,0,0,21004140,36151750,15147610,0,0,98,false,0
10230,0,0,21004140,36156300,15152160,0,0,91,false,0
10231,0,0,21004140,36161450,15157310,0,1,104,false,0
10232,0,0,21004140,36161450,15157310,0,103,103,true,0
10233,0,0,21004140,36166450,15162310,0,0,100,false,0
10234,0,0,21004140,36170650,15166510,0,0,84,false,0
10235,0,0,21004140,36170650,15166510,0,96,96,true,0
10236,0,0,21004140,36170650,15166510,0,103,103,true,0
10237,0,0,21004140,36170650,15166510,0,106,106,true,0
10238,0,0,21004140,36170650,15166510,0,110,110,true,0
10239,0,0,21004140,36170650,15166510,0,88,88,true,0
10240,0,0,21004140,36175500,15171360,0,0,97,false,0
10241,0,0,21004140,36180550,15176410,0,0,101,false,0
10242,0,0,21004140,36185700,15181560,0,2,105,false,0
10243,0,0,21004140,36185700,15181560,0,107,107,true,0
10244,0,0,21110760,36185700,15074940,0,100,100,true,0
10245,0,0,21110760,36190850,15080090,0,16,119,false,0
10246,0,0,21110760,36196000,15085240,0,0,103,false,0
10247,0,0,21110760,36199850,15089090,0,0,77,false,0
10248,0,0,21110760,36205000,15094240,0,7,110,false,0
10249,0,0,21110760,36209900,15099140,0,0,98,false,0
10250,0,0,21110760,36209900,15099140,0,82,82,true,0
10251,0,0,21110760,36209900,15099140,0,101,101,true,0
10252,0,0,21110760,36209900,15099140,0,106,106,true,0
10253,0,0,21110760,36209900,15099140,0,98,98,true,0
10254,0,0,21110760,36209900,15099140,0,122,122,true,0
10255,0,0,21110760,36209900,15099140,0,96,96,true,0
10256,0,0,21110760,36209900,15099140,0,88,88,true,0
10257,0,0,21110760,36214750,15103990,0,0,97,false,0
10258,0,0,21110760,36219750,15108990,0,0,100,false,0
10259,0,0,21110760,36224000,15113240,0,0,85,false,0
10260,0,0,21110760,36229000,15118240,0,0,100,false,0
10261,0,0,21110760,36229000,15118240,0,106,106,true,0
10262,0,0,21110760,36229000,15118240,0,100,100,true,0
10263,0,0,21110760,36229000,15118240,0,101,101,true,0
10264,0,0,21110760,36233850,15123090,0,0,97,false,0
10265,0,0,21110760,36239000,15128240,0,3,106,false,0
10266,0,0,21110760,36243900,15133140,0,0,98,false,0
10267,0,0,21110760,36249050,15138290,0,5,108,false,0
10268,0,0,21110760,36253800,15143040,0,0,95,false,0
10269,0,0,21110760,36258450,15147690,0,0,93,false,0
10270,0,0,21110760,36262800,15152040,0,0,87,false,0
10271,0,0,21110760,36262800,15152040,0,107,107,true,0
10272,0,0,21110760,36262800,15152040,0,99,99,true,0
10273,0,0,21110760,36262800,15152040,0,75,75,true,0
10274,0,0,21110760,36262800,15152040,0,89,89,true,0
10275,0,0,21110760,36262800,15152040,0,108,108,true,0
10276,0,0,21110760,36266750,15155990,0,0,79,false,0
10277,0,0,21110760,36271900,15161140,0,0,103,false,0
10278,0,0,21110760,36277050,15166290,0,4,107,false,0
10279,0,0,21110760,36282200,15171440,0,8,111,false,0
10280,0,0,21110760,36286950,15176190,0,0,95,false,0
10281,0,0,21110760,36286950,15176190,0,99,99,true,0
10282,0,0,21110760,36286950,15176190,0,79,79,true,0
10283,0,0,21110760,36286950,15176190,0,98,98,true,0
10284,0,0,21110760,36292100,15181340,0,11,114,false,0
10285,0,0,21110760,36296550,15185790,0,0,89,false,0
10286,0,0,21110760,36300800,15190040,0,0,85,false,0
10287,0,0,21110760,36305950,15195190,0,9,112,false,0
10288,0,0,21110760,36310950,15200190,0,0,100,false,0
10289,0,0,21110760,36316100,15205340,0,2,105,false,0
10290,0,0,21110760,36320050,15209290,0,0,79,false,0
10291,0,0,21110760,36324650,15213890,0,0,92,false,0
10292,0,0,21110760,36328950,15218190,0,0,86,false,0
10293,0,0,21110760,36332800,15222040,0,0,77,false,0
10294,0,0,21110760,36337950,15227190,0,5,108,false,0
10295,0,0,21110760,36342650,15231890,0,0,94,false,0
10296,0,0,21217380,36347500,15130120,0,0,97,false,0
10297,0,0,21217380,36352500,15135120,0,0,100,false,0
10298,0,0,21217380,36357250,15139870,0,0,95,false,0
10299,0,0,21217380,36357250,15139870,0,91,91,true,0
10300,0,0,21217380,36361850,15144470,0,0,92,false,0
10301,0,0,21217380,36366500,15149120,0,0,93,false,0
10302,0,0,21217380,36371150,15153770,0,0,93,false,0
10303,0,0,21217380,36375100,15157720,0,0,79,false,0
10304,0,0,21217380,36380050,15162670,0,0,99,false,0
10305,0,0,21217380,36385200,15167820,0,2,105,false,0
10306,0,0,21217380,36390350,15172970,0,21,124,false,0
10307,0,0,21217380,36395500,15178120,0,6,109,false,0
10308,0,0,21217380,36399750,15182370,0,0,85,false,0
10309,0,0,21217380,36404700,15187320,0,0,99,false,0
10310,0,0,21217380,36409850,15192470,0,2,105,false,0
10311,0,0,21217380,36414950,15197570,0,0,102,false,0
10312,0,0,21217380,36420100,15202720,0,6,109,false,0
10313,0,0,21217380,36425250,15207870,0,7,110,false,0
10314,0,0,21217380,36429700,15212320,0,0,89,false,0
10315,0,0,21217380,36434850,15217470,0,3,106,false,0
10316,0,0,21217380,36439950,15222570,0,0,102,false,0
10317,0,0,21217380,36439950,15222570,0,112,112,true,0
10318,0,0,21217380,36439950,15222570,0,113,113,true,0
10319,0,0,21217380,36439950,15222570,0,120,120,true,0
10320,0,0,21217380,36439950,15222570,0,94,94,true,0
10321,0,0,21217380,36444000,15226620,0,0,81,false,0
10322,0,0,21217380,36449150,15231770,0,4,107,false,0
10323,0,0,21217380,36449150,15231770,0,105,105,true,0
10324,0,0,21217380,36449150,15231770,0,100,100,true,0
10325,0,0,21217380,36454200,15236820,0,0,101,false,0
10326,0,0,21217380,36459350,15241970,0,7,110,false,0
10327,0,0,21217380,36464500,15247120,0,4,107,false,0
10328,0,0,21217380,36469650,15252270,0,3,106,false,0
10329,0,0,21217380,36474800,15257420,0,3,106,false,0
10330,0,0,21217380,36474800,15257420,0,109,109,true,0
10331,0,0,21217380,36479350,15261970,0,0,91,false,0
10332,0,0,21217380,36484300,15266920,0,0,99,false,0
10333,0,0,21217380,36489000,15271620,0,0,94,false,0
10334,0,0,21217380,36489000,15271620,0,123,123,true,0
10335,0,0,21217380,36489000,15271620,0,99,99,true,0
10336,0,0,21217380,36489000,15271620,0,100,100,true,0
10337,0,0,21217380,36493600,15276220,0,0,92,false,0
10338,0,0,21217380,36497950,15280570,0,0,87,false,0
10339,0,0,21217380,36502550,15285170,0,0,92,false,0
10340,0,0,21217380,36507300,15289920,0,0,95,false,0
10341,0,0,21217380,36511900,15294520,0,0,92,false,0
10342,0,0,21217380,36511900,15294520,0,92,92,true,0
10343,0,0,21217380,36517000,15299620,0,0,102,false,0
10344,0,0,21217380,36522150,15304770,0,5,108,false,0
10345,0,0,21217380,36527300,15309920,0,5,108,false,0
10346,0,0,21217380,36532300,15314920,0,0,100,false,0
10347,0,0,21217380,36537250,15319870,0,0,99,false,0
10348,0,0,21324000,36542100,15218100,0,0,97,false,0
10349,0,0,21324000,36547250,15223250,0,32,135,false,0
10350,0,0,21324000,36551700,15227700,0,0,89,false,0
10351,0,0,21324000,36556850,15232850,0,11,114,false,0
10352,0,0,21324000,36556850,15232850,0,118,118,true,0
10353,0,0,21324000,36562000,15238000,0,3,106,false,0
10354,0,0,21324000,36567050,15243050,0,0,101,false,0
10355,0,0,21324000,36572200,15248200,0,3,106,false,0
10356,0,0,21324000,36577100,15253100,0,0,98,false,0
10357,0,0,21324000,36581950,15257950,0,0,97,false,0
10358,0,0,21324000,36586700,15262700,0,0,95,false,0
10359,0,0,21324000,36591450,15267450,0,0,95,false,0
10360,0,0,21324000,36596350,15272350,0,0,98,false,0
10361,0,0,21324000,36601200,15277200,0,0,97,false,0
10362,0,0,21324000,36606250,15282250,0,0,101,false,0
10363,0,0,21324000,36611100,15287100,0,0,97,false,0
10364,0,0,21324000,36615600,15291600,0,0,90,false,0
10365,0,0,21324000,36620750,15296750,0,4,107,false,0
10366,0,0,21324000,36625900,15301900,0,3,106,false,0
10367,0,0,21324000,36625900,15301900,0,94,94,true,0
10368,0,0,21324000,36625900,15301900,0,106,106,true,0
10369,0,0,21324000,36631050,15307050,0,6,109,false,0
10370,0,0,21324000,36636200,15312200,0,19,122,false,0
10371,0,0,21324000,36641350,15317350,0,2,105,false,0
10372,0,0,21324000,36645350,15321350,0,0,80,false,0
10373,0,0,21324000,36650100,15326100,0,0,95,false,0
10374,0,0,21324000,36650100,15326100,0,110,110,true,0
10375,0,0,21324000,36650100,15326100,0,97,97,true,0
10376,0,0,21324000,36654150,15330150,0,0,81,false,0
10377,0,0,21324000,36658600,15334600,0,0,89,false,0
10378,0,0,21324000,36662650,15338650,0,0,81,false,0
10379,0,0,21324000,36667800,15343800,0,10,113,false,0
10380,0,0,21324000,36672750,15348750,0,0,99,false,0
10381,0,0,21324000,36676850,15352850,0,0,82,false,0
10382,0,0,21324000,36682000,15358000,0,3,106,false,0
10383,0,0,21324000,36682000,15358000,0,99,99,true,0
10384,0,0,21324000,36686700,15362700,0,0,94,false,0
10385,0,0,21324000,36691100,15367100,0,0,88,false,0
10386,0,0,21324000,36691100,15367100,0,76,76,true,0
10387,0,0,21324000,36691100,15367100,0,99,99,true,0
10388,0,0,21324000,36691100,15367100,0,105,105,true,0
10389,0,0,21324000,36695750,15371750,0,0,93,false,0
10390,0,0,21324000,36700900,15376900,0,9,112,false,0
10391,0,0,21324000,36706050,15382050,0,2,105,false,0
10392,0,0,21324000,36711150,15387150,0,0,102,false,0
10393,0,0,21324000,36715850,15391850,0,0,94,false,0
10394,0,0,21324000,36720200,15396200,0,0,87,false,0
10395,0,0,21324000,36725350,15401350,0,2,105,false,0
10396,0,0,21324000,36730300,15406300,0,0,99,false,0
10397,0,0,21324000,36730300,15406300,0,94,94,true,0
10398,0,0,21324000,36734500,15410500,0,0,84,false,0
10399,0,0,21324000,36739650,15415650,0,1,104,false,0
10400,0,0,21430620,36744550,15313930,0,0,98,false,0
10401,0,0,21430620,36749700,15319080,0,11,114,false,0
10402,0,0,21430620,36754350,15323730,0,0,93,false,0
10403,0,0,21430620,36759400,15328780,0,0,101,false,0
10404,0,0,21430620,36759400,15328780,0,109,109,true,0
10405,0,0,21430620,36764550,15333930,0,0,103,false,0
10406,0,0,21430620,36769700,15339080,0,20,123,false,0
10407,0,0,21430620,36774650,15344030,0,0,99,false,0
10408,0,0,21430620,36779350,15348730,0,0,94,false,0
10409,0,0,21430620,36784050,15353430,0,0,94,false,0
10410,0,0,21430620,36789200,15358580,0,10,113,false,0
10411,0,0,21430620,36793600,15362980,0,0,88,false,0
10412,0,0,21430620,36798750,15368130,0,2,105,false,0
10413,0,0,21430620,36803700,15373080,0,0,99,false,0
10414,0,0,21430620,36808300,15377680,0,0,92,false,0
10415,0,0,21430620,36813300,15382680,0,0,100,false,0
10416,0,0,21430620,36818150,15387530,0,0,97,false,0
10417,0,0,21430620,36823050,15392430,0,0,98,false,0
10418,0,0,21430620,36827050,15396430,0,0,80,false,0
10419,0,0,21430620,36827050,15396430,0,88,88,true,0
10420,0,0,21430620,36831300,15400680,0,0,85,false,0
10421,0,0,21430620,36835950,15405330,0,0,93,false,0
10422,0,0,21430620,36840900,15410280,0,0,99,false,0
10423,0,0,21430620,36845850,15415230,0,0,99,false,0
10424,0,0,21430620,36849850,15419230,0,0,80,false,0
10425,0,0,21430620,36849850,15419230,0,99,99,true,0
10426,0,0,21430620,36855000,15424380,0,27,130,false,0
10427,0,0,21430620,36859500,15428880,0,0,90,false,0
10428,0,0,21430620,36859500,15428880,0,93,93,true,0
10429,0,0,21430620,36859500,15428880,0,99,99,true,0
10430,0,0,21430620,36863400,15432780,0,0,78,false,0
10431,0,0,21430620,36868550,15437930,0,11,114,false,0
10432,0,0,21430620,36868550,15437930,0,108,108,true,0
10433,0,0,21430620,36873600,15442980,0,0,101,false,0
10434,0,0,21430620,36878400,15447780,0,0,96,false,0
10435,0,0,21430620,36882750,15452130,0,0,87,false,0
10436,0,0,21430620,36887400,15456780,0,0,93,false,0
10437,0,0,21430620,36891950,15461330,0,0,91,false,0
10438,0,0,21430620,36896550,15465930,0,0,92,false,0
10439,0,0,21430620,36901050,15470430,0,0,90,false,0
10440,0,0,21430620,36906200,15475580,0,1,104,false,0
10441,0,0,21430620,36911200,15480580,0,0,100,false,0
10442,0,0,21430620,36916200,15485580,0,0,100,false,0
10443,0,0,21430620,36921250,15490630,0,0,101,false,0
10444,0,0,21430620,36926400,15495780,0,17,120,false,0
10445,0,0,21430620,36930850,15500230,0,0,89,false,0
10446,0,0,21430620,36936000,15505380,0,5,108,false,0
10447,0,0,21430620,36941150,15510530,0,2,105,false,0
10448,0,0,21430620,36946050,15515430,0,0,98,false,0
10449,0,0,21430620,36951200,15520580,0,9,112,false,0
10450,0,0,21430620,36951200,15520580,0,106,106,true,0
10451,0,0,21430620,36951200,15520580,0,116,116,true,0
10452,0,0,21537240,36956100,15418860,0,0,98,false,0
10453,0,0,21537240,36960900,15423660,0,0,96,false,0
10454,0,0,21537240,36960900,15423660,0,95,95,true,0
10455,0,0,21537240,36965650,15428410,0,0,95,false,0
10456,0,0,21537240,36970350,15433110,0,0,94,false,0
10457,0,0,21537240,36975500,15438260,0,2,105,false,0
10458,0,0,21537240,36980650,15443410,0,1,104,false,0
10459,0,0,21537240,36985300,15448060,0,0,93,false,0
10460,0,0,21537240,36989850,15452610,0,0,91,false,0
10461,0,0,21537240,36994400,15457160,0,0,91,false,0
10462,0,0,21537240,36999550,15462310,0,6,109,false,0
10463,0,0,21537240,37004000,15466760,0,0,89,false,0
10464,0,0,21537240,37004000,15466760,0,97,97,true,0
10465,0,0,21537240,37004000,15466760,0,107,107,true,0
10466,0,0,21537240,37009150,15471910,0,9,112,false,0
10467,0,0,21537240,37013500,15476260,0,0,87,false,0
10468,0,0,21537240,37018150,15480910,0,0,93,false,0
10469,0,0,21537240,37022800,15485560,0,0,93,false,0
10470,0,0,21537240,37027450,15490210,0,0,93,false,0
10471,0,0,21537240,37027450,15490210,0,118,118,true,0
10472,0,0,21537240,37032100,15494860,0,0,93,false,0
10473,0,0,21537240,37036950,15499710,0,0,97,false,0
10474,0,0,21537240,37041400,15504160,0,0,89,false,0
10475,0,0,21537240,37046550,15509310,0,11,114,false,0
10476,0,0,21537240,37051700,15514460,0,4,107,false,0
10477,0,0,21537240,37056350,15519110,0,0,93,false,0
10478,0,0,21537240,37061300,15524060,0,0,99,false,0
10479,0,0,21537240,37066450,15529210,0,0,103,false,0
10480,0,0,21537240,37071600,15534360,0,7,110,false,0
10481,0,0,21537240,37076650,15539410,0,0,101,false,0
10482,0,0,21537240,37081600,15544360,0,0,99,false,0
10483,0,0,21537240,37085900,15548660,0,0,86,false,0
10484,0,0,21537240,37085900,15548660,0,113,113,true,0
10485,0,0,21537240,37090850,15553610,0,0,99,false,0
10486,0,0,21537240,37096000,15558760,0,5,108,false,0
10487,0,0,21537240,37100700,15563460,0,0,94,false,0
10488,0,0,21537240,37105850,15568610,0,5,108,false,0
10489,0,0,21537240,37110500,15573260,0,0,93,false,0
10490,0,0,21537240,37115650,15578410,0,8,111,false,0
10491,0,0,21537240,37115650,15578410,0,81,81,true,0
10492,0,0,21537240,37115650,15578410,0,112,112,true,0
10493,0,0,21537240,37115650,15578410,0,93,93,true,0
10494,0,0,21537240,37120750,15583510,0,0,102,false,0
10495,0,0,21537240,37125350,15588110,0,0,92,false,0
10496,0,0,21537240,37125350,15588110,0,81,81,true,0
10497,0,0,21537240,37125350,15588110,0,111,111,true,0
10498,0,0,21537240,37130200,15592960,0,0,97,false,0
10499,0,0,21537240,37134700,15597460,0,0,90,false,0
10500,0,0,21537240,37139450,15602210,0,0,95,false,0
10501,0,0,21537240,37144600,15607360,0,5,108,false,0
10502,0,0,21537240,37149400,15612160,0,0,96,false,0
10503,0,0,21537240,37154200,15616960,0,0,96,false,0
10504,0,0,21643860,37159350,15515490,0,8,111,false,0
10505,0,0,21643860,37164500,15520640,0,11,114,false,0
10506,0,0,21643860,37169650,15525790,0,3,106,false,0
10507,0,0,21643860,37174800,15530940,0,9,112,false,0
10508,0,0,21643860,37179900,15536040,0,0,102,false,0
10509,0,0,21643860,37185050,15541190,0,18,121,false,0
10510,0,0,21643860,37189600,15545740,0,0,91,false,0
10511,0,0,21643860,37194700,15550840,0,0,102,false,0
10512,0,0,21643860,37199850,15555990,0,7,110,false,0
10513,0,0,21643860,37205000,15561140,0,4,107,false,0
10514,0,0,21643860,37209900,15566040,0,0,98,false,0
10515,0,0,21643860,37215000,15571140,0,0,102,false,0
10516,0,0,21643860,37220150,15576290,0,4,107,false,0
10517,0,0,21643860,37220150,15576290,0,101,101,true,0
10518,0,0,21643860,37225100,15581240,0,0,99,false,0
10519,0,0,21643860,37230250,15586390,0,2,105,false,0
10520,0,0,21643860,37234750,15590890,0,0,90,false,0
10521,0,0,21643860,37239900,15596040,0,11,114,false,0
10522,0,0,21643860,37244200,15600340,0,0,86,false,0
10523,0,0,21643860,37248700,15604840,0,0,90,false,0
10524,0,0,21643860,37253850,15609990,0,5,108,false,0
10525,0,0,21643860,37259000,15615140,0,2,105,false,0
10526,0,0,21643860,37263500,15619640,0,0,90,false,0
10527,0,0,21643860,37268650,15624790,0,3,106,false,0
10528,0,0,21643860,37273000,15629140,0,0,87,false,0
10529,0,0,21643860,37278150,15634290,0,14,117,false,0
10530,0,0,21643860,37282650,15638790,0,0,90,false,0
10531,0,0,21643860,37282650,15638790,0,105,105,true,0
10532,0,0,21643860,37282650,15638790,0,96,96,true,0
10533,0,0,21643860,37282650,15638790,0,114,114,true,0
10534,0,0,21643860,37282650,15638790,0,90,90,true,0
10535,0,0,21643860,37282650,15638790,0,99,99,true,0
10536,0,0,21643860,37282650,15638790,0,89,89,true,0
10537,0,0,21643860,37282650,15638790,0,98,98,true,0
10538,0,0,21643860,37282650,15638790,0,94,94,true,0
10539,0,0,21643860,37287350,15643490,0,0,94,false,0
10540,0,0,21643860,37292100,15648240,0,0,95,false,0
10541,0,0,21643860,37297050,15653190,0,0,99,false,0
10542,0,0,21643860,37297050,15653190,0,99,99,true,0
10543,0,0,21643860,37301400,15657540,0,0,87,false,0
10544,0,0,21643860,37306550,15662690,0,5,108,false,0
10545,0,0,21643860,37306550,15662690,0,96,96,true,0
10546,0,0,21643860,37306550,15662690,0,90,90,true,0
10547,0,0,21643860,37306550,15662690,0,100,100,true,0
10548,0,0,21643860,37311700,15667840,0,10,113,false,0
10549,0,0,21643860,37315950,15672090,0,0,85,false,0
10550,0,0,21643860,37320700,15676840,0,0,95,false,0
10551,0,0,21643860,37325250,15681390,0,0,91,false,0
10552,0,0,21643860,37329850,15685990,0,0,92,false,0
10553,0,0,21643860,37335000,15691140,0,8,111,false,0
10554,0,0,21643860,37340150,15696290,0,8,111,false,0
10555,0,0,21643860,37345000,15701140,0,0,97,false,0
10556,0,0,21750480,37349700,15599220,0,0,94,false,0
10557,0,0,21750480,37354850,15604370,0,1,104,false,0
10558,0,0,21750480,37360000,15609520,0,2,105,false,0
10559,0,0,21750480,37365150,15614670,0,5,108,false,0
10560,0,0,21750480,37370300,15619820,0,16,119,false,0
10561,0,0,21750480,37374900,15624420,0,0,92,false,0
10562,0,0,21750480,37380050,15629570,0,3,106,false,0
10563,0,0,21750480,37380050,15629570,0,86,86,true,0
10564,0,0,21750480,37380050,15629570,0,92,92,true,0
10565,0,0,21750480,37380050,15629570,0,74,74,true,0
10566,0,0,21750480,37380050,15629570,0,99,99,true,0
10567,0,0,21750480,37380050,15629570,0,92,92,true,0
10568,0,0,21750480,37383950,15633470,0,0,78,false,0
10569,0,0,21750480,37389100,15638620,0,1,104,false,0
10570,0,0,21750480,37394250,15643770,0,2,105,false,0
10571,0,0,21750480,37399150,15648670,0,0,98,false,0
10572,0,0,21750480,37404300,15653820,0,26,129,false,0
10573,0,0,21750480,37409100,15658620,0,0,96,false,0
10574,0,0,21750480,37413450,15662970,0,0,87,false,0
10575,0,0,21750480,37418000,15667520,0,0,91,false,0
10576,0,0,21750480,37423150,15672670,0,2,105,false,0
10577,0,0,21750480,37428150,15677670,0,0,100,false,0
10578,0,0,21750480,37428150,15677670,0,95,95,true,0
10579,0,0,21750480,37432350,15681870,0,0,84,false,0
10580,0,0,21750480,37437200,15686720,0,0,97,false,0
10581,0,0,21750480,37441650,15691170,0,0,89,false,0
10582,0,0,21750480,37445850,15695370,0,0,84,false,0
10583,0,0,21750480,37450900,15700420,0,0,101,false,0
10584,0,0,21750480,37456050,15705570,0,3,106,false,0
10585,0,0,21750480,37460150,15709670,0,0,82,false,0
10586,0,0,21750480,37460150,15709670,0,98,98,true,0
10587,0,0,21750480,37460150,15709670,0,98,98,true,0
10588,0,0,21750480,37460150,15709670,0,80,80,true,0
10589,0,0,21750480,37460150,15709670,0,97,97,true,0
10590,0,0,21750480,37464850,15714370,0,0,94,false,0
10591,0,0,21750480,37469000,15718520,0,0,83,false,0
10592,0,0,21750480,37473250,15722770,0,0,85,false,0
10593,0,0,21750480,37473250,15722770,0,111,111,true,0
10594,0,0,21750480,37477700,15727220,0,0,89,false,0
10595,0,0,21750480,37482350,15731870,0,0,93,false,0
10596,0,0,21750480,37482350,15731870,0,102,102,true,0
10597,0,0,21750480,37482350,15731870,0,86,86,true,0
10598,0,0,21750480,37482350,15731870,0,112,112,true,0
10599,0,0,21750480,37482350,15731870,0,100,100,true,0
10600,0,0,21750480,37487450,15736970,0,0,102,false,0
10601,0,0,21750480,37491900,15741420,0,0,89,false,0
10602,0,0,21750480,37497050,15746570,0,14,117,false,0
10603,0,0,21750480,37501800,15751320,0,0,95,false,0
10604,0,0,21750480,37506450,15755970,0,0,93,false,0
10605,0,0,21750480,37511050,15760570,0,0,92,false,0
10606,0,0,21750480,37515800,15765320,0,0,95,false,0
10607,0,0,21750480,37520800,15770320,0,0,100,false,0
10608,0,0,21857100,37525950,15668850,0,16,119,false,0
10609,0,0,21857100,37530700,15673600,0,0,95,false,0
10610,0,0,21857100,37530700,15673600,0,117,117,true,0
10611,0,0,21857100,37535300,15678200,0,0,92,false,0
10612,0,0,21857100,37540450,15683350,0,5,108,false,0
10613,0,0,21857100,37544850,15687750,0,0,88,false,0
10614,0,0,21857100,37549200,15692100,0,0,87,false,0
10615,0,0,21857100,37554150,15697050,0,0,99,false,0
10616,0,0,21857100,37558850,15701750,0,0,94,false,0
10617,0,0,21857100,37564000,15706900,0,3,106,false,0
10618,0,0,21857100,37567950,15710850,0,0,79,false,0
10619,0,0,21857100,37572900,15715800,0,0,99,false,0
10620,0,0,21857100,37578050,15720950,0,6,109,false,0
10621,0,0,21857100,37583200,15726100,0,8,111,false,0
10622,0,0,21857100,37588350,15731250,0,1,104,false,0
10623,0,0,21857100,37592900,15735800,0,0,91,false,0
10624,0,0,21857100,37597500,15740400,0,0,92,false,0
10625,0,0,21857100,37602650,15745550,0,13,116,false,0
10626,0,0,21857100,37607800,15750700,0,4,107,false,0
10627,0,0,21857100,37612400,15755300,0,0,92,false,0
10628,0,0,21857100,37612400,15755300,0,101,101,true,0
10629,0,0,21857100,37612400,15755300,0,96,96,true,0
10630,0,0,21857100,37617500,15760400,0,0,102,false,0
10631,0,0,21857100,37622650,15765550,0,9,112,false,0
10632,0,0,21857100,37627700,15770600,0,0,101,false,0
10633,0,0,21857100,37627700,15770600,0,90,90,true,0
10634,0,0,21857100,37627700,15770600,0,106,106,true,0
10635,0,0,21857100,37627700,15770600,0,113,113,true,0
10636,0,0,21857100,37627700,15770600,0,99,99,true,0
10637,0,0,21857100,37632050,15774950,0,0,87,false,0
10638,0,0,21857100,37636700,15779600,0,0,93,false,0
10639,0,0,21857100,37636700,15779600,0,126,126,true,0
10640,0,0,21857100,37636700,15779600,0,105,105,true,0
10641,0,0,21857100,37636700,15779600,0,83,83,true,0
10642,0,0,21857100,37636700,15779600,0,94,94,true,0
10643,0,0,21857100,37641600,15784500,0,0,98,false,0
10644,0,0,21857100,37646750,15789650,0,8,111,false,0
10645,0,0,21857100,37651850,15794750,0,0,102,false,0
10646,0,0,21857100,37651850,15794750,0,95,95,true,0
10647,0,0,21857100,37657000,15799900,0,19,122,false,0
10648,0,0,21857100,37662150,15805050,0,13,116,false,0
10649,0,0,21857100,37666250,15809150,0,0,82,false,0
10650,0,0,21857100,37671150,15814050,0,0,98,false,0
10651,0,0,21857100,37676100,15819000,0,0,99,false,0
10652,0,0,21857100,37680700,15823600,0,0,92,false,0
10653,0,0,21857100,37685550,15828450,0,0,97,false,0
10654,0,0,21857100,37690700,15833600,0,3,106,false,0
10655,0,0,21857100,37695550,15838450,0,0,97,false,0
10656,0,0,21857100,37700500,15843400,0,0,99,false,0
10657,0,0,21857100,37700500,15843400,0,91,91,true,0
10658,0,0,21857100,37700500,15843400,0,119,119,true,0
10659,0,0,21857100,37704600,15847500,0,0,82,false,0
10660,0,0,21963720,37709750,15746030,0,4,107,false,0
10661,0,0,21963720,37714900,15751180,0,3,106,false,0
10662,0,0,21963720,37719050,15755330,0,0,83,false,0
10663,0,0,21963720,37723500,15759780,0,0,89,false,0
10664,0,0,21963720,37723500,15759780,0,113,113,true,0
10665,0,0,21963720,37723500,15759780,0,98,98,true,0
10666,0,0,21963720,37723500,15759780,0,93,93,true,0
10667,0,0,21963720,37728350,15764630,0,0,97,false,0
10668,0,0,21963720,37732550,15768830,0,0,84,false,0
10669,0,0,21963720,37737700,15773980,0,7,110,false,0
10670,0,0,21963720,37741400,15777680,0,0,74,false,0
10671,0,0,21963720,37746200,15782480,0,0,96,false,0
10672,0,0,21963720,37751200,15787480,0,0,100,false,0
10673,0,0,21963720,37756350,15792630,0,3,106,false,0
10674,0,0,21963720,37756350,15792630,0,99,99,true,0
10675,0,0,21963720,37756350,15792630,0,102,102,true,0
10676,0,0,21963720,37756350,15792630,0,103,103,true,0
10677,0,0,21963720,37761200,15797480,0,0,97,false,0
10678,0,0,21963720,37766250,15802530,0,0,101,false,0
10679,0,0,21963720,37770600,15806880,0,0,87,false,0
10680,0,0,21963720,37774900,15811180,0,0,86,false,0
10681,0,0,21963720,37774900,15811180,0,89,89,true,0
10682,0,0,21963720,37774900,15811180,0,103,103,true,0
10683,0,0,21963720,37774900,15811180,0,99,99,true,0
10684,0,0,21963720,37779650,15815930,0,0,95,false,0
10685,0,0,21963720,37784800,15821080,0,5,108,false,0
10686,0,0,21963720,37789950,15826230,0,21,124,false,0
10687,0,0,21963720,37794650,15830930,0,0,94,false,0
10688,0,0,21963720,37794650,15830930,0,102,102,true,0
10689,0,0,21963720,37794650,15830930,0,106,106,true,0
10690,0,0,21963720,37794650,15830930,0,104,104,true,0
10691,0,0,21963720,37794650,15830930,0,92,92,true,0
10692,0,0,21963720,37794650,15830930,0,101,101,true,0
10693,0,0,21963720,37794650,15830930,0,77,77,true,0
10694,0,0,21963720,37799800,15836080,0,18,121,false,0
10695,0,0,21963720,37804950,15841230,0,3,106,false,0
10696,0,0,21963720,37810100,15846380,0,0,103,false,0
10697,0,0,21963720,37814950,15851230,0,0,97,false,0
10698,0,0,21963720,37814950,15851230,0,110,110,true,0
10699,0,0,21963720,37819300,15855580,0,0,87,false,0
10700,0,0,21963720,37824450,15860730,0,2,105,false,0
10701,0,0,21963720,37828800,15865080,0,0,87,false,0
10702,0,0,21963720,37833950,15870230,0,3,106,false,0
10703,0,0,21963720,37838700,15874980,0,0,95,false,0
10704,0,0,21963720,37843850,15880130,0,0,103,false,0
10705,0,0,21963720,37848950,15885230,0,0,102,false,0
10706,0,0,21963720,37854100,15890380,0,0,103,false,0
10707,0,0,21963720,37859250,15895530,0,1,104,false,0
10708,0,0,21963720,37859250,15895530,0,101,101,true,0
10709,0,0,21963720,37864400,15900680,0,4,107,false,0
10710,0,0,21963720,37869550,15905830,0,9,112,false,0
10711,0,0,21963720,37874700,15910980,0,1,104,false,0
10712,0,0,22070340,37879400,15809060,0,0,94,false,0
10713,0,0,22070340,37884250,15813910,0,0,97,false,0
10714,0,0,22070340,37889400,15819060,0,10,113,false,0
10715,0,0,22070340,37894250,15823910,0,0,97,false,0
10716,0,0,22070340,37899400,15829060,0,5,108,false,0
10717,0,0,22070340,37904550,15834210,0,5,108,false,0
10718,0,0,22070340,37904550,15834210,0,83,83,true,0
10719,0,0,22070340,37909500,15839160,0,0,99,false,0
10720,0,0,22070340,37913950,15843610,0,0,89,false,0
10721,0,0,22070340,37918950,15848610,0,0,100,false,0
10722,0,0,22070340,37923650,15853310,0,0,94,false,0
10723,0,0,22070340,37928700,15858360,0,0,101,false,0
10724,0,0,22070340,37933650,15863310,0,0,99,false,0
10725,0,0,22070340,37933650,15863310,0,98,98,true,0
10726,0,0,22070340,37937700,15867360,0,0,81,false,0
10727,0,0,22070340,37942450,15872110,0,0,95,false,0
10728,0,0,22070340,37942450,15872110,0,100,100,true,0
10729,0,0,22070340,37947200,15876860,0,0,95,false,0
10730,0,0,22070340,37952350,15882010,0,3,106,false,0
10731,0,0,22070340,37957500,15887160,0,4,107,false,0
10732,0,0,22070340,37962250,15891910,0,0,95,false,0
10733,0,0,22070340,37967400,15897060,0,1,104,false,0
10734,0,0,22070340,37967400,15897060,0,92,92,true,0
10735,0,0,22070340,37967400,15897060,0,100,100,true,0
10736,0,0,22070340,37967400,15897060,0,117,117,true,0
10737,0,0,22070340,37967400,15897060,0,111,111,true,0
10738,0,0,22070340,37971850,15901510,0,0,89,false,0
10739,0,0,22070340,37976200,15905860,0,0,87,false,0
10740,0,0,22070340,37980700,15910360,0,0,90,false,0
10741,0,0,22070340,37985850,15915510,0,1,104,false,0
10742,0,0,22070340,37991000,15920660,0,20,123,false,0
10743,0,0,22070340,37996150,15925810,0,10,113,false,0
10744,0,0,22070340,38001300,15930960,0,7,110,false,0
10745,0,0,22070340,38001300,15930960,0,95,95,true,0
10746,0,0,22070340,38001300,15930960,0,96,96,true,0
10747,0,0,22070340,38001300,15930960,0,116,116,true,0
10748,0,0,22070340,38006450,15936110,0,12,115,false,0
10749,0,0,22070340,38010900,15940560,0,0,89,false,0
10750,0,0,22070340,38016050,15945710,0,4,107,false,0
10751,0,0,22070340,38021200,15950860,0,2,105,false,0
10752,0,0,22070340,38026350,15956010,0,2,105,false,0
10753,0,0,22070340,38031500,15961160,0,0,103,false,0
10754,0,0,22070340,38036250,15965910,0,0,95,false,0
10755,0,0,22070340,38041250,15970910,0,0,100,false,0
10756,0,0,22070340,38046400,15976060,0,0,103,false,0
10757,0,0,22070340,38051550,15981210,0,1,104,false,0
10758,0,0,22070340,38056700,15986360,0,16,119,false,0
10759,0,0,22070340,38061450,15991110,0,0,95,false,0
10760,0,0,22070340,38061450,15991110,0,108,108,true,0
10761,0,0,22070340,38061450,15991110,0,107,107,true,0
10762,0,0,22070340,38066150,15995810,0,0,94,false,0
10763,0,0,22070340,38070600,16000260,0,0,89,false,0
10764,0,0,22176960,38074900,15897940,0,0,86,false,0
10765,0,0,22176960,38074900,15897940,0,102,102,true,0
10766,0,0,22176960,38074900,15897940,0,100,100,true,0
10767,0,0,22176960,38074900,15897940,0,86,86,true,0
10768,0,0,22176960,38074900,15897940,0,87,87,true,0
10769,0,0,22176960,38074900,15897940,0,92,92,true,0
10770,0,0,22176960,38074900,15897940,0,100,100,true,0
10771,0,0,22176960,38074900,15897940,0,105,105,true,0
10772,0,0,22176960,38079900,15902940,0,0,100,false,0
10773,0,0,22176960,38084750,15907790,0,0,97,false,0
10774,0,0,22176960,38089750,15912790,0,0,100,false,0
10775,0,0,22176960,38094250,15917290,0,0,90,false,0
10776,0,0,22176960,38094250,15917290,0,90,90,true,0
10777,0,0,22176960,38099400,15922440,0,5,108,false,0
10778,0,0,22176960,38104550,15927590,0,2,105,false,0
10779,0,0,22176960,38109700,15932740,0,2,105,false,0
10780,0,0,22176960,38109700,15932740,0,108,108,true,0
10781,0,0,22176960,38113900,15936940,0,0,84,false,0
10782,0,0,22176960,38118550,15941590,0,0,93,false,0
10783,0,0,22176960,38123650,15946690,0,0,102,false,0
10784,0,0,22176960,38128100,15951140,0,0,89,false,0
10785,0,0,22176960,38133150,15956190,0,0,101,false,0
10786,0,0,22176960,38138050,15961090,0,0,98,false,0
10787,0,0,22176960,38143000,15966040,0,0,99,false,0
10788,0,0,22176960,38147700,15970740,0,0,94,false,0
10789,0,0,22176960,38152650,15975690,0,0,99,false,0
10790,0,0,22176960,38157300,15980340,0,0,93,false,0
10791,0,0,22176960,38162400,15985440,0,0,102,false,0
10792,0,0,22176960,38166650,15989690,0,0,85,false,0
10793,0,0,22176960,38171350,15994390,0,0,94,false,0
10794,0,0,22176960,38176350,15999390,0,0,100,false,0
10795,0,0,22176960,38181400,16004440,0,0,101,false,0
10796,0,0,22176960,38186550,16009590,0,2,105,false,0
10797,0,0,22176960,38191700,16014740,0,13,116,false,0
10798,0,0,22176960,38196850,16019890,0,1,104,false,0
10799,0,0,22176960,38202000,16025040,0,3,106,false,0
10800,0,0,22176960,38207150,16030190,0,8,111,false,0
10801,0,0,22176960,38207150,16030190,0,117,117,true,0
10802,0,0,22176960,38207150,16030190,0,100,100,true,0
10803,0,0,22176960,38212100,16035140,0,0,99,false,0
10804,0,0,22176960,38217250,16040290,0,7,110,false,0
10805,0,0,22176960,38222400,16045440,0,7,110,false,0
10806,0,0,22176960,38227100,16050140,0,0,94,false,0
10807,0,0,22176960,38227100,16050140,0,85,85,true,0
10808,0,0,22176960,38231900,16054940,0,0,96,false,0
10809,0,0,22176960,38236550,16059590,0,0,93,false,0
10810,0,0,22176960,38241700,16064740,0,9,112,false,0
10811,0,0,22176960,38246850,16069890,0,4,107,false,0
10812,0,0,22176960,38252000,16075040,0,7,110,false,0
10813,0,0,22176960,38257050,16080090,0,0,101,false,0
10814,0,0,22176960,38261400,16084440,0,0,87,false,0
10815,0,0,22176960,38266550,16089590,0,11,114,false,0
10816,0,0,22283580,38271700,15988120,0,7,110,false,0
10817,0,0,22283580,38271700,15988120,0,116,116,true,0
10818,0,0,22283580,38271700,15988120,0,98,98,true,0
10819,0,0,22283580,38276850,15993270,0,5,108,false,0
10820,0,0,22283580,38282000,15998420,0,1,104,false,0
10821,0,0,22283580,38286400,16002820,0,0,88,false,0
10822,0,0,22283580,38291050,16007470,0,0,93,false,0
10823,0,0,22283580,38295400,16011820,0,0,87,false,0
10824,0,0,22283580,38300550,16016970,0,0,103,false,0
10825,0,0,22283580,38304650,16021070,0,0,82,false,0
10826,0,0,22283580,38309800,16026220,0,6,109,false,0
10827,0,0,22283580,38314950,16031370,0,4,107,false,0
10828,0,0,22283580,38319800,16036220,0,0,97,false,0
10829,0,0,22283580,38324000,16040420,0,0,84,false,0
10830,0,0,22283580,38328250,16044670,0,0,85,false,0
10831,0,0,22283580,38333400,16049820,0,4,107,false,0
10832,0,0,22283580,38333400,16049820,0,112,112,true,0
10833,0,0,22283580,38337700,16054120,0,0,86,false,0
10834,0,0,22283580,38342850,16059270,0,0,103,false,0
10835,0,0,22283580,38347250,16063670,0,0,88,false,0
10836,0,0,22283580,38352400,16068820,0,5,108,false,0
10837,0,0,22283580,38357550,16073970,0,1,104,false,0
10838,0,0,22283580,38357550,16073970,0,95,95,true,0
10839,0,0,22283580,38362500,16078920,0,0,99,false,0
10840,0,0,22283580,38367400,16083820,0,0,98,false,0
10841,0,0,22283580,38367400,16083820,0,107,107,true,0
10842,0,0,22283580,38372150,16088570,0,0,95,false,0
10843,0,0,22283580,38376650,16093070,0,0,90,false,0
10844,0,0,22283580,38381750,16098170,0,0,102,false,0
10845,0,0,22283580,38386900,16103320,0,1,104,false,0
10846,0,0,22283580,38391450,16107870,0,0,91,false,0
10847,0,0,22283580,38391450,16107870,0,100,100,true,0
10848,0,0,22283580,38396600,16113020,0,5,108,false,0
10849,0,0,22283580,38401750,16118170,0,12,115,false,0
10850,0,0,22283580,38406800,16123220,0,0,101,false,0
10851,0,0,22283580,38411950,16128370,0,2,105,false,0
10852,0,0,22283580,38417000,16133420,0,0,101,false,0
10853,0,0,22283580,38417000,16133420,0,105,105,true,0
10854,0,0,22283580,38422100,16138520,0,0,102,false,0
10855,0,0,22283580,38426900,16143320,0,0,96,false,0
10856,0,0,22283580,38426900,16143320,0,114,114,true,0
10857,0,0,22283580,38432050,16148470,0,14,117,false,0
10858,0,0,22283580,38436600,16153020,0,0,91,false,0
10859,0,0,22283580,38441600,16158020,0,0,100,false,0
10860,0,0,22283580,38446250,16162670,0,0,93,false,0
10861,0,0,22283580,38450950,16167370,0,0,94,false,0
10862,0,0,22283580,38455800,16172220,0,0,97,false,0
10863,0,0,22283580,38455800,16172220,0,125,125,true,0
10864,0,0,22283580,38455800,16172220,0,87,87,true,0
10865,0,0,22283580,38455800,16172220,0,96,96,true,0
10866,0,0,22283580,38455800,16172220,0,108,108,true,0
10867,0,0,22283580,38460300,16176720,0,0,90,false,0
10868,0,0,22390200,38465000,16074800,0,0,94,false,0
10869,0,0,22390200,38469750,16079550,0,0,95,false,0
10870,0,0,22390200,38474650,16084450,0,0,98,false,0
10871,0,0,22390200,38479550,16089350,0,0,98,false,0
10872,0,0,22390200,38484150,16093950,0,0,92,false,0
10873,0,0,22390200,38488900,16098700,0,0,95,false,0
10874,0,0,22390200,38494050,16103850,0,1,104,false,0
10875,0,0,22390200,38498700,16108500,0,0,93,false,0
10876,0,0,22390200,38503350,16113150,0,0,93,false,0
10877,0,0,22390200,38508500,16118300,0,10,113,false,0
10878,0,0,22390200,38513650,16123450,0,7,110,false,0
10879,0,0,22390200,38518800,16128600,0,14,117,false,0
10880,0,0,22390200,38523950,16133750,0,2,105,false,0
10881,0,0,22390200,38529100,16138900,0,3,106,false,0
10882,0,0,22390200,38533050,16142850,0,0,79,false,0
10883,0,0,22390200,38538200,16148000,0,14,117,false,0
10884,0,0,22390200,38543350,16153150,0,2,105,false,0
10885,0,0,22390200,38548500,16158300,0,17,120,false,0
10886,0,0,22390200,38553650,16163450,0,14,117,false,0
10887,0,0,22390200,38558800,16168600,0,3,106,false,0
10888,0,0,22390200,38563800,16173600,0,0,100,false,0
10889,0,0,22390200,38567700,16177500,0,0,78,false,0
10890,0,0,22390200,38572450,16182250,0,0,95,false,0
10891,0,0,22390200,38577600,16187400,0,15,118,false,0
10892,0,0,22390200,38582500,16192300,0,0,98,false,0
10893,0,0,22390200,38587650,16197450,0,0,103,false,0
10894,0,0,22390200,38592800,16202600,0,1,104,false,0
10895,0,0,22390200,38597350,16207150,0,0,91,false,0
10896,0,0,22390200,38602350,16212150,0,0,100,false,0
10897,0,0,22390200,38606700,16216500,0,0,87,false,0
10898,0,0,22390200,38611750,16221550,0,0,101,false,0
10899,0,0,22390200,38611750,16221550,0,118,118,true,0
10900,0,0,22390200,38611750,16221550,0,116,116,true,0
10901,0,0,22390200,38611750,16221550,0,101,101,true,0
10902,0,0,22390200,38611750,16221550,0,86,86,true,0
10903,0,0,22390200,38611750,16221550,0,106,106,true,0
10904,0,0,22390200,38611750,16221550,0,107,107,true,0
10905,0,0,22390200,38616550,16226350,0,0,96,false,0
10906,0,0,22390200,38621100,16230900,0,0,91,false,0
10907,0,0,22390200,38626200,16236000,0,0,102,false,0
10908,0,0,22390200,38626200,16236000,0,96,96,true,0
10909,0,0,22390200,38631350,16241150,0,8,111,false,0
10910,0,0,22390200,38636300,16246100,0,0,99,false,0
10911,0,0,22390200,38641450,16251250,0,5,108,false,0
10912,0,0,22390200,38645650,16255450,0,0,84,false,0
10913,0,0,22390200,38650400,16260200,0,0,95,false,0
10914,0,0,22390200,38655550,16265350,0,0,103,false,0
10915,0,0,22390200,38660400,16270200,0,0,97,false,0
10916,0,0,22390200,38665300,16275100,0,0,98,false,0
10917,0,0,22390200,38670450,16280250,0,11,114,false,0
10918,0,0,22390200,38675500,16285300,0,0,101,false,0
10919,0,0,22390200,38675500,16285300,0,103,103,true,0
10920,0,0,22496820,38675500,16178680,0,85,85,true,0
10921,0,0,22496820,38675500,16178680,0,115,115,true,0
10922,0,0,22496820,38675500,16178680,0,98,98,true,0
10923,0,0,22496820,38675500,16178680,0,106,106,true,0
10924,0,0,22496820,38675500,16178680,0,96,96,true,0
10925,0,0,22496820,38680250,16183430,0,0,95,false,0
10926,0,0,22496820,38685400,16188580,0,14,117,false,0
10927,0,0,22496820,38690450,16193630,0,0,101,false,0
10928,0,0,22496820,38695600,16198780,0,1,104,false,0
10929,0,0,22496820,38695600,16198780,0,94,94,true,0
10930,0,0,22496820,38700600,16203780,0,0,100,false,0
10931,0,0,22496820,38705750,16208930,0,4,107,false,0
10932,0,0,22496820,38710900,16214080,0,15,118,false,0
10933,0,0,22496820,38715650,16218830,0,0,95,false,0
10934,0,0,22496820,38720800,16223980,0,6,109,false,0
10935,0,0,22496820,38725500,16228680,0,0,94,false,0
10936,0,0,22496820,38730650,16233830,0,4,107,false,0
10937,0,0,22496820,38730650,16233830,0,106,106,true,0
10938,0,0,22496820,38730650,16233830,0,105,105,true,0
10939,0,0,22496820,38730650,16233830,0,96,96,true,0
10940,0,0,22496820,38730650,16233830,0,89,89,true,0
10941,0,0,22496820,38730650,16233830,0,116,116,true,0
10942,0,0,22496820,38730650,16233830,0,114,114,true,0
10943,0,0,22496820,38730650,16233830,0,92,92,true,0
10944,0,0,22496820,38735800,16238980,0,10,113,false,0
10945,0,0,22496820,38740750,16243930,0,0,99,false,0
10946,0,0,22496820,38745300,16248480,0,0,91,false,0
10947,0,0,22496820,38750450,16253630,0,7,110,false,0
10948,0,0,22496820,38750450,16253630,0,85,85,true,0
10949,0,0,22496820,38750450,16253630,0,124,124,true,0
10950,0,0,22496820,38754800,16257980,0,0,87,false,0
10951,0,0,22496820,38759550,16262730,0,0,95,false,0
10952,0,0,22496820,38759550,16262730,0,92,92,true,0
10953,0,0,22496820,38759550,16262730,0,95,95,true,0
10954,0,0,22496820,38759550,16262730,0,105,105,true,0
10955,0,0,22496820,38764150,16267330,0,0,92,false,0
10956,0,0,22496820,38769300,16272480,0,0,103,false,0
10957,0,0,22496820,38769300,16272480,0,95,95,true,0
10958,0,0,22496820,38774450,16277630,0,1,104,false,0
10959,0,0,22496820,38779500,16282680,0,0,101,false,0
10960,0,0,22496820,38784650,16287830,0,0,103,false,0
10961,0,0,22496820,38789300,16292480,0,0,93,false,0
10962,0,0,22496820,38794000,16297180,0,0,94,false,0
10963,0,0,22496820,38799150,16302330,0,3,106,false,0
10964,0,0,22496820,38804250,16307430,0,0,102,false,0
10965,0,0,22496820,38808850,16312030,0,0,92,false,0
10966,0,0,22496820,38812950,16316130,0,0,82,false,0
10967,0,0,22496820,38818100,16321280,0,2,105,false,0
10968,0,0,22496820,38822750,16325930,0,0,93,false,0
10969,0,0,22496820,38827550,16330730,0,0,96,false,0
10970,0,0,22496820,38827550,16330730,0,100,100,true,0
10971,0,0,22496820,38827550,16330730,0,118,118,true,0
10972,0,0,22603440,38831900,16228460,0,0,87,false,0
10973,0,0,22603440,38837050,16233610,0,12,115,false,0
10974,0,0,22603440,38842000,16238560,0,0,99,false,0
10975,0,0,22603440,38842000,16238560,0,107,107,true,0
10976,0,0,22603440,38847000,16243560,0,0,100,false,0
10977,0,0,22603440,38851650,16248210,0,0,93,false,0
10978,0,0,22603440,38851650,16248210,0,99,99,true,0
10979,0,0,22603440,38851650,16248210,0,83,83,true,0
10980,0,0,22603440,38856100,16252660,0,0,89,false,0
10981,0,0,22603440,38861250,16257810,0,14,117,false,0
10982,0,0,22603440,38866300,16262860,0,0,101,false,0
10983,0,0,22603440,38871450,16268010,0,6,109,false,0
10984,0,0,22603440,38871450,16268010,0,118,118,true,0
10985,0,0,22603440,38871450,16268010,0,86,86,true,0
10986,0,0,22603440,38871450,16268010,0,96,96,true,0
10987,0,0,22603440,38871450,16268010,0,112,112,true,0
10988,0,0,22603440,38871450,16268010,0,94,94,true,0
10989,0,0,22603440,38876550,16273110,0,0,102,false,0
10990,0,0,22603440,38881700,16278260,0,8,111,false,0
10991,0,0,22603440,38886750,16283310,0,0,101,false,0
10992,0,0,22603440,38891900,16288460,0,5,108,false,0
10993,0,0,22603440,38896250,16292810,0,0,87,false,0
10994,0,0,22603440,38901100,16297660,0,0,97,false,0
10995,0,0,22603440,38906250,16302810,0,0,103,false,0
10996,0,0,22603440,38910800,16307360,0,0,91,false,0
10997,0,0,22603440,38915950,16312510,0,12,115,false,0
10998,0,0,22603440,38921100,16317660,0,8,111,false,0
10999,0,0,22603440,38926250,16322810,0,7,110,false,0
11000,0,0,22603440,38931400,16327960,0,2,105,false,0
11001,0,0,22603440,38936000,16332560,0,0,92,false,0
11002,0,0,22603440,38941150,16337710,0,5,108,false,0
11003,0,0,22603440,38946300,16342860,0,1,104,false,0
11004,0,0,22603440,38951150,16347710,0,0,97,false,0
11005,0,0,22603440,38956050,16352610,0,0,98,false,0
11006,0,0,22603440,38961200,16357760,0,4,107,false,0
11007,0,0,22603440,38961200,16357760,0,102,102,true,0
11008,0,0,22603440,38961200,16357760,0,105,105,true,0
11009,0,0,22603440,38961200,16357760,0,107,107,true,0
11010,0,0,22603440,38961200,16357760,0,87,87,true,0
11011,0,0,22603440,38966350,16362910,0,6,109,false,0
11012,0,0,22603440,38971500,16368060,0,7,110,false,0
11013,0,0,22603440,38976650,16373210,0,0,103,false,0
11014,0,0,22603440,38980650,16377210,0,0,80,false,0
11015,0,0,22603440,38985100,16381660,0,0,89,false,0
11016,0,0,22603440,38990250,16386810,0,2,105,false,0
11017,0,0,22603440,38995250,16391810,0,0,100,false,0
11018,0,0,22603440,39000400,16396960,0,2,105,false,0
11019,0,0,22603440,39000400,16396960,0,79,79,true,0
11020,0,0,22603440,39000400,16396960,0,104,104,true,0
11021,0,0,22603440,39004850,16401410,0,0,89,false,0
11022,0,0,22603440,39010000,16406560,0,18,121,false,0
11023,0,0,22603440,39015050,16411610,0,0,101,false,0
11024,0,0,22710060,39019400,16309340,0,0,87,false,0
11025,0,0,22710060,39024550,16314490,0,11,114,false,0
11026,0,0,22710060,39029700,16319640,0,3,106,false,0
11027,0,0,22710060,39034850,16324790,0,18,121,false,0
11028,0,0,22710060,39039700,16329640,0,0,97,false,0
11029,0,0,22710060,39044000,16333940,0,0,86,false,0
11030,0,0,22710060,39048350,16338290,0,0,87,false,0
11031,0,0,22710060,39053500,16343440,0,0,103,false,0
11032,0,0,22710060,39058350,16348290,0,0,97,false,0
11033,0,0,22710060,39063250,16353190,0,0,98,false,0
11034,0,0,22710060,39067950,16357890,0,0,94,false,0
11035,0,0,22710060,39072350,16362290,0,0,88,false,0
11036,0,0,22710060,39077450,16367390,0,0,102,false,0
11037,0,0,22710060,39082600,16372540,0,7,110,false,0
11038,0,0,22710060,39086900,16376840,0,0,86,false,0
11039,0,0,22710060,39091900,16381840,0,0,100,false,0
11040,0,0,22710060,39096650,16386590,0,0,95,false,0
11041,0,0,22710060,39101800,16391740,0,0,103,false,0
11042,0,0,22710060,39105800,16395740,0,0,80,false,0
11043,0,0,22710060,39110500,16400440,0,0,94,false,0
11044,0,0,22710060,39115450,16405390,0,0,99,false,0
11045,0,0,22710060,39120400,16410340,0,0,99,false,0
11046,0,0,22710060,39124950,16414890,0,0,91,false,0
11047,0,0,22710060,39129700,16419640,0,0,95,false,0
11048,0,0,22710060,39134850,16424790,0,3,106,false,0
11049,0,0,22710060,39140000,16429940,0,13,116,false,0
11050,0,0,22710060,39140000,16429940,0,97,97,true,0
11051,0,0,22710060,39140000,16429940,0,110,110,true,0
11052,0,0,22710060,39144650,16434590,0,0,93,false,0
11053,0,0,22710060,39148750,16438690,0,0,82,false,0
11054,0,0,22710060,39153350,16443290,0,0,92,false,0
11055,0,0,22710060,39153350,16443290,0,105,105,true,0
11056,0,0,22710060,39158500,16448440,0,26,129,false,0
11057,0,0,22710060,39163600,16453540,0,0,102,false,0
11058,0,0,22710060,39168750,16458690,0,6,109,false,0
11059,0,0,22710060,39173900,16463840,0,9,112,false,0
11060,0,0,22710060,39178050,16467990,0,0,83,false,0
11061,0,0,22710060,39183050,16472990,0,0,100,false,0
11062,0,0,22710060,39188050,16477990,0,0,100,false,0
11063,0,0,22710060,39192500,16482440,0,0,89,false,0
11064,0,0,22710060,39197650,16487590,0,3,106,false,0
11065,0,0,22710060,39201850,16491790,0,0,84,false,0
11066,0,0,22710060,39207000,16496940,0,0,103,false,0
11067,0,0,22710060,39210950,16500890,0,0,79,false,0
11068,0,0,22710060,39215450,16505390,0,0,90,false,0
11069,0,0,22710060,39220400,16510340,0,0,99,false,0
11070,0,0,22710060,39225400,16515340,0,0,100,false,0
11071,0,0,22710060,39230550,16520490,0,15,118,false,0
11072,0,0,22710060,39230550,16520490,0,98,98,true,0
11073,0,0,22710060,39230550,16520490,0,111,111,true,0
11074,0,0,22710060,39230550,16520490,0,102,102,true,0
11075,0,0,22710060,39235700,16525640,0,9,112,false,0
11076,0,0,22816680,39240700,16424020,0,0,100,false,0
11077,0,0,22816680,39245250,16428570,0,0,91,false,0
11078,0,0,22816680,39250250,16433570,0,0,100,false,0
11079,0,0,22816680,39254900,16438220,0,0,93,false,0
11080,0,0,22816680,39254900,16438220,0,96,96,true,0
11081,0,0,22816680,39260050,16443370,0,10,113,false,0
11082,0,0,22816680,39265100,16448420,0,0,101,false,0
11083,0,0,22816680,39269050,16452370,0,0,79,false,0
11084,0,0,22816680,39272950,16456270,0,0,78,false,0
11085,0,0,22816680,39277000,16460320,0,0,81,false,0
11086,0,0,22816680,39281900,16465220,0,0,98,false,0
11087,0,0,22816680,39286750,16470070,0,0,97,false,0
11088,0,0,22816680,39291750,16475070,0,0,100,false,0
11089,0,0,22816680,39296900,16480220,0,3,106,false,0
11090,0,0,22816680,39301850,16485170,0,0,99,false,0
11091,0,0,22816680,39307000,16490320,0,4,107,false,0
11092,0,0,22816680,39312050,16495370,0,0,101,false,0
11093,0,0,22816680,39317200,16500520,0,7,110,false,0
11094,0,0,22816680,39321350,16504670,0,0,83,false,0
11095,0,0,22816680,39326500,16509820,0,1,104,false,0
11096,0,0,22816680,39326500,16509820,0,120,120,true,0
11097,0,0,22816680,39326500,16509820,0,96,96,true,0
11098,0,0,22816680,39331650,16514970,0,1,104,false,0
11099,0,0,22816680,39336150,16519470,0,0,90,false,0
11100,0,0,22816680,39341300,16524620,0,7,110,false,0
11101,0,0,22816680,39345900,16529220,0,0,92,false,0
11102,0,0,22816680,39350150,16533470,0,0,85,false,0
11103,0,0,22816680,39354850,16538170,0,0,94,false,0
11104,0,0,22816680,39360000,16543320,0,5,108,false,0
11105,0,0,22816680,39364750,16548070,0,0,95,false,0
11106,0,0,22816680,39369650,16552970,0,0,98,false,0
11107,0,0,22816680,39374250,16557570,0,0,92,false,0
11108,0,0,22816680,39379050,16562370,0,0,96,false,0
11109,0,0,22816680,39383700,16567020,0,0,93,false,0
11110,0,0,22816680,39388450,16571770,0,0,95,false,0
11111,0,0,22816680,39393600,16576920,0,3,106,false,0
11112,0,0,22816680,39393600,16576920,0,90,90,true,0
11113,0,0,22816680,39398750,16582070,0,1,104,false,0
11114,0,0,22816680,39403900,16587220,0,0,103,false,0
11115,0,0,22816680,39409000,16592320,0,0,102,false,0
11116,0,0,22816680,39414150,16597470,0,3,106,false,0
11117,0,0,22816680,39418250,16601570,0,0,82,false,0
11118,0,0,22816680,39423100,16606420,0,0,97,false,0
11119,0,0,22816680,39428200,16611520,0,0,102,false,0
11120,0,0,22816680,39433050,16616370,0,0,97,false,0
11121,0,0,22816680,39437600,16620920,0,0,91,false,0
11122,0,0,22816680,39442150,16625470,0,0,91,false,0
11123,0,0,22816680,39447300,16630620,0,1,104,false,0
11124,0,0,22816680,39452150,16635470,0,0,97,false,0
11125,0,0,22816680,39457050,16640370,0,0,98,false,0
11126,0,0,22816680,39462200,16645520,0,2,105,false,0
11127,0,0,22816680,39466900,16650220,0,0,94,false,0
11128,0,0,22923300,39472050,16548750,0,6,109,false,0
11129,0,0,22923300,39476900,16553600,0,0,97,false,0
11130,0,0,22923300,39481800,16558500,0,0,98,false,0
11131,0,0,22923300,39486450,16563150,0,0,93,false,0
11132,0,0,22923300,39486450,16563150,0,98,98,true,0
11133,0,0,22923300,39486450,16563150,0,105,105,true,0
11134,0,0,22923300,39486450,16563150,0,109,109,true,0
11135,0,0,22923300,39491450,16568150,0,0,100,false,0
11136,0,0,22923300,39496100,16572800,0,0,93,false,0
11137,0,0,22923300,39496100,16572800,0,98,98,true,0
11138,0,0,22923300,39496100,16572800,0,111,111,true,0
11139,0,0,22923300,39500600,16577300,0,0,90,false,0
11140,0,0,22923300,39505750,16582450,0,4,107,false,0
11141,0,0,22923300,39505750,16582450,0,104,104,true,0
11142,0,0,22923300,39510900,16587600,0,3,106,false,0
11143,0,0,22923300,39515400,16592100,0,0,90,false,0
11144,0,0,22923300,39519800,16596500,0,0,88,false,0
11145,0,0,22923300,39524700,16601400,0,0,98,false,0
11146,0,0,22923300,39529150,16605850,0,0,89,false,0
11147,0,0,22923300,39533800,16610500,0,0,93,false,0
11148,0,0,22923300,39538250,16614950,0,0,89,false,0
11149,0,0,22923300,39543300,16620000,0,0,101,false,0
11150,0,0,22923300,39547950,16624650,0,0,93,false,0
11151,0,0,22923300,39553050,16629750,0,0,102,false,0
11152,0,0,22923300,39557700,16634400,0,0,93,false,0
11153,0,0,22923300,39562300,16639000,0,0,92,false,0
11154,0,0,22923300,39567000,16643700,0,0,94,false,0
11155,0,0,22923300,39571700,16648400,0,0,94,false,0
11156,0,0,22923300,39576450,16653150,0,0,95,false,0
11157,0,0,22923300,39581000,16657700,0,0,91,false,0
11158,0,0,22923300,39585700,16662400,0,0,94,false,0
11159,0,0,22923300,39590550,16667250,0,0,97,false,0
11160,0,0,22923300,39590550,16667250,0,103,103,true,0
11161,0,0,22923300,39590550,16667250,0,99,99,true,0
11162,0,0,22923300,39595100,16671800,0,0,91,false,0
11163,0,0,22923300,39600250,16676950,0,0,103,false,0
11164,0,0,22923300,39604500,16681200,0,0,85,false,0
11165,0,0,22923300,39604500,16681200,0,112,112,true,0
11166,0,0,22923300,39609300,16686000,0,0,96,false,0
11167,0,0,22923300,39614450,16691150,0,1,104,false,0
11168,0,0,22923300,39618750,16695450,0,0,86,false,0
11169,0,0,22923300,39623900,16700600,0,3,106,false,0
11170,0,0,22923300,39623900,16700600,0,98,98,true,0
11171,0,0,22923300,39628600,16705300,0,0,94,false,0
11172,0,0,22923300,39633150,16709850,0,0,91,false,0
11173,0,0,22923300,39633150,16709850,0,96,96,true,0
11174,0,0,22923300,39637750,16714450,0,0,92,false,0
11175,0,0,22923300,39642750,16719450,0,0,100,false,0
11176,0,0,22923300,39647500,16724200,0,0,95,false,0
11177,0,0,22923300,39652450,16729150,0,0,99,false,0
11178,0,0,22923300,39657200,16733900,0,0,95,false,0
11179,0,0,22923300,39662050,16738750,0,0,97,false,0
11180,0,0,23029920,39666900,16636980,0,0,97,false,0
11181,0,0,23029920,39672050,16642130,0,2,105,false,0
11182,0,0,23029920,39672050,16642130,0,92,92,true,0
11183,0,0,23029920,39676450,16646530,0,0,88,false,0
11184,0,0,23029920,39681500,16651580,0,0,101,false,0
11185,0,0,23029920,39686650,16656730,0,4,107,false,0
11186,0,0,23029920,39691550,16661630,0,0,98,false,0
11187,0,0,23029920,39691550,16661630,0,98,98,true,0
11188,0,0,23029920,39691550,16661630,0,102,102,true,0
11189,0,0,23029920,39696050,16666130,0,0,90,false,0
11190,0,0,23029920,39700850,16670930,0,0,96,false,0
11191,0,0,23029920,39706000,16676080,0,2,105,false,0
11192,0,0,23029920,39710950,16681030,0,0,99,false,0
11193,0,0,23029920,39716100,16686180,0,4,107,false,0
11194,0,0,23029920,39716100,16686180,0,123,123,true,0
11195,0,0,23029920,39721000,16691080,0,0,98,false,0
11196,0,0,23029920,39726000,16696080,0,0,100,false,0
11197,0,0,23029920,39730400,16700480,0,0,88,false,0
11198,0,0,23029920,39735350,16705430,0,0,99,false,0
11199,0,0,23029920,39740000,16710080,0,0,93,false,0
11200,0,0,23029920,39745150,16715230,0,3,106,false,0
11201,0,0,23029920,39750300,16720380,0,1,104,false,0
11202,0,0,23029920,39755450,16725530,0,4,107,false,0
11203,0,0,23029920,39755450,16725530,0,111,111,true,0
11204,0,0,23029920,39760600,16730680,0,2,105,false,0
11205,0,0,23029920,39765050,16735130,0,0,89,false,0
11206,0,0,23029920,39769350,16739430,0,0,86,false,0
11207,0,0,23029920,39773750,16743830,0,0,88,false,0
11208,0,0,23029920,39773750,16743830,0,114,114,true,0
11209,0,0,23029920,39778800,16748880,0,0,101,false,0
11210,0,0,23029920,39783950,16754030,0,7,110,false,0
11211,0,0,23029920,39789100,16759180,0,5,108,false,0
11212,0,0,23029920,39793950,16764030,0,0,97,false,0
11213,0,0,23029920,39799100,16769180,0,16,119,false,0
11214,0,0,23029920,39804250,16774330,0,3,106,false,0
11215,0,0,23029920,39804250,16774330,0,91,91,true,0
11216,0,0,23029920,39809400,16779480,0,3,106,false,0
11217,0,0,23029920,39813700,16783780,0,0,86,false,0
11218,0,0,23029920,39818700,16788780,0,0,100,false,0
11219,0,0,23029920,39823850,16793930,0,3,106,false,0
11220,0,0,23029920,39829000,16799080,0,4,107,false,0
11221,0,0,23029920,39829000,16799080,0,112,112,true,0
11222,0,0,23029920,39829000,16799080,0,99,99,true,0
11223,0,0,23029920,39829000,16799080,0,99,99,true,0
11224,0,0,23029920,39829000,16799080,0,104,104,true,0
11225,0,0,23029920,39829000,16799080,0,108,108,true,0
11226,0,0,23029920,39833550,16803630,0,0,91,false,0
11227,0,0,23029920,39838500,16808580,0,0,99,false,0
11228,0,0,23029920,39843500,16813580,0,0,100,false,0
11229,0,0,23029920,39848400,16818480,0,0,98,false,0
11230,0,0,23029920,39853550,16823630,0,1,104,false,0
11231,0,0,23029920,39858500,16828580,0,0,99,false,0
11232,0,0,23136540,39862350,16725810,0,0,77,false,0
11233,0,0,23136540,39867200,16730660,0,0,97,false,0
11234,0,0,23136540,39872350,16735810,0,2,105,false,0
11235,0,0,23136540,39872350,16735810,0,103,103,true,0
11236,0,0,23136540,39872350,16735810,0,88,88,true,0
11237,0,0,23136540,39872350,16735810,0,108,108,true,0
11238,0,0,23136540,39872350,16735810,0,81,81,true,0
11239,0,0,23136540,39872350,16735810,0,104,104,true,0
11240,0,0,23136540,39872350,16735810,0,74,74,true,0
11241,0,0,23136540,39872350,16735810,0,106,106,true,0
11242,0,0,23136540,39872350,16735810,0,89,89,true,0
11243,0,0,23136540,39877500,16740960,0,7,110,false,0
11244,0,0,23136540,39882150,16745610,0,0,93,false,0
11245,0,0,23136540,39882150,16745610,0,102,102,true,0
11246,0,0,23136540,39887050,16750510,0,0,98,false,0
11247,0,0,23136540,39892050,16755510,0,0,100,false,0
11248,0,0,23136540,39896550,16760010,0,0,90,false,0
11249,0,0,23136540,39901700,16765160,0,5,108,false,0
11250,0,0,23136540,39906850,16770310,0,3,106,false,0
11251,0,0,23136540,39912000,16775460,0,3,106,false,0
11252,0,0,23136540,39912000,16775460,0,93,93,true,0
11253,0,0,23136540,39912000,16775460,0,93,93,true,0
11254,0,0,23136540,39912000,16775460,0,103,103,true,0
11255,0,0,23136540,39912000,16775460,0,96,96,true,0
11256,0,0,23136540,39912000,16775460,0,111,111,true,0
11257,0,0,23136540,39912000,16775460,0,90,90,true,0
11258,0,0,23136540,39912000,16775460,0,95,95,true,0
11259,0,0,23136540,39917150,16780610,0,2,105,false,0
11260,0,0,23136540,39921950,16785410,0,0,96,false,0
11261,0,0,23136540,39926750,16790210,0,0,96,false,0
11262,0,0,23136540,39931700,16795160,0,0,99,false,0
11263,0,0,23136540,39936850,16800310,0,7,110,false,0
11264,0,0,23136540,39940950,16804410,0,0,82,false,0
11265,0,0,23136540,39945850,16809310,0,0,98,false,0
11266,0,0,23136540,39950850,16814310,0,0,100,false,0
11267,0,0,23136540,39956000,16819460,0,5,108,false,0
11268,0,0,23136540,39960500,16823960,0,0,90,false,0
11269,0,0,23136540,39965500,16828960,0,0,100,false,0
11270,0,0,23136540,39970650,16834110,0,4,107,false,0
11271,0,0,23136540,39970650,16834110,0,100,100,true,0
11272,0,0,23136540,39970650,16834110,0,96,96,true,0
11273,0,0,23136540,39970650,16834110,0,100,100,true,0
11274,0,0,23136540,39970650,16834110,0,86,86,true,0
11275,0,0,23136540,39970650,16834110,0,97,97,true,0
11276,0,0,23136540,39970650,16834110,0,100,100,true,0
11277,0,0,23136540,39975700,16839160,0,0,101,false,0
11278,0,0,23136540,39980650,16844110,0,0,99,false,0
11279,0,0,23136540,39985800,16849260,0,13,116,false,0
11280,0,0,23136540,39985800,16849260,0,96,96,true,0
11281,0,0,23136540,39990950,16854410,0,0,103,false,0
11282,0,0,23136540,39996100,16859560,0,3,106,false,0
11283,0,0,23136540,40000900,16864360,0,0,96,false,0
11284,0,0,23243160,40005850,16762690,0,0,99,false,0
11285,0,0,23243160,40011000,16767840,0,1,104,false,0
11286,0,0,23243160,40011000,16767840,0,87,87,true,0
11287,0,0,23243160,40011000,16767840,0,103,103,true,0
11288,0,0,23243160,40011000,16767840,0,93,93,true,0
11289,0,0,23243160,40011000,16767840,0,83,83,true,0
11290,0,0,23243160,40011000,16767840,0,96,96,true,0
11291,0,0,23243160,40011000,16767840,0,88,88,true,0
11292,0,0,23243160,40011000,16767840,0,105,105,true,0
11293,0,0,23243160,40015800,16772640,0,0,96,false,0
11294,0,0,23243160,40020950,16777790,0,0,103,false,0
11295,0,0,23243160,40025700,16782540,0,0,95,false,0
11296,0,0,23243160,40029600,16786440,0,0,78,false,0
11297,0,0,23243160,40034400,16791240,0,0,96,false,0
11298,0,0,23243160,40034400,16791240,0,100,100,true,0
11299,0,0,23243160,40034400,16791240,0,105,105,true,0
11300,0,0,23243160,40034400,16791240,0,98,98,true,0
11301,0,0,23243160,40039450,16796290,0,0,101,false,0
11302,0,0,23243160,40044600,16801440,0,0,103,false,0
11303,0,0,23243160,40049050,16805890,0,0,89,false,0
11304,0,0,23243160,40054200,16811040,0,1,104,false,0
11305,0,0,23243160,40058950,16815790,0,0,95,false,0
11306,0,0,23243160,40063000,16819840,0,0,81,false,0
11307,0,0,23243160,40067550,16824390,0,0,91,false,0
11308,0,0,23243160,40072700,16829540,0,0,103,false,0
11309,0,0,23243160,40072700,16829540,0,112,112,true,0
11310,0,0,23243160,40072700,16829540,0,105,105,true,0
11311,0,0,23243160,40077850,16834690,0,2,105,false,0
11312,0,0,23243160,40082850,16839690,0,0,100,false,0
11313,0,0,23243160,40088000,16844840,0,2,105,false,0
11314,0,0,23243160,40093150,16849990,0,0,103,false,0
11315,0,0,23243160,40097350,16854190,0,0,84,false,0
11316,0,0,23243160,40102000,16858840,0,0,93,false,0
11317,0,0,23243160,40107150,16863990,0,3,106,false,0
11318,0,0,23243160,40111800,16868640,0,0,93,false,0
11319,0,0,23243160,40116950,16873790,0,0,103,false,0
11320,0,0,23243160,40121850,16878690,0,0,98,false,0
11321,0,0,23243160,40127000,16883840,0,3,106,false,0
11322,0,0,23243160,40132050,16888890,0,0,101,false,0
11323,0,0,23243160,40136650,16893490,0,0,92,false,0
11324,0,0,23243160,40141600,16898440,0,0,99,false,0
11325,0,0,23243160,40146250,16903090,0,0,93,false,0
11326,0,0,23243160,40150900,16907740,0,0,93,false,0
11327,0,0,23243160,40150900,16907740,0,102,102,true,0
11328,0,0,23243160,40155750,16912590,0,0,97,false,0
11329,0,0,23243160,40160150,16916990,0,0,88,false,0
11330,0,0,23243160,40160150,16916990,0,101,101,true,0
11331,0,0,23243160,40160150,16916990,0,97,97,true,0
11332,0,0,23243160,40165150,16921990,0,0,100,false,0
11333,0,0,23243160,40170300,16927140,0,0,103,false,0
11334,0,0,23243160,40175450,16932290,0,1,104,false,0
11335,0,0,23243160,40180600,16937440,0,16,119,false,0
11336,0,0,23349780,40185650,16835870,0,0,101,false,0
11337,0,0,23349780,40190450,16840670,0,0,96,false,0
11338,0,0,23349780,40195000,16845220,0,0,91,false,0
11339,0,0,23349780,40199550,16849770,0,0,91,false,0
11340,0,0,23349780,40204700,16854920,0,1,104,false,0
11341,0,0,23349780,40209800,16860020,0,0,102,false,0
11342,0,0,23349780,40214500,16864720,0,0,94,false,0
11343,0,0,23349780,40219650,16869870,0,1,104,false,0
11344,0,0,23349780,40219650,16869870,0,97,97,true,0
11345,0,0,23349780,40224800,16875020,0,6,109,false,0
11346,0,0,23349780,40229400,16879620,0,0,92,false,0
11347,0,0,23349780,40234400,16884620,0,0,100,false,0
11348,0,0,23349780,40239500,16889720,0,0,102,false,0
11349,0,0,23349780,40239500,16889720,0,95,95,true,0
11350,0,0,23349780,40239500,16889720,0,111,111,true,0
11351,0,0,23349780,40244650,16894870,0,7,110,false,0
11352,0,0,23349780,40249100,16899320,0,0,89,false,0
11353,0,0,23349780,40253500,16903720,0,0,88,false,0
11354,0,0,23349780,40258650,16908870,0,1,104,false,0
11355,0,0,23349780,40262550,16912770,0,0,78,false,0
11356,0,0,23349780,40267700,16917920,0,0,103,false,0
11357,0,0,23349780,40267700,16917920,0,90,90,true,0
11358,0,0,23349780,40267700,16917920,0,91,91,true,0
11359,0,0,23349780,40267700,16917920,0,99,99,true,0
11360,0,0,23349780,40267700,16917920,0,102,102,true,0
11361,0,0,23349780,40272850,16923070,0,9,112,false,0
11362,0,0,23349780,40277200,16927420,0,0,87,false,0
11363,0,0,23349780,40281500,16931720,0,0,86,false,0
11364,0,0,23349780,40286200,16936420,0,0,94,false,0
11365,0,0,23349780,40286200,16936420,0,92,92,true,0
11366,0,0,23349780,40291350,16941570,0,8,111,false,0
11367,0,0,23349780,40296050,16946270,0,0,94,false,0
11368,0,0,23349780,40296050,16946270,0,105,105,true,0
11369,0,0,23349780,40296050,16946270,0,101,101,true,0
11370,0,0,23349780,40300600,16950820,0,0,91,false,0
11371,0,0,23349780,40305750,16955970,0,1,104,false,0
11372,0,0,23349780,40310350,16960570,0,0,92,false,0
11373,0,0,23349780,40315500,16965720,0,6,109,false,0
11374,0,0,23349780,40320650,16970870,0,5,108,false,0
11375,0,0,23349780,40324600,16974820,0,0,79,false,0
11376,0,0,23349780,40329050,16979270,0,0,89,false,0
11377,0,0,23349780,40334150,16984370,0,0,102,false,0
11378,0,0,23349780,40339300,16989520,0,3,106,false,0
11379,0,0,23349780,40344450,16994670,0,1,104,false,0
11380,0,0,23349780,40349600,16999820,0,1,104,false,0
11381,0,0,23349780,40354750,17004970,0,15,118,false,0
11382,0,0,23349780,40359900,17010120,0,0,103,false,0
11383,0,0,23349780,40364700,17014920,0,0,96,false,0
11384,0,0,23349780,40369850,17020070,0,0,103,false,0
11385,0,0,23349780,40375000,17025220,0,2,105,false,0
11386,0,0,23349780,40379900,17030120,0,0,98,false,0
11387,0,0,23349780,40384800,17035020,0,0,98,false,0
11388,0,0,23456400,40384800,16928400,0,95,95,true,0
11389,0,0,23456400,40384800,16928400,0,101,101,true,0
11390,0,0,23456400,40384800,16928400,0,100,100,true,0
11391,0,0,23456400,40384800,16928400,0,108,108,true,0
11392,0,0,23456400,40389800,16933400,0,0,100,false,0
11393,0,0,23456400,40394650,16938250,0,0,97,false,0
11394,0,0,23456400,40399550,16943150,0,0,98,false,0
11395,0,0,23456400,40404700,16948300,0,13,116,false,0
11396,0,0,23456400,40409850,16953450,0,2,105,false,0
11397,0,0,23456400,40415000,16958600,0,13,116,false,0
11398,0,0,23456400,40419600,16963200,0,0,92,false,0
11399,0,0,23456400,40424200,16967800,0,0,92,false,0
11400,0,0,23456400,40428850,16972450,0,0,93,false,0
11401,0,0,23456400,40433350,16976950,0,0,90,false,0
11402,0,0,23456400,40438250,16981850,0,0,98,false,0
11403,0,0,23456400,40443400,16987000,0,10,113,false,0
11404,0,0,23456400,40447950,16991550,0,0,91,false,0
11405,0,0,23456400,40452650,16996250,0,0,94,false,0
11406,0,0,23456400,40457800,17001400,0,2,105,false,0
11407,0,0,23456400,40462050,17005650,0,0,85,false,0
11408,0,0,23456400,40466200,17009800,0,0,83,false,0
11409,0,0,23456400,40470400,17014000,0,0,84,false,0
11410,0,0,23456400,40475550,17019150,0,10,113,false,0
11411,0,0,23456400,40480650,17024250,0,0,102,false,0
11412,0,0,23456400,40485050,17028650,0,0,88,false,0
11413,0,0,23456400,40489850,17033450,0,0,96,false,0
11414,0,0,23456400,40489850,17033450,0,121,121,true,0
11415,0,0,23456400,40494250,17037850,0,0,88,false,0
11416,0,0,23456400,40499150,17042750,0,0,98,false,0
11417,0,0,23456400,40499150,17042750,0,86,86,true,0
11418,0,0,23456400,40499150,17042750,0,98,98,true,0
11419,0,0,23456400,40499150,17042750,0,115,115,true,0
11420,0,0,23456400,40503600,17047200,0,0,89,false,0
11421,0,0,23456400,40508400,17052000,0,0,96,false,0
11422,0,0,23456400,40508400,17052000,0,99,99,true,0
11423,0,0,23456400,40513550,17057150,0,0,103,false,0
11424,0,0,23456400,40518700,17062300,0,4,107,false,0
11425,0,0,23456400,40518700,17062300,0,104,104,true,0
11426,0,0,23456400,40523850,17067450,0,4,107,false,0
11427,0,0,23456400,40528850,17072450,0,0,100,false,0
11428,0,0,23456400,40534000,17077600,0,1,104,false,0
11429,0,0,23456400,40538250,17081850,0,0,85,false,0
11430,0,0,23456400,40543400,17087000,0,12,115,false,0
11431,0,0,23456400,40548450,17092050,0,0,101,false,0
11432,0,0,23456400,40553600,17097200,0,7,110,false,0
11433,0,0,23456400,40558750,17102350,0,0,103,false,0
11434,0,0,23456400,40563900,17107500,0,16,119,false,0
11435,0,0,23456400,40563900,17107500,0,106,106,true,0
11436,0,0,23456400,40563900,17107500,0,103,103,true,0
11437,0,0,23456400,40563900,17107500,0,96,96,true,0
11438,0,0,23456400,40563900,17107500,0,91,91,true,0
11439,0,0,23456400,40563900,17107500,0,108,108,true,0
11440,0,0,23563020,40563900,17000880,0,90,90,true,0
11441,0,0,23563020,40563900,17000880,0,107,107,true,0
11442,0,0,23563020,40569050,17006030,0,12,115,false,0
11443,0,0,23563020,40573850,17010830,0,0,96,false,0
11444,0,0,23563020,40578750,17015730,0,0,98,false,0
11445,0,0,23563020,40583800,17020780,0,0,101,false,0
11446,0,0,23563020,40583800,17020780,0,96,96,true,0
11447,0,0,23563020,40583800,17020780,0,96,96,true,0
11448,0,0,23563020,40583800,17020780,0,95,95,true,0
11449,0,0,23563020,40588850,17025830,0,0,101,false,0
11450,0,0,23563020,40593250,17030230,0,0,88,false,0
11451,0,0,23563020,40597900,17034880,0,0,93,false,0
11452,0,0,23563020,40602650,17039630,0,0,95,false,0
11453,0,0,23563020,40607200,17044180,0,0,91,false,0
11454,0,0,23563020,40611950,17048930,0,0,95,false,0
11455,0,0,23563020,40617100,17054080,0,4,107,false,0
11456,0,0,23563020,40617100,17054080,0,104,104,true,0
11457,0,0,23563020,40621550,17058530,0,0,89,false,0
11458,0,0,23563020,40625600,17062580,0,0,81,false,0
11459,0,0,23563020,40630750,17067730,0,9,112,false,0
11460,0,0,23563020,40635250,17072230,0,0,90,false,0
11461,0,0,23563020,40640400,17077380,0,1,104,false,0
11462,0,0,23563020,40644500,17081480,0,0,82,false,0
11463,0,0,23563020,40649450,17086430,0,0,99,false,0
11464,0,0,23563020,40654000,17090980,0,0,91,false,0
11465,0,0,23563020,40658350,17095330,0,0,87,false,0
11466,0,0,23563020,40663500,17100480,0,5,108,false,0
11467,0,0,23563020,40668400,17105380,0,0,98,false,0
11468,0,0,23563020,40672650,17109630,0,0,85,false,0
11469,0,0,23563020,40677800,17114780,0,2,105,false,0
11470,0,0,23563020,40677800,17114780,0,92,92,true,0
11471,0,0,23563020,40682950,17119930,0,11,114,false,0
11472,0,0,23563020,40687650,17124630,0,0,94,false,0
11473,0,0,23563020,40692600,17129580,0,0,99,false,0
11474,0,0,23563020,40697700,17134680,0,0,102,false,0
11475,0,0,23563020,40697700,17134680,0,105,105,true,0
11476,0,0,23563020,40697700,17134680,0,115,115,true,0
11477,0,0,23563020,40702850,17139830,0,10,113,false,0
11478,0,0,23563020,40707850,17144830,0,0,100,false,0
11479,0,0,23563020,40713000,17149980,0,8,111,false,0
11480,0,0,23563020,40717050,17154030,0,0,81,false,0
11481,0,0,23563020,40721350,17158330,0,0,86,false,0
11482,0,0,23563020,40726500,17163480,0,7,110,false,0
11483,0,0,23563020,40726500,17163480,0,105,105,true,0
11484,0,0,23563020,40726500,17163480,0,110,110,true,0
11485,0,0,23563020,40731650,17168630,0,4,107,false,0
11486,0,0,23563020,40736400,17173380,0,0,95,false,0
11487,0,0,23563020,40736400,17173380,0,91,91,true,0
11488,0,0,23563020,40741050,17178030,0,0,93,false,0
11489,0,0,23563020,40746100,17183080,0,0,101,false,0
11490,0,0,23563020,40746100,17183080,0,103,103,true,0
11491,0,0,23563020,40746100,17183080,0,113,113,true,0
11492,0,0,23669640,40746100,17076460,0,98,98,true,0
11493,0,0,23669640,40750400,17080760,0,0,86,false,0
11494,0,0,23669640,40754950,17085310,0,0,91,false,0
11495,0,0,23669640,40759050,17089410,0,0,82,false,0
11496,0,0,23669640,40759050,17089410,0,109,109,true,0
11497,0,0,23669640,40763050,17093410,0,0,80,false,0
11498,0,0,23669640,40768200,17098560,0,13,116,false,0
11499,0,0,23669640,40773350,17103710,0,17,120,false,0
11500,0,0,23669640,40773350,17103710,0,100,100,true,0
11501,0,0,23669640,40773350,17103710,0,100,100,true,0
11502,0,0,23669640,40773350,17103710,0,84,84,true,0
11503,0,0,23669640,40777350,17107710,0,0,80,false,0
11504,0,0,23669640,40782200,17112560,0,0,97,false,0
11505,0,0,23669640,40786350,17116710,0,0,83,false,0
11506,0,0,23669640,40791500,17121860,0,0,103,false,0
11507,0,0,23669640,40796100,17126460,0,0,92,false,0
11508,0,0,23669640,40801150,17131510,0,0,101,false,0
11509,0,0,23669640,40805500,17135860,0,0,87,false,0
11510,0,0,23669640,40810350,17140710,0,0,97,false,0
11511,0,0,23669640,40810350,17140710,0,104,104,true,0
11512,0,0,23669640,40810350,17140710,0,95,95,true,0
11513,0,0,23669640,40810350,17140710,0,83,83,true,0
11514,0,0,23669640,40815500,17145860,0,7,110,false,0
11515,0,0,23669640,40819800,17150160,0,0,86,false,0
11516,0,0,23669640,40824950,17155310,0,1,104,false,0
11517,0,0,23669640,40830100,17160460,0,14,117,false,0
11518,0,0,23669640,40834750,17165110,0,0,93,false,0
11519,0,0,23669640,40839350,17169710,0,0,92,false,0
11520,0,0,23669640,40844500,17174860,0,14,117,false,0
11521,0,0,23669640,40849550,17179910,0,0,101,false,0
11522,0,0,23669640,40854450,17184810,0,0,98,false,0
11523,0,0,23669640,40859600,17189960,0,6,109,false,0
11524,0,0,23669640,40864350,17194710,0,0,95,false,0
11525,0,0,23669640,40869000,17199360,0,0,93,false,0
11526,0,0,23669640,40873950,17204310,0,0,99,false,0
11527,0,0,23669640,40879100,17209460,0,8,111,false,0
11528,0,0,23669640,40884250,17214610,0,11,114,false,0
11529,0,0,23669640,40889400,17219760,0,17,120,false,0
11530,0,0,23669640,40894550,17224910,0,8,111,false,0
11531,0,0,23669640,40894550,17224910,0,105,105,true,0
11532,0,0,23669640,40894550,17224910,0,112,112,true,0
11533,0,0,23669640,40899650,17230010,0,0,102,false,0
11534,0,0,23669640,40904700,17235060,0,0,101,false,0
11535,0,0,23669640,40909650,17240010,0,0,99,false,0
11536,0,0,23669640,40914100,17244460,0,0,89,false,0
11537,0,0,23669640,40918750,17249110,0,0,93,false,0
11538,0,0,23669640,40922950,17253310,0,0,84,false,0
11539,0,0,23669640,40922950,17253310,0,86,86,true,0
11540,0,0,23669640,40928100,17258460,0,2,105,false,0
11541,0,0,23669640,40932700,17263060,0,0,92,false,0
11542,0,0,23669640,40937750,17268110,0,0,101,false,0
11543,0,0,23669640,40942900,17273260,0,1,104,false,0
11544,0,0,23776260,40947950,17171690,0,0,101,false,0
11545,0,0,23776260,40947950,17171690,0,97,97,true,0
11546,0,0,23776260,40947950,17171690,0,103,103,true,0
11547,0,0,23776260,40947950,17171690,0,106,106,true,0
11548,0,0,23776260,40952750,17176490,0,0,96,false,0
11549,0,0,23776260,40957450,17181190,0,0,94,false,0
11550,0,0,23776260,40962150,17185890,0,0,94,false,0
11551,0,0,23776260,40966700,17190440,0,0,91,false,0
11552,0,0,23776260,40971000,17194740,0,0,86,false,0
11553,0,0,23776260,40975350,17199090,0,0,87,false,0
11554,0,0,23776260,40979850,17203590,0,0,90,false,0
11555,0,0,23776260,40979850,17203590,0,101,101,true,0
11556,0,0,23776260,40979850,17203590,0,97,97,true,0
11557,0,0,23776260,40979850,17203590,0,106,106,true,0
11558,0,0,23776260,40979850,17203590,0,109,109,true,0
11559,0,0,23776260,40979850,17203590,0,103,103,true,0
11560,0,0,23776260,40979850,17203590,0,121,121,true,0
11561,0,0,23776260,40979850,17203590,0,109,109,true,0
11562,0,0,23776260,40984350,17208090,0,0,90,false,0
11563,0,0,23776260,40989000,17212740,0,0,93,false,0
11564,0,0,23776260,40993600,17217340,0,0,92,false,0
11565,0,0,23776260,40997900,17221640,0,0,86,false,0
11566,0,0,23776260,41003050,17226790,0,11,114,false,0
11567,0,0,23776260,41003050,17226790,0,89,89,true,0
11568,0,0,23776260,41003050,17226790,0,105,105,true,0
11569,0,0,23776260,41007700,17231440,0,0,93,false,0
11570,0,0,23776260,41012850,17236590,0,6,109,false,0
11571,0,0,23776260,41017800,17241540,0,0,99,false,0
11572,0,0,23776260,41017800,17241540,0,108,108,true,0
11573,0,0,23776260,41017800,17241540,0,93,93,true,0
11574,0,0,23776260,41017800,17241540,0,105,105,true,0
11575,0,0,23776260,41022500,17246240,0,0,94,false,0
11576,0,0,23776260,41026850,17250590,0,0,87,false,0
11577,0,0,23776260,41031750,17255490,0,0,98,false,0
11578,0,0,23776260,41031750,17255490,0,100,100,true,0
11579,0,0,23776260,41031750,17255490,0,96,96,true,0
11580,0,0,23776260,41031750,17255490,0,107,107,true,0
11581,0,0,23776260,41031750,17255490,0,100,100,true,0
11582,0,0,23776260,41036650,17260390,0,0,98,false,0
11583,0,0,23776260,41041300,17265040,0,0,93,false,0
11584,0,0,23776260,41046450,17270190,0,1,104,false,0
11585,0,0,23776260,41051600,17275340,0,7,110,false,0
11586,0,0,23776260,41051600,17275340,0,93,93,true,0
11587,0,0,23776260,41051600,17275340,0,85,85,true,0
11588,0,0,23776260,41055950,17279690,0,0,87,false,0
11589,0,0,23776260,41060000,17283740,0,0,81,false,0
11590,0,0,23776260,41064600,17288340,0,0,92,false,0
11591,0,0,23776260,41069750,17293490,0,6,109,false,0
11592,0,0,23776260,41074750,17298490,0,0,100,false,0
11593,0,0,23776260,41079350,17303090,0,0,92,false,0
11594,0,0,23776260,41084300,17308040,0,0,99,false,0
11595,0,0,23776260,41088900,17312640,0,0,92,false,0
11596,0,0,23882880,41092900,17210020,0,0,80,false,0
11597,0,0,23882880,41097800,17214920,0,0,98,false,0
11598,0,0,23882880,41102800,17219920,0,0,100,false,0
11599,0,0,23882880,41107400,17224520,0,0,92,false,0
11600,0,0,23882880,41112250,17229370,0,0,97,false,0
11601,0,0,23882880,41116800,17233920,0,0,91,false,0
11602,0,0,23882880,41121450,17238570,0,0,93,false,0
11603,0,0,23882880,41126050,17243170,0,0,92,false,0
11604,0,0,23882880,41130700,17247820,0,0,93,false,0
11605,0,0,23882880,41130700,17247820,0,99,99,true,0
11606,0,0,23882880,41135150,17252270,0,0,89,false,0
11607,0,0,23882880,41139800,17256920,0,0,93,false,0
11608,0,0,23882880,41144950,17262070,0,13,116,false,0
11609,0,0,23882880,41149150,17266270,0,0,84,false,0
11610,0,0,23882880,41153850,17270970,0,0,94,false,0
11611,0,0,23882880,41158450,17275570,0,0,92,false,0
11612,0,0,23882880,41163050,17280170,0,0,92,false,0
11613,0,0,23882880,41167850,17284970,0,0,96,false,0
11614,0,0,23882880,41172900,17290020,0,0,101,false,0
11615,0,0,23882880,41172900,17290020,0,103,103,true,0
11616,0,0,23882880,41172900,17290020,0,103,103,true,0
11617,0,0,23882880,41172900,17290020,0,99,99,true,0
11618,0,0,23882880,41172900,17290020,0,87,87,true,0
11619,0,0,23882880,41178050,17295170,0,15,118,false,0
11620,0,0,23882880,41182950,17300070,0,0,98,false,0
11621,0,0,23882880,41187950,17305070,0,0,100,false,0
11622,0,0,23882880,41193100,17310220,0,1,104,false,0
11623,0,0,23882880,41198250,17315370,0,8,111,false,0
11624,0,0,23882880,41203050,17320170,0,0,96,false,0
11625,0,0,23882880,41207850,17324970,0,0,96,false,0
11626,0,0,23882880,41213000,17330120,0,3,106,false,0
11627,0,0,23882880,41213000,17330120,0,109,109,true,0
11628,0,0,23882880,41213000,17330120,0,89,89,true,0
11629,0,0,23882880,41213000,17330120,0,97,97,true,0
11630,0,0,23882880,41213000,17330120,0,96,96,true,0
11631,0,0,23882880,41217850,17334970,0,0,97,false,0
11632,0,0,23882880,41222100,17339220,0,0,85,false,0
11633,0,0,23882880,41226100,17343220,0,0,80,false,0
11634,0,0,23882880,41226100,17343220,0,114,114,true,0
11635,0,0,23882880,41226100,17343220,0,94,94,true,0
11636,0,0,23882880,41226100,17343220,0,91,91,true,0
11637,0,0,23882880,41226100,17343220,0,101,101,true,0
11638,0,0,23882880,41226100,17343220,0,103,103,true,0
11639,0,0,23882880,41231250,17348370,0,2,105,false,0
11640,0,0,23882880,41235700,17352820,0,0,89,false,0
11641,0,0,23882880,41240850,17357970,0,8,111,false,0
11642,0,0,23882880,41245450,17362570,0,0,92,false,0
11643,0,0,23882880,41250600,17367720,0,1,104,false,0
11644,0,0,23882880,41255700,17372820,0,0,102,false,0
11645,0,0,23882880,41260850,17377970,0,3,106,false,0
11646,0,0,23882880,41265750,17382870,0,0,98,false,0
11647,0,0,23882880,41270900,17388020,0,6,109,false,0
11648,0,0,23989500,41270900,17281400,0,98,98,true,0
11649,0,0,23989500,41275350,17285850,0,0,89,false,0
11650,0,0,23989500,41280500,17291000,0,18,121,false,0
11651,0,0,23989500,41285650,17296150,0,17,120,false,0
11652,0,0,23989500,41290000,17300500,0,0,87,false,0
11653,0,0,23989500,41295100,17305600,0,0,102,false,0
11654,0,0,23989500,41299450,17309950,0,0,87,false,0
11655,0,0,23989500,41299450,17309950,0,115,115,true,0
11656,0,0,23989500,41303900,17314400,0,0,89,false,0
11657,0,0,23989500,41308750,17319250,0,0,97,false,0
11658,0,0,23989500,41308750,17319250,0,91,91,true,0
11659,0,0,23989500,41313250,17323750,0,0,90,false,0
11660,0,0,23989500,41317550,17328050,0,0,86,false,0
11661,0,0,23989500,41322250,17332750,0,0,94,false,0
11662,0,0,23989500,41322250,17332750,0,105,105,true,0
11663,0,0,23989500,41327300,17337800,0,0,101,false,0
11664,0,0,23989500,41331950,17342450,0,0,93,false,0
11665,0,0,23989500,41337100,17347600,0,2,105,false,0
11666,0,0,23989500,41341250,17351750,0,0,83,false,0
11667,0,0,23989500,41346300,17356800,0,0,101,false,0
11668,0,0,23989500,41351450,17361950,0,16,119,false,0
11669,0,0,23989500,41351450,17361950,0,104,104,true,0
11670,0,0,23989500,41351450,17361950,0,96,96,true,0
11671,0,0,23989500,41351450,17361950,0,100,100,true,0
11672,0,0,23989500,41351450,17361950,0,111,111,true,0
11673,0,0,23989500,41356500,17367000,0,0,101,false,0
11674,0,0,23989500,41360850,17371350,0,0,87,false,0
11675,0,0,23989500,41365600,17376100,0,0,95,false,0
11676,0,0,23989500,41370400,17380900,0,0,96,false,0
11677,0,0,23989500,41370400,17380900,0,89,89,true,0
11678,0,0,23989500,41370400,17380900,0,99,99,true,0
11679,0,0,23989500,41370400,17380900,0,83,83,true,0
11680,0,0,23989500,41375400,17385900,0,0,100,false,0
11681,0,0,23989500,41380550,17391050,0,4,107,false,0
11682,0,0,23989500,41384700,17395200,0,0,83,false,0
11683,0,0,23989500,41389850,17400350,0,3,106,false,0
11684,0,0,23989500,41394400,17404900,0,0,91,false,0
11685,0,0,23989500,41394400,17404900,0,85,85,true,0
11686,0,0,23989500,41394400,17404900,0,91,91,true,0
11687,0,0,23989500,41394400,17404900,0,92,92,true,0
11688,0,0,23989500,41394400,17404900,0,111,111,true,0
11689,0,0,23989500,41399050,17409550,0,0,93,false,0
11690,0,0,23989500,41404200,17414700,0,1,104,false,0
11691,0,0,23989500,41408350,17418850,0,0,83,false,0
11692,0,0,23989500,41408350,17418850,0,106,106,true,0
11693,0,0,23989500,41408350,17418850,0,107,107,true,0
11694,0,0,23989500,41408350,17418850,0,94,94,true,0
11695,0,0,23989500,41413050,17423550,0,0,94,false,0
11696,0,0,23989500,41418200,17428700,0,3,106,false,0
11697,0,0,23989500,41421950,17432450,0,0,75,false,0
11698,0,0,23989500,41421950,17432450,0,92,92,true,0
11699,0,0,23989500,41421950,17432450,0,104,104,true,0
11700,0,0,24096120,41426400,17330280,0,0,89,false,0
11701,0,0,24096120,41429950,17333830,0,0,71,false,0
11702,0,0,24096120,41429950,17333830,0,98,98,true,0
11703,0,0,24096120,41429950,17333830,0,97,97,true,0
11704,0,0,24096120,41434000,17337880,0,0,81,false,0
11705,0,0,24096120,41438500,17342380,0,0,90,false,0
11706,0,0,24096120,41442900,17346780,0,0,88,false,0
11707,0,0,24096120,41448050,17351930,0,9,112,false,0
11708,0,0,24096120,41453200,17357080,0,11,114,false,0
11709,0,0,24096120,41453200,17357080,0,101,101,true,0
11710,0,0,24096120,41457700,17361580,0,0,90,false,0
11711,0,0,24096120,41462850,17366730,0,1,104,false,0
11712,0,0,24096120,41467650,17371530,0,0,96,false,0
11713,0,0,24096120,41467650,17371530,0,88,88,true,0
11714,0,0,24096120,41467650,17371530,0,110,110,true,0
11715,0,0,24096120,41467650,17371530,0,106,106,true,0
11716,0,0,24096120,41467650,17371530,0,93,93,true,0
11717,0,0,24096120,41472800,17376680,0,12,115,false,0
11718,0,0,24096120,41476850,17380730,0,0,81,false,0
11719,0,0,24096120,41480500,17384380,0,0,73,false,0
11720,0,0,24096120,41485100,17388980,0,0,92,false,0
11721,0,0,24096120,41490050,17393930,0,0,99,false,0
11722,0,0,24096120,41495200,17399080,0,0,103,false,0
11723,0,0,24096120,41499650,17403530,0,0,89,false,0
11724,0,0,24096120,41504150,17408030,0,0,90,false,0
11725,0,0,24096120,41509300,17413180,0,10,113,false,0
11726,0,0,24096120,41514450,17418330,0,0,103,false,0
11727,0,0,24096120,41518750,17422630,0,0,86,false,0
11728,0,0,24096120,41523850,17427730,0,0,102,false,0
11729,0,0,24096120,41528050,17431930,0,0,84,false,0
11730,0,0,24096120,41532950,17436830,0,0,98,false,0
11731,0,0,24096120,41532950,17436830,0,107,107,true,0
11732,0,0,24096120,41537800,17441680,0,0,97,false,0
11733,0,0,24096120,41542700,17446580,0,0,98,false,0
11734,0,0,24096120,41547250,17451130,0,0,91,false,0
11735,0,0,24096120,41552400,17456280,0,7,110,false,0
11736,0,0,24096120,41552400,17456280,0,101,101,true,0
11737,0,0,24096120,41552400,17456280,0,113,113,true,0
11738,0,0,24096120,41557100,17460980,0,0,94,false,0
11739,0,0,24096120,41561250,17465130,0,0,83,false,0
11740,0,0,24096120,41561250,17465130,0,101,101,true,0
11741,0,0,24096120,41566400,17470280,0,7,110,false,0
11742,0,0,24096120,41571050,17474930,0,0,93,false,0
11743,0,0,24096120,41576200,17480080,0,14,117,false,0
11744,0,0,24096120,41581350,17485230,0,15,118,false,0
11745,0,0,24096120,41586500,17490380,0,5,108,false,0
11746,0,0,24096120,41591400,17495280,0,0,98,false,0
11747,0,0,24096120,41596450,17500330,0,0,101,false,0
11748,0,0,24096120,41601600,17505480,0,2,105,false,0
11749,0,0,24096120,41601600,17505480,0,90,90,true,0
11750,0,0,24096120,41606250,17510130,0,0,93,false,0
11751,0,0,24096120,41611350,17515230,0,0,102,false,0
11752,0,0,24202740,41615850,17413110,0,0,90,false,0
11753,0,0,24202740,41620750,17418010,0,0,98,false,0
11754,0,0,24202740,41625050,17422310,0,0,86,false,0
11755,0,0,24202740,41625050,17422310,0,94,94,true,0
11756,0,0,24202740,41629600,17426860,0,0,91,false,0
11757,0,0,24202740,41634750,17432010,0,10,113,false,0
11758,0,0,24202740,41639400,17436660,0,0,93,false,0
11759,0,0,24202740,41643900,17441160,0,0,90,false,0
11760,0,0,24202740,41643900,17441160,0,106,106,true,0
11761,0,0,24202740,41643900,17441160,0,95,95,true,0
11762,0,0,24202740,41649000,17446260,0,0,102,false,0
11763,0,0,24202740,41653900,17451160,0,0,98,false,0
11764,0,0,24202740,41659050,17456310,0,13,116,false,0
11765,0,0,24202740,41663750,17461010,0,0,94,false,0
11766,0,0,24202740,41668800,17466060,0,0,101,false,0
11767,0,0,24202740,41668800,17466060,0,91,91,true,0
11768,0,0,24202740,41673350,17470610,0,0,91,false,0
11769,0,0,24202740,41678500,17475760,0,21,124,false,0
11770,0,0,24202740,41683300,17480560,0,0,96,false,0
11771,0,0,24202740,41688000,17485260,0,0,94,false,0
11772,0,0,24202740,41688000,17485260,0,90,90,true,0
11773,0,0,24202740,41693150,17490410,0,3,106,false,0
11774,0,0,24202740,41697900,17495160,0,0,95,false,0
11775,0,0,24202740,41703050,17500310,0,0,103,false,0
11776,0,0,24202740,41708000,17505260,0,0,99,false,0
11777,0,0,24202740,41712750,17510010,0,0,95,false,0
11778,0,0,24202740,41717900,17515160,0,14,117,false,0
11779,0,0,24202740,41723050,17520310,0,5,108,false,0
11780,0,0,24202740,41728000,17525260,0,0,99,false,0
11781,0,0,24202740,41733150,17530410,0,6,109,false,0
11782,0,0,24202740,41737450,17534710,0,0,86,false,0
11783,0,0,24202740,41742600,17539860,0,3,106,false,0
11784,0,0,24202740,41747400,17544660,0,0,96,false,0
11785,0,0,24202740,41752200,17549460,0,0,96,false,0
11786,0,0,24202740,41757200,17554460,0,0,100,false,0
11787,0,0,24202740,41762350,17559610,0,4,107,false,0
11788,0,0,24202740,41767150,17564410,0,0,96,false,0
11789,0,0,24202740,41767150,17564410,0,99,99,true,0
11790,0,0,24202740,41767150,17564410,0,94,94,true,0
11791,0,0,24202740,41772300,17569560,0,4,107,false,0
11792,0,0,24202740,41777450,17574710,0,2,105,false,0
11793,0,0,24202740,41782000,17579260,0,0,91,false,0
11794,0,0,24202740,41787150,17584410,0,26,129,false,0
11795,0,0,24202740,41787150,17584410,0,113,113,true,0
11796,0,0,24202740,41787150,17584410,0,111,111,true,0
11797,0,0,24202740,41787150,17584410,0,96,96,true,0
11798,0,0,24202740,41792300,17589560,0,12,115,false,0
11799,0,0,24202740,41796950,17594210,0,0,93,false,0
11800,0,0,24202740,41802100,17599360,0,0,103,false,0
11801,0,0,24202740,41802100,17599360,0,93,93,true,0
11802,0,0,24202740,41802100,17599360,0,104,104,true,0
11803,0,0,24202740,41802100,17599360,0,106,106,true,0
11804,0,0,24309360,41802100,17492740,0,91,91,true,0
11805,0,0,24309360,41802100,17492740,0,86,86,true,0
11806,0,0,24309360,41802100,17492740,0,104,104,true,0
11807,0,0,24309360,41807150,17497790,0,0,101,false,0
11808,0,0,24309360,41811600,17502240,0,0,89,false,0
11809,0,0,24309360,41811600,17502240,0,83,83,true,0
11810,0,0,24309360,41811600,17502240,0,107,107,true,0
11811,0,0,24309360,41816750,17507390,0,1,104,false,0
11812,0,0,24309360,41821150,17511790,0,0,88,false,0
11813,0,0,24309360,41826300,17516940,0,1,104,false,0
11814,0,0,24309360,41831050,17521690,0,0,95,false,0
11815,0,0,24309360,41836200,17526840,0,7,110,false,0
11816,0,0,24309360,41840550,17531190,0,0,87,false,0
11817,0,0,24309360,41845700,17536340,0,15,118,false,0
11818,0,0,24309360,41850850,17541490,0,15,118,false,0
11819,0,0,24309360,41850850,17541490,0,90,90,true,0
11820,0,0,24309360,41850850,17541490,0,108,108,true,0
11821,0,0,24309360,41855300,17545940,0,0,89,false,0
11822,0,0,24309360,41859950,17550590,0,0,93,false,0
11823,0,0,24309360,41865100,17555740,0,8,111,false,0
11824,0,0,24309360,41870250,17560890,0,3,106,false,0
11825,0,0,24309360,41875400,17566040,0,5,108,false,0
11826,0,0,24309360,41880550,17571190,0,3,106,false,0
11827,0,0,24309360,41885700,17576340,0,7,110,false,0
11828,0,0,24309360,41885700,17576340,0,95,95,true,0
11829,0,0,24309360,41890100,17580740,0,0,88,false,0
11830,0,0,24309360,41895250,17585890,0,5,108,false,0
11831,0,0,24309360,41900400,17591040,0,6,109,false,0
11832,0,0,24309360,41905100,17595740,0,0,94,false,0
11833,0,0,24309360,41910250,17600890,0,5,108,false,0
11834,0,0,24309360,41915200,17605840,0,0,99,false,0
11835,0,0,24309360,41920350,17610990,0,13,116,false,0
11836,0,0,24309360,41925250,17615890,0,0,98,false,0
11837,0,0,24309360,41925250,17615890,0,99,99,true,0
11838,0,0,24309360,41925250,17615890,0,99,99,true,0
11839,0,0,24309360,41930050,17620690,0,0,96,false,0
11840,0,0,24309360,41934900,17625540,0,0,97,false,0
11841,0,0,24309360,41939700,17630340,0,0,96,false,0
11842,0,0,24309360,41939700,17630340,0,109,109,true,0
11843,0,0,24309360,41939700,17630340,0,77,77,true,0
11844,0,0,24309360,41944850,17635490,0,4,107,false,0
11845,0,0,24309360,41949300,17639940,0,0,89,false,0
11846,0,0,24309360,41954450,17645090,0,1,104,false,0
11847,0,0,24309360,41959100,17649740,0,0,93,false,0
11848,0,0,24309360,41963350,17653990,0,0,85,false,0
11849,0,0,24309360,41968500,17659140,0,3,106,false,0
11850,0,0,24309360,41973050,17663690,0,0,91,false,0
11851,0,0,24309360,41977600,17668240,0,0,91,false,0
11852,0,0,24309360,41982750,17673390,0,3,106,false,0
11853,0,0,24309360,41987900,17678540,0,7,110,false,0
11854,0,0,24309360,41987900,17678540,0,95,95,true,0
11855,0,0,24309360,41987900,17678540,0,110,110,true,0
11856,0,0,24415980,41987900,17571920,0,115,115,true,0
11857,0,0,24415980,41993050,17577070,0,1,104,false,0
11858,0,0,24415980,41998200,17582220,0,17,120,false,0
11859,0,0,24415980,42003350,17587370,0,0,103,false,0
11860,0,0,24415980,42003350,17587370,0,115,115,true,0
11861,0,0,24415980,42008250,17592270,0,0,98,false,0
11862,0,0,24415980,42013300,17597320,0,0,101,false,0
11863,0,0,24415980,42018250,17602270,0,0,99,false,0
11864,0,0,24415980,42023400,17607420,0,1,104,false,0
11865,0,0,24415980,42023400,17607420,0,93,93,true,0
11866,0,0,24415980,42023400,17607420,0,71,71,true,0
11867,0,0,24415980,42028400,17612420,0,0,100,false,0
11868,0,0,24415980,42033550,17617570,0,3,106,false,0
11869,0,0,24415980,42038500,17622520,0,0,99,false,0
11870,0,0,24415980,42038500,17622520,0,114,114,true,0
11871,0,0,24415980,42043550,17627570,0,0,101,false,0
11872,0,0,24415980,42048300,17632320,0,0,95,false,0
11873,0,0,24415980,42053450,17637470,0,2,105,false,0
11874,0,0,24415980,42058250,17642270,0,0,96,false,0
11875,0,0,24415980,42063350,17647370,0,0,102,false,0
11876,0,0,24415980,42063350,17647370,0,98,98,true,0
11877,0,0,24415980,42068100,17652120,0,0,95,false,0
11878,0,0,24415980,42073250,17657270,0,17,120,false,0
11879,0,0,24415980,42078150,17662170,0,0,98,false,0
11880,0,0,24415980,42078150,17662170,0,98,98,true,0
11881,0,0,24415980,42083050,17667070,0,0,98,false,0
11882,0,0,24415980,42087300,17671320,0,0,85,false,0
11883,0,0,24415980,42087300,17671320,0,99,99,true,0
11884,0,0,24415980,42087300,17671320,0,113,113,true,0
11885,0,0,24415980,42091850,17675870,0,0,91,false,0
11886,0,0,24415980,42097000,17681020,0,20,123,false,0
11887,0,0,24415980,42101750,17685770,0,0,95,false,0
11888,0,0,24415980,42101750,17685770,0,95,95,true,0
11889,0,0,24415980,42101750,17685770,0,109,109,true,0
11890,0,0,24415980,42101750,17685770,0,107,107,true,0
11891,0,0,24415980,42101750,17685770,0,114,114,true,0
11892,0,0,24415980,42101750,17685770,0,86,86,true,0
11893,0,0,24415980,42106250,17690270,0,0,90,false,0
11894,0,0,24415980,42110500,17694520,0,0,85,false,0
11895,0,0,24415980,42110500,17694520,0,115,115,true,0
11896,0,0,24415980,42115350,17699370,0,0,97,false,0
11897,0,0,24415980,42120500,17704520,0,0,103,false,0
11898,0,0,24415980,42125650,17709670,0,23,126,false,0
11899,0,0,24415980,42130700,17714720,0,0,101,false,0
11900,0,0,24415980,42135850,17719870,0,5,108,false,0
11901,0,0,24415980,42135850,17719870,0,111,111,true,0
11902,0,0,24415980,42140400,17724420,0,0,91,false,0
11903,0,0,24415980,42145550,17729570,0,11,114,false,0
11904,0,0,24415980,42150650,17734670,0,0,102,false,0
11905,0,0,24415980,42155250,17739270,0,0,92,false,0
11906,0,0,24415980,42160400,17744420,0,8,111,false,0
11907,0,0,24415980,42165550,17749570,0,14,117,false,0
11908,0,0,24522600,42170550,17647950,0,0,100,false,0
11909,0,0,24522600,42175600,17653000,0,0,101,false,0
11910,0,0,24522600,42180750,17658150,0,3,106,false,0
11911,0,0,24522600,42185900,17663300,0,11,114,false,0
11912,0,0,24522600,42190650,17668050,0,0,95,false,0
11913,0,0,24522600,42195300,17672700,0,0,93,false,0
11914,0,0,24522600,42200400,17677800,0,0,102,false,0
11915,0,0,24522600,42205550,17682950,0,11,114,false,0
11916,0,0,24522600,42210450,17687850,0,0,98,false,0
11917,0,0,24522600,42214700,17692100,0,0,85,false,0
11918,0,0,24522600,42219850,17697250,0,11,114,false,0
11919,0,0,24522600,42224250,17701650,0,0,88,false,0
11920,0,0,24522600,42228950,17706350,0,0,94,false,0
11921,0,0,24522600,42234100,17711500,0,1,104,false,0
11922,0,0,24522600,42238450,17715850,0,0,87,false,0
11923,0,0,24522600,42243600,17721000,0,2,105,false,0
11924,0,0,24522600,42248450,17725850,0,0,97,false,0
11925,0,0,24522600,42253400,17730800,0,0,99,false,0
11926,0,0,24522600,42253400,17730800,0,93,93,true,0
11927,0,0,24522600,42258050,17735450,0,0,93,false,0
11928,0,0,24522600,42262400,17739800,0,0,87,false,0
11929,0,0,24522600,42262400,17739800,0,106,106,true,0
11930,0,0,24522600,42262400,17739800,0,106,106,true,0
11931,0,0,24522600,42267250,17744650,0,0,97,false,0
11932,0,0,24522600,42272250,17749650,0,0,100,false,0
11933,0,0,24522600,42276250,17753650,0,0,80,false,0
11934,0,0,24522600,42281300,17758700,0,0,101,false,0
11935,0,0,24522600,42286350,17763750,0,0,101,false,0
11936,0,0,24522600,42286350,17763750,0,100,100,true,0
11937,0,0,24522600,42290600,17768000,0,0,85,false,0
11938,0,0,24522600,42295600,17773000,0,0,100,false,0
11939,0,0,24522600,42299900,17777300,0,0,86,false,0
11940,0,0,24522600,42305050,17782450,0,5,108,false,0
11941,0,0,24522600,42310200,17787600,0,5,108,false,0
11942,0,0,24522600,42314900,17792300,0,0,94,false,0
11943,0,0,24522600,42319850,17797250,0,0,99,false,0
11944,0,0,24522600,42319850,17797250,0,91,91,true,0
11945,0,0,24522600,42319850,17797250,0,70,70,true,0
11946,0,0,24522600,42319850,17797250,0,95,95,true,0
11947,0,0,24522600,42325000,17802400,0,15,118,false,0
11948,0,0,24522600,42330150,17807550,0,13,116,false,0
11949,0,0,24522600,42335300,17812700,0,6,109,false,0
11950,0,0,24522600,42340300,17817700,0,0,100,false,0
11951,0,0,24522600,42345250,17822650,0,0,99,false,0
11952,0,0,24522600,42345250,17822650,0,100,100,true,0
11953,0,0,24522600,42345250,17822650,0,102,102,true,0
11954,0,0,24522600,42350400,17827800,0,2,105,false,0
11955,0,0,24522600,42355200,17832600,0,0,96,false,0
11956,0,0,24522600,42359800,17837200,0,0,92,false,0
11957,0,0,24522600,42363950,17841350,0,0,83,false,0
11958,0,0,24522600,42369000,17846400,0,0,101,false,0
11959,0,0,24522600,42374100,17851500,0,0,102,false,0
11960,0,0,24629220,42374100,17744880,0,105,105,true,0
11961,0,0,24629220,42374100,17744880,0,112,112,true,0
11962,0,0,24629220,42378900,17749680,0,0,96,false,0
11963,0,0,24629220,42383850,17754630,0,0,99,false,0
11964,0,0,24629220,42389000,17759780,0,4,107,false,0
11965,0,0,24629220,42393750,17764530,0,0,95,false,0
11966,0,0,24629220,42393750,17764530,0,99,99,true,0
11967,0,0,24629220,42393750,17764530,0,89,89,true,0
11968,0,0,24629220,42397950,17768730,0,0,84,false,0
11969,0,0,24629220,42402750,17773530,0,0,96,false,0
11970,0,0,24629220,42402750,17773530,0,112,112,true,0
11971,0,0,24629220,42407400,17778180,0,0,93,false,0
11972,0,0,24629220,42412550,17783330,0,10,113,false,0
11973,0,0,24629220,42416950,17787730,0,0,88,false,0
11974,0,0,24629220,42421500,17792280,0,0,91,false,0
11975,0,0,24629220,42425450,17796230,0,0,79,false,0
11976,0,0,24629220,42430350,17801130,0,0,98,false,0
11977,0,0,24629220,42435000,17805780,0,0,93,false,0
11978,0,0,24629220,42439550,17810330,0,0,91,false,0
11979,0,0,24629220,42443600,17814380,0,0,81,false,0
11980,0,0,24629220,42448750,17819530,0,0,103,false,0
11981,0,0,24629220,42448750,17819530,0,105,105,true,0
11982,0,0,24629220,42453900,17824680,0,6,109,false,0
11983,0,0,24629220,42459050,17829830,0,1,104,false,0
11984,0,0,24629220,42463400,17834180,0,0,87,false,0
11985,0,0,24629220,42467800,17838580,0,0,88,false,0
11986,0,0,24629220,42472350,17843130,0,0,91,false,0
11987,0,0,24629220,42472350,17843130,0,91,91,true,0
11988,0,0,24629220,42476650,17847430,0,0,86,false,0
11989,0,0,24629220,42481450,17852230,0,0,96,false,0
11990,0,0,24629220,42486600,17857380,0,4,107,false,0
11991,0,0,24629220,42491750,17862530,0,2,105,false,0
11992,0,0,24629220,42491750,17862530,0,110,110,true,0
11993,0,0,24629220,42496900,17867680,0,11,114,false,0
11994,0,0,24629220,42501400,17872180,0,0,90,false,0
11995,0,0,24629220,42506500,17877280,0,0,102,false,0
11996,0,0,24629220,42511250,17882030,0,0,95,false,0
11997,0,0,24629220,42516100,17886880,0,0,97,false,0
11998,0,0,24629220,42521000,17891780,0,0,98,false,0
11999,0,0,24629220,42526000,17896780,0,0,100,false,0
12000,0,0,24629220,42526000,17896780,0,99,99,true,0
12001,0,0,24629220,42526000,17896780,0,100,100,true,0
12002,0,0,24629220,42526000,17896780,0,97,97,true,0
12003,0,0,24629220,42531050,17901830,0,0,101,false,0
12004,0,0,24629220,42535250,17906030,0,0,84,false,0
12005,0,0,24629220,42540200,17910980,0,0,99,false,0
12006,0,0,24629220,42544700,17915480,0,0,90,false,0
12007,0,0,24629220,42549700,17920480,0,0,100,false,0
12008,0,0,24629220,42554850,17925630,0,3,106,false,0
12009,0,0,24629220,42559650,17930430,0,0,96,false,0
12010,0,0,24629220,42564800,17935580,0,13,116,false,0
12011,0,0,24629220,42568850,17939630,0,0,81,false,0
12012,0,0,24735840,42574000,17838160,0,0,103,false,0
12013,0,0,24735840,42579150,17843310,0,1,104,false,0
12014,0,0,24735840,42584050,17848210,0,0,98,false,0
12015,0,0,24735840,42588900,17853060,0,0,97,false,0
12016,0,0,24735840,42594050,17858210,0,6,109,false,0
12017,0,0,24735840,42599200,17863360,0,8,111,false,0
12018,0,0,24735840,42604050,17868210,0,0,97,false,0
12019,0,0,24735840,42604050,17868210,0,95,95,true,0
12020,0,0,24735840,42609200,17873360,0,1,104,false,0
12021,0,0,24735840,42614050,17878210,0,0,97,false,0
12022,0,0,24735840,42619200,17883360,0,3,106,false,0
12023,0,0,24735840,42623800,17887960,0,0,92,false,0
12024,0,0,24735840,42623800,17887960,0,104,104,true,0
12025,0,0,24735840,42623800,17887960,0,99,99,true,0
12026,0,0,24735840,42623800,17887960,0,102,102,true,0
12027,0,0,24735840,42623800,17887960,0,112,112,true,0
12028,0,0,24735840,42623800,17887960,0,93,93,true,0
12029,0,0,24735840,42628400,17892560,0,0,92,false,0
12030,0,0,24735840,42633550,17897710,0,6,109,false,0
12031,0,0,24735840,42638250,17902410,0,0,94,false,0
12032,0,0,24735840,42642950,17907110,0,0,94,false,0
12033,0,0,24735840,42647000,17911160,0,0,81,false,0
12034,0,0,24735840,42647000,17911160,0,91,91,true,0
12035,0,0,24735840,42652150,17916310,0,14,117,false,0
12036,0,0,24735840,42656650,17920810,0,0,90,false,0
12037,0,0,24735840,42661700,17925860,0,0,101,false,0
12038,0,0,24735840,42666850,17931010,0,10,113,false,0
12039,0,0,24735840,42671450,17935610,0,0,92,false,0
12040,0,0,24735840,42676350,17940510,0,0,98,false,0
12041,0,0,24735840,42681250,17945410,0,0,98,false,0
12042,0,0,24735840,42685850,17950010,0,0,92,false,0
12043,0,0,24735840,42685850,17950010,0,97,97,true,0
12044,0,0,24735840,42685850,17950010,0,105,105,true,0
12045,0,0,24735840,42685850,17950010,0,99,99,true,0
12046,0,0,24735840,42685850,17950010,0,109,109,true,0
12047,0,0,24735840,42690200,17954360,0,0,87,false,0
12048,0,0,24735840,42695350,17959510,0,7,110,false,0
12049,0,0,24735840,42700500,17964660,0,17,120,false,0
12050,0,0,24735840,42705050,17969210,0,0,91,false,0
12051,0,0,24735840,42709000,17973160,0,0,79,false,0
12052,0,0,24735840,42714150,17978310,0,6,109,false,0
12053,0,0,24735840,42718900,17983060,0,0,95,false,0
12054,0,0,24735840,42724050,17988210,0,9,112,false,0
12055,0,0,24735840,42724050,17988210,0,96,96,true,0
12056,0,0,24735840,42724050,17988210,0,109,109,true,0
12057,0,0,24735840,42724050,17988210,0,100,100,true,0
12058,0,0,24735840,42724050,17988210,0,84,84,true,0
12059,0,0,24735840,42724050,17988210,0,100,100,true,0
12060,0,0,24735840,42724050,17988210,0,114,114,true,0
12061,0,0,24735840,42728950,17993110,0,0,98,false,0
12062,0,0,24735840,42734100,17998260,0,3,106,false,0
12063,0,0,24735840,42734100,17998260,0,106,106,true,0
12064,0,0,24842460,42738800,17896340,0,0,94,false,0
12065,0,0,24842460,42743950,17901490,0,3,106,false,0
12066,0,0,24842460,42743950,17901490,0,97,97,true,0
12067,0,0,24842460,42748650,17906190,0,0,94,false,0
12068,0,0,24842460,42753300,17910840,0,0,93,false,0
12069,0,0,24842460,42758300,17915840,0,0,100,false,0
12070,0,0,24842460,42763400,17920940,0,0,102,false,0
12071,0,0,24842460,42768550,17926090,0,4,107,false,0
12072,0,0,24842460,42773700,17931240,0,7,110,false,0
12073,0,0,24842460,42778850,17936390,0,19,122,false,0
12074,0,0,24842460,42778850,17936390,0,94,94,true,0
12075,0,0,24842460,42778850,17936390,0,102,102,true,0
12076,0,0,24842460,42778850,17936390,0,115,115,true,0
12077,0,0,24842460,42778850,17936390,0,108,108,true,0
12078,0,0,24842460,42784000,17941540,0,2,105,false,0
12079,0,0,24842460,42788300,17945840,0,0,86,false,0
12080,0,0,24842460,42788300,17945840,0,98,98,true,0
12081,0,0,24842460,42788300,17945840,0,84,84,true,0
12082,0,0,24842460,42793450,17950990,0,17,120,false,0
12083,0,0,24842460,42798600,17956140,0,3,106,false,0
12084,0,0,24842460,42803750,17961290,0,9,112,false,0
12085,0,0,24842460,42808900,17966440,0,2,105,false,0
12086,0,0,24842460,42814050,17971590,0,0,103,false,0
12087,0,0,24842460,42818900,17976440,0,0,97,false,0
12088,0,0,24842460,42824000,17981540,0,0,102,false,0
12089,0,0,24842460,42824000,17981540,0,99,99,true,0
12090,0,0,24842460,42829150,17986690,0,6,109,false,0
12091,0,0,24842460,42833000,17990540,0,0,77,false,0
12092,0,0,24842460,42838150,17995690,0,2,105,false,0
12093,0,0,24842460,42843300,18000840,0,16,119,false,0
12094,0,0,24842460,42848400,18005940,0,0,102,false,0
12095,0,0,24842460,42848400,18005940,0,126,126,true,0
12096,0,0,24842460,42848400,18005940,0,92,92,true,0
12097,0,0,24842460,42848400,18005940,0,84,84,true,0
12098,0,0,24842460,42848400,18005940,0,77,77,true,0
12099,0,0,24842460,42848400,18005940,0,103,103,true,0
12100,0,0,24842460,42848400,18005940,0,109,109,true,0
12101,0,0,24842460,42848400,18005940,0,93,93,true,0
12102,0,0,24842460,42853500,18011040,0,0,102,false,0
12103,0,0,24842460,42858650,18016190,0,9,112,false,0
12104,0,0,24842460,42858650,18016190,0,112,112,true,0
12105,0,0,24842460,42858650,18016190,0,90,90,true,0
12106,0,0,24842460,42862600,18020140,0,0,79,false,0
12107,0,0,24842460,42867700,18025240,0,0,102,false,0
12108,0,0,24842460,42871650,18029190,0,0,79,false,0
12109,0,0,24842460,42875650,18033190,0,0,80,false,0
12110,0,0,24842460,42880650,18038190,0,0,100,false,0
12111,0,0,24842460,42884800,18042340,0,0,83,false,0
12112,0,0,24842460,42889950,18047490,0,0,103,false,0
12113,0,0,24842460,42894600,18052140,0,0,93,false,0
12114,0,0,24842460,42899750,18057290,0,3,106,false,0
12115,0,0,24842460,42903800,18061340,0,0,81,false,0
12116,0,0,24949080,42908750,17959670,0,0,99,false,0
12117,0,0,24949080,42913900,17964820,0,5,108,false,0
12118,0,0,24949080,42913900,17964820,0,104,104,true,0
12119,0,0,24949080,42913900,17964820,0,110,110,true,0
12120,0,0,24949080,42918100,17969020,0,0,84,false,0
12121,0,0,24949080,42922950,17973870,0,0,97,false,0
12122,0,0,24949080,42928100,17979020,0,2,105,false,0
12123,0,0,24949080,42928100,17979020,0,100,100,true,0
12124,0,0,24949080,42928100,17979020,0,96,96,true,0
12125,0,0,24949080,42928100,17979020,0,114,114,true,0
12126,0,0,24949080,42933250,17984170,0,7,110,false,0
12127,0,0,24949080,42937800,17988720,0,0,91,false,0
12128,0,0,24949080,42942950,17993870,0,1,104,false,0
12129,0,0,24949080,42947650,17998570,0,0,94,false,0
12130,0,0,24949080,42952800,18003720,0,6,109,false,0
12131,0,0,24949080,42957550,18008470,0,0,95,false,0
12132,0,0,24949080,42961950,18012870,0,0,88,false,0
12133,0,0,24949080,42961950,18012870,0,114,114,true,0
12134,0,0,24949080,42966550,18017470,0,0,92,false,0
12135,0,0,24949080,42971200,18022120,0,0,93,false,0
12136,0,0,24949080,42975100,18026020,0,0,78,false,0
12137,0,0,24949080,42980250,18031170,0,7,110,false,0
12138,0,0,24949080,42984600,18035520,0,0,87,false,0
12139,0,0,24949080,42984600,18035520,0,107,107,true,0
12140,0,0,24949080,42984600,18035520,0,116,116,true,0
12141,0,0,24949080,42989250,18040170,0,0,93,false,0
12142,0,0,24949080,42994400,18045320,0,7,110,false,0
12143,0,0,24949080,42998950,18049870,0,0,91,false,0
12144,0,0,24949080,42998950,18049870,0,87,87,true,0
12145,0,0,24949080,42998950,18049870,0,103,103,true,0
12146,0,0,24949080,43003900,18054820,0,0,99,false,0
12147,0,0,24949080,43008700,18059620,0,0,96,false,0
12148,0,0,24949080,43008700,18059620,0,127,127,true,0
12149,0,0,24949080,43008700,18059620,0,135,135,true,0
12150,0,0,24949080,43008700,18059620,0,106,106,true,0
12151,0,0,24949080,43008700,18059620,0,90,90,true,0
12152,0,0,24949080,43008700,18059620,0,91,91,true,0
12153,0,0,24949080,43008700,18059620,0,91,91,true,0
12154,0,0,24949080,43013250,18064170,0,0,91,false,0
12155,0,0,24949080,43018400,18069320,0,3,106,false,0
12156,0,0,24949080,43023500,18074420,0,0,102,false,0
12157,0,0,24949080,43028300,18079220,0,0,96,false,0
12158,0,0,24949080,43032550,18083470,0,0,85,false,0
12159,0,0,24949080,43037700,18088620,0,0,103,false,0
12160,0,0,24949080,43042200,18093120,0,0,90,false,0
12161,0,0,24949080,43046800,18097720,0,0,92,false,0
12162,0,0,24949080,43051950,18102870,0,10,113,false,0
12163,0,0,24949080,43057100,18108020,0,10,113,false,0
12164,0,0,24949080,43061700,18112620,0,0,92,false,0
12165,0,0,24949080,43066500,18117420,0,0,96,false,0
12166,0,0,24949080,43071450,18122370,0,0,99,false,0
12167,0,0,24949080,43075550,18126470,0,0,82,false,0
12168,0,0,25055700,43080700,18025000,0,5,108,false,0
12169,0,0,25055700,43080700,18025000,0,99,99,true,0
12170,0,0,25055700,43085850,18030150,0,13,116,false,0
12171,0,0,25055700,43090900,18035200,0,0,101,false,0
12172,0,0,25055700,43095350,18039650,0,0,89,false,0
12173,0,0,25055700,43100150,18044450,0,0,96,false,0
12174,0,0,25055700,43104650,18048950,0,0,90,false,0
12175,0,0,25055700,43109400,18053700,0,0,95,false,0
12176,0,0,25055700,43114200,18058500,0,0,96,false,0
12177,0,0,25055700,43119000,18063300,0,0,96,false,0
12178,0,0,25055700,43119000,18063300,0,86,86,true,0
12179,0,0,25055700,43119000,18063300,0,112,112,true,0
12180,0,0,25055700,43124050,18068350,0,0,101,false,0
12181,0,0,25055700,43128500,18072800,0,0,89,false,0
12182,0,0,25055700,43133650,18077950,0,10,113,false,0
12183,0,0,25055700,43133650,18077950,0,82,82,true,0
12184,0,0,25055700,43133650,18077950,0,94,94,true,0
12185,0,0,25055700,43138100,18082400,0,0,89,false,0
12186,0,0,25055700,43143250,18087550,0,2,105,false,0
12187,0,0,25055700,43148400,18092700,0,9,112,false,0
12188,0,0,25055700,43153100,18097400,0,0,94,false,0
12189,0,0,25055700,43158250,18102550,0,0,103,false,0
12190,0,0,25055700,43163200,18107500,0,0,99,false,0
12191,0,0,25055700,43167800,18112100,0,0,92,false,0
12192,0,0,25055700,43172750,18117050,0,0,99,false,0
12193,0,0,25055700,43177850,18122150,0,0,102,false,0
12194,0,0,25055700,43183000,18127300,0,13,116,false,0
12195,0,0,25055700,43188150,18132450,0,3,106,false,0
12196,0,0,25055700,43193300,18137600,0,0,103,false,0
12197,0,0,25055700,43198450,18142750,0,0,103,false,0
12198,0,0,25055700,43203000,18147300,0,0,91,false,0
12199,0,0,25055700,43203000,18147300,0,96,96,true,0
12200,0,0,25055700,43208150,18152450,0,2,105,false,0
12201,0,0,25055700,43212650,18156950,0,0,90,false,0
12202,0,0,25055700,43212650,18156950,0,93,93,true,0
12203,0,0,25055700,43212650,18156950,0,110,110,true,0
12204,0,0,25055700,43217000,18161300,0,0,87,false,0
12205,0,0,25055700,43222150,18166450,0,5,108,false,0
12206,0,0,25055700,43222150,18166450,0,115,115,true,0
12207,0,0,25055700,43222150,18166450,0,92,92,true,0
12208,0,0,25055700,43222150,18166450,0,93,93,true,0
12209,0,0,25055700,43222150,18166450,0,78,78,true,0
12210,0,0,25055700,43222150,18166450,0,87,87,true,0
12211,0,0,25055700,43222150,18166450,0,99,99,true,0
12212,0,0,25055700,43226950,18171250,0,0,96,false,0
12213,0,0,25055700,43231350,18175650,0,0,88,false,0
12214,0,0,25055700,43236000,18180300,0,0,93,false,0
12215,0,0,25055700,43241150,18185450,0,7,110,false,0
12216,0,0,25055700,43246300,18190600,0,1,104,false,0
12217,0,0,25055700,43246300,18190600,0,95,95,true,0
12218,0,0,25055700,43246300,18190600,0,103,103,true,0
12219,0,0,25055700,43251150,18195450,0,0,97,false,0
12220,0,0,25162320,43255900,18093580,0,0,95,false,0
12221,0,0,25162320,43255900,18093580,0,89,89,true,0
12222,0,0,25162320,43255900,18093580,0,93,93,true,0
12223,0,0,25162320,43255900,18093580,0,95,95,true,0
12224,0,0,25162320,43255900,18093580,0,87,87,true,0
12225,0,0,25162320,43255900,18093580,0,100,100,true,0
12226,0,0,25162320,43255900,18093580,0,99,99,true,0
12227,0,0,25162320,43255900,18093580,0,93,93,true,0
12228,0,0,25162320,43255900,18093580,0,109,109,true,0
12229,0,0,25162320,43255900,18093580,0,103,103,true,0
12230,0,0,25162320,43255900,18093580,0,103,103,true,0
12231,0,0,25162320,43255900,18093580,0,108,108,true,0
12232,0,0,25162320,43255900,18093580,0,98,98,true,0
12233,0,0,25162320,43255900,18093580,0,92,92,true,0
12234,0,0,25162320,43255900,18093580,0,112,112,true,0
12235,0,0,25162320,43261050,18098730,0,15,118,false,0
12236,0,0,25162320,43265800,18103480,0,0,95,false,0
12237,0,0,25162320,43270800,18108480,0,0,100,false,0
12238,0,0,25162320,43275950,18113630,0,13,116,false,0
12239,0,0,25162320,43281100,18118780,0,8,111,false,0
12240,0,0,25162320,43281100,18118780,0,85,85,true,0
12241,0,0,25162320,43281100,18118780,0,92,92,true,0
12242,0,0,25162320,43281100,18118780,0,92,92,true,0
12243,0,0,25162320,43285750,18123430,0,0,93,false,0
12244,0,0,25162320,43290900,18128580,0,0,103,false,0
12245,0,0,25162320,43296050,18133730,0,18,121,false,0
12246,0,0,25162320,43300400,18138080,0,0,87,false,0
12247,0,0,25162320,43300400,18138080,0,69,69,true,0
12248,0,0,25162320,43300400,18138080,0,100,100,true,0
12249,0,0,25162320,43304750,18142430,0,0,87,false,0
12250,0,0,25162320,43309350,18147030,0,0,92,false,0
12251,0,0,25162320,43314100,18151780,0,0,95,false,0
12252,0,0,25162320,43318950,18156630,0,0,97,false,0
12253,0,0,25162320,43323900,18161580,0,0,99,false,0
12254,0,0,25162320,43323900,18161580,0,103,103,true,0
12255,0,0,25162320,43327650,18165330,0,0,75,false,0
12256,0,0,25162320,43332800,18170480,0,10,113,false,0
12257,0,0,25162320,43337900,18175580,0,0,102,false,0
12258,0,0,25162320,43343050,18180730,0,5,108,false,0
12259,0,0,25162320,43348200,18185880,0,17,120,false,0
12260,0,0,25162320,43353350,18191030,0,5,108,false,0
12261,0,0,25162320,43353350,18191030,0,98,98,true,0
12262,0,0,25162320,43358450,18196130,0,0,102,false,0
12263,0,0,25162320,43363600,18201280,0,34,137,false,0
12264,0,0,25162320,43368350,18206030,0,0,95,false,0
12265,0,0,25162320,43373500,18211180,0,8,111,false,0
12266,0,0,25162320,43378650,18216330,0,9,112,false,0
12267,0,0,25162320,43383800,18221480,0,9,112,false,0
12268,0,0,25162320,43388950,18226630,0,1,104,false,0
12269,0,0,25162320,43394100,18231780,0,6,109,false,0
12270,0,0,25162320,43398600,18236280,0,0,90,false,0
12271,0,0,25162320,43403750,18241430,0,15,118,false,0
12272,0,0,25268940,43408900,18139960,0,10,113,false,0
12273,0,0,25268940,43413650,18144710,0,0,95,false,0
12274,0,0,25268940,43418600,18149660,0,0,99,false,0
12275,0,0,25268940,43418600,18149660,0,108,108,true,0
12276,0,0,25268940,43418600,18149660,0,100,100,true,0
12277,0,0,25268940,43418600,18149660,0,110,110,true,0
12278,0,0,25268940,43423650,18154710,0,0,101,false,0
12279,0,0,25268940,43428800,18159860,0,6,109,false,0
12280,0,0,25268940,43433950,18165010,0,0,103,false,0
12281,0,0,25268940,43439100,18170160,0,5,108,false,0
12282,0,0,25268940,43443900,18174960,0,0,96,false,0
12283,0,0,25268940,43448950,18180010,0,0,101,false,0
12284,0,0,25268940,43454100,18185160,0,2,105,false,0
12285,0,0,25268940,43458350,18189410,0,0,85,false,0
12286,0,0,25268940,43463500,18194560,0,5,108,false,0
12287,0,0,25268940,43468650,18199710,0,6,109,false,0
12288,0,0,25268940,43473800,18204860,0,10,113,false,0
12289,0,0,25268940,43478950,18210010,0,2,105,false,0
12290,0,0,25268940,43483850,18214910,0,0,98,false,0
12291,0,0,25268940,43488950,18220010,0,0,102,false,0
12292,0,0,25268940,43488950,18220010,0,111,111,true,0
12293,0,0,25268940,43488950,18220010,0,91,91,true,0
12294,0,0,25268940,43488950,18220010,0,101,101,true,0
12295,0,0,25268940,43488950,18220010,0,102,102,true,0
12296,0,0,25268940,43493700,18224760,0,0,95,false,0
12297,0,0,25268940,43498850,18229910,0,4,107,false,0
12298,0,0,25268940,43503550,18234610,0,0,94,false,0
12299,0,0,25268940,43508550,18239610,0,0,100,false,0
12300,0,0,25268940,43513700,18244760,0,15,118,false,0
12301,0,0,25268940,43518650,18249710,0,0,99,false,0
12302,0,0,25268940,43522850,18253910,0,0,84,false,0
12303,0,0,25268940,43527350,18258410,0,0,90,false,0
12304,0,0,25268940,43532100,18263160,0,0,95,false,0
12305,0,0,25268940,43537150,18268210,0,0,101,false,0
12306,0,0,25268940,43542050,18273110,0,0,98,false,0
12307,0,0,25268940,43542050,18273110,0,109,109,true,0
12308,0,0,25268940,43546400,18277460,0,0,87,false,0
12309,0,0,25268940,43551200,18282260,0,0,96,false,0
12310,0,0,25268940,43551200,18282260,0,92,92,true,0
12311,0,0,25268940,43555400,18286460,0,0,84,false,0
12312,0,0,25268940,43559900,18290960,0,0,90,false,0
12313,0,0,25268940,43565050,18296110,0,0,103,false,0
12314,0,0,25268940,43570200,18301260,0,0,103,false,0
12315,0,0,25268940,43575350,18306410,0,1,104,false,0
12316,0,0,25268940,43580500,18311560,0,2,105,false,0
12317,0,0,25268940,43585400,18316460,0,0,98,false,0
12318,0,0,25268940,43585400,18316460,0,118,118,true,0
12319,0,0,25268940,43590550,18321610,0,10,113,false,0
12320,0,0,25268940,43595000,18326060,0,0,89,false,0
12321,0,0,25268940,43600150,18331210,0,1,104,false,0
12322,0,0,25268940,43605300,18336360,0,3,106,false,0
12323,0,0,25268940,43609950,18341010,0,0,93,false,0
12324,0,0,25375560,43614050,18238490,0,0,82,false,0
12325,0,0,25375560,43619200,18243640,0,6,109,false,0
12326,0,0,25375560,43623900,18248340,0,0,94,false,0
12327,0,0,25375560,43628050,18252490,0,0,83,false,0
12328,0,0,25375560,43632050,18256490,0,0,80,false,0
12329,0,0,25375560,43637200,18261640,0,12,115,false,0
12330,0,0,25375560,43637200,18261640,0,88,88,true,0
12331,0,0,25375560,43641950,18266390,0,0,95,false,0
12332,0,0,25375560,43646400,18270840,0,0,89,false,0
12333,0,0,25375560,43650500,18274940,0,0,82,false,0
12334,0,0,25375560,43655150,18279590,0,0,93,false,0
12335,0,0,25375560,43659550,18283990,0,0,88,false,0
12336,0,0,25375560,43664550,18288990,0,0,100,false,0
12337,0,0,25375560,43664550,18288990,0,85,85,true,0
12338,0,0,25375560,43669700,18294140,0,1,104,false,0
12339,0,0,25375560,43674700,18299140,0,0,100,false,0
12340,0,0,25375560,43679850,18304290,0,0,103,false,0
12341,0,0,25375560,43685000,18309440,0,1,104,false,0
12342,0,0,25375560,43689500,18313940,0,0,90,false,0
12343,0,0,25375560,43694500,18318940,0,0,100,false,0
12344,0,0,25375560,43699500,18323940,0,0,100,false,0
12345,0,0,25375560,43704550,18328990,0,0,101,false,0
12346,0,0,25375560,43709700,18334140,0,3,106,false,0
12347,0,0,25375560,43714700,18339140,0,0,100,false,0
12348,0,0,25375560,43719700,18344140,0,0,100,false,0
12349,0,0,25375560,43723450,18347890,0,0,75,false,0
12350,0,0,25375560,43728600,18353040,0,10,113,false,0
12351,0,0,25375560,43733750,18358190,0,4,107,false,0
12352,0,0,25375560,43738100,18362540,0,0,87,false,0
12353,0,0,25375560,43742750,18367190,0,0,93,false,0
12354,0,0,25375560,43747900,18372340,0,1,104,false,0
12355,0,0,25375560,43747900,18372340,0,106,106,true,0
12356,0,0,25375560,43747900,18372340,0,113,113,true,0
12357,0,0,25375560,43753000,18377440,0,0,102,false,0
12358,0,0,25375560,43758150,18382590,0,8,111,false,0
12359,0,0,25375560,43762750,18387190,0,0,92,false,0
12360,0,0,25375560,43767500,18391940,0,0,95,false,0
12361,0,0,25375560,43772650,18397090,0,5,108,false,0
12362,0,0,25375560,43772650,18397090,0,89,89,true,0
12363,0,0,25375560,43772650,18397090,0,107,107,true,0
12364,0,0,25375560,43772650,18397090,0,107,107,true,0
12365,0,0,25375560,43772650,18397090,0,109,109,true,0
12366,0,0,25375560,43772650,18397090,0,113,113,true,0
12367,0,0,25375560,43777400,18401840,0,0,95,false,0
12368,0,0,25375560,43782000,18406440,0,0,92,false,0
12369,0,0,25375560,43787150,18411590,0,0,103,false,0
12370,0,0,25375560,43787150,18411590,0,114,114,true,0
12371,0,0,25375560,43787150,18411590,0,112,112,true,0
12372,0,0,25375560,43787150,18411590,0,125,125,true,0
12373,0,0,25375560,43787150,18411590,0,97,97,true,0
12374,0,0,25375560,43792300,18416740,0,17,120,false,0
12375,0,0,25375560,43797000,18421440,0,0,94,false,0
12376,0,0,25482180,43802150,18319970,0,9,112,false,0
12377,0,0,25482180,43802150,18319970,0,97,97,true,0
12378,0,0,25482180,43807200,18325020,0,0,101,false,0
12379,0,0,25482180,43811600,18329420,0,0,88,false,0
12380,0,0,25482180,43816750,18334570,0,10,113,false,0
12381,0,0,25482180,43821500,18339320,0,0,95,false,0
12382,0,0,25482180,43821500,18339320,0,99,99,true,0
12383,0,0,25482180,43826650,18344470,0,7,110,false,0
12384,0,0,25482180,43831800,18349620,0,3,106,false,0
12385,0,0,25482180,43835400,18353220,0,0,72,false,0
12386,0,0,25482180,43840550,18358370,0,7,110,false,0
12387,0,0,25482180,43845700,18363520,0,9,112,false,0
12388,0,0,25482180,43845700,18363520,0,89,89,true,0
12389,0,0,25482180,43845700,18363520,0,102,102,true,0
12390,0,0,25482180,43845700,18363520,0,91,91,true,0
12391,0,0,25482180,43845700,18363520,0,94,94,true,0
12392,0,0,25482180,43845700,18363520,0,113,113,true,0
12393,0,0,25482180,43845700,18363520,0,108,108,true,0
12394,0,0,25482180,43845700,18363520,0,81,81,true,0
12395,0,0,25482180,43850300,18368120,0,0,92,false,0
12396,0,0,25482180,43855450,18373270,0,15,118,false,0
12397,0,0,25482180,43860600,18378420,0,9,112,false,0
12398,0,0,25482180,43865750,18383570,0,1,104,false,0
12399,0,0,25482180,43870550,18388370,0,0,96,false,0
12400,0,0,25482180,43875700,18393520,0,3,106,false,0
12401,0,0,25482180,43880400,18398220,0,0,94,false,0
12402,0,0,25482180,43885550,18403370,0,1,104,false,0
12403,0,0,25482180,43890200,18408020,0,0,93,false,0
12404,0,0,25482180,43895200,18413020,0,0,100,false,0
12405,0,0,25482180,43899300,18417120,0,0,82,false,0
12406,0,0,25482180,43904100,18421920,0,0,96,false,0
12407,0,0,25482180,43908800,18426620,0,0,94,false,0
12408,0,0,25482180,43913700,18431520,0,0,98,false,0
12409,0,0,25482180,43918500,18436320,0,0,96,false,0
12410,0,0,25482180,43923650,18441470,0,10,113,false,0
12411,0,0,25482180,43927950,18445770,0,0,86,false,0
12412,0,0,25482180,43932750,18450570,0,0,96,false,0
12413,0,0,25482180,43937900,18455720,0,6,109,false,0
12414,0,0,25482180,43943050,18460870,0,26,129,false,0
12415,0,0,25482180,43948200,18466020,0,7,110,false,0
12416,0,0,25482180,43953350,18471170,0,3,106,false,0
12417,0,0,25482180,43958500,18476320,0,2,105,false,0
12418,0,0,25482180,43962550,18480370,0,0,81,false,0
12419,0,0,25482180,43967500,18485320,0,0,99,false,0
12420,0,0,25482180,43971100,18488920,0,0,72,false,0
12421,0,0,25482180,43975750,18493570,0,0,93,false,0
12422,0,0,25482180,43980700,18498520,0,0,99,false,0
12423,0,0,25482180,43985450,18503270,0,0,95,false,0
12424,0,0,25482180,43989450,18507270,0,0,80,false,0
12425,0,0,25482180,43994500,18512320,0,0,101,false,0
12426,0,0,25482180,43999250,18517070,0,0,95,false,0
12427,0,0,25482180,43999250,18517070,0,94,94,true,0
12428,0,0,25588800,43999250,18410450,0,101,101,true,0
12429,0,0,25588800,43999250,18410450,0,108,108,true,0
12430,0,0,25588800,43999250,18410450,0,102,102,true,0
12431,0,0,25588800,44003950,18415150,0,0,94,false,0
12432,0,0,25588800,44008550,18419750,0,0,92,false,0
12433,0,0,25588800,44013000,18424200,0,0,89,false,0
12434,0,0,25588800,44018150,18429350,0,4,107,false,0
12435,0,0,25588800,44023200,18434400,0,0,101,false,0
12436,0,0,25588800,44028350,18439550,0,5,108,false,0
12437,0,0,25588800,44033300,18444500,0,0,99,false,0
12438,0,0,25588800,44037900,18449100,0,0,92,false,0
12439,0,0,25588800,44041600,18452800,0,0,74,false,0
12440,0,0,25588800,44041600,18452800,0,104,104,true,0
12441,0,0,25588800,44046750,18457950,0,3,106,false,0
12442,0,0,25588800,44051700,18462900,0,0,99,false,0
12443,0,0,25588800,44056850,18468050,0,1,104,false,0
12444,0,0,25588800,44056850,18468050,0,89,89,true,0
12445,0,0,25588800,44056850,18468050,0,106,106,true,0
12446,0,0,25588800,44056850,18468050,0,105,105,true,0
12447,0,0,25588800,44061650,18472850,0,0,96,false,0
12448,0,0,25588800,44066000,18477200,0,0,87,false,0
12449,0,0,25588800,44070050,18481250,0,0,81,false,0
12450,0,0,25588800,44075000,18486200,0,0,99,false,0
12451,0,0,25588800,44075000,18486200,0,94,94,true,0
12452,0,0,25588800,44080050,18491250,0,0,101,false,0
12453,0,0,25588800,44085150,18496350,0,0,102,false,0
12454,0,0,25588800,44089650,18500850,0,0,90,false,0
12455,0,0,25588800,44093800,18505000,0,0,83,false,0
12456,0,0,25588800,44098950,18510150,0,9,112,false,0
12457,0,0,25588800,44104000,18515200,0,0,101,false,0
12458,0,0,25588800,44107750,18518950,0,0,75,false,0
12459,0,0,25588800,44107750,18518950,0,86,86,true,0
12460,0,0,25588800,44107750,18518950,0,90,90,true,0
12461,0,0,25588800,44107750,18518950,0,99,99,true,0
12462,0,0,25588800,44107750,18518950,0,98,98,true,0
12463,0,0,25588800,44111700,18522900,0,0,79,false,0
12464,0,0,25588800,44116650,18527850,0,0,99,false,0
12465,0,0,25588800,44121600,18532800,0,0,99,false,0
12466,0,0,25588800,44126450,18537650,0,0,97,false,0
12467,0,0,25588800,44131300,18542500,0,0,97,false,0
12468,0,0,25588800,44136450,18547650,0,8,111,false,0
12469,0,0,25588800,44140850,18552050,0,0,88,false,0
12470,0,0,25588800,44146000,18557200,0,13,116,false,0
12471,0,0,25588800,44151150,18562350,0,9,112,false,0
12472,0,0,25588800,44156050,18567250,0,0,98,false,0
12473,0,0,25588800,44161200,18572400,0,6,109,false,0
12474,0,0,25588800,44166350,18577550,0,9,112,false,0
12475,0,0,25588800,44170800,18582000,0,0,89,false,0
12476,0,0,25588800,44175700,18586900,0,0,98,false,0
12477,0,0,25588800,44180700,18591900,0,0,100,false,0
12478,0,0,25588800,44185600,18596800,0,0,98,false,0
12479,0,0,25588800,44190750,18601950,0,15,118,false,0
12480,0,0,25695420,44195900,18500480,0,4,107,false,0
12481,0,0,25695420,44200750,18505330,0,0,97,false,0
12482,0,0,25695420,44205300,18509880,0,0,91,false,0
12483,0,0,25695420,44205300,18509880,0,109,109,true,0
12484,0,0,25695420,44205300,18509880,0,112,112,true,0
12485,0,0,25695420,44205300,18509880,0,110,110,true,0
12486,0,0,25695420,44205300,18509880,0,93,93,true,0
12487,0,0,25695420,44205300,18509880,0,84,84,true,0
12488,0,0,25695420,44205300,18509880,0,87,87,true,0
12489,0,0,25695420,44205300,18509880,0,91,91,true,0
12490,0,0,25695420,44205300,18509880,0,92,92,true,0
12491,0,0,25695420,44209700,18514280,0,0,88,false,0
12492,0,0,25695420,44214850,18519430,0,10,113,false,0
12493,0,0,25695420,44214850,18519430,0,105,105,true,0
12494,0,0,25695420,44214850,18519430,0,99,99,true,0
12495,0,0,25695420,44219550,18524130,0,0,94,false,0
12496,0,0,25695420,44224500,18529080,0,0,99,false,0
12497,0,0,25695420,44229650,18534230,0,3,106,false,0
12498,0,0,25695420,44234650,18539230,0,0,100,false,0
12499,0,0,25695420,44239600,18544180,0,0,99,false,0
12500,0,0,25695420,44239600,18544180,0,76,76,true,0
12501,0,0,25695420,44239600,18544180,0,101,101,true,0
12502,0,0,25695420,44244750,18549330,0,8,111,false,0
12503,0,0,25695420,44248800,18553380,0,0,81,false,0
12504,0,0,25695420,44253100,18557680,0,0,86,false,0
12505,0,0,25695420,44258250,18562830,0,15,118,false,0
12506,0,0,25695420,44262900,18567480,0,0,93,false,0
12507,0,0,25695420,44262900,18567480,0,91,91,true,0
12508,0,0,25695420,44262900,18567480,0,110,110,true,0
12509,0,0,25695420,44262900,18567480,0,107,107,true,0
12510,0,0,25695420,44262900,18567480,0,80,80,true,0
12511,0,0,25695420,44267550,18572130,0,0,93,false,0
12512,0,0,25695420,44272700,18577280,0,4,107,false,0
12513,0,0,25695420,44277300,18581880,0,0,92,false,0
12514,0,0,25695420,44282450,18587030,0,5,108,false,0
12515,0,0,25695420,44286400,18590980,0,0,79,false,0
12516,0,0,25695420,44291550,18596130,0,6,109,false,0
12517,0,0,25695420,44295100,18599680,0,0,71,false,0
12518,0,0,25695420,44295100,18599680,0,107,107,true,0
12519,0,0,25695420,44299650,18604230,0,0,91,false,0
12520,0,0,25695420,44304800,18609380,0,2,105,false,0
12521,0,0,25695420,44309600,18614180,0,0,96,false,0
12522,0,0,25695420,44314750,18619330,0,8,111,false,0
12523,0,0,25695420,44319850,18624430,0,0,102,false,0
12524,0,0,25695420,44324200,18628780,0,0,87,false,0
12525,0,0,25695420,44328650,18633230,0,0,89,false,0
12526,0,0,25695420,44333350,18637930,0,0,94,false,0
12527,0,0,25695420,44338350,18642930,0,0,100,false,0
12528,0,0,25695420,44343150,18647730,0,0,96,false,0
12529,0,0,25695420,44348300,18652880,0,14,117,false,0
12530,0,0,25695420,44353150,18657730,0,0,97,false,0
12531,0,0,25695420,44353150,18657730,0,121,121,true,0
12532,0,0,25802040,44353150,18551110,0,92,92,true,0
12533,0,0,25802040,44353150,18551110,0,82,82,true,0
12534,0,0,25802040,44357650,18555610,0,0,90,false,0
12535,0,0,25802040,44362600,18560560,0,0,99,false,0
12536,0,0,25802040,44367750,18565710,0,1,104,false,0
12537,0,0,25802040,44372900,18570860,0,8,111,false,0
12538,0,0,25802040,44378050,18576010,0,2,105,false,0
12539,0,0,25802040,44378050,18576010,0,104,104,true,0
12540,0,0,25802040,44378050,18576010,0,105,105,true,0
12541,0,0,25802040,44378050,18576010,0,99,99,true,0
12542,0,0,25802040,44378050,18576010,0,99,99,true,0
12543,0,0,25802040,44378050,18576010,0,119,119,true,0
12544,0,0,25802040,44382500,18580460,0,0,89,false,0
12545,0,0,25802040,44387000,18584960,0,0,90,false,0
12546,0,0,25802040,44391600,18589560,0,0,92,false,0
12547,0,0,25802040,44396400,18594360,0,0,96,false,0
12548,0,0,25802040,44401550,18599510,0,4,107,false,0
12549,0,0,25802040,44406700,18604660,0,8,111,false,0
12550,0,0,25802040,44411600,18609560,0,0,98,false,0
12551,0,0,25802040,44416600,18614560,0,0,100,false,0
12552,0,0,25802040,44421750,18619710,0,17,120,false,0
12553,0,0,25802040,44425750,18623710,0,0,80,false,0
12554,0,0,25802040,44430900,18628860,0,4,107,false,0
12555,0,0,25802040,44435050,18633010,0,0,83,false,0
12556,0,0,25802040,44435050,18633010,0,107,107,true,0
12557,0,0,25802040,44435050,18633010,0,99,99,true,0
12558,0,0,25802040,44440200,18638160,0,19,122,false,0
12559,0,0,25802040,44445350,18643310,0,13,116,false,0
12560,0,0,25802040,44450350,18648310,0,0,100,false,0
12561,0,0,25802040,44455050,18653010,0,0,94,false,0
12562,0,0,25802040,44460200,18658160,0,3,106,false,0
12563,0,0,25802040,44465350,18663310,0,8,111,false,0
12564,0,0,25802040,44470500,18668460,0,1,104,false,0
12565,0,0,25802040,44475650,18673610,0,6,109,false,0
12566,0,0,25802040,44475650,18673610,0,108,108,true,0
12567,0,0,25802040,44480650,18678610,0,0,100,false,0
12568,0,0,25802040,44485350,18683310,0,0,94,false,0
12569,0,0,25802040,44490500,18688460,0,2,105,false,0
12570,0,0,25802040,44490500,18688460,0,109,109,true,0
12571,0,0,25802040,44495650,18693610,0,3,106,false,0
12572,0,0,25802040,44500150,18698110,0,0,90,false,0
12573,0,0,25802040,44500150,18698110,0,102,102,true,0
12574,0,0,25802040,44500150,18698110,0,96,96,true,0
12575,0,0,25802040,44500150,18698110,0,100,100,true,0
12576,0,0,25802040,44505300,18703260,0,7,110,false,0
12577,0,0,25802040,44509750,18707710,0,0,89,false,0
12578,0,0,25802040,44509750,18707710,0,120,120,true,0
12579,0,0,25802040,44514450,18712410,0,0,94,false,0
12580,0,0,25802040,44519600,18717560,0,11,114,false,0
12581,0,0,25802040,44524750,18722710,0,0,103,false,0
12582,0,0,25802040,44529650,18727610,0,0,98,false,0
12583,0,0,25802040,44534800,18732760,0,6,109,false,0
12584,0,0,25908660,44539700,18631040,0,0,98,false,0
12585,0,0,25908660,44544850,18636190,0,9,112,false,0
12586,0,0,25908660,44544850,18636190,0,80,80,true,0
12587,0,0,25908660,44544850,18636190,0,100,100,true,0
12588,0,0,25908660,44544850,18636190,0,91,91,true,0
12589,0,0,25908660,44544850,18636190,0,105,105,true,0
12590,0,0,25908660,44544850,18636190,0,104,104,true,0
12591,0,0,25908660,44549700,18641040,0,0,97,false,0
12592,0,0,25908660,44554550,18645890,0,0,97,false,0
12593,0,0,25908660,44559300,18650640,0,0,95,false,0
12594,0,0,25908660,44564000,18655340,0,0,94,false,0
12595,0,0,25908660,44569150,18660490,0,2,105,false,0
12596,0,0,25908660,44574150,18665490,0,0,100,false,0
12597,0,0,25908660,44578950,18670290,0,0,96,false,0
12598,0,0,25908660,44583750,18675090,0,0,96,false,0
12599,0,0,25908660,44588900,18680240,0,10,113,false,0
12600,0,0,25908660,44593750,18685090,0,0,97,false,0
12601,0,0,25908660,44598300,18689640,0,0,91,false,0
12602,0,0,25908660,44603150,18694490,0,0,97,false,0
12603,0,0,25908660,44608300,18699640,0,19,122,false,0
12604,0,0,25908660,44613200,18704540,0,0,98,false,0
12605,0,0,25908660,44613200,18704540,0,102,102,true,0
12606,0,0,25908660,44618350,18709690,0,0,103,false,0
12607,0,0,25908660,44623500,18714840,0,5,108,false,0
12608,0,0,25908660,44623500,18714840,0,92,92,true,0
12609,0,0,25908660,44623500,18714840,0,88,88,true,0
12610,0,0,25908660,44623500,18714840,0,89,89,true,0
12611,0,0,25908660,44627850,18719190,0,0,87,false,0
12612,0,0,25908660,44632100,18723440,0,0,85,false,0
12613,0,0,25908660,44637000,18728340,0,0,98,false,0
12614,0,0,25908660,44642150,18733490,0,8,111,false,0
12615,0,0,25908660,44647300,18738640,0,1,104,false,0
12616,0,0,25908660,44652400,18743740,0,0,102,false,0
12617,0,0,25908660,44657200,18748540,0,0,96,false,0
12618,0,0,25908660,44657200,18748540,0,96,96,true,0
12619,0,0,25908660,44661450,18752790,0,0,85,false,0
12620,0,0,25908660,44666600,18757940,0,2,105,false,0
12621,0,0,25908660,44671050,18762390,0,0,89,false,0
12622,0,0,25908660,44675950,18767290,0,0,98,false,0
12623,0,0,25908660,44680700,18772040,0,0,95,false,0
12624,0,0,25908660,44684800,18776140,0,0,82,false,0
12625,0,0,25908660,44689950,18781290,0,9,112,false,0
12626,0,0,25908660,44695050,18786390,0,0,102,false,0
12627,0,0,25908660,44700150,18791490,0,0,102,false,0
12628,0,0,25908660,44704700,18796040,0,0,91,false,0
12629,0,0,25908660,44704700,18796040,0,74,74,true,0
12630,0,0,25908660,44704700,18796040,0,95,95,true,0
12631,0,0,25908660,44704700,18796040,0,111,111,true,0
12632,0,0,25908660,44704700,18796040,0,101,101,true,0
12633,0,0,25908660,44709100,18800440,0,0,88,false,0
12634,0,0,25908660,44713500,18804840,0,0,88,false,0
12635,0,0,25908660,44717700,18809040,0,0,84,false,0
12636,0,0,26015280,44717700,18702420,0,111,111,true,0
12637,0,0,26015280,44717700,18702420,0,109,109,true,0
12638,0,0,26015280,44722400,18707120,0,0,94,false,0
12639,0,0,26015280,44727250,18711970,0,0,97,false,0
12640,0,0,26015280,44727250,18711970,0,106,106,true,0
12641,0,0,26015280,44727250,18711970,0,108,108,true,0
12642,0,0,26015280,44727250,18711970,0,107,107,true,0
12643,0,0,26015280,44727250,18711970,0,95,95,true,0
12644,0,0,26015280,44727250,18711970,0,100,100,true,0
12645,0,0,26015280,44727250,18711970,0,113,113,true,0
12646,0,0,26015280,44732350,18717070,0,0,102,false,0
12647,0,0,26015280,44737500,18722220,0,0,103,false,0
12648,0,0,26015280,44742450,18727170,0,0,99,false,0
12649,0,0,26015280,44747600,18732320,0,4,107,false,0
12650,0,0,26015280,44752750,18737470,0,7,110,false,0
12651,0,0,26015280,44757200,18741920,0,0,89,false,0
12652,0,0,26015280,44761700,18746420,0,0,90,false,0
12653,0,0,26015280,44766850,18751570,0,4,107,false,0
12654,0,0,26015280,44771700,18756420,0,0,97,false,0
12655,0,0,26015280,44776850,18761570,0,3,106,false,0
12656,0,0,26015280,44782000,18766720,0,11,114,false,0
12657,0,0,26015280,44787150,18771870,0,15,118,false,0
12658,0,0,26015280,44787150,18771870,0,91,91,true,0
12659,0,0,26015280,44792300,18777020,0,6,109,false,0
12660,0,0,26015280,44797000,18781720,0,0,94,false,0
12661,0,0,26015280,44802100,18786820,0,0,102,false,0
12662,0,0,26015280,44802100,18786820,0,106,106,true,0
12663,0,0,26015280,44802100,18786820,0,107,107,true,0
12664,0,0,26015280,44802100,18786820,0,94,94,true,0
12665,0,0,26015280,44802100,18786820,0,110,110,true,0
12666,0,0,26015280,44802100,18786820,0,97,97,true,0
12667,0,0,26015280,44807250,18791970,0,8,111,false,0
12668,0,0,26015280,44811950,18796670,0,0,94,false,0
12669,0,0,26015280,44817050,18801770,0,0,102,false,0
12670,0,0,26015280,44822200,18806920,0,7,110,false,0
12671,0,0,26015280,44827150,18811870,0,0,99,false,0
12672,0,0,26015280,44832300,18817020,0,1,104,false,0
12673,0,0,26015280,44837300,18822020,0,0,100,false,0
12674,0,0,26015280,44841300,18826020,0,0,80,false,0
12675,0,0,26015280,44846450,18831170,0,1,104,false,0
12676,0,0,26015280,44851600,18836320,0,12,115,false,0
12677,0,0,26015280,44856750,18841470,0,8,111,false,0
12678,0,0,26015280,44861900,18846620,0,7,110,false,0
12679,0,0,26015280,44866700,18851420,0,0,96,false,0
12680,0,0,26015280,44866700,18851420,0,99,99,true,0
12681,0,0,26015280,44871100,18855820,0,0,88,false,0
12682,0,0,26015280,44876200,18860920,0,0,102,false,0
12683,0,0,26015280,44876200,18860920,0,106,106,true,0
12684,0,0,26015280,44876200,18860920,0,113,113,true,0
12685,0,0,26015280,44876200,18860920,0,106,106,true,0
12686,0,0,26015280,44876200,18860920,0,87,87,true,0
12687,0,0,26015280,44880950,18865670,0,0,95,false,0
12688,0,0,26121900,44886100,18764200,0,15,118,false,0
12689,0,0,26121900,44890300,18768400,0,0,84,false,0
12690,0,0,26121900,44890300,18768400,0,106,106,true,0
12691,0,0,26121900,44890300,18768400,0,105,105,true,0
12692,0,0,26121900,44890300,18768400,0,102,102,true,0
12693,0,0,26121900,44890300,18768400,0,97,97,true,0
12694,0,0,26121900,44890300,18768400,0,83,83,true,0
12695,0,0,26121900,44890300,18768400,0,87,87,true,0
12696,0,0,26121900,44890300,18768400,0,100,100,true,0
12697,0,0,26121900,44895450,18773550,0,1,104,false,0
12698,0,0,26121900,44899900,18778000,0,0,89,false,0
12699,0,0,26121900,44899900,18778000,0,102,102,true,0
12700,0,0,26121900,44899900,18778000,0,94,94,true,0
12701,0,0,26121900,44904950,18783050,0,0,101,false,0
12702,0,0,26121900,44909950,18788050,0,0,100,false,0
12703,0,0,26121900,44915100,18793200,0,1,104,false,0
12704,0,0,26121900,44919850,18797950,0,0,95,false,0
12705,0,0,26121900,44925000,18803100,0,13,116,false,0
12706,0,0,26121900,44929850,18807950,0,0,97,false,0
12707,0,0,26121900,44929850,18807950,0,99,99,true,0
12708,0,0,26121900,44929850,18807950,0,113,113,true,0
12709,0,0,26121900,44929850,18807950,0,99,99,true,0
12710,0,0,26121900,44929850,18807950,0,83,83,true,0
12711,0,0,26121900,44935000,18813100,0,9,112,false,0
12712,0,0,26121900,44939950,18818050,0,0,99,false,0
12713,0,0,26121900,44945100,18823200,0,10,113,false,0
12714,0,0,26121900,44950200,18828300,0,0,102,false,0
12715,0,0,26121900,44950200,18828300,0,79,79,true,0
12716,0,0,26121900,44955300,18833400,0,0,102,false,0
12717,0,0,26121900,44960450,18838550,0,5,108,false,0
12718,0,0,26121900,44965000,18843100,0,0,91,false,0
12719,0,0,26121900,44965000,18843100,0,103,103,true,0
12720,0,0,26121900,44965000,18843100,0,90,90,true,0
12721,0,0,26121900,44965000,18843100,0,97,97,true,0
12722,0,0,26121900,44965000,18843100,0,99,99,true,0
12723,0,0,26121900,44965000,18843100,0,92,92,true,0
12724,0,0,26121900,44969700,18847800,0,0,94,false,0
12725,0,0,26121900,44974100,18852200,0,0,88,false,0
12726,0,0,26121900,44979250,18857350,0,23,126,false,0
12727,0,0,26121900,44984400,18862500,0,3,106,false,0
12728,0,0,26121900,44988600,18866700,0,0,84,false,0
12729,0,0,26121900,44993750,18871850,0,4,107,false,0
12730,0,0,26121900,44998050,18876150,0,0,86,false,0
12731,0,0,26121900,45002600,18880700,0,0,91,false,0
12732,0,0,26121900,45007750,18885850,0,3,106,false,0
12733,0,0,26121900,45012300,18890400,0,0,91,false,0
12734,0,0,26121900,45017050,18895150,0,0,95,false,0
12735,0,0,26121900,45022000,18900100,0,0,99,false,0
12736,0,0,26121900,45026950,18905050,0,0,99,false,0
12737,0,0,26121900,45031950,18910050,0,0,100,false,0
12738,0,0,26121900,45031950,18910050,0,110,110,true,0
12739,0,0,26121900,45031950,18910050,0,101,101,true,0
12740,0,0,26228520,45031950,18803430,0,108,108,true,0
12741,0,0,26228520,45031950,18803430,0,85,85,true,0
12742,0,0,26228520,45031950,18803430,0,107,107,true,0
12743,0,0,26228520,45031950,18803430,0,111,111,true,0
12744,0,0,26228520,45031950,18803430,0,92,92,true,0
12745,0,0,26228520,45031950,18803430,0,86,86,true,0
12746,0,0,26228520,45031950,18803430,0,91,91,true,0
12747,0,0,26228520,45031950,18803430,0,90,90,true,0
12748,0,0,26228520,45036600,18808080,0,0,93,false,0
12749,0,0,26228520,45041550,18813030,0,0,99,false,0
12750,0,0,26228520,45045600,18817080,0,0,81,false,0
12751,0,0,26228520,45050100,18821580,0,0,90,false,0
12752,0,0,26228520,45050100,18821580,0,100,100,true,0
12753,0,0,26228520,45050100,18821580,0,101,101,true,0
12754,0,0,26228520,45054400,18825880,0,0,86,false,0
12755,0,0,26228520,45059550,18831030,0,5,108,false,0
12756,0,0,26228520,45064500,18835980,0,0,99,false,0
12757,0,0,26228520,45064500,18835980,0,95,95,true,0
12758,0,0,26228520,45069500,18840980,0,0,100,false,0
12759,0,0,26228520,45073750,18845230,0,0,85,false,0
12760,0,0,26228520,45078900,18850380,0,2,105,false,0
12761,0,0,26228520,45084050,18855530,0,4,107,false,0
12762,0,0,26228520,45089200,18860680,0,10,113,false,0
12763,0,0,26228520,45094350,18865830,0,0,103,false,0
12764,0,0,26228520,45099500,18870980,0,1,104,false,0
12765,0,0,26228520,45103800,18875280,0,0,86,false,0
12766,0,0,26228520,45108950,18880430,0,0,103,false,0
12767,0,0,26228520,45113600,18885080,0,0,93,false,0
12768,0,0,26228520,45118750,18890230,0,2,105,false,0
12769,0,0,26228520,45122900,18894380,0,0,83,false,0
12770,0,0,26228520,45128050,18899530,0,4,107,false,0
12771,0,0,26228520,45132800,18904280,0,0,95,false,0
12772,0,0,26228520,45137850,18909330,0,0,101,false,0
12773,0,0,26228520,45142100,18913580,0,0,85,false,0
12774,0,0,26228520,45146850,18918330,0,0,95,false,0
12775,0,0,26228520,45146850,18918330,0,114,114,true,0
12776,0,0,26228520,45146850,18918330,0,89,89,true,0
12777,0,0,26228520,45146850,18918330,0,98,98,true,0
12778,0,0,26228520,45146850,18918330,0,93,93,true,0
12779,0,0,26228520,45146850,18918330,0,117,117,true,0
12780,0,0,26228520,45146850,18918330,0,108,108,true,0
12781,0,0,26228520,45146850,18918330,0,85,85,true,0
12782,0,0,26228520,45146850,18918330,0,96,96,true,0
12783,0,0,26228520,45146850,18918330,0,103,103,true,0
12784,0,0,26228520,45152000,18923480,0,6,109,false,0
12785,0,0,26228520,45155800,18927280,0,0,76,false,0
12786,0,0,26228520,45155800,18927280,0,103,103,true,0
12787,0,0,26228520,45155800,18927280,0,92,92,true,0
12788,0,0,26228520,45155800,18927280,0,102,102,true,0
12789,0,0,26228520,45155800,18927280,0,94,94,true,0
12790,0,0,26228520,45155800,18927280,0,89,89,true,0
12791,0,0,26228520,45160950,18932430,0,0,103,false,0
12792,0,0,26335140,45165900,18830760,0,0,99,false,0
12793,0,0,26335140,45170450,18835310,0,0,91,false,0
12794,0,0,26335140,45170450,18835310,0,103,103,true,0
12795,0,0,26335140,45170450,18835310,0,91,91,true,0
12796,0,0,26335140,45175550,18840410,0,0,102,false,0
12797,0,0,26335140,45180700,18845560,0,4,107,false,0
12798,0,0,26335140,45180700,18845560,0,96,96,true,0
12799,0,0,26335140,45185700,18850560,0,0,100,false,0
12800,0,0,26335140,45190150,18855010,0,0,89,false,0
12801,0,0,26335140,45195300,18860160,0,19,122,false,0
12802,0,0,26335140,45195300,18860160,0,98,98,true,0
12803,0,0,26335140,45195300,18860160,0,91,91,true,0
12804,0,0,26335140,45200150,18865010,0,0,97,false,0
12805,0,0,26335140,45204550,18869410,0,0,88,false,0
12806,0,0,26335140,45209700,18874560,0,14,117,false,0
12807,0,0,26335140,45214800,18879660,0,0,102,false,0
12808,0,0,26335140,45219450,18884310,0,0,93,false,0
12809,0,0,26335140,45224500,18889360,0,0,101,false,0
12810,0,0,26335140,45229650,18894510,0,6,109,false,0
12811,0,0,26335140,45229650,18894510,0,104,104,true,0
12812,0,0,26335140,45229650,18894510,0,119,119,true,0
12813,0,0,26335140,45234200,18899060,0,0,91,false,0
12814,0,0,26335140,45238900,18903760,0,0,94,false,0
12815,0,0,26335140,45244050,18908910,0,20,123,false,0
12816,0,0,26335140,45248550,18913410,0,0,90,false,0
12817,0,0,26335140,45253650,18918510,0,0,102,false,0
12818,0,0,26335140,45258500,18923360,0,0,97,false,0
12819,0,0,26335140,45263000,18927860,0,0,90,false,0
12820,0,0,26335140,45268150,18933010,0,2,105,false,0
12821,0,0,26335140,45273200,18938060,0,0,101,false,0
12822,0,0,26335140,45273200,18938060,0,82,82,true,0
12823,0,0,26335140,45273200,18938060,0,101,101,true,0
12824,0,0,26335140,45273200,18938060,0,94,94,true,0
12825,0,0,26335140,45273200,18938060,0,82,82,true,0
12826,0,0,26335140,45273200,18938060,0,91,91,true,0
12827,0,0,26335140,45278350,18943210,0,6,109,false,0
12828,0,0,26335140,45283350,18948210,0,0,100,false,0
12829,0,0,26335140,45287700,18952560,0,0,87,false,0
12830,0,0,26335140,45292850,18957710,0,3,106,false,0
12831,0,0,26335140,45292850,18957710,0,104,104,true,0
12832,0,0,26335140,45292850,18957710,0,106,106,true,0
12833,0,0,26335140,45292850,18957710,0,108,108,true,0
12834,0,0,26335140,45297150,18962010,0,0,86,false,0
12835,0,0,26335140,45301600,18966460,0,0,89,false,0
12836,0,0,26335140,45305700,18970560,0,0,82,false,0
12837,0,0,26335140,45310200,18975060,0,0,90,false,0
12838,0,0,26335140,45313950,18978810,0,0,75,false,0
12839,0,0,26335140,45319100,18983960,0,7,110,false,0
12840,0,0,26335140,45319100,18983960,0,100,100,true,0
12841,0,0,26335140,45324250,18989110,0,11,114,false,0
12842,0,0,26335140,45329150,18994010,0,0,98,false,0
12843,0,0,26335140,45334300,18999160,0,2,105,false,0
12844,0,0,26441760,45338650,18896890,0,0,87,false,0
12845,0,0,26441760,45343650,18901890,0,0,100,false,0
12846,0,0,26441760,45348450,18906690,0,0,96,false,0
12847,0,0,26441760,45353600,18911840,0,13,116,false,0
12848,0,0,26441760,45353600,18911840,0,95,95,true,0
12849,0,0,26441760,45358550,18916790,0,0,99,false,0
12850,0,0,26441760,45363650,18921890,0,0,102,false,0
12851,0,0,26441760,45368800,18927040,0,4,107,false,0
12852,0,0,26441760,45373950,18932190,0,7,110,false,0
12853,0,0,26441760,45379100,18937340,0,12,115,false,0
12854,0,0,26441760,45383650,18941890,0,0,91,false,0
12855,0,0,26441760,45388350,18946590,0,0,94,false,0
12856,0,0,26441760,45392700,18950940,0,0,87,false,0
12857,0,0,26441760,45397150,18955390,0,0,89,false,0
12858,0,0,26441760,45397150,18955390,0,97,97,true,0
12859,0,0,26441760,45397150,18955390,0,93,93,true,0
12860,0,0,26441760,45397150,18955390,0,111,111,true,0
12861,0,0,26441760,45401400,18959640,0,0,85,false,0
12862,0,0,26441760,45406550,18964790,0,4,107,false,0
12863,0,0,26441760,45406550,18964790,0,96,96,true,0
12864,0,0,26441760,45406550,18964790,0,102,102,true,0
12865,0,0,26441760,45411700,18969940,0,6,109,false,0
12866,0,0,26441760,45416850,18975090,0,1,104,false,0
12867,0,0,26441760,45421200,18979440,0,0,87,false,0
12868,0,0,26441760,45426000,18984240,0,0,96,false,0
12869,0,0,26441760,45431150,18989390,0,12,115,false,0
12870,0,0,26441760,45436000,18994240,0,0,97,false,0
12871,0,0,26441760,45440450,18998690,0,0,89,false,0
12872,0,0,26441760,45445200,19003440,0,0,95,false,0
12873,0,0,26441760,45449900,19008140,0,0,94,false,0
12874,0,0,26441760,45454600,19012840,0,0,94,false,0
12875,0,0,26441760,45454600,19012840,0,67,67,true,0
12876,0,0,26441760,45459550,19017790,0,0,99,false,0
12877,0,0,26441760,45463800,19022040,0,0,85,false,0
12878,0,0,26441760,45467850,19026090,0,0,81,false,0
12879,0,0,26441760,45471700,19029940,0,0,77,false,0
12880,0,0,26441760,45476450,19034690,0,0,95,false,0
12881,0,0,26441760,45481600,19039840,0,3,106,false,0
12882,0,0,26441760,45486750,19044990,0,6,109,false,0
12883,0,0,26441760,45490800,19049040,0,0,81,false,0
12884,0,0,26441760,45495200,19053440,0,0,88,false,0
12885,0,0,26441760,45500350,19058590,0,5,108,false,0
12886,0,0,26441760,45505500,19063740,0,12,115,false,0
12887,0,0,26441760,45510350,19068590,0,0,97,false,0
12888,0,0,26441760,45515250,19073490,0,0,98,false,0
12889,0,0,26441760,45520000,19078240,0,0,95,false,0
12890,0,0,26441760,45525150,19083390,0,0,103,false,0
12891,0,0,26441760,45529800,19088040,0,0,93,false,0
12892,0,0,26441760,45534150,19092390,0,0,87,false,0
12893,0,0,26441760,45539300,19097540,0,1,104,false,0
12894,0,0,26441760,45544300,19102540,0,0,100,false,0
12895,0,0,26441760,45549100,19107340,0,0,96,false,0
12896,0,0,26548380,45553100,19004720,0,0,80,false,0
12897,0,0,26548380,45553100,19004720,0,88,88,true,0
12898,0,0,26548380,45558250,19009870,0,25,128,false,0
12899,0,0,26548380,45563400,19015020,0,3,106,false,0
12900,0,0,26548380,45563400,19015020,0,106,106,true,0
12901,0,0,26548380,45563400,19015020,0,97,97,true,0
12902,0,0,26548380,45563400,19015020,0,96,96,true,0
12903,0,0,26548380,45563400,19015020,0,101,101,true,0
12904,0,0,26548380,45568000,19019620,0,0,92,false,0
12905,0,0,26548380,45573150,19024770,0,4,107,false,0
12906,0,0,26548380,45577450,19029070,0,0,86,false,0
12907,0,0,26548380,45582100,19033720,0,0,93,false,0
12908,0,0,26548380,45587250,19038870,0,3,106,false,0
12909,0,0,26548380,45587250,19038870,0,73,73,true,0
12910,0,0,26548380,45587250,19038870,0,97,97,true,0
12911,0,0,26548380,45591800,19043420,0,0,91,false,0
12912,0,0,26548380,45596950,19048570,0,14,117,false,0
12913,0,0,26548380,45600800,19052420,0,0,77,false,0
12914,0,0,26548380,45605400,19057020,0,0,92,false,0
12915,0,0,26548380,45609400,19061020,0,0,80,false,0
12916,0,0,26548380,45613300,19064920,0,0,78,false,0
12917,0,0,26548380,45617900,19069520,0,0,92,false,0
12918,0,0,26548380,45622800,19074420,0,0,98,false,0
12919,0,0,26548380,45622800,19074420,0,103,103,true,0
12920,0,0,26548380,45626800,19078420,0,0,80,false,0
12921,0,0,26548380,45631700,19083320,0,0,98,false,0
12922,0,0,26548380,45636450,19088070,0,0,95,false,0
12923,0,0,26548380,45641600,19093220,0,4,107,false,0
12924,0,0,26548380,45641600,19093220,0,91,91,true,0
12925,0,0,26548380,45645800,19097420,0,0,84,false,0
12926,0,0,26548380,45650850,19102470,0,0,101,false,0
12927,0,0,26548380,45656000,19107620,0,5,108,false,0
12928,0,0,26548380,45660100,19111720,0,0,82,false,0
12929,0,0,26548380,45665050,19116670,0,0,99,false,0
12930,0,0,26548380,45669850,19121470,0,0,96,false,0
12931,0,0,26548380,45675000,19126620,0,0,103,false,0
12932,0,0,26548380,45679250,19130870,0,0,85,false,0
12933,0,0,26548380,45684100,19135720,0,0,97,false,0
12934,0,0,26548380,45684100,19135720,0,103,103,true,0
12935,0,0,26548380,45688900,19140520,0,0,96,false,0
12936,0,0,26548380,45694050,19145670,0,8,111,false,0
12937,0,0,26548380,45699200,19150820,0,3,106,false,0
12938,0,0,26548380,45699200,19150820,0,101,101,true,0
12939,0,0,26548380,45704350,19155970,0,7,110,false,0
12940,0,0,26548380,45708600,19160220,0,0,85,false,0
12941,0,0,26548380,45712950,19164570,0,0,87,false,0
12942,0,0,26548380,45718100,19169720,0,11,114,false,0
12943,0,0,26548380,45718100,19169720,0,107,107,true,0
12944,0,0,26548380,45718100,19169720,0,98,98,true,0
12945,0,0,26548380,45723200,19174820,0,0,102,false,0
12946,0,0,26548380,45728350,19179970,0,8,111,false,0
12947,0,0,26548380,45732750,19184370,0,0,88,false,0
12948,0,0,26655000,45737200,19082200,0,0,89,false,0
12949,0,0,26655000,45741800,19086800,0,0,92,false,0
12950,0,0,26655000,45746950,19091950,0,4,107,false,0
12951,0,0,26655000,45751700,19096700,0,0,95,false,0
12952,0,0,26655000,45756700,19101700,0,0,100,false,0
12953,0,0,26655000,45761050,19106050,0,0,87,false,0
12954,0,0,26655000,45766200,19111200,0,3,106,false,0
12955,0,0,26655000,45771350,19116350,0,4,107,false,0
12956,0,0,26655000,45776450,19121450,0,0,102,false,0
12957,0,0,26655000,45781600,19126600,0,5,108,false,0
12958,0,0,26655000,45786500,19131500,0,0,98,false,0
12959,0,0,26655000,45791050,19136050,0,0,91,false,0
12960,0,0,26655000,45796200,19141200,0,9,112,false,0
12961,0,0,26655000,45801350,19146350,0,0,103,false,0
12962,0,0,26655000,45806400,19151400,0,0,101,false,0
12963,0,0,26655000,45806400,19151400,0,110,110,true,0
12964,0,0,26655000,45806400,19151400,0,97,97,true,0
12965,0,0,26655000,45806400,19151400,0,93,93,true,0
12966,0,0,26655000,45810800,19155800,0,0,88,false,0
12967,0,0,26655000,45814850,19159850,0,0,81,false,0
12968,0,0,26655000,45820000,19165000,0,3,106,false,0
12969,0,0,26655000,45823700,19168700,0,0,74,false,0
12970,0,0,26655000,45823700,19168700,0,88,88,true,0
12971,0,0,26655000,45828200,19173200,0,0,90,false,0
12972,0,0,26655000,45833300,19178300,0,0,102,false,0
12973,0,0,26655000,45837950,19182950,0,0,93,false,0
12974,0,0,26655000,45837950,19182950,0,96,96,true,0
12975,0,0,26655000,45842650,19187650,0,0,94,false,0
12976,0,0,26655000,45847800,19192800,0,1,104,false,0
12977,0,0,26655000,45852800,19197800,0,0,100,false,0
12978,0,0,26655000,45857450,19202450,0,0,93,false,0
12979,0,0,26655000,45862300,19207300,0,0,97,false,0
12980,0,0,26655000,45867450,19212450,0,1,104,false,0
12981,0,0,26655000,45872400,19217400,0,0,99,false,0
12982,0,0,26655000,45876550,19221550,0,0,83,false,0
12983,0,0,26655000,45881100,19226100,0,0,91,false,0
12984,0,0,26655000,45886050,19231050,0,0,99,false,0
12985,0,0,26655000,45886050,19231050,0,92,92,true,0
12986,0,0,26655000,45886050,19231050,0,95,95,true,0
12987,0,0,26655000,45886050,19231050,0,107,107,true,0
12988,0,0,26655000,45886050,19231050,0,85,85,true,0
12989,0,0,26655000,45886050,19231050,0,98,98,true,0
12990,0,0,26655000,45886050,19231050,0,100,100,true,0
12991,0,0,26655000,45890950,19235950,0,0,98,false,0
12992,0,0,26655000,45896100,19241100,0,18,121,false,0
12993,0,0,26655000,45900750,19245750,0,0,93,false,0
12994,0,0,26655000,45900750,19245750,0,94,94,true,0
12995,0,0,26655000,45900750,19245750,0,104,104,true,0
12996,0,0,26655000,45900750,19245750,0,85,85,true,0
12997,0,0,26655000,45900750,19245750,0,103,103,true,0
12998,0,0,26655000,45900750,19245750,0,114,114,true,0
12999,0,0,26655000,45905400,19250400,0,0,93,false,0
13000,0,0,26761620,45910350,19148730,0,0,99,false,0
13001,0,0,26761620,45910350,19148730,0,97,97,true,0
13002,0,0,26761620,45910350,19148730,0,108,108,true,0
13003,0,0,26761620,45910350,19148730,0,103,103,true,0
13004,0,0,26761620,45910350,19148730,0,104,104,true,0
13005,0,0,26761620,45910350,19148730,0,80,80,true,0
13006,0,0,26761620,45910350,19148730,0,106,106,true,0
13007,0,0,26761620,45914300,19152680,0,0,79,false,0
13008,0,0,26761620,45919450,19157830,0,1,104,false,0
13009,0,0,26761620,45924400,19162780,0,0,99,false,0
13010,0,0,26761620,45924400,19162780,0,109,109,true,0
13011,0,0,26761620,45924400,19162780,0,94,94,true,0
13012,0,0,26761620,45924400,19162780,0,108,108,true,0
13013,0,0,26761620,45924400,19162780,0,78,78,true,0
13014,0,0,26761620,45929550,19167930,0,0,103,false,0
13015,0,0,26761620,45934700,19173080,0,2,105,false,0
13016,0,0,26761620,45939850,19178230,0,2,105,false,0
13017,0,0,26761620,45939850,19178230,0,114,114,true,0
13018,0,0,26761620,45939850,19178230,0,100,100,true,0
13019,0,0,26761620,45939850,19178230,0,100,100,true,0
13020,0,0,26761620,45945000,19183380,0,5,108,false,0
13021,0,0,26761620,45949550,19187930,0,0,91,false,0
13022,0,0,26761620,45953750,19192130,0,0,84,false,0
13023,0,0,26761620,45953750,19192130,0,99,99,true,0
13024,0,0,26761620,45958450,19196830,0,0,94,false,0
13025,0,0,26761620,45963600,19201980,0,4,107,false,0
13026,0,0,26761620,45968750,19207130,0,6,109,false,0
13027,0,0,26761620,45973550,19211930,0,0,96,false,0
13028,0,0,26761620,45973550,19211930,0,105,105,true,0
13029,0,0,26761620,45978700,19217080,0,15,118,false,0
13030,0,0,26761620,45983100,19221480,0,0,88,false,0
13031,0,0,26761620,45988150,19226530,0,0,101,false,0
13032,0,0,26761620,45988150,19226530,0,94,94,true,0
13033,0,0,26761620,45992800,19231180,0,0,93,false,0
13034,0,0,26761620,45997950,19236330,0,8,111,false,0
13035,0,0,26761620,45997950,19236330,0,94,94,true,0
13036,0,0,26761620,45997950,19236330,0,115,115,true,0
13037,0,0,26761620,45997950,19236330,0,107,107,true,0
13038,0,0,26761620,46002750,19241130,0,0,96,false,0
13039,0,0,26761620,46007150,19245530,0,0,88,false,0
13040,0,0,26761620,46012300,19250680,0,5,108,false,0
13041,0,0,26761620,46017450,19255830,0,5,108,false,0
13042,0,0,26761620,46022350,19260730,0,0,98,false,0
13043,0,0,26761620,46027500,19265880,0,4,107,false,0
13044,0,0,26761620,46027500,19265880,0,78,78,true,0
13045,0,0,26761620,46027500,19265880,0,107,107,true,0
13046,0,0,26761620,46027500,19265880,0,90,90,true,0
13047,0,0,26761620,46027500,19265880,0,114,114,true,0
13048,0,0,26761620,46027500,19265880,0,96,96,true,0
13049,0,0,26761620,46032300,19270680,0,0,96,false,0
13050,0,0,26761620,46036850,19275230,0,0,91,false,0
13051,0,0,26761620,46036850,19275230,0,96,96,true,0
13052,0,0,26868240,46041600,19173360,0,0,95,false,0
13053,0,0,26868240,46046750,19178510,0,16,119,false,0
13054,0,0,26868240,46051150,19182910,0,0,88,false,0
13055,0,0,26868240,46056300,19188060,0,17,120,false,0
13056,0,0,26868240,46061050,19192810,0,0,95,false,0
13057,0,0,26868240,46065900,19197660,0,0,97,false,0
13058,0,0,26868240,46070050,19201810,0,0,83,false,0
13059,0,0,26868240,46075200,19206960,0,3,106,false,0
13060,0,0,26868240,46079800,19211560,0,0,92,false,0
13061,0,0,26868240,46084950,19216710,0,2,105,false,0
13062,0,0,26868240,46089850,19221610,0,0,98,false,0
13063,0,0,26868240,46094900,19226660,0,0,101,false,0
13064,0,0,26868240,46099800,19231560,0,0,98,false,0
13065,0,0,26868240,46104950,19236710,0,3,106,false,0
13066,0,0,26868240,46110100,19241860,0,3,106,false,0
13067,0,0,26868240,46110100,19241860,0,115,115,true,0
13068,0,0,26868240,46114950,19246710,0,0,97,false,0
13069,0,0,26868240,46119450,19251210,0,0,90,false,0
13070,0,0,26868240,46124300,19256060,0,0,97,false,0
13071,0,0,26868240,46129100,19260860,0,0,96,false,0
13072,0,0,26868240,46129100,19260860,0,87,87,true,0
13073,0,0,26868240,46129100,19260860,0,81,81,true,0
13074,0,0,26868240,46133950,19265710,0,0,97,false,0
13075,0,0,26868240,46138750,19270510,0,0,96,false,0
13076,0,0,26868240,46143900,19275660,0,16,119,false,0
13077,0,0,26868240,46149050,19280810,0,8,111,false,0
13078,0,0,26868240,46153700,19285460,0,0,93,false,0
13079,0,0,26868240,46158200,19289960,0,0,90,false,0
13080,0,0,26868240,46163100,19294860,0,0,98,false,0
13081,0,0,26868240,46168250,19300010,0,2,105,false,0
13082,0,0,26868240,46168250,19300010,0,110,110,true,0
13083,0,0,26868240,46173200,19304960,0,0,99,false,0
13084,0,0,26868240,46177900,19309660,0,0,94,false,0
13085,0,0,26868240,46177900,19309660,0,95,95,true,0
13086,0,0,26868240,46177900,19309660,0,101,101,true,0
13087,0,0,26868240,46177900,19309660,0,87,87,true,0
13088,0,0,26868240,46177900,19309660,0,115,115,true,0
13089,0,0,26868240,46177900,19309660,0,95,95,true,0
13090,0,0,26868240,46177900,19309660,0,94,94,true,0
13091,0,0,26868240,46182400,19314160,0,0,90,false,0
13092,0,0,26868240,46187400,19319160,0,0,100,false,0
13093,0,0,26868240,46192200,19323960,0,0,96,false,0
13094,0,0,26868240,46196450,19328210,0,0,85,false,0
13095,0,0,26868240,46201400,19333160,0,0,99,false,0
13096,0,0,26868240,46206300,19338060,0,0,98,false,0
13097,0,0,26868240,46211100,19342860,0,0,96,false,0
13098,0,0,26868240,46216000,19347760,0,0,98,false,0
13099,0,0,26868240,46219850,19351610,0,0,77,false,0
13100,0,0,26868240,46224050,19355810,0,0,84,false,0
13101,0,0,26868240,46228550,19360310,0,0,90,false,0
13102,0,0,26868240,46233700,19365460,0,6,109,false,0
13103,0,0,26868240,46238750,19370510,0,0,101,false,0
13104,0,0,26974860,46238750,19263890,0,101,101,true,0
13105,0,0,26974860,46238750,19263890,0,94,94,true,0
13106,0,0,26974860,46243800,19268940,0,0,101,false,0
13107,0,0,26974860,46248950,19274090,0,0,103,false,0
13108,0,0,26974860,46254100,19279240,0,0,103,false,0
13109,0,0,26974860,46259050,19284190,0,0,99,false,0
13110,0,0,26974860,46264100,19289240,0,0,101,false,0
13111,0,0,26974860,46268750,19293890,0,0,93,false,0
13112,0,0,26974860,46268750,19293890,0,85,85,true,0
13113,0,0,26974860,46268750,19293890,0,111,111,true,0
13114,0,0,26974860,46273600,19298740,0,0,97,false,0
13115,0,0,26974860,46278750,19303890,0,10,113,false,0
13116,0,0,26974860,46283700,19308840,0,0,99,false,0
13117,0,0,26974860,46288850,19313990,0,0,103,false,0
13118,0,0,26974860,46288850,19313990,0,97,97,true,0
13119,0,0,26974860,46288850,19313990,0,88,88,true,0
13120,0,0,26974860,46288850,19313990,0,101,101,true,0
13121,0,0,26974860,46288850,19313990,0,92,92,true,0
13122,0,0,26974860,46294000,19319140,0,9,112,false,0
13123,0,0,26974860,46298750,19323890,0,0,95,false,0
13124,0,0,26974860,46303200,19328340,0,0,89,false,0
13125,0,0,26974860,46308350,19333490,0,8,111,false,0
13126,0,0,26974860,46313250,19338390,0,0,98,false,0
13127,0,0,26974860,46313250,19338390,0,96,96,true,0
13128,0,0,26974860,46318200,19343340,0,0,99,false,0
13129,0,0,26974860,46323350,19348490,0,15,118,false,0
13130,0,0,26974860,46328500,19353640,0,12,115,false,0
13131,0,0,26974860,46333650,19358790,0,5,108,false,0
13132,0,0,26974860,46337850,19362990,0,0,84,false,0
13133,0,0,26974860,46342650,19367790,0,0,96,false,0
13134,0,0,26974860,46347800,19372940,0,7,110,false,0
13135,0,0,26974860,46352950,19378090,0,15,118,false,0
13136,0,0,26974860,46357950,19383090,0,0,100,false,0
13137,0,0,26974860,46363050,19388190,0,0,102,false,0
13138,0,0,26974860,46367700,19392840,0,0,93,false,0
13139,0,0,26974860,46372500,19397640,0,0,96,false,0
13140,0,0,26974860,46377550,19402690,0,0,101,false,0
13141,0,0,26974860,46382700,19407840,0,8,111,false,0
13142,0,0,26974860,46387850,19412990,0,8,111,false,0
13143,0,0,26974860,46393000,19418140,0,8,111,false,0
13144,0,0,26974860,46398150,19423290,0,9,112,false,0
13145,0,0,26974860,46402400,19427540,0,0,85,false,0
13146,0,0,26974860,46407550,19432690,0,2,105,false,0
13147,0,0,26974860,46407550,19432690,0,108,108,true,0
13148,0,0,26974860,46412000,19437140,0,0,89,false,0
13149,0,0,26974860,46415850,19440990,0,0,77,false,0
13150,0,0,26974860,46420700,19445840,0,0,97,false,0
13151,0,0,26974860,46425850,19450990,0,2,105,false,0
13152,0,0,26974860,46431000,19456140,0,0,103,false,0
13153,0,0,26974860,46436050,19461190,0,0,101,false,0
13154,0,0,26974860,46440950,19466090,0,0,98,false,0
13155,0,0,26974860,46445900,19471040,0,0,99,false,0
13156,0,0,27081480,46451000,19369520,0,0,102,false,0
13157,0,0,27081480,46456150,19374670,0,3,106,false,0
13158,0,0,27081480,46461050,19379570,0,0,98,false,0
13159,0,0,27081480,46466150,19384670,0,0,102,false,0
13160,0,0,27081480,46471300,19389820,0,8,111,false,0
13161,0,0,27081480,46476200,19394720,0,0,98,false,0
13162,0,0,27081480,46476200,19394720,0,116,116,true,0
13163,0,0,27081480,46480100,19398620,0,0,78,false,0
13164,0,0,27081480,46485250,19403770,0,5,108,false,0
13165,0,0,27081480,46490250,19408770,0,0,100,false,0
13166,0,0,27081480,46495400,19413920,0,1,104,false,0
13167,0,0,27081480,46499350,19417870,0,0,79,false,0
13168,0,0,27081480,46503650,19422170,0,0,86,false,0
13169,0,0,27081480,46508600,19427120,0,0,99,false,0
13170,0,0,27081480,46513150,19431670,0,0,91,false,0
13171,0,0,27081480,46518300,19436820,0,4,107,false,0
13172,0,0,27081480,46522800,19441320,0,0,90,false,0
13173,0,0,27081480,46527950,19446470,0,8,111,false,0
13174,0,0,27081480,46532900,19451420,0,0,99,false,0
13175,0,0,27081480,46537650,19456170,0,0,95,false,0
13176,0,0,27081480,46537650,19456170,0,94,94,true,0
13177,0,0,27081480,46537650,19456170,0,94,94,true,0
13178,0,0,27081480,46537650,19456170,0,104,104,true,0
13179,0,0,27081480,46537650,19456170,0,112,112,true,0
13180,0,0,27081480,46537650,19456170,0,79,79,true,0
13181,0,0,27081480,46537650,19456170,0,94,94,true,0
13182,0,0,27081480,46542800,19461320,0,5,108,false,0
13183,0,0,27081480,46547750,19466270,0,0,99,false,0
13184,0,0,27081480,46552550,19471070,0,0,96,false,0
13185,0,0,27081480,46557450,19475970,0,0,98,false,0
13186,0,0,27081480,46562600,19481120,0,17,120,false,0
13187,0,0,27081480,46567550,19486070,0,0,99,false,0
13188,0,0,27081480,46572150,19490670,0,0,92,false,0
13189,0,0,27081480,46577300,19495820,0,4,107,false,0
13190,0,0,27081480,46582450,19500970,0,0,103,false,0
13191,0,0,27081480,46582450,19500970,0,101,101,true,0
13192,0,0,27081480,46587600,19506120,0,3,106,false,0
13193,0,0,27081480,46592200,19510720,0,0,92,false,0
13194,0,0,27081480,46597350,19515870,0,4,107,false,0
13195,0,0,27081480,46602500,19521020,0,10,113,false,0
13196,0,0,27081480,46607200,19525720,0,0,94,false,0
13197,0,0,27081480,46611650,19530170,0,0,89,false,0
13198,0,0,27081480,46616100,19534620,0,0,89,false,0
13199,0,0,27081480,46621250,19539770,0,2,105,false,0
13200,0,0,27081480,46625950,19544470,0,0,94,false,0
13201,0,0,27081480,46625950,19544470,0,114,114,true,0
13202,0,0,27081480,46625950,19544470,0,98,98,true,0
13203,0,0,27081480,46625950,19544470,0,98,98,true,0
13204,0,0,27081480,46625950,19544470,0,90,90,true,0
13205,0,0,27081480,46631100,19549620,0,2,105,false,0
13206,0,0,27081480,46636250,19554770,0,1,104,false,0
13207,0,0,27081480,46641400,19559920,0,11,114,false,0
13208,0,0,27188100,46641400,19453300,0,81,81,true,0
13209,0,0,27188100,46641400,19453300,0,99,99,true,0
13210,0,0,27188100,46641400,19453300,0,97,97,true,0
13211,0,0,27188100,46641400,19453300,0,111,111,true,0
13212,0,0,27188100,46641400,19453300,0,81,81,true,0
13213,0,0,27188100,46641400,19453300,0,99,99,true,0
13214,0,0,27188100,46641400,19453300,0,111,111,true,0
13215,0,0,27188100,46641400,19453300,0,101,101,true,0
13216,0,0,27188100,46646450,19458350,0,0,101,false,0
13217,0,0,27188100,46651600,19463500,0,3,106,false,0
13218,0,0,27188100,46656750,19468650,0,7,110,false,0
13219,0,0,27188100,46661000,19472900,0,0,85,false,0
13220,0,0,27188100,46665250,19477150,0,0,85,false,0
13221,0,0,27188100,46670400,19482300,0,7,110,false,0
13222,0,0,27188100,46675200,19487100,0,0,96,false,0
13223,0,0,27188100,46680350,19492250,0,7,110,false,0
13224,0,0,27188100,46685500,19497400,0,5,108,false,0
13225,0,0,27188100,46690050,19501950,0,0,91,false,0
13226,0,0,27188100,46690050,19501950,0,97,97,true,0
13227,0,0,27188100,46690050,19501950,0,111,111,true,0
13228,0,0,27188100,46690050,19501950,0,97,97,true,0
13229,0,0,27188100,46690050,19501950,0,103,103,true,0
13230,0,0,27188100,46694250,19506150,0,0,84,false,0
13231,0,0,27188100,46699100,19511000,0,0,97,false,0
13232,0,0,27188100,46699100,19511000,0,90,90,true,0
13233,0,0,27188100,46699100,19511000,0,87,87,true,0
13234,0,0,27188100,46704150,19516050,0,0,101,false,0
13235,0,0,27188100,46709300,19521200,0,12,115,false,0
13236,0,0,27188100,46714400,19526300,0,0,102,false,0
13237,0,0,27188100,46719250,19531150,0,0,97,false,0
13238,0,0,27188100,46724150,19536050,0,0,98,false,0
13239,0,0,27188100,46729300,19541200,0,22,125,false,0
13240,0,0,27188100,46734450,19546350,0,16,119,false,0
13241,0,0,27188100,46739200,19551100,0,0,95,false,0
13242,0,0,27188100,46743800,19555700,0,0,92,false,0
13243,0,0,27188100,46748550,19560450,0,0,95,false,0
13244,0,0,27188100,46748550,19560450,0,109,109,true,0
13245,0,0,27188100,46752050,19563950,0,0,70,false,0
13246,0,0,27188100,46756650,19568550,0,0,92,false,0
13247,0,0,27188100,46761700,19573600,0,0,101,false,0
13248,0,0,27188100,46766850,19578750,0,3,106,false,0
13249,0,0,27188100,46771750,19583650,0,0,98,false,0
13250,0,0,27188100,46776850,19588750,0,0,102,false,0
13251,0,0,27188100,46781950,19593850,0,0,102,false,0
13252,0,0,27188100,46786950,19598850,0,0,100,false,0
13253,0,0,27188100,46792100,19604000,0,0,103,false,0
13254,0,0,27188100,46796650,19608550,0,0,91,false,0
13255,0,0,27188100,46796650,19608550,0,93,93,true,0
13256,0,0,27188100,46796650,19608550,0,99,99,true,0
13257,0,0,27188100,46801200,19613100,0,0,91,false,0
13258,0,0,27188100,46806150,19618050,0,0,99,false,0
13259,0,0,27188100,46810700,19622600,0,0,91,false,0
13260,0,0,27294720,46815550,19520830,0,0,97,false,0
13261,0,0,27294720,46815550,19520830,0,104,104,true,0
13262,0,0,27294720,46820050,19525330,0,0,90,false,0
13263,0,0,27294720,46825050,19530330,0,0,100,false,0
13264,0,0,27294720,46829800,19535080,0,0,95,false,0
13265,0,0,27294720,46829800,19535080,0,99,99,true,0
13266,0,0,27294720,46829800,19535080,0,93,93,true,0
13267,0,0,27294720,46829800,19535080,0,104,104,true,0
13268,0,0,27294720,46829800,19535080,0,94,94,true,0
13269,0,0,27294720,46834100,19539380,0,0,86,false,0
13270,0,0,27294720,46838850,19544130,0,0,95,false,0
13271,0,0,27294720,46843750,19549030,0,0,98,false,0
13272,0,0,27294720,46848400,19553680,0,0,93,false,0
13273,0,0,27294720,46853550,19558830,0,0,103,false,0
13274,0,0,27294720,46857900,19563180,0,0,87,false,0
13275,0,0,27294720,46863050,19568330,0,0,103,false,0
13276,0,0,27294720,46866850,19572130,0,0,76,false,0
13277,0,0,27294720,46871900,19577180,0,0,101,false,0
13278,0,0,27294720,46876550,19581830,0,0,93,false,0
13279,0,0,27294720,46876550,19581830,0,94,94,true,0
13280,0,0,27294720,46876550,19581830,0,93,93,true,0
13281,0,0,27294720,46881500,19586780,0,0,99,false,0
13282,0,0,27294720,46886450,19591730,0,0,99,false,0
13283,0,0,27294720,46890500,19595780,0,0,81,false,0
13284,0,0,27294720,46895200,19600480,0,0,94,false,0
13285,0,0,27294720,46900150,19605430,0,0,99,false,0
13286,0,0,27294720,46904900,19610180,0,0,95,false,0
13287,0,0,27294720,46909950,19615230,0,0,101,false,0
13288,0,0,27294720,46915100,19620380,0,11,114,false,0
13289,0,0,27294720,46919650,19624930,0,0,91,false,0
13290,0,0,27294720,46919650,19624930,0,104,104,true,0
13291,0,0,27294720,46919650,19624930,0,104,104,true,0
13292,0,0,27294720,46924800,19630080,0,3,106,false,0
13293,0,0,27294720,46929600,19634880,0,0,96,false,0
13294,0,0,27294720,46934150,19639430,0,0,91,false,0
13295,0,0,27294720,46939300,19644580,0,12,115,false,0
13296,0,0,27294720,46944450,19649730,0,1,104,false,0
13297,0,0,27294720,46949600,19654880,0,5,108,false,0
13298,0,0,27294720,46954750,19660030,0,1,104,false,0
13299,0,0,27294720,46959000,19664280,0,0,85,false,0
13300,0,0,27294720,46963900,19669180,0,0,98,false,0
13301,0,0,27294720,46968200,19673480,0,0,86,false,0
13302,0,0,27294720,46972950,19678230,0,0,95,false,0
13303,0,0,27294720,46978100,19683380,0,24,127,false,0
13304,0,0,27294720,46981800,19687080,0,0,74,false,0
13305,0,0,27294720,46986500,19691780,0,0,94,false,0
13306,0,0,27294720,46991350,19696630,0,0,97,false,0
13307,0,0,27294720,46995850,19701130,0,0,90,false,0
13308,0,0,27294720,47000650,19705930,0,0,96,false,0
13309,0,0,27294720,47005500,19710780,0,0,97,false,0
13310,0,0,27294720,47010450,19715730,0,0,99,false,0
13311,0,0,27294720,47015600,19720880,0,10,113,false,0
13312,0,0,27401340,47020750,19619410,0,3,106,false,0
13313,0,0,27401340,47025900,19624560,0,4,107,false,0
13314,0,0,27401340,47031050,19629710,0,2,105,false,0
13315,0,0,27401340,47036000,19634660,0,0,99,false,0
13316,0,0,27401340,47041100,19639760,0,0,102,false,0
13317,0,0,27401340,47041100,19639760,0,110,110,true,0
13318,0,0,27401340,47041100,19639760,0,98,98,true,0
13319,0,0,27401340,47045550,19644210,0,0,89,false,0
13320,0,0,27401340,47050050,19648710,0,0,90,false,0
13321,0,0,27401340,47055200,19653860,0,2,105,false,0
13322,0,0,27401340,47059350,19658010,0,0,83,false,0
13323,0,0,27401340,47059350,19658010,0,91,91,true,0
13324,0,0,27401340,47064500,19663160,0,12,115,false,0
13325,0,0,27401340,47068750,19667410,0,0,85,false,0
13326,0,0,27401340,47073650,19672310,0,0,98,false,0
13327,0,0,27401340,47078300,19676960,0,0,93,false,0
13328,0,0,27401340,47083150,19681810,0,0,97,false,0
13329,0,0,27401340,47088300,19686960,0,8,111,false,0
13330,0,0,27401340,47093100,19691760,0,0,96,false,0
13331,0,0,27401340,47098250,19696910,0,13,116,false,0
13332,0,0,27401340,47102900,19701560,0,0,93,false,0
13333,0,0,27401340,47102900,19701560,0,114,114,true,0
13334,0,0,27401340,47102900,19701560,0,93,93,true,0
13335,0,0,27401340,47102900,19701560,0,115,115,true,0
13336,0,0,27401340,47102900,19701560,0,94,94,true,0
13337,0,0,27401340,47108050,19706710,0,5,108,false,0
13338,0,0,27401340,47112950,19711610,0,0,98,false,0
13339,0,0,27401340,47117600,19716260,0,0,93,false,0
13340,0,0,27401340,47122550,19721210,0,0,99,false,0
13341,0,0,27401340,47127600,19726260,0,0,101,false,0
13342,0,0,27401340,47132450,19731110,0,0,97,false,0
13343,0,0,27401340,47137600,19736260,0,0,103,false,0
13344,0,0,27401340,47141600,19740260,0,0,80,false,0
13345,0,0,27401340,47141600,19740260,0,98,98,true,0
13346,0,0,27401340,47141600,19740260,0,94,94,true,0
13347,0,0,27401340,47141600,19740260,0,101,101,true,0
13348,0,0,27401340,47141600,19740260,0,91,91,true,0
13349,0,0,27401340,47141600,19740260,0,101,101,true,0
13350,0,0,27401340,47146350,19745010,0,0,95,false,0
13351,0,0,27401340,47150750,19749410,0,0,88,false,0
13352,0,0,27401340,47155900,19754560,0,11,114,false,0
13353,0,0,27401340,47160400,19759060,0,0,90,false,0
13354,0,0,27401340,47160400,19759060,0,82,82,true,0
13355,0,0,27401340,47165550,19764210,0,5,108,false,0
13356,0,0,27401340,47170600,19769260,0,0,101,false,0
13357,0,0,27401340,47174850,19773510,0,0,85,false,0
13358,0,0,27401340,47179700,19778360,0,0,97,false,0
13359,0,0,27401340,47184400,19783060,0,0,94,false,0
13360,0,0,27401340,47189300,19787960,0,0,98,false,0
13361,0,0,27401340,47194200,19792860,0,0,98,false,0
13362,0,0,27401340,47198600,19797260,0,0,88,false,0
13363,0,0,27401340,47203750,19802410,0,8,111,false,0
13364,0,0,27507960,47208200,19700240,0,0,89,false,0
13365,0,0,27507960,47213250,19705290,0,0,101,false,0
13366,0,0,27507960,47218400,19710440,0,4,107,false,0
13367,0,0,27507960,47218400,19710440,0,107,107,true,0
13368,0,0,27507960,47223050,19715090,0,0,93,false,0
13369,0,0,27507960,47227250,19719290,0,0,84,false,0
13370,0,0,27507960,47232400,19724440,0,6,109,false,0
13371,0,0,27507960,47237000,19729040,0,0,92,false,0
13372,0,0,27507960,47241500,19733540,0,0,90,false,0
13373,0,0,27507960,47245850,19737890,0,0,87,false,0
13374,0,0,27507960,47249950,19741990,0,0,82,false,0
13375,0,0,27507960,47254600,19746640,0,0,93,false,0
13376,0,0,27507960,47259750,19751790,0,7,110,false,0
13377,0,0,27507960,47264400,19756440,0,0,93,false,0
13378,0,0,27507960,47269200,19761240,0,0,96,false,0
13379,0,0,27507960,47269200,19761240,0,84,84,true,0
13380,0,0,27507960,47269200,19761240,0,104,104,true,0
13381,0,0,27507960,47269200,19761240,0,79,79,true,0
13382,0,0,27507960,47274250,19766290,0,0,101,false,0
13383,0,0,27507960,47279250,19771290,0,0,100,false,0
13384,0,0,27507960,47284100,19776140,0,0,97,false,0
13385,0,0,27507960,47288750,19780790,0,0,93,false,0
13386,0,0,27507960,47293550,19785590,0,0,96,false,0
13387,0,0,27507960,47298700,19790740,0,12,115,false,0
13388,0,0,27507960,47303850,19795890,0,9,112,false,0
13389,0,0,27507960,47309000,19801040,0,2,105,false,0
13390,0,0,27507960,47309000,19801040,0,90,90,true,0
13391,0,0,27507960,47309000,19801040,0,98,98,true,0
13392,0,0,27507960,47309000,19801040,0,97,97,true,0
13393,0,0,27507960,47314150,19806190,0,24,127,false,0
13394,0,0,27507960,47319300,19811340,0,12,115,false,0
13395,0,0,27507960,47324450,19816490,0,12,115,false,0
13396,0,0,27507960,47329600,19821640,0,3,106,false,0
13397,0,0,27507960,47334750,19826790,0,6,109,false,0
13398,0,0,27507960,47339900,19831940,0,10,113,false,0
13399,0,0,27507960,47344800,19836840,0,0,98,false,0
13400,0,0,27507960,47344800,19836840,0,102,102,true,0
13401,0,0,27507960,47349350,19841390,0,0,91,false,0
13402,0,0,27507960,47354050,19846090,0,0,94,false,0
13403,0,0,27507960,47358600,19850640,0,0,91,false,0
13404,0,0,27507960,47363750,19855790,0,0,103,false,0
13405,0,0,27507960,47368300,19860340,0,0,91,false,0
13406,0,0,27507960,47373450,19865490,0,0,103,false,0
13407,0,0,27507960,47377950,19869990,0,0,90,false,0
13408,0,0,27507960,47383100,19875140,0,0,103,false,0
13409,0,0,27507960,47387900,19879940,0,0,96,false,0
13410,0,0,27507960,47392750,19884790,0,0,97,false,0
13411,0,0,27507960,47392750,19884790,0,101,101,true,0
13412,0,0,27507960,47392750,19884790,0,108,108,true,0
13413,0,0,27507960,47392750,19884790,0,91,91,true,0
13414,0,0,27507960,47397900,19889940,0,0,103,false,0
13415,0,0,27507960,47402800,19894840,0,0,98,false,0
13416,0,0,27614580,47407900,19793320,0,0,102,false,0
13417,0,0,27614580,47413050,19798470,0,5,108,false,0
13418,0,0,27614580,47418200,19803620,0,5,108,false,0
13419,0,0,27614580,47422550,19807970,0,0,87,false,0
13420,0,0,27614580,47427550,19812970,0,0,100,false,0
13421,0,0,27614580,47427550,19812970,0,89,89,true,0
13422,0,0,27614580,47431750,19817170,0,0,84,false,0
13423,0,0,27614580,47436900,19822320,0,17,120,false,0
13424,0,0,27614580,47442050,19827470,0,19,122,false,0
13425,0,0,27614580,47446250,19831670,0,0,84,false,0
13426,0,0,27614580,47446250,19831670,0,104,104,true,0
13427,0,0,27614580,47446250,19831670,0,104,104,true,0
13428,0,0,27614580,47451400,19836820,0,9,112,false,0
13429,0,0,27614580,47456550,19841970,0,5,108,false,0
13430,0,0,27614580,47461700,19847120,0,4,107,false,0
13431,0,0,27614580,47461700,19847120,0,97,97,true,0
13432,0,0,27614580,47466700,19852120,0,0,100,false,0
13433,0,0,27614580,47471350,19856770,0,0,93,false,0
13434,0,0,27614580,47476500,19861920,0,18,121,false,0
13435,0,0,27614580,47481650,19867070,0,3,106,false,0
13436,0,0,27614580,47481650,19867070,0,98,98,true,0
13437,0,0,27614580,47486800,19872220,0,12,115,false,0
13438,0,0,27614580,47491950,19877370,0,1,104,false,0
13439,0,0,27614580,47497100,19882520,0,8,111,false,0
13440,0,0,27614580,47501200,19886620,0,0,82,false,0
13441,0,0,27614580,47506050,19891470,0,0,97,false,0
13442,0,0,27614580,47511000,19896420,0,0,99,false,0
13443,0,0,27614580,47516050,19901470,0,0,101,false,0
13444,0,0,27614580,47521050,19906470,0,0,100,false,0
13445,0,0,27614580,47521050,19906470,0,102,102,true,0
13446,0,0,27614580,47521050,19906470,0,91,91,true,0
13447,0,0,27614580,47521050,19906470,0,100,100,true,0
13448,0,0,27614580,47521050,19906470,0,98,98,true,0
13449,0,0,27614580,47521050,19906470,0,86,86,true,0
13450,0,0,27614580,47521050,19906470,0,93,93,true,0
13451,0,0,27614580,47526200,19911620,0,4,107,false,0
13452,0,0,27614580,47530650,19916070,0,0,89,false,0
13453,0,0,27614580,47530650,19916070,0,100,100,true,0
13454,0,0,27614580,47534600,19920020,0,0,79,false,0
13455,0,0,27614580,47538900,19924320,0,0,86,false,0
13456,0,0,27614580,47543850,19929270,0,0,99,false,0
13457,0,0,27614580,47543850,19929270,0,85,85,true,0
13458,0,0,27614580,47543850,19929270,0,91,91,true,0
13459,0,0,27614580,47543850,19929270,0,94,94,true,0
13460,0,0,27614580,47543850,19929270,0,108,108,true,0
13461,0,0,27614580,47543850,19929270,0,91,91,true,0
13462,0,0,27614580,47548250,19933670,0,0,88,false,0
13463,0,0,27614580,47553400,19938820,0,4,107,false,0
13464,0,0,27614580,47553400,19938820,0,104,104,true,0
13465,0,0,27614580,47553400,19938820,0,92,92,true,0
13466,0,0,27614580,47557750,19943170,0,0,87,false,0
13467,0,0,27614580,47562350,19947770,0,0,92,false,0
13468,0,0,27721200,47567150,19845950,0,0,96,false,0
13469,0,0,27721200,47567150,19845950,0,99,99,true,0
13470,0,0,27721200,47567150,19845950,0,106,106,true,0
13471,0,0,27721200,47567150,19845950,0,106,106,true,0
13472,0,0,27721200,47567150,19845950,0,83,83,true,0
13473,0,0,27721200,47572300,19851100,0,7,110,false,0
13474,0,0,27721200,47577450,19856250,0,1,104,false,0
13475,0,0,27721200,47582600,19861400,0,0,103,false,0
13476,0,0,27721200,47587000,19865800,0,0,88,false,0
13477,0,0,27721200,47587000,19865800,0,103,103,true,0
13478,0,0,27721200,47592150,19870950,0,4,107,false,0
13479,0,0,27721200,47596500,19875300,0,0,87,false,0
13480,0,0,27721200,47601650,19880450,0,15,118,false,0
13481,0,0,27721200,47606600,19885400,0,0,99,false,0
13482,0,0,27721200,47611750,19890550,0,8,111,false,0
13483,0,0,27721200,47611750,19890550,0,104,104,true,0
13484,0,0,27721200,47616900,19895700,0,1,104,false,0
13485,0,0,27721200,47621950,19900750,0,0,101,false,0
13486,0,0,27721200,47626350,19905150,0,0,88,false,0
13487,0,0,27721200,47631500,19910300,0,2,105,false,0
13488,0,0,27721200,47636450,19915250,0,0,99,false,0
13489,0,0,27721200,47641600,19920400,0,0,103,false,0
13490,0,0,27721200,47645900,19924700,0,0,86,false,0
13491,0,0,27721200,47645900,19924700,0,76,76,true,0
13492,0,0,27721200,47645900,19924700,0,102,102,true,0
13493,0,0,27721200,47651050,19929850,0,0,103,false,0
13494,0,0,27721200,47656200,19935000,0,2,105,false,0
13495,0,0,27721200,47661350,19940150,0,12,115,false,0
13496,0,0,27721200,47665850,19944650,0,0,90,false,0
13497,0,0,27721200,47669800,19948600,0,0,79,false,0
13498,0,0,27721200,47674350,19953150,0,0,91,false,0
13499,0,0,27721200,47679450,19958250,0,0,102,false,0
13500,0,0,27721200,47684600,19963400,0,13,116,false,0
13501,0,0,27721200,47684600,19963400,0,108,108,true,0
13502,0,0,27721200,47684600,19963400,0,102,102,true,0
13503,0,0,27721200,47688900,19967700,0,0,86,false,0
13504,0,0,27721200,47694050,19972850,0,6,109,false,0
13505,0,0,27721200,47699200,19978000,0,5,108,false,0
13506,0,0,27721200,47704000,19982800,0,0,96,false,0
13507,0,0,27721200,47708950,19987750,0,0,99,false,0
13508,0,0,27721200,47708950,19987750,0,96,96,true,0
13509,0,0,27721200,47708950,19987750,0,104,104,true,0
13510,0,0,27721200,47708950,19987750,0,105,105,true,0
13511,0,0,27721200,47708950,19987750,0,105,105,true,0
13512,0,0,27721200,47714100,19992900,0,0,103,false,0
13513,0,0,27721200,47718900,19997700,0,0,96,false,0
13514,0,0,27721200,47723700,20002500,0,0,96,false,0
13515,0,0,27721200,47728050,20006850,0,0,87,false,0
13516,0,0,27721200,47728050,20006850,0,98,98,true,0
13517,0,0,27721200,47732950,20011750,0,0,98,false,0
13518,0,0,27721200,47737650,20016450,0,0,94,false,0
13519,0,0,27721200,47742800,20021600,0,1,104,false,0
13520,0,0,27827820,47742800,19914980,0,78,78,true,0
13521,0,0,27827820,47747550,19919730,0,0,95,false,0
13522,0,0,27827820,47752700,19924880,0,21,124,false,0
13523,0,0,27827820,47756850,19929030,0,0,83,false,0
13524,0,0,27827820,47761650,19933830,0,0,96,false,0
13525,0,0,27827820,47766800,19938980,0,15,118,false,0
13526,0,0,27827820,47771950,19944130,0,2,105,false,0
13527,0,0,27827820,47777100,19949280,0,12,115,false,0
13528,0,0,27827820,47782050,19954230,0,0,99,false,0
13529,0,0,27827820,47786850,19959030,0,0,96,false,0
13530,0,0,27827820,47792000,19964180,0,1,104,false,0
13531,0,0,27827820,47797150,19969330,0,7,110,false,0
13532,0,0,27827820,47802300,19974480,0,13,116,false,0
13533,0,0,27827820,47806850,19979030,0,0,91,false,0
13534,0,0,27827820,47811550,19983730,0,0,94,false,0
13535,0,0,27827820,47816500,19988680,0,0,99,false,0
13536,0,0,27827820,47816500,19988680,0,110,110,true,0
13537,0,0,27827820,47820900,19993080,0,0,88,false,0
13538,0,0,27827820,47824750,19996930,0,0,77,false,0
13539,0,0,27827820,47829650,20001830,0,0,98,false,0
13540,0,0,27827820,47833300,20005480,0,0,73,false,0
13541,0,0,27827820,47838050,20010230,0,0,95,false,0
13542,0,0,27827820,47842500,20014680,0,0,89,false,0
13543,0,0,27827820,47847400,20019580,0,0,98,false,0
13544,0,0,27827820,47851650,20023830,0,0,85,false,0
13545,0,0,27827820,47856100,20028280,0,0,89,false,0
13546,0,0,27827820,47860750,20032930,0,0,93,false,0
13547,0,0,27827820,47860750,20032930,0,98,98,true,0
13548,0,0,27827820,47860750,20032930,0,95,95,true,0
13549,0,0,27827820,47860750,20032930,0,113,113,true,0
13550,0,0,27827820,47860750,20032930,0,104,104,true,0
13551,0,0,27827820,47860750,20032930,0,119,119,true,0
13552,0,0,27827820,47860750,20032930,0,101,101,true,0
13553,0,0,27827820,47865900,20038080,0,5,108,false,0
13554,0,0,27827820,47870400,20042580,0,0,90,false,0
13555,0,0,27827820,47874750,20046930,0,0,87,false,0
13556,0,0,27827820,47879600,20051780,0,0,97,false,0
13557,0,0,27827820,47884750,20056930,0,0,103,false,0
13558,0,0,27827820,47889400,20061580,0,0,93,false,0
13559,0,0,27827820,47893850,20066030,0,0,89,false,0
13560,0,0,27827820,47899000,20071180,0,1,104,false,0
13561,0,0,27827820,47899000,20071180,0,86,86,true,0
13562,0,0,27827820,47899000,20071180,0,103,103,true,0
13563,0,0,27827820,47899000,20071180,0,97,97,true,0
13564,0,0,27827820,47904000,20076180,0,0,100,false,0
13565,0,0,27827820,47908400,20080580,0,0,88,false,0
13566,0,0,27827820,47912750,20084930,0,0,87,false,0
13567,0,0,27827820,47917900,20090080,0,13,116,false,0
13568,0,0,27827820,47923050,20095230,0,21,124,false,0
13569,0,0,27827820,47928200,20100380,0,1,104,false,0
13570,0,0,27827820,47928200,20100380,0,104,104,true,0
13571,0,0,27827820,47928200,20100380,0,104,104,true,0
13572,0,0,27934440,47928200,19993760,0,84,84,true,0
13573,0,0,27934440,47928200,19993760,0,95,95,true,0
13574,0,0,27934440,47933350,19998910,0,15,118,false,0
13575,0,0,27934440,47937350,20002910,0,0,80,false,0
13576,0,0,27934440,47937350,20002910,0,110,110,true,0
13577,0,0,27934440,47942500,20008060,0,6,109,false,0
13578,0,0,27934440,47947650,20013210,0,0,103,false,0
13579,0,0,27934440,47952300,20017860,0,0,93,false,0
13580,0,0,27934440,47957050,20022610,0,0,95,false,0
13581,0,0,27934440,47962200,20027760,0,4,107,false,0
13582,0,0,27934440,47962200,20027760,0,123,123,true,0
13583,0,0,27934440,47962200,20027760,0,97,97,true,0
13584,0,0,27934440,47967350,20032910,0,1,104,false,0
13585,0,0,27934440,47972100,20037660,0,0,95,false,0
13586,0,0,27934440,47976900,20042460,0,0,96,false,0
13587,0,0,27934440,47981900,20047460,0,0,100,false,0
13588,0,0,27934440,47987050,20052610,0,22,125,false,0
13589,0,0,27934440,47992200,20057760,0,8,111,false,0
13590,0,0,27934440,47992200,20057760,0,108,108,true,0
13591,0,0,27934440,47996800,20062360,0,0,92,false,0
13592,0,0,27934440,48001300,20066860,0,0,90,false,0
13593,0,0,27934440,48005950,20071510,0,0,93,false,0
13594,0,0,27934440,48011100,20076660,0,13,116,false,0
13595,0,0,27934440,48015950,20081510,0,0,97,false,0
13596,0,0,27934440,48015950,20081510,0,111,111,true,0
13597,0,0,27934440,48015950,20081510,0,93,93,true,0
13598,0,0,27934440,48020700,20086260,0,0,95,false,0
13599,0,0,27934440,48025350,20090910,0,0,93,false,0
13600,0,0,27934440,48030200,20095760,0,0,97,false,0
13601,0,0,27934440,48035100,20100660,0,0,98,false,0
13602,0,0,27934440,48035100,20100660,0,103,103,true,0
13603,0,0,27934440,48040250,20105810,0,22,125,false,0
13604,0,0,27934440,48044350,20109910,0,0,82,false,0
13605,0,0,27934440,48049500,20115060,0,3,106,false,0
13606,0,0,27934440,48054450,20120010,0,0,99,false,0
13607,0,0,27934440,48059200,20124760,0,0,95,false,0
13608,0,0,27934440,48064000,20129560,0,0,96,false,0
13609,0,0,27934440,48069000,20134560,0,0,100,false,0
13610,0,0,27934440,48073850,20139410,0,0,97,false,0
13611,0,0,27934440,48079000,20144560,0,5,108,false,0
13612,0,0,27934440,48084150,20149710,0,3,106,false,0
13613,0,0,27934440,48084150,20149710,0,104,104,true,0
13614,0,0,27934440,48089300,20154860,0,2,105,false,0
13615,0,0,27934440,48094100,20159660,0,0,96,false,0
13616,0,0,27934440,48098300,20163860,0,0,84,false,0
13617,0,0,27934440,48102700,20168260,0,0,88,false,0
13618,0,0,27934440,48102700,20168260,0,90,90,true,0
13619,0,0,27934440,48107800,20173360,0,0,102,false,0
13620,0,0,27934440,48112200,20177760,0,0,88,false,0
13621,0,0,27934440,48112200,20177760,0,91,91,true,0
13622,0,0,27934440,48116900,20182460,0,0,94,false,0
13623,0,0,27934440,48121400,20186960,0,0,90,false,0
13624,0,0,28041060,48126200,20085140,0,0,96,false,0
13625,0,0,28041060,48131200,20090140,0,0,100,false,0
13626,0,0,28041060,48136350,20095290,0,5,108,false,0
13627,0,0,28041060,48136350,20095290,0,89,89,true,0
13628,0,0,28041060,48136350,20095290,0,87,87,true,0
13629,0,0,28041060,48136350,20095290,0,95,95,true,0
13630,0,0,28041060,48141150,20100090,0,0,96,false,0
13631,0,0,28041060,48146300,20105240,0,6,109,false,0
13632,0,0,28041060,48146300,20105240,0,114,114,true,0
13633,0,0,28041060,48146300,20105240,0,90,90,true,0
13634,0,0,28041060,48151350,20110290,0,0,101,false,0
13635,0,0,28041060,48156500,20115440,0,23,126,false,0
13636,0,0,28041060,48161650,20120590,0,11,114,false,0
13637,0,0,28041060,48161650,20120590,0,110,110,true,0
13638,0,0,28041060,48161650,20120590,0,94,94,true,0
13639,0,0,28041060,48161650,20120590,0,105,105,true,0
13640,0,0,28041060,48166800,20125740,0,4,107,false,0
13641,0,0,28041060,48170900,20129840,0,0,82,false,0
13642,0,0,28041060,48176050,20134990,0,3,106,false,0
13643,0,0,28041060,48180600,20139540,0,0,91,false,0
13644,0,0,28041060,48185650,20144590,0,0,101,false,0
13645,0,0,28041060,48190100,20149040,0,0,89,false,0
13646,0,0,28041060,48195050,20153990,0,0,99,false,0
13647,0,0,28041060,48200100,20159040,0,0,101,false,0
13648,0,0,28041060,48200100,20159040,0,108,108,true,0
13649,0,0,28041060,48200100,20159040,0,108,108,true,0
13650,0,0,28041060,48205250,20164190,0,2,105,false,0
13651,0,0,28041060,48209500,20168440,0,0,85,false,0
13652,0,0,28041060,48214100,20173040,0,0,92,false,0
13653,0,0,28041060,48219250,20178190,0,12,115,false,0
13654,0,0,28041060,48224300,20183240,0,0,101,false,0
13655,0,0,28041060,48229450,20188390,0,6,109,false,0
13656,0,0,28041060,48234600,20193540,0,10,113,false,0
13657,0,0,28041060,48239750,20198690,0,17,120,false,0
13658,0,0,28041060,48244500,20203440,0,0,95,false,0
13659,0,0,28041060,48249550,20208490,0,0,101,false,0
13660,0,0,28041060,48254700,20213640,0,12,115,false,0
13661,0,0,28041060,48259850,20218790,0,10,113,false,0
13662,0,0,28041060,48259850,20218790,0,89,89,true,0
13663,0,0,28041060,48263900,20222840,0,0,81,false,0
13664,0,0,28041060,48268800,20227740,0,0,98,false,0
13665,0,0,28041060,48273950,20232890,0,3,106,false,0
13666,0,0,28041060,48279100,20238040,0,13,116,false,0
13667,0,0,28041060,48279100,20238040,0,96,96,true,0
13668,0,0,28041060,48279100,20238040,0,96,96,true,0
13669,0,0,28041060,48279100,20238040,0,102,102,true,0
13670,0,0,28041060,48279100,20238040,0,85,85,true,0
13671,0,0,28041060,48279100,20238040,0,101,101,true,0
13672,0,0,28041060,48279100,20238040,0,94,94,true,0
13673,0,0,28041060,48279100,20238040,0,81,81,true,0
13674,0,0,28041060,48279100,20238040,0,100,100,true,0
13675,0,0,28041060,48283650,20242590,0,0,91,false,0
13676,0,0,28147680,48287700,20140020,0,0,81,false,0
13677,0,0,28147680,48292850,20145170,0,16,119,false,0
13678,0,0,28147680,48297750,20150070,0,0,98,false,0
13679,0,0,28147680,48302300,20154620,0,0,91,false,0
13680,0,0,28147680,48302300,20154620,0,87,87,true,0
13681,0,0,28147680,48306500,20158820,0,0,84,false,0
13682,0,0,28147680,48311550,20163870,0,0,101,false,0
13683,0,0,28147680,48316300,20168620,0,0,95,false,0
13684,0,0,28147680,48321450,20173770,0,6,109,false,0
13685,0,0,28147680,48326000,20178320,0,0,91,false,0
13686,0,0,28147680,48331150,20183470,0,10,113,false,0
13687,0,0,28147680,48336300,20188620,0,10,113,false,0
13688,0,0,28147680,48341150,20193470,0,0,97,false,0
13689,0,0,28147680,48345850,20198170,0,0,94,false,0
13690,0,0,28147680,48351000,20203320,0,11,114,false,0
13691,0,0,28147680,48356000,20208320,0,0,100,false,0
13692,0,0,28147680,48360750,20213070,0,0,95,false,0
13693,0,0,28147680,48365550,20217870,0,0,96,false,0
13694,0,0,28147680,48370700,20223020,0,3,106,false,0
13695,0,0,28147680,48375850,20228170,0,9,112,false,0
13696,0,0,28147680,48381000,20233320,0,1,104,false,0
13697,0,0,28147680,48386150,20238470,0,21,124,false,0
13698,0,0,28147680,48391300,20243620,0,6,109,false,0
13699,0,0,28147680,48395150,20247470,0,0,77,false,0
13700,0,0,28147680,48400200,20252520,0,0,101,false,0
13701,0,0,28147680,48405350,20257670,0,24,127,false,0
13702,0,0,28147680,48410500,20262820,0,6,109,false,0
13703,0,0,28147680,48410500,20262820,0,101,101,true,0
13704,0,0,28147680,48410500,20262820,0,124,124,true,0
13705,0,0,28147680,48410500,20262820,0,90,90,true,0
13706,0,0,28147680,48415650,20267970,0,4,107,false,0
13707,0,0,28147680,48420100,20272420,0,0,89,false,0
13708,0,0,28147680,48424950,20277270,0,0,97,false,0
13709,0,0,28147680,48429500,20281820,0,0,91,false,0
13710,0,0,28147680,48433900,20286220,0,0,88,false,0
13711,0,0,28147680,48438850,20291170,0,0,99,false,0
13712,0,0,28147680,48438850,20291170,0,83,83,true,0
13713,0,0,28147680,48444000,20296320,0,4,107,false,0
13714,0,0,28147680,48448900,20301220,0,0,98,false,0
13715,0,0,28147680,48453000,20305320,0,0,82,false,0
13716,0,0,28147680,48453000,20305320,0,97,97,true,0
13717,0,0,28147680,48453000,20305320,0,85,85,true,0
13718,0,0,28147680,48453000,20305320,0,105,105,true,0
13719,0,0,28147680,48453000,20305320,0,109,109,true,0
13720,0,0,28147680,48458150,20310470,0,7,110,false,0
13721,0,0,28147680,48463300,20315620,0,4,107,false,0
13722,0,0,28147680,48468450,20320770,0,8,111,false,0
13723,0,0,28147680,48472800,20325120,0,0,87,false,0
13724,0,0,28147680,48477150,20329470,0,0,87,false,0
13725,0,0,28147680,48481750,20334070,0,0,92,false,0
13726,0,0,28147680,48486900,20339220,0,6,109,false,0
13727,0,0,28147680,48491700,20344020,0,0,96,false,0
13728,0,0,28254300,48496650,20242350,0,0,99,false,0
13729,0,0,28254300,48500450,20246150,0,0,76,false,0
13730,0,0,28254300,48504950,20250650,0,0,90,false,0
13731,0,0,28254300,48510100,20255800,0,3,106,false,0
13732,0,0,28254300,48515050,20260750,0,0,99,false,0
13733,0,0,28254300,48520100,20265800,0,0,101,false,0
13734,0,0,28254300,48520100,20265800,0,105,105,true,0
13735,0,0,28254300,48524150,20269850,0,0,81,false,0
13736,0,0,28254300,48528800,20274500,0,0,93,false,0
13737,0,0,28254300,48533950,20279650,0,3,106,false,0
13738,0,0,28254300,48538500,20284200,0,0,91,false,0
13739,0,0,28254300,48543350,20289050,0,0,97,false,0
13740,0,0,28254300,48543350,20289050,0,92,92,true,0
13741,0,0,28254300,48548500,20294200,0,7,110,false,0
13742,0,0,28254300,48553650,20299350,0,0,103,false,0
13743,0,0,28254300,48553650,20299350,0,122,122,true,0
13744,0,0,28254300,48553650,20299350,0,100,100,true,0
13745,0,0,28254300,48553650,20299350,0,89,89,true,0
13746,0,0,28254300,48558000,20303700,0,0,87,false,0
13747,0,0,28254300,48563150,20308850,0,3,106,false,0
13748,0,0,28254300,48567550,20313250,0,0,88,false,0
13749,0,0,28254300,48571900,20317600,0,0,87,false,0
13750,0,0,28254300,48577050,20322750,0,7,110,false,0
13751,0,0,28254300,48582200,20327900,0,11,114,false,0
13752,0,0,28254300,48587200,20332900,0,0,100,false,0
13753,0,0,28254300,48592350,20338050,0,23,126,false,0
13754,0,0,28254300,48596750,20342450,0,0,88,false,0
13755,0,0,28254300,48601150,20346850,0,0,88,false,0
13756,0,0,28254300,48601150,20346850,0,104,104,true,0
13757,0,0,28254300,48605400,20351100,0,0,85,false,0
13758,0,0,28254300,48610550,20356250,0,0,103,false,0
13759,0,0,28254300,48615400,20361100,0,0,97,false,0
13760,0,0,28254300,48620550,20366250,0,4,107,false,0
13761,0,0,28254300,48625700,20371400,0,18,121,false,0
13762,0,0,28254300,48630850,20376550,0,4,107,false,0
13763,0,0,28254300,48634850,20380550,0,0,80,false,0
13764,0,0,28254300,48639750,20385450,0,0,98,false,0
13765,0,0,28254300,48644900,20390600,0,9,112,false,0
13766,0,0,28254300,48644900,20390600,0,94,94,true,0
13767,0,0,28254300,48644900,20390600,0,107,107,true,0
13768,0,0,28254300,48644900,20390600,0,80,80,true,0
13769,0,0,28254300,48644900,20390600,0,106,106,true,0
13770,0,0,28254300,48649850,20395550,0,0,99,false,0
13771,0,0,28254300,48654250,20399950,0,0,88,false,0
13772,0,0,28254300,48658700,20404400,0,0,89,false,0
13773,0,0,28254300,48658700,20404400,0,94,94,true,0
13774,0,0,28254300,48658700,20404400,0,109,109,true,0
13775,0,0,28254300,48658700,20404400,0,85,85,true,0
13776,0,0,28254300,48663500,20409200,0,0,96,false,0
13777,0,0,28254300,48668650,20414350,0,3,106,false,0
13778,0,0,28254300,48673800,20419500,0,16,119,false,0
13779,0,0,28254300,48678650,20424350,0,0,97,false,0
13780,0,0,28360920,48683800,20322880,0,0,103,false,0
13781,0,0,28360920,48688950,20328030,0,12,115,false,0
13782,0,0,28360920,48694100,20333180,0,24,127,false,0
13783,0,0,28360920,48699250,20338330,0,8,111,false,0
13784,0,0,28360920,48704350,20343430,0,0,102,false,0
13785,0,0,28360920,48709300,20348380,0,0,99,false,0
13786,0,0,28360920,48714050,20353130,0,0,95,false,0
13787,0,0,28360920,48718700,20357780,0,0,93,false,0
13788,0,0,28360920,48723600,20362680,0,0,98,false,0
13789,0,0,28360920,48723600,20362680,0,101,101,true,0
13790,0,0,28360920,48723600,20362680,0,102,102,true,0
13791,0,0,28360920,48723600,20362680,0,116,116,true,0
13792,0,0,28360920,48723600,20362680,0,101,101,true,0
13793,0,0,28360920,48723600,20362680,0,99,99,true,0
13794,0,0,28360920,48723600,20362680,0,110,110,true,0
13795,0,0,28360920,48723600,20362680,0,101,101,true,0
13796,0,0,28360920,48728450,20367530,0,0,97,false,0
13797,0,0,28360920,48733100,20372180,0,0,93,false,0
13798,0,0,28360920,48733100,20372180,0,109,109,true,0
13799,0,0,28360920,48737250,20376330,0,0,83,false,0
13800,0,0,28360920,48742400,20381480,0,1,104,false,0
13801,0,0,28360920,48747550,20386630,0,13,116,false,0
13802,0,0,28360920,48747550,20386630,0,85,85,true,0
13803,0,0,28360920,48747550,20386630,0,99,99,true,0
13804,0,0,28360920,48747550,20386630,0,104,104,true,0
13805,0,0,28360920,48747550,20386630,0,99,99,true,0
13806,0,0,28360920,48752700,20391780,0,0,103,false,0
13807,0,0,28360920,48757150,20396230,0,0,89,false,0
13808,0,0,28360920,48762300,20401380,0,2,105,false,0
13809,0,0,28360920,48767450,20406530,0,9,112,false,0
13810,0,0,28360920,48772500,20411580,0,0,101,false,0
13811,0,0,28360920,48777300,20416380,0,0,96,false,0
13812,0,0,28360920,48782450,20421530,0,4,107,false,0
13813,0,0,28360920,48786850,20425930,0,0,88,false,0
13814,0,0,28360920,48791500,20430580,0,0,93,false,0
13815,0,0,28360920,48791500,20430580,0,91,91,true,0
13816,0,0,28360920,48796650,20435730,0,5,108,false,0
13817,0,0,28360920,48800650,20439730,0,0,80,false,0
13818,0,0,28360920,48805100,20444180,0,0,89,false,0
13819,0,0,28360920,48809800,20448880,0,0,94,false,0
13820,0,0,28360920,48814950,20454030,0,18,121,false,0
13821,0,0,28360920,48819750,20458830,0,0,96,false,0
13822,0,0,28360920,48824500,20463580,0,0,95,false,0
13823,0,0,28360920,48829650,20468730,0,3,106,false,0
13824,0,0,28360920,48834800,20473880,0,5,108,false,0
13825,0,0,28360920,48839600,20478680,0,0,96,false,0
13826,0,0,28360920,48844000,20483080,0,0,88,false,0
13827,0,0,28360920,48848600,20487680,0,0,92,false,0
13828,0,0,28360920,48848600,20487680,0,98,98,true,0
13829,0,0,28360920,48853700,20492780,0,0,102,false,0
13830,0,0,28360920,48858850,20497930,0,10,113,false,0
13831,0,0,28360920,48863350,20502430,0,0,90,false,0
13832,0,0,28467540,48868250,20400710,0,0,98,false,0
13833,0,0,28467540,48872700,20405160,0,0,89,false,0
13834,0,0,28467540,48877500,20409960,0,0,96,false,0
13835,0,0,28467540,48882100,20414560,0,0,92,false,0
13836,0,0,28467540,48886800,20419260,0,0,94,false,0
13837,0,0,28467540,48891700,20424160,0,0,98,false,0
13838,0,0,28467540,48895650,20428110,0,0,79,false,0
13839,0,0,28467540,48900800,20433260,0,12,115,false,0
13840,0,0,28467540,48905500,20437960,0,0,94,false,0
13841,0,0,28467540,48910650,20443110,0,4,107,false,0
13842,0,0,28467540,48915750,20448210,0,0,102,false,0
13843,0,0,28467540,48920200,20452660,0,0,89,false,0
13844,0,0,28467540,48920200,20452660,0,92,92,true,0
13845,0,0,28467540,48920200,20452660,0,102,102,true,0
13846,0,0,28467540,48924350,20456810,0,0,83,false,0
13847,0,0,28467540,48929500,20461960,0,8,111,false,0
13848,0,0,28467540,48929500,20461960,0,102,102,true,0
13849,0,0,28467540,48929500,20461960,0,90,90,true,0
13850,0,0,28467540,48929500,20461960,0,107,107,true,0
13851,0,0,28467540,48929500,20461960,0,96,96,true,0
13852,0,0,28467540,48929500,20461960,0,96,96,true,0
13853,0,0,28467540,48929500,20461960,0,102,102,true,0
13854,0,0,28467540,48934650,20467110,0,8,111,false,0
13855,0,0,28467540,48939450,20471910,0,0,96,false,0
13856,0,0,28467540,48939450,20471910,0,100,100,true,0
13857,0,0,28467540,48944600,20477060,0,9,112,false,0
13858,0,0,28467540,48949750,20482210,0,12,115,false,0
13859,0,0,28467540,48949750,20482210,0,92,92,true,0
13860,0,0,28467540,48954750,20487210,0,0,100,false,0
13861,0,0,28467540,48959900,20492360,0,5,108,false,0
13862,0,0,28467540,48964350,20496810,0,0,89,false,0
13863,0,0,28467540,48968950,20501410,0,0,92,false,0
13864,0,0,28467540,48968950,20501410,0,127,127,true,0
13865,0,0,28467540,48968950,20501410,0,82,82,true,0
13866,0,0,28467540,48968950,20501410,0,115,115,true,0
13867,0,0,28467540,48968950,20501410,0,96,96,true,0
13868,0,0,28467540,48968950,20501410,0,96,96,true,0
13869,0,0,28467540,48973400,20505860,0,0,89,false,0
13870,0,0,28467540,48978150,20510610,0,0,95,false,0
13871,0,0,28467540,48978150,20510610,0,87,87,true,0
13872,0,0,28467540,48982450,20514910,0,0,86,false,0
13873,0,0,28467540,48987250,20519710,0,0,96,false,0
13874,0,0,28467540,48992200,20524660,0,0,99,false,0
13875,0,0,28467540,48996900,20529360,0,0,94,false,0
13876,0,0,28467540,48996900,20529360,0,113,113,true,0
13877,0,0,28467540,49001250,20533710,0,0,87,false,0
13878,0,0,28467540,49006300,20538760,0,0,101,false,0
13879,0,0,28467540,49010900,20543360,0,0,92,false,0
13880,0,0,28467540,49015750,20548210,0,0,97,false,0
13881,0,0,28467540,49020400,20552860,0,0,93,false,0
13882,0,0,28467540,49020400,20552860,0,106,106,true,0
13883,0,0,28467540,49020400,20552860,0,106,106,true,0
13884,0,0,28574160,49025550,20451390,0,4,107,false,0
13885,0,0,28574160,49030450,20456290,0,0,98,false,0
13886,0,0,28574160,49030450,20456290,0,93,93,true,0
13887,0,0,28574160,49030450,20456290,0,85,85,true,0
13888,0,0,28574160,49030450,20456290,0,90,90,true,0
13889,0,0,28574160,49030450,20456290,0,92,92,true,0
13890,0,0,28574160,49035600,20461440,0,11,114,false,0
13891,0,0,28574160,49040750,20466590,0,5,108,false,0
13892,0,0,28574160,49045900,20471740,0,12,115,false,0
13893,0,0,28574160,49050450,20476290,0,0,91,false,0
13894,0,0,28574160,49055300,20481140,0,0,97,false,0
13895,0,0,28574160,49060450,20486290,0,21,124,false,0
13896,0,0,28574160,49060450,20486290,0,111,111,true,0
13897,0,0,28574160,49060450,20486290,0,98,98,true,0
13898,0,0,28574160,49060450,20486290,0,112,112,true,0
13899,0,0,28574160,49064900,20490740,0,0,89,false,0
13900,0,0,28574160,49069950,20495790,0,0,101,false,0
13901,0,0,28574160,49073550,20499390,0,0,72,false,0
13902,0,0,28574160,49073550,20499390,0,102,102,true,0
13903,0,0,28574160,49073550,20499390,0,91,91,true,0
13904,0,0,28574160,49078550,20504390,0,0,100,false,0
13905,0,0,28574160,49083150,20508990,0,0,92,false,0
13906,0,0,28574160,49083150,20508990,0,99,99,true,0
13907,0,0,28574160,49088300,20514140,0,0,103,false,0
13908,0,0,28574160,49092700,20518540,0,0,88,false,0
13909,0,0,28574160,49092700,20518540,0,89,89,true,0
13910,0,0,28574160,49097850,20523690,0,2,105,false,0
13911,0,0,28574160,49103000,20528840,0,5,108,false,0
13912,0,0,28574160,49107600,20533440,0,0,92,false,0
13913,0,0,28574160,49112600,20538440,0,0,100,false,0
13914,0,0,28574160,49112600,20538440,0,92,92,true,0
13915,0,0,28574160,49112600,20538440,0,113,113,true,0
13916,0,0,28574160,49112600,20538440,0,90,90,true,0
13917,0,0,28574160,49112600,20538440,0,91,91,true,0
13918,0,0,28574160,49112600,20538440,0,102,102,true,0
13919,0,0,28574160,49112600,20538440,0,106,106,true,0
13920,0,0,28574160,49112600,20538440,0,99,99,true,0
13921,0,0,28574160,49112600,20538440,0,116,116,true,0
13922,0,0,28574160,49117750,20543590,0,7,110,false,0
13923,0,0,28574160,49122550,20548390,0,0,96,false,0
13924,0,0,28574160,49127550,20553390,0,0,100,false,0
13925,0,0,28574160,49132650,20558490,0,0,102,false,0
13926,0,0,28574160,49137650,20563490,0,0,100,false,0
13927,0,0,28574160,49142550,20568390,0,0,98,false,0
13928,0,0,28574160,49142550,20568390,0,77,77,true,0
13929,0,0,28574160,49142550,20568390,0,94,94,true,0
13930,0,0,28574160,49147700,20573540,0,6,109,false,0
13931,0,0,28574160,49152850,20578690,0,0,103,false,0
13932,0,0,28574160,49152850,20578690,0,89,89,true,0
13933,0,0,28574160,49152850,20578690,0,98,98,true,0
13934,0,0,28574160,49152850,20578690,0,86,86,true,0
13935,0,0,28574160,49152850,20578690,0,104,104,true,0
13936,0,0,28680780,49152850,20472070,0,106,106,true,0
13937,0,0,28680780,49152850,20472070,0,90,90,true,0
13938,0,0,28680780,49156500,20475720,0,0,73,false,0
13939,0,0,28680780,49161250,20480470,0,0,95,false,0
13940,0,0,28680780,49161250,20480470,0,88,88,true,0
13941,0,0,28680780,49165850,20485070,0,0,92,false,0
13942,0,0,28680780,49170150,20489370,0,0,86,false,0
13943,0,0,28680780,49175250,20494470,0,0,102,false,0
13944,0,0,28680780,49175250,20494470,0,97,97,true,0
13945,0,0,28680780,49175250,20494470,0,112,112,true,0
13946,0,0,28680780,49180000,20499220,0,0,95,false,0
13947,0,0,28680780,49185150,20504370,0,14,117,false,0
13948,0,0,28680780,49189500,20508720,0,0,87,false,0
13949,0,0,28680780,49193950,20513170,0,0,89,false,0
13950,0,0,28680780,49198750,20517970,0,0,96,false,0
13951,0,0,28680780,49203750,20522970,0,0,100,false,0
13952,0,0,28680780,49208900,20528120,0,2,105,false,0
13953,0,0,28680780,49214050,20533270,0,2,105,false,0
13954,0,0,28680780,49219200,20538420,0,2,105,false,0
13955,0,0,28680780,49223750,20542970,0,0,91,false,0
13956,0,0,28680780,49223750,20542970,0,114,114,true,0
13957,0,0,28680780,49228900,20548120,0,5,108,false,0
13958,0,0,28680780,49233600,20552820,0,0,94,false,0
13959,0,0,28680780,49237600,20556820,0,0,80,false,0
13960,0,0,28680780,49237600,20556820,0,119,119,true,0
13961,0,0,28680780,49237600,20556820,0,99,99,true,0
13962,0,0,28680780,49241800,20561020,0,0,84,false,0
13963,0,0,28680780,49246150,20565370,0,0,87,false,0
13964,0,0,28680780,49250950,20570170,0,0,96,false,0
13965,0,0,28680780,49255750,20574970,0,0,96,false,0
13966,0,0,28680780,49260850,20580070,0,0,102,false,0
13967,0,0,28680780,49266000,20585220,0,4,107,false,0
13968,0,0,28680780,49271150,20590370,0,9,112,false,0
13969,0,0,28680780,49274800,20594020,0,0,73,false,0
13970,0,0,28680780,49274800,20594020,0,108,108,true,0
13971,0,0,28680780,49279950,20599170,0,2,105,false,0
13972,0,0,28680780,49285050,20604270,0,0,102,false,0
13973,0,0,28680780,49289900,20609120,0,0,97,false,0
13974,0,0,28680780,49289900,20609120,0,98,98,true,0
13975,0,0,28680780,49289900,20609120,0,117,117,true,0
13976,0,0,28680780,49289900,20609120,0,92,92,true,0
13977,0,0,28680780,49289900,20609120,0,99,99,true,0
13978,0,0,28680780,49295050,20614270,0,2,105,false,0
13979,0,0,28680780,49299400,20618620,0,0,87,false,0
13980,0,0,28680780,49304450,20623670,0,0,101,false,0
13981,0,0,28680780,49304450,20623670,0,105,105,true,0
13982,0,0,28680780,49309500,20628720,0,0,101,false,0
13983,0,0,28680780,49314650,20633870,0,3,106,false,0
13984,0,0,28680780,49319300,20638520,0,0,93,false,0
13985,0,0,28680780,49323700,20642920,0,0,88,false,0
13986,0,0,28680780,49323700,20642920,0,98,98,true,0
13987,0,0,28680780,49323700,20642920,0,86,86,true,0
13988,0,0,28787400,49328300,20540900,0,0,92,false,0
13989,0,0,28787400,49333250,20545850,0,0,99,false,0
13990,0,0,28787400,49337450,20550050,0,0,84,false,0
13991,0,0,28787400,49342600,20555200,0,5,108,false,0
13992,0,0,28787400,49347750,20560350,0,6,109,false,0
13993,0,0,28787400,49352900,20565500,0,4,107,false,0
13994,0,0,28787400,49358050,20570650,0,0,103,false,0
13995,0,0,28787400,49363200,20575800,0,2,105,false,0
13996,0,0,28787400,49363200,20575800,0,102,102,true,0
13997,0,0,28787400,49363200,20575800,0,95,95,true,0
13998,0,0,28787400,49363200,20575800,0,92,92,true,0
13999,0,0,28787400,49363200,20575800,0,91,91,true,0
14000,0,0,28787400,49363200,20575800,0,107,107,true,0
14001,0,0,28787400,49363200,20575800,0,106,106,true,0
14002,0,0,28787400,49368350,20580950,0,3,106,false,0
14003,0,0,28787400,49373350,20585950,0,0,100,false,0
14004,0,0,28787400,49377800,20590400,0,0,89,false,0
14005,0,0,28787400,49377800,20590400,0,106,106,true,0
14006,0,0,28787400,49377800,20590400,0,97,97,true,0
14007,0,0,28787400,49382350,20594950,0,0,91,false,0
14008,0,0,28787400,49387500,20600100,0,6,109,false,0
14009,0,0,28787400,49392650,20605250,0,14,117,false,0
14010,0,0,28787400,49397500,20610100,0,0,97,false,0
14011,0,0,28787400,49401750,20614350,0,0,85,false,0
14012,0,0,28787400,49406550,20619150,0,0,96,false,0
14013,0,0,28787400,49406550,20619150,0,80,80,true,0
14014,0,0,28787400,49411350,20623950,0,0,96,false,0
14015,0,0,28787400,49416150,20628750,0,0,96,false,0
14016,0,0,28787400,49416150,20628750,0,109,109,true,0
14017,0,0,28787400,49416150,20628750,0,105,105,true,0
14018,0,0,28787400,49416150,20628750,0,87,87,true,0
14019,0,0,28787400,49416150,20628750,0,100,100,true,0
14020,0,0,28787400,49421300,20633900,0,1,104,false,0
14021,0,0,28787400,49426450,20639050,0,4,107,false,0
14022,0,0,28787400,49431200,20643800,0,0,95,false,0
14023,0,0,28787400,49436050,20648650,0,0,97,false,0
14024,0,0,28787400,49441200,20653800,0,1,104,false,0
14025,0,0,28787400,49441200,20653800,0,96,96,true,0
14026,0,0,28787400,49441200,20653800,0,93,93,true,0
14027,0,0,28787400,49441200,20653800,0,92,92,true,0
14028,0,0,28787400,49441200,20653800,0,95,95,true,0
14029,0,0,28787400,49446150,20658750,0,0,99,false,0
14030,0,0,28787400,49451200,20663800,0,0,101,false,0
14031,0,0,28787400,49455900,20668500,0,0,94,false,0
14032,0,0,28787400,49461050,20673650,0,20,123,false,0
14033,0,0,28787400,49464850,20677450,0,0,76,false,0
14034,0,0,28787400,49469900,20682500,0,0,101,false,0
14035,0,0,28787400,49474350,20686950,0,0,89,false,0
14036,0,0,28787400,49479500,20692100,0,5,108,false,0
14037,0,0,28787400,49484650,20697250,0,13,116,false,0
14038,0,0,28787400,49489750,20702350,0,0,102,false,0
14039,0,0,28787400,49494400,20707000,0,0,93,false,0
14040,0,0,28894020,49499350,20605330,0,0,99,false,0
14041,0,0,28894020,49503400,20609380,0,0,81,false,0
14042,0,0,28894020,49507900,20613880,0,0,90,false,0
14043,0,0,28894020,49513050,20619030,0,6,109,false,0
14044,0,0,28894020,49517150,20623130,0,0,82,false,0
14045,0,0,28894020,49517150,20623130,0,104,104,true,0
14046,0,0,28894020,49517150,20623130,0,97,97,true,0
14047,0,0,28894020,49521000,20626980,0,0,77,false,0
14048,0,0,28894020,49526000,20631980,0,0,100,false,0
14049,0,0,28894020,49530500,20636480,0,0,90,false,0
14050,0,0,28894020,49535650,20641630,0,0,103,false,0
14051,0,0,28894020,49540050,20646030,0,0,88,false,0
14052,0,0,28894020,49540050,20646030,0,86,86,true,0
14053,0,0,28894020,49545150,20651130,0,0,102,false,0
14054,0,0,28894020,49549600,20655580,0,0,89,false,0
14055,0,0,28894020,49554600,20660580,0,0,100,false,0
14056,0,0,28894020,49559200,20665180,0,0,92,false,0
14057,0,0,28894020,49564150,20670130,0,0,99,false,0
14058,0,0,28894020,49564150,20670130,0,96,96,true,0
14059,0,0,28894020,49564150,20670130,0,98,98,true,0
14060,0,0,28894020,49564150,20670130,0,87,87,true,0
14061,0,0,28894020,49564150,20670130,0,99,99,true,0
14062,0,0,28894020,49564150,20670130,0,92,92,true,0
14063,0,0,28894020,49564150,20670130,0,87,87,true,0
14064,0,0,28894020,49564150,20670130,0,120,120,true,0
14065,0,0,28894020,49564150,20670130,0,92,92,true,0
14066,0,0,28894020,49564150,20670130,0,112,112,true,0
14067,0,0,28894020,49569100,20675080,0,0,99,false,0
14068,0,0,28894020,49574250,20680230,0,7,110,false,0
14069,0,0,28894020,49574250,20680230,0,91,91,true,0
14070,0,0,28894020,49578650,20684630,0,0,88,false,0
14071,0,0,28894020,49583450,20689430,0,0,96,false,0
14072,0,0,28894020,49588600,20694580,0,10,113,false,0
14073,0,0,28894020,49593700,20699680,0,0,102,false,0
14074,0,0,28894020,49598550,20704530,0,0,97,false,0
14075,0,0,28894020,49603450,20709430,0,0,98,false,0
14076,0,0,28894020,49608600,20714580,0,6,109,false,0
14077,0,0,28894020,49613250,20719230,0,0,93,false,0
14078,0,0,28894020,49618400,20724380,0,1,104,false,0
14079,0,0,28894020,49623400,20729380,0,0,100,false,0
14080,0,0,28894020,49623400,20729380,0,99,99,true,0
14081,0,0,28894020,49628000,20733980,0,0,92,false,0
14082,0,0,28894020,49632600,20738580,0,0,92,false,0
14083,0,0,28894020,49637450,20743430,0,0,97,false,0
14084,0,0,28894020,49642600,20748580,0,21,124,false,0
14085,0,0,28894020,49647150,20753130,0,0,91,false,0
14086,0,0,28894020,49647150,20753130,0,101,101,true,0
14087,0,0,28894020,49652300,20758280,0,4,107,false,0
14088,0,0,28894020,49657000,20762980,0,0,94,false,0
14089,0,0,28894020,49662150,20768130,0,5,108,false,0
14090,0,0,28894020,49667300,20773280,0,16,119,false,0
14091,0,0,28894020,49671250,20777230,0,0,79,false,0
14092,0,0,29000640,49675750,20675110,0,0,90,false,0
14093,0,0,29000640,49675750,20675110,0,102,102,true,0
14094,0,0,29000640,49680900,20680260,0,11,114,false,0
14095,0,0,29000640,49686050,20685410,0,11,114,false,0
14096,0,0,29000640,49690900,20690260,0,0,97,false,0
14097,0,0,29000640,49695650,20695010,0,0,95,false,0
14098,0,0,29000640,49700650,20700010,0,0,100,false,0
14099,0,0,29000640,49705450,20704810,0,0,96,false,0
14100,0,0,29000640,49709150,20708510,0,0,74,false,0
14101,0,0,29000640,49709150,20708510,0,81,81,true,0
14102,0,0,29000640,49709150,20708510,0,106,106,true,0
14103,0,0,29000640,49709150,20708510,0,79,79,true,0
14104,0,0,29000640,49709150,20708510,0,103,103,true,0
14105,0,0,29000640,49709150,20708510,0,108,108,true,0
14106,0,0,29000640,49713950,20713310,0,0,96,false,0
14107,0,0,29000640,49718400,20717760,0,0,89,false,0
14108,0,0,29000640,49723300,20722660,0,0,98,false,0
14109,0,0,29000640,49728200,20727560,0,0,98,false,0
14110,0,0,29000640,49733350,20732710,0,6,109,false,0
14111,0,0,29000640,49738500,20737860,0,1,104,false,0
14112,0,0,29000640,49738500,20737860,0,85,85,true,0
14113,0,0,29000640,49743650,20743010,0,6,109,false,0
14114,0,0,29000640,49748550,20747910,0,0,98,false,0
14115,0,0,29000640,49753700,20753060,0,2,105,false,0
14116,0,0,29000640,49758850,20758210,0,1,104,false,0
14117,0,0,29000640,49763650,20763010,0,0,96,false,0
14118,0,0,29000640,49768350,20767710,0,0,94,false,0
14119,0,0,29000640,49773500,20772860,0,6,109,false,0
14120,0,0,29000640,49773500,20772860,0,87,87,true,0
14121,0,0,29000640,49773500,20772860,0,91,91,true,0
14122,0,0,29000640,49773500,20772860,0,92,92,true,0
14123,0,0,29000640,49773500,20772860,0,115,115,true,0
14124,0,0,29000640,49773500,20772860,0,88,88,true,0
14125,0,0,29000640,49778250,20777610,0,0,95,false,0
14126,0,0,29000640,49783250,20782610,0,0,100,false,0
14127,0,0,29000640,49788100,20787460,0,0,97,false,0
14128,0,0,29000640,49792450,20791810,0,0,87,false,0
14129,0,0,29000640,49796450,20795810,0,0,80,false,0
14130,0,0,29000640,49796450,20795810,0,107,107,true,0
14131,0,0,29000640,49796450,20795810,0,97,97,true,0
14132,0,0,29000640,49796450,20795810,0,102,102,true,0
14133,0,0,29000640,49796450,20795810,0,94,94,true,0
14134,0,0,29000640,49801600,20800960,0,4,107,false,0
14135,0,0,29000640,49806400,20805760,0,0,96,false,0
14136,0,0,29000640,49811300,20810660,0,0,98,false,0
14137,0,0,29000640,49815950,20815310,0,0,93,false,0
14138,0,0,29000640,49820800,20820160,0,0,97,false,0
14139,0,0,29000640,49825800,20825160,0,0,100,false,0
14140,0,0,29000640,49830500,20829860,0,0,94,false,0
14141,0,0,29000640,49834700,20834060,0,0,84,false,0
14142,0,0,29000640,49834700,20834060,0,92,92,true,0
14143,0,0,29000640,49834700,20834060,0,87,87,true,0
14144,0,0,29107260,49834700,20727440,0,109,109,true,0
14145,0,0,29107260,49834700,20727440,0,87,87,true,0
14146,0,0,29107260,49834700,20727440,0,78,78,true,0
14147,0,0,29107260,49834700,20727440,0,97,97,true,0
14148,0,0,29107260,49834700,20727440,0,79,79,true,0
14149,0,0,29107260,49834700,20727440,0,100,100,true,0
14150,0,0,29107260,49834700,20727440,0,107,107,true,0
14151,0,0,29107260,49838950,20731690,0,0,85,false,0
14152,0,0,29107260,49844000,20736740,0,0,101,false,0
14153,0,0,29107260,49848600,20741340,0,0,92,false,0
14154,0,0,29107260,49848600,20741340,0,115,115,true,0
14155,0,0,29107260,49848600,20741340,0,99,99,true,0
14156,0,0,29107260,49848600,20741340,0,110,110,true,0
14157,0,0,29107260,49853450,20746190,0,0,97,false,0
14158,0,0,29107260,49858300,20751040,0,0,97,false,0
14159,0,0,29107260,49862650,20755390,0,0,87,false,0
14160,0,0,29107260,49866900,20759640,0,0,85,false,0
14161,0,0,29107260,49871700,20764440,0,0,96,false,0
14162,0,0,29107260,49871700,20764440,0,114,114,true,0
14163,0,0,29107260,49871700,20764440,0,88,88,true,0
14164,0,0,29107260,49876850,20769590,0,0,103,false,0
14165,0,0,29107260,49881900,20774640,0,0,101,false,0
14166,0,0,29107260,49885700,20778440,0,0,76,false,0
14167,0,0,29107260,49890800,20783540,0,0,102,false,0
14168,0,0,29107260,49895850,20788590,0,0,101,false,0
14169,0,0,29107260,49900100,20792840,0,0,85,false,0
14170,0,0,29107260,49905250,20797990,0,14,117,false,0
14171,0,0,29107260,49910300,20803040,0,0,101,false,0
14172,0,0,29107260,49915300,20808040,0,0,100,false,0
14173,0,0,29107260,49920000,20812740,0,0,94,false,0
14174,0,0,29107260,49925150,20817890,0,3,106,false,0
14175,0,0,29107260,49930300,20823040,0,0,103,false,0
14176,0,0,29107260,49934950,20827690,0,0,93,false,0
14177,0,0,29107260,49939650,20832390,0,0,94,false,0
14178,0,0,29107260,49944800,20837540,0,9,112,false,0
14179,0,0,29107260,49949500,20842240,0,0,94,false,0
14180,0,0,29107260,49954200,20846940,0,0,94,false,0
14181,0,0,29107260,49959350,20852090,0,15,118,false,0
14182,0,0,29107260,49964500,20857240,0,13,116,false,0
14183,0,0,29107260,49964500,20857240,0,102,102,true,0
14184,0,0,29107260,49964500,20857240,0,100,100,true,0
14185,0,0,29107260,49969150,20861890,0,0,93,false,0
14186,0,0,29107260,49974300,20867040,0,8,111,false,0
14187,0,0,29107260,49979450,20872190,0,2,105,false,0
14188,0,0,29107260,49984600,20877340,0,1,104,false,0
14189,0,0,29107260,49989000,20881740,0,0,88,false,0
14190,0,0,29107260,49989000,20881740,0,99,99,true,0
14191,0,0,29107260,49989000,20881740,0,97,97,true,0
14192,0,0,29107260,49989000,20881740,0,102,102,true,0
14193,0,0,29107260,49993250,20885990,0,0,85,false,0
14194,0,0,29107260,49998050,20890790,0,0,96,false,0
14195,0,0,29107260,49998050,20890790,0,97,97,true,0
14196,0,0,29213880,50002900,20789020,0,0,97,false,0
14197,0,0,29213880,50008050,20794170,0,10,113,false,0
14198,0,0,29213880,50012850,20798970,0,0,96,false,0
14199,0,0,29213880,50017600,20803720,0,0,95,false,0
14200,0,0,29213880,50022550,20808670,0,0,99,false,0
14201,0,0,29213880,50027450,20813570,0,0,98,false,0
14202,0,0,29213880,50032450,20818570,0,0,100,false,0
14203,0,0,29213880,50037600,20823720,0,0,103,false,0
14204,0,0,29213880,50042750,20828870,0,4,107,false,0
14205,0,0,29213880,50042750,20828870,0,105,105,true,0
14206,0,0,29213880,50042750,20828870,0,97,97,true,0
14207,0,0,29213880,50046850,20832970,0,0,82,false,0
14208,0,0,29213880,50052000,20838120,0,6,109,false,0
14209,0,0,29213880,50057050,20843170,0,0,101,false,0
14210,0,0,29213880,50057050,20843170,0,95,95,true,0
14211,0,0,29213880,50057050,20843170,0,113,113,true,0
14212,0,0,29213880,50057050,20843170,0,104,104,true,0
14213,0,0,29213880,50061400,20847520,0,0,87,false,0
14214,0,0,29213880,50066550,20852670,0,5,108,false,0
14215,0,0,29213880,50071150,20857270,0,0,92,false,0
14216,0,0,29213880,50076300,20862420,0,2,105,false,0
14217,0,0,29213880,50080600,20866720,0,0,86,false,0
14218,0,0,29213880,50085100,20871220,0,0,90,false,0
14219,0,0,29213880,50089900,20876020,0,0,96,false,0
14220,0,0,29213880,50089900,20876020,0,73,73,true,0
14221,0,0,29213880,50094500,20880620,0,0,92,false,0
14222,0,0,29213880,50099350,20885470,0,0,97,false,0
14223,0,0,29213880,50104400,20890520,0,0,101,false,0
14224,0,0,29213880,50109450,20895570,0,0,101,false,0
14225,0,0,29213880,50114600,20900720,0,4,107,false,0
14226,0,0,29213880,50114600,20900720,0,85,85,true,0
14227,0,0,29213880,50114600,20900720,0,111,111,true,0
14228,0,0,29213880,50118850,20904970,0,0,85,false,0
14229,0,0,29213880,50123900,20910020,0,0,101,false,0
14230,0,0,29213880,50129050,20915170,0,11,114,false,0
14231,0,0,29213880,50134050,20920170,0,0,100,false,0
14232,0,0,29213880,50138500,20924620,0,0,89,false,0
14233,0,0,29213880,50143600,20929720,0,0,102,false,0
14234,0,0,29213880,50148750,20934870,0,3,106,false,0
14235,0,0,29213880,50153550,20939670,0,0,96,false,0
14236,0,0,29213880,50153550,20939670,0,86,86,true,0
14237,0,0,29213880,50158350,20944470,0,0,96,false,0
14238,0,0,29213880,50163500,20949620,0,1,104,false,0
14239,0,0,29213880,50167850,20953970,0,0,87,false,0
14240,0,0,29213880,50167850,20953970,0,108,108,true,0
14241,0,0,29213880,50167850,20953970,0,98,98,true,0
14242,0,0,29213880,50167850,20953970,0,89,89,true,0
14243,0,0,29213880,50173000,20959120,0,7,110,false,0
14244,0,0,29213880,50177900,20964020,0,0,98,false,0
14245,0,0,29213880,50182850,20968970,0,0,99,false,0
14246,0,0,29213880,50188000,20974120,0,0,103,false,0
14247,0,0,29213880,50191850,20977970,0,0,77,false,0
14248,0,0,29320500,50196900,20876400,0,0,101,false,0
14249,0,0,29320500,50202050,20881550,0,7,110,false,0
14250,0,0,29320500,50207200,20886700,0,3,106,false,0
14251,0,0,29320500,50207200,20886700,0,102,102,true,0
14252,0,0,29320500,50207200,20886700,0,100,100,true,0
14253,0,0,29320500,50207200,20886700,0,99,99,true,0
14254,0,0,29320500,50207200,20886700,0,84,84,true,0
14255,0,0,29320500,50212350,20891850,0,9,112,false,0
14256,0,0,29320500,50217150,20896650,0,0,96,false,0
14257,0,0,29320500,50221700,20901200,0,0,91,false,0
14258,0,0,29320500,50226600,20906100,0,0,98,false,0
14259,0,0,29320500,50231750,20911250,0,2,105,false,0
14260,0,0,29320500,50236900,20916400,0,3,106,false,0
14261,0,0,29320500,50241700,20921200,0,0,96,false,0
14262,0,0,29320500,50245900,20925400,0,0,84,false,0
14263,0,0,29320500,50250400,20929900,0,0,90,false,0
14264,0,0,29320500,50255500,20935000,0,0,102,false,0
14265,0,0,29320500,50255500,20935000,0,92,92,true,0
14266,0,0,29320500,50260050,20939550,0,0,91,false,0
14267,0,0,29320500,50265150,20944650,0,0,102,false,0
14268,0,0,29320500,50265150,20944650,0,90,90,true,0
14269,0,0,29320500,50265150,20944650,0,104,104,true,0
14270,0,0,29320500,50265150,20944650,0,109,109,true,0
14271,0,0,29320500,50265150,20944650,0,91,91,true,0
14272,0,0,29320500,50265150,20944650,0,113,113,true,0
14273,0,0,29320500,50265150,20944650,0,100,100,true,0
14274,0,0,29320500,50270200,20949700,0,0,101,false,0
14275,0,0,29320500,50274950,20954450,0,0,95,false,0
14276,0,0,29320500,50280100,20959600,0,4,107,false,0
14277,0,0,29320500,50285250,20964750,0,7,110,false,0
14278,0,0,29320500,50289550,20969050,0,0,86,false,0
14279,0,0,29320500,50294150,20973650,0,0,92,false,0
14280,0,0,29320500,50299000,20978500,0,0,97,false,0
14281,0,0,29320500,50303850,20983350,0,0,97,false,0
14282,0,0,29320500,50308550,20988050,0,0,94,false,0
14283,0,0,29320500,50313500,20993000,0,0,99,false,0
14284,0,0,29320500,50313500,20993000,0,101,101,true,0
14285,0,0,29320500,50313500,20993000,0,97,97,true,0
14286,0,0,29320500,50318550,20998050,0,0,101,false,0
14287,0,0,29320500,50323650,21003150,0,0,102,false,0
14288,0,0,29320500,50328800,21008300,0,12,115,false,0
14289,0,0,29320500,50333650,21013150,0,0,97,false,0
14290,0,0,29320500,50338800,21018300,0,9,112,false,0
14291,0,0,29320500,50343950,21023450,0,5,108,false,0
14292,0,0,29320500,50349000,21028500,0,0,101,false,0
14293,0,0,29320500,50353650,21033150,0,0,93,false,0
14294,0,0,29320500,50358800,21038300,0,8,111,false,0
14295,0,0,29320500,50363450,21042950,0,0,93,false,0
14296,0,0,29320500,50367750,21047250,0,0,86,false,0
14297,0,0,29320500,50371550,21051050,0,0,76,false,0
14298,0,0,29320500,50376050,21055550,0,0,90,false,0
14299,0,0,29320500,50381200,21060700,0,10,113,false,0
14300,0,0,29427120,50386350,20959230,0,3,106,false,0
14301,0,0,29427120,50391500,20964380,0,1,104,false,0
14302,0,0,29427120,50395600,20968480,0,0,82,false,0
14303,0,0,29427120,50400700,20973580,0,0,102,false,0
14304,0,0,29427120,50405100,20977980,0,0,88,false,0
14305,0,0,29427120,50410200,20983080,0,0,102,false,0
14306,0,0,29427120,50414050,20986930,0,0,77,false,0
14307,0,0,29427120,50418850,20991730,0,0,96,false,0
14308,0,0,29427120,50424000,20996880,0,2,105,false,0
14309,0,0,29427120,50429150,21002030,0,0,103,false,0
14310,0,0,29427120,50433400,21006280,0,0,85,false,0
14311,0,0,29427120,50433400,21006280,0,105,105,true,0
14312,0,0,29427120,50438350,21011230,0,0,99,false,0
14313,0,0,29427120,50442750,21015630,0,0,88,false,0
14314,0,0,29427120,50447350,21020230,0,0,92,false,0
14315,0,0,29427120,50451900,21024780,0,0,91,false,0
14316,0,0,29427120,50456850,21029730,0,0,99,false,0
14317,0,0,29427120,50461900,21034780,0,0,101,false,0
14318,0,0,29427120,50466450,21039330,0,0,91,false,0
14319,0,0,29427120,50471600,21044480,0,0,103,false,0
14320,0,0,29427120,50476750,21049630,0,4,107,false,0
14321,0,0,29427120,50481900,21054780,0,4,107,false,0
14322,0,0,29427120,50487050,21059930,0,15,118,false,0
14323,0,0,29427120,50491350,21064230,0,0,86,false,0
14324,0,0,29427120,50496300,21069180,0,0,99,false,0
14325,0,0,29427120,50496300,21069180,0,98,98,true,0
14326,0,0,29427120,50496300,21069180,0,106,106,true,0
14327,0,0,29427120,50501300,21074180,0,0,100,false,0
14328,0,0,29427120,50506250,21079130,0,0,99,false,0
14329,0,0,29427120,50506250,21079130,0,103,103,true,0
14330,0,0,29427120,50506250,21079130,0,109,109,true,0
14331,0,0,29427120,50510550,21083430,0,0,86,false,0
14332,0,0,29427120,50515600,21088480,0,0,101,false,0
14333,0,0,29427120,50520600,21093480,0,0,100,false,0
14334,0,0,29427120,50520600,21093480,0,94,94,true,0
14335,0,0,29427120,50520600,21093480,0,84,84,true,0
14336,0,0,29427120,50525350,21098230,0,0,95,false,0
14337,0,0,29427120,50530250,21103130,0,0,98,false,0
14338,0,0,29427120,50535350,21108230,0,0,102,false,0
14339,0,0,29427120,50540050,21112930,0,0,94,false,0
14340,0,0,29427120,50545200,21118080,0,2,105,false,0
14341,0,0,29427120,50545200,21118080,0,100,100,true,0
14342,0,0,29427120,50545200,21118080,0,113,113,true,0
14343,0,0,29427120,50545200,21118080,0,98,98,true,0
14344,0,0,29427120,50549850,21122730,0,0,93,false,0
14345,0,0,29427120,50554650,21127530,0,0,96,false,0
14346,0,0,29427120,50559250,21132130,0,0,92,false,0
14347,0,0,29427120,50564400,21137280,0,2,105,false,0
14348,0,0,29427120,50569550,21142430,0,4,107,false,0
14349,0,0,29427120,50574050,21146930,0,0,90,false,0
14350,0,0,29427120,50579000,21151880,0,0,99,false,0
14351,0,0,29427120,50583300,21156180,0,0,86,false,0
14352,0,0,29533740,50587850,21054110,0,0,91,false,0
14353,0,0,29533740,50592200,21058460,0,0,87,false,0
14354,0,0,29533740,50597350,21063610,0,4,107,false,0
14355,0,0,29533740,50602500,21068760,0,1,104,false,0
14356,0,0,29533740,50607650,21073910,0,1,104,false,0
14357,0,0,29533740,50612200,21078460,0,0,91,false,0
14358,0,0,29533740,50612200,21078460,0,95,95,true,0
14359,0,0,29533740,50612200,21078460,0,81,81,true,0
14360,0,0,29533740,50616300,21082560,0,0,82,false,0
14361,0,0,29533740,50621450,21087710,0,1,104,false,0
14362,0,0,29533740,50626600,21092860,0,6,109,false,0
14363,0,0,29533740,50630450,21096710,0,0,77,false,0
14364,0,0,29533740,50635600,21101860,0,8,111,false,0
14365,0,0,29533740,50640250,21106510,0,0,93,false,0
14366,0,0,29533740,50644900,21111160,0,0,93,false,0
14367,0,0,29533740,50649850,21116110,0,0,99,false,0
14368,0,0,29533740,50655000,21121260,0,3,106,false,0
14369,0,0,29533740,50659900,21126160,0,0,98,false,0
14370,0,0,29533740,50665050,21131310,0,6,109,false,0
14371,0,0,29533740,50669900,21136160,0,0,97,false,0
14372,0,0,29533740,50674900,21141160,0,0,100,false,0
14373,0,0,29533740,50679500,21145760,0,0,92,false,0
14374,0,0,29533740,50684650,21150910,0,0,103,false,0
14375,0,0,29533740,50684650,21150910,0,83,83,true,0
14376,0,0,29533740,50689800,21156060,0,7,110,false,0
14377,0,0,29533740,50694500,21160760,0,0,94,false,0
14378,0,0,29533740,50698800,21165060,0,0,86,false,0
14379,0,0,29533740,50698800,21165060,0,85,85,true,0
14380,0,0,29533740,50698800,21165060,0,111,111,true,0
14381,0,0,29533740,50698800,21165060,0,103,103,true,0
14382,0,0,29533740,50698800,21165060,0,102,102,true,0
14383,0,0,29533740,50703350,21169610,0,0,91,false,0
14384,0,0,29533740,50708500,21174760,0,14,117,false,0
14385,0,0,29533740,50713650,21179910,0,0,103,false,0
14386,0,0,29533740,50713650,21179910,0,83,83,true,0
14387,0,0,29533740,50713650,21179910,0,104,104,true,0
14388,0,0,29533740,50713650,21179910,0,97,97,true,0
14389,0,0,29533740,50713650,21179910,0,92,92,true,0
14390,0,0,29533740,50713650,21179910,0,100,100,true,0
14391,0,0,29533740,50713650,21179910,0,87,87,true,0
14392,0,0,29533740,50713650,21179910,0,101,101,true,0
14393,0,0,29533740,50717550,21183810,0,0,78,false,0
14394,0,0,29533740,50722300,21188560,0,0,95,false,0
14395,0,0,29533740,50727300,21193560,0,0,100,false,0
14396,0,0,29533740,50732150,21198410,0,0,97,false,0
14397,0,0,29533740,50736800,21203060,0,0,93,false,0
14398,0,0,29533740,50741200,21207460,0,0,88,false,0
14399,0,0,29533740,50746350,21212610,0,10,113,false,0
14400,0,0,29533740,50751500,21217760,0,8,111,false,0
14401,0,0,29533740,50756650,21222910,0,3,106,false,0
14402,0,0,29533740,50760950,21227210,0,0,86,false,0
14403,0,0,29533740,50765900,21232160,0,0,99,false,0
14404,0,0,29640360,50770500,21130140,0,0,92,false,0
14405,0,0,29640360,50770500,21130140,0,106,106,true,0
14406,0,0,29640360,50775400,21135040,0,0,98,false,0
14407,0,0,29640360,50780550,21140190,0,17,120,false,0
14408,0,0,29640360,50785400,21145040,0,0,97,false,0
14409,0,0,29640360,50790250,21149890,0,0,97,false,0
14410,0,0,29640360,50795350,21154990,0,0,102,false,0
14411,0,0,29640360,50800400,21160040,0,0,101,false,0
14412,0,0,29640360,50804600,21164240,0,0,84,false,0
14413,0,0,29640360,50809650,21169290,0,0,101,false,0
14414,0,0,29640360,50814750,21174390,0,0,102,false,0
14415,0,0,29640360,50819400,21179040,0,0,93,false,0
14416,0,0,29640360,50824550,21184190,0,1,104,false,0
14417,0,0,29640360,50829700,21189340,0,2,105,false,0
14418,0,0,29640360,50829700,21189340,0,85,85,true,0
14419,0,0,29640360,50829700,21189340,0,101,101,true,0
14420,0,0,29640360,50829700,21189340,0,116,116,true,0
14421,0,0,29640360,50834650,21194290,0,0,99,false,0
14422,0,0,29640360,50839650,21199290,0,0,100,false,0
14423,0,0,29640360,50844800,21204440,0,5,108,false,0
14424,0,0,29640360,50849600,21209240,0,0,96,false,0
14425,0,0,29640360,50854700,21214340,0,0,102,false,0
14426,0,0,29640360,50859850,21219490,0,5,108,false,0
14427,0,0,29640360,50864250,21223890,0,0,88,false,0
14428,0,0,29640360,50868650,21228290,0,0,88,false,0
14429,0,0,29640360,50868650,21228290,0,94,94,true,0
14430,0,0,29640360,50868650,21228290,0,102,102,true,0
14431,0,0,29640360,50868650,21228290,0,92,92,true,0
14432,0,0,29640360,50868650,21228290,0,90,90,true,0
14433,0,0,29640360,50873500,21233140,0,0,97,false,0
14434,0,0,29640360,50878250,21237890,0,0,95,false,0
14435,0,0,29640360,50883400,21243040,0,9,112,false,0
14436,0,0,29640360,50888550,21248190,0,2,105,false,0
14437,0,0,29640360,50888550,21248190,0,99,99,true,0
14438,0,0,29640360,50888550,21248190,0,107,107,true,0
14439,0,0,29640360,50893500,21253140,0,0,99,false,0
14440,0,0,29640360,50897750,21257390,0,0,85,false,0
14441,0,0,29640360,50902650,21262290,0,0,98,false,0
14442,0,0,29640360,50907800,21267440,0,5,108,false,0
14443,0,0,29640360,50912100,21271740,0,0,86,false,0
14444,0,0,29640360,50917250,21276890,0,25,128,false,0
14445,0,0,29640360,50922350,21281990,0,0,102,false,0
14446,0,0,29640360,50927500,21287140,0,8,111,false,0
14447,0,0,29640360,50931450,21291090,0,0,79,false,0
14448,0,0,29640360,50936600,21296240,0,5,108,false,0
14449,0,0,29640360,50936600,21296240,0,90,90,true,0
14450,0,0,29640360,50936600,21296240,0,109,109,true,0
14451,0,0,29640360,50936600,21296240,0,95,95,true,0
14452,0,0,29640360,50941450,21301090,0,0,97,false,0
14453,0,0,29640360,50945900,21305540,0,0,89,false,0
14454,0,0,29640360,50951050,21310690,0,3,106,false,0
14455,0,0,29640360,50955850,21315490,0,0,96,false,0
14456,0,0,29746980,50961000,21214020,0,1,104,false,0
14457,0,0,29746980,50965500,21218520,0,0,90,false,0
14458,0,0,29746980,50970550,21223570,0,0,101,false,0
14459,0,0,29746980,50974650,21227670,0,0,82,false,0
14460,0,0,29746980,50974650,21227670,0,106,106,true,0
14461,0,0,29746980,50978950,21231970,0,0,86,false,0
14462,0,0,29746980,50983900,21236920,0,0,99,false,0
14463,0,0,29746980,50989050,21242070,0,9,112,false,0
14464,0,0,29746980,50994200,21247220,0,0,103,false,0
14465,0,0,29746980,50999200,21252220,0,0,100,false,0
14466,0,0,29746980,51003700,21256720,0,0,90,false,0
14467,0,0,29746980,51008850,21261870,0,3,106,false,0
14468,0,0,29746980,51014000,21267020,0,4,107,false,0
14469,0,0,29746980,51019150,21272170,0,0,103,false,0
14470,0,0,29746980,51024050,21277070,0,0,98,false,0
14471,0,0,29746980,51029200,21282220,0,4,107,false,0
14472,0,0,29746980,51034350,21287370,0,2,105,false,0
14473,0,0,29746980,51039500,21292520,0,8,111,false,0
14474,0,0,29746980,51043400,21296420,0,0,78,false,0
14475,0,0,29746980,51047700,21300720,0,0,86,false,0
14476,0,0,29746980,51051900,21304920,0,0,84,false,0
14477,0,0,29746980,51056550,21309570,0,0,93,false,0
14478,0,0,29746980,51061250,21314270,0,0,94,false,0
14479,0,0,29746980,51066250,21319270,0,0,100,false,0
14480,0,0,29746980,51066250,21319270,0,104,104,true,0
14481,0,0,29746980,51066250,21319270,0,100,100,true,0
14482,0,0,29746980,51071400,21324420,0,1,104,false,0
14483,0,0,29746980,51076550,21329570,0,10,113,false,0
14484,0,0,29746980,51076550,21329570,0,108,108,true,0
14485,0,0,29746980,51081700,21334720,0,0,103,false,0
14486,0,0,29746980,51086500,21339520,0,0,96,false,0
14487,0,0,29746980,51090650,21343670,0,0,83,false,0
14488,0,0,29746980,51095650,21348670,0,0,100,false,0
14489,0,0,29746980,51100800,21353820,0,14,117,false,0
14490,0,0,29746980,51105950,21358970,0,4,107,false,0
14491,0,0,29746980,51105950,21358970,0,103,103,true,0
14492,0,0,29746980,51111100,21364120,0,11,114,false,0
14493,0,0,29746980,51116250,21369270,0,14,117,false,0
14494,0,0,29746980,51121400,21374420,0,7,110,false,0
14495,0,0,29746980,51126550,21379570,0,13,116,false,0
14496,0,0,29746980,51131700,21384720,0,11,114,false,0
14497,0,0,29746980,51135900,21388920,0,0,84,false,0
14498,0,0,29746980,51141050,21394070,0,3,106,false,0
14499,0,0,29746980,51145050,21398070,0,0,80,false,0
14500,0,0,29746980,51145050,21398070,0,102,102,true,0
14501,0,0,29746980,51150000,21403020,0,0,99,false,0
14502,0,0,29746980,51154650,21407670,0,0,93,false,0
14503,0,0,29746980,51154650,21407670,0,77,77,true,0
14504,0,0,29746980,51154650,21407670,0,95,95,true,0
14505,0,0,29746980,51154650,21407670,0,97,97,true,0
14506,0,0,29746980,51159300,21412320,0,0,93,false,0
14507,0,0,29746980,51164450,21417470,0,8,111,false,0
14508,0,0,29853600,51169300,21315700,0,0,97,false,0
14509,0,0,29853600,51174450,21320850,0,5,108,false,0
14510,0,0,29853600,51178800,21325200,0,0,87,false,0
14511,0,0,29853600,51183400,21329800,0,0,92,false,0
14512,0,0,29853600,51188450,21334850,0,0,101,false,0
14513,0,0,29853600,51193600,21340000,0,0,103,false,0
14514,0,0,29853600,51198250,21344650,0,0,93,false,0
14515,0,0,29853600,51203400,21349800,0,7,110,false,0
14516,0,0,29853600,51208000,21354400,0,0,92,false,0
14517,0,0,29853600,51212500,21358900,0,0,90,false,0
14518,0,0,29853600,51212500,21358900,0,114,114,true,0
14519,0,0,29853600,51216400,21362800,0,0,78,false,0
14520,0,0,29853600,51221550,21367950,0,13,116,false,0
14521,0,0,29853600,51226700,21373100,0,3,106,false,0
14522,0,0,29853600,51231750,21378150,0,0,101,false,0
14523,0,0,29853600,51236900,21383300,0,5,108,false,0
14524,0,0,29853600,51241850,21388250,0,0,99,false,0
14525,0,0,29853600,51247000,21393400,0,14,117,false,0
14526,0,0,29853600,51247000,21393400,0,107,107,true,0
14527,0,0,29853600,51252150,21398550,0,8,111,false,0
14528,0,0,29853600,51257300,21403700,0,0,103,false,0
14529,0,0,29853600,51261500,21407900,0,0,84,false,0
14530,0,0,29853600,51266650,21413050,0,7,110,false,0
14531,0,0,29853600,51271800,21418200,0,2,105,false,0
14532,0,0,29853600,51276800,21423200,0,0,100,false,0
14533,0,0,29853600,51281950,21428350,0,21,124,false,0
14534,0,0,29853600,51287100,21433500,0,15,118,false,0
14535,0,0,29853600,51291150,21437550,0,0,81,false,0
14536,0,0,29853600,51296150,21442550,0,0,100,false,0
14537,0,0,29853600,51296150,21442550,0,108,108,true,0
14538,0,0,29853600,51301100,21447500,0,0,99,false,0
14539,0,0,29853600,51306250,21452650,0,9,112,false,0
14540,0,0,29853600,51310850,21457250,0,0,92,false,0
14541,0,0,29853600,51315600,21462000,0,0,95,false,0
14542,0,0,29853600,51315600,21462000,0,92,92,true,0
14543,0,0,29853600,51315600,21462000,0,88,88,true,0
14544,0,0,29853600,51315600,21462000,0,94,94,true,0
14545,0,0,29853600,51315600,21462000,0,84,84,true,0
14546,0,0,29853600,51318900,21465300,0,0,66,false,0
14547,0,0,29853600,51323200,21469600,0,0,86,false,0
14548,0,0,29853600,51328350,21474750,0,2,105,false,0
14549,0,0,29853600,51333300,21479700,0,0,99,false,0
14550,0,0,29853600,51338250,21484650,0,0,99,false,0
14551,0,0,29853600,51338250,21484650,0,99,99,true,0
14552,0,0,29853600,51338250,21484650,0,97,97,true,0
14553,0,0,29853600,51342400,21488800,0,0,83,false,0
14554,0,0,29853600,51347550,21493950,0,3,106,false,0
14555,0,0,29853600,51352650,21499050,0,0,102,false,0
14556,0,0,29853600,51357600,21504000,0,0,99,false,0
14557,0,0,29853600,51362750,21509150,0,4,107,false,0
14558,0,0,29853600,51367300,21513700,0,0,91,false,0
14559,0,0,29853600,51372150,21518550,0,0,97,false,0
14560,0,0,29960220,51376550,21416330,0,0,88,false,0
14561,0,0,29960220,51381200,21420980,0,0,93,false,0
14562,0,0,29960220,51385300,21425080,0,0,82,false,0
14563,0,0,29960220,51385300,21425080,0,103,103,true,0
14564,0,0,29960220,51385300,21425080,0,101,101,true,0
14565,0,0,29960220,51389700,21429480,0,0,88,false,0
14566,0,0,29960220,51394700,21434480,0,0,100,false,0
14567,0,0,29960220,51399850,21439630,0,1,104,false,0
14568,0,0,29960220,51399850,21439630,0,108,108,true,0
14569,0,0,29960220,51403900,21443680,0,0,81,false,0
14570,0,0,29960220,51408600,21448380,0,0,94,false,0
14571,0,0,29960220,51408600,21448380,0,94,94,true,0
14572,0,0,29960220,51413750,21453530,0,4,107,false,0
14573,0,0,29960220,51418900,21458680,0,20,123,false,0
14574,0,0,29960220,51424050,21463830,0,3,106,false,0
14575,0,0,29960220,51424050,21463830,0,80,80,true,0
14576,0,0,29960220,51424050,21463830,0,117,117,true,0
14577,0,0,29960220,51429200,21468980,0,10,113,false,0
14578,0,0,29960220,51434200,21473980,0,0,100,false,0
14579,0,0,29960220,51439350,21479130,0,1,104,false,0
14580,0,0,29960220,51439350,21479130,0,84,84,true,0
14581,0,0,29960220,51444100,21483880,0,0,95,false,0
14582,0,0,29960220,51449150,21488930,0,0,101,false,0
14583,0,0,29960220,51454300,21494080,0,7,110,false,0
14584,0,0,29960220,51454300,21494080,0,103,103,true,0
14585,0,0,29960220,51454300,21494080,0,123,123,true,0
14586,0,0,29960220,51458950,21498730,0,0,93,false,0
14587,0,0,29960220,51463300,21503080,0,0,87,false,0
14588,0,0,29960220,51467750,21507530,0,0,89,false,0
14589,0,0,29960220,51472450,21512230,0,0,94,false,0
14590,0,0,29960220,51477550,21517330,0,0,102,false,0
14591,0,0,29960220,51482400,21522180,0,0,97,false,0
14592,0,0,29960220,51482400,21522180,0,92,92,true,0
14593,0,0,29960220,51482400,21522180,0,100,100,true,0
14594,0,0,29960220,51482400,21522180,0,94,94,true,0
14595,0,0,29960220,51486550,21526330,0,0,83,false,0
14596,0,0,29960220,51491700,21531480,0,2,105,false,0
14597,0,0,29960220,51496850,21536630,0,15,118,false,0
14598,0,0,29960220,51502000,21541780,0,15,118,false,0
14599,0,0,29960220,51507000,21546780,0,0,100,false,0
14600,0,0,29960220,51511050,21550830,0,0,81,false,0
14601,0,0,29960220,51516200,21555980,0,2,105,false,0
14602,0,0,29960220,51521350,21561130,0,3,106,false,0
14603,0,0,29960220,51521350,21561130,0,112,112,true,0
14604,0,0,29960220,51526500,21566280,0,1,104,false,0
14605,0,0,29960220,51530800,21570580,0,0,86,false,0
14606,0,0,29960220,51535200,21574980,0,0,88,false,0
14607,0,0,29960220,51540350,21580130,0,5,108,false,0
14608,0,0,29960220,51540350,21580130,0,125,125,true,0
14609,0,0,29960220,51540350,21580130,0,103,103,true,0
14610,0,0,29960220,51540350,21580130,0,104,104,true,0
14611,0,0,29960220,51545500,21585280,0,7,110,false,0
14612,0,0,30066840,51550650,21483810,0,4,107,false,0
14613,0,0,30066840,51555650,21488810,0,0,100,false,0
14614,0,0,30066840,51560750,21493910,0,0,102,false,0
14615,0,0,30066840,51565650,21498810,0,0,98,false,0
14616,0,0,30066840,51570800,21503960,0,3,106,false,0
14617,0,0,30066840,51570800,21503960,0,89,89,true,0
14618,0,0,30066840,51575950,21509110,0,10,113,false,0
14619,0,0,30066840,51580750,21513910,0,0,96,false,0
14620,0,0,30066840,51585900,21519060,0,11,114,false,0
14621,0,0,30066840,51590600,21523760,0,0,94,false,0
14622,0,0,30066840,51595550,21528710,0,0,99,false,0
14623,0,0,30066840,51600600,21533760,0,0,101,false,0
14624,0,0,30066840,51605650,21538810,0,0,101,false,0
14625,0,0,30066840,51610350,21543510,0,0,94,false,0
14626,0,0,30066840,51615500,21548660,0,8,111,false,0
14627,0,0,30066840,51620650,21553810,0,9,112,false,0
14628,0,0,30066840,51625800,21558960,0,4,107,false,0
14629,0,0,30066840,51630800,21563960,0,0,100,false,0
14630,0,0,30066840,51630800,21563960,0,94,94,true,0
14631,0,0,30066840,51630800,21563960,0,108,108,true,0
14632,0,0,30066840,51630800,21563960,0,99,99,true,0
14633,0,0,30066840,51630800,21563960,0,97,97,true,0
14634,0,0,30066840,51635950,21569110,0,7,110,false,0
14635,0,0,30066840,51639900,21573060,0,0,79,false,0
14636,0,0,30066840,51643950,21577110,0,0,81,false,0
14637,0,0,30066840,51648400,21581560,0,0,89,false,0
14638,0,0,30066840,51653250,21586410,0,0,97,false,0
14639,0,0,30066840,51658400,21591560,0,14,117,false,0
14640,0,0,30066840,51663550,21596710,0,24,127,false,0
14641,0,0,30066840,51668700,21601860,0,10,113,false,0
14642,0,0,30066840,51673850,21607010,0,17,120,false,0
14643,0,0,30066840,51678300,21611460,0,0,89,false,0
14644,0,0,30066840,51683300,21616460,0,0,100,false,0
14645,0,0,30066840,51688450,21621610,0,5,108,false,0
14646,0,0,30066840,51693600,21626760,0,0,103,false,0
14647,0,0,30066840,51698750,21631910,0,6,109,false,0
14648,0,0,30066840,51698750,21631910,0,96,96,true,0
14649,0,0,30066840,51703350,21636510,0,0,92,false,0
14650,0,0,30066840,51707700,21640860,0,0,87,false,0
14651,0,0,30066840,51711750,21644910,0,0,81,false,0
14652,0,0,30066840,51716900,21650060,0,12,115,false,0
14653,0,0,30066840,51721700,21654860,0,0,96,false,0
14654,0,0,30066840,51726850,21660010,0,0,103,false,0
14655,0,0,30066840,51732000,21665160,0,0,103,false,0
14656,0,0,30066840,51737000,21670160,0,0,100,false,0
14657,0,0,30066840,51737000,21670160,0,89,89,true,0
14658,0,0,30066840,51741500,21674660,0,0,90,false,0
14659,0,0,30066840,51746050,21679210,0,0,91,false,0
14660,0,0,30066840,51750700,21683860,0,0,93,false,0
14661,0,0,30066840,51755850,21689010,0,11,114,false,0
14662,0,0,30066840,51760900,21694060,0,0,101,false,0
14663,0,0,30066840,51760900,21694060,0,98,98,true,0
14664,0,0,30173460,51764250,21590790,0,0,67,false,0
14665,0,0,30173460,51769400,21595940,0,2,105,false,0
14666,0,0,30173460,51774150,21600690,0,0,95,false,0
14667,0,0,30173460,51778550,21605090,0,0,88,false,0
14668,0,0,30173460,51778550,21605090,0,96,96,true,0
14669,0,0,30173460,51778550,21605090,0,101,101,true,0
14670,0,0,30173460,51783700,21610240,0,0,103,false,0
14671,0,0,30173460,51788400,21614940,0,0,94,false,0
14672,0,0,30173460,51793350,21619890,0,0,99,false,0
14673,0,0,30173460,51793350,21619890,0,95,95,true,0
14674,0,0,30173460,51793350,21619890,0,93,93,true,0
14675,0,0,30173460,51793350,21619890,0,97,97,true,0
14676,0,0,30173460,51798000,21624540,0,0,93,false,0
14677,0,0,30173460,51803150,21629690,0,1,104,false,0
14678,0,0,30173460,51808150,21634690,0,0,100,false,0
14679,0,0,30173460,51813100,21639640,0,0,99,false,0
14680,0,0,30173460,51817100,21643640,0,0,80,false,0
14681,0,0,30173460,51817100,21643640,0,111,111,true,0
14682,0,0,30173460,51817100,21643640,0,95,95,true,0
14683,0,0,30173460,51821650,21648190,0,0,91,false,0
14684,0,0,30173460,51826700,21653240,0,0,101,false,0
14685,0,0,30173460,51826700,21653240,0,98,98,true,0
14686,0,0,30173460,51826700,21653240,0,98,98,true,0
14687,0,0,30173460,51826700,21653240,0,104,104,true,0
14688,0,0,30173460,51826700,21653240,0,106,106,true,0
14689,0,0,30173460,51826700,21653240,0,104,104,true,0
14690,0,0,30173460,51826700,21653240,0,127,127,true,0
14691,0,0,30173460,51826700,21653240,0,86,86,true,0
14692,0,0,30173460,51831150,21657690,0,0,89,false,0
14693,0,0,30173460,51835050,21661590,0,0,78,false,0
14694,0,0,30173460,51839600,21666140,0,0,91,false,0
14695,0,0,30173460,51844750,21671290,0,5,108,false,0
14696,0,0,30173460,51849900,21676440,0,14,117,false,0
14697,0,0,30173460,51853900,21680440,0,0,80,false,0
14698,0,0,30173460,51858250,21684790,0,0,87,false,0
14699,0,0,30173460,51863400,21689940,0,8,111,false,0
14700,0,0,30173460,51863400,21689940,0,74,74,true,0
14701,0,0,30173460,51863400,21689940,0,106,106,true,0
14702,0,0,30173460,51863400,21689940,0,91,91,true,0
14703,0,0,30173460,51863400,21689940,0,96,96,true,0
14704,0,0,30173460,51868100,21694640,0,0,94,false,0
14705,0,0,30173460,51873250,21699790,0,14,117,false,0
14706,0,0,30173460,51878400,21704940,0,11,114,false,0
14707,0,0,30173460,51882850,21709390,0,0,89,false,0
14708,0,0,30173460,51882850,21709390,0,107,107,true,0
14709,0,0,30173460,51888000,21714540,0,2,105,false,0
14710,0,0,30173460,51893150,21719690,0,1,104,false,0
14711,0,0,30173460,51897750,21724290,0,0,92,false,0
14712,0,0,30173460,51897750,21724290,0,92,92,true,0
14713,0,0,30173460,51897750,21724290,0,81,81,true,0
14714,0,0,30173460,51901650,21728190,0,0,78,false,0
14715,0,0,30173460,51906250,21732790,0,0,92,false,0
14716,0,0,30280080,51911400,21631320,0,2,105,false,0
14717,0,0,30280080,51916550,21636470,0,5,108,false,0
14718,0,0,30280080,51916550,21636470,0,98,98,true,0
14719,0,0,30280080,51921250,21641170,0,0,94,false,0
14720,0,0,30280080,51925300,21645220,0,0,81,false,0
14721,0,0,30280080,51930450,21650370,0,7,110,false,0
14722,0,0,30280080,51934500,21654420,0,0,81,false,0
14723,0,0,30280080,51939650,21659570,0,1,104,false,0
14724,0,0,30280080,51943500,21663420,0,0,77,false,0
14725,0,0,30280080,51948650,21668570,0,0,103,false,0
14726,0,0,30280080,51953800,21673720,0,1,104,false,0
14727,0,0,30280080,51958950,21678870,0,3,106,false,0
14728,0,0,30280080,51963900,21683820,0,0,99,false,0
14729,0,0,30280080,51967800,21687720,0,0,78,false,0
14730,0,0,30280080,51972950,21692870,0,3,106,false,0
14731,0,0,30280080,51977100,21697020,0,0,83,false,0
14732,0,0,30280080,51982200,21702120,0,0,102,false,0
14733,0,0,30280080,51986900,21706820,0,0,94,false,0
14734,0,0,30280080,51991850,21711770,0,0,99,false,0
14735,0,0,30280080,51996700,21716620,0,0,97,false,0
14736,0,0,30280080,52001300,21721220,0,0,92,false,0
14737,0,0,30280080,52006450,21726370,0,4,107,false,0
14738,0,0,30280080,52010900,21730820,0,0,89,false,0
14739,0,0,30280080,52015750,21735670,0,0,97,false,0
14740,0,0,30280080,52020550,21740470,0,0,96,false,0
14741,0,0,30280080,52020550,21740470,0,121,121,true,0
14742,0,0,30280080,52020550,21740470,0,82,82,true,0
14743,0,0,30280080,52025700,21745620,0,2,105,false,0
14744,0,0,30280080,52030850,21750770,0,11,114,false,0
14745,0,0,30280080,52035350,21755270,0,0,90,false,0
14746,0,0,30280080,52039950,21759870,0,0,92,false,0
14747,0,0,30280080,52045100,21765020,0,6,109,false,0
14748,0,0,30280080,52050250,21770170,0,15,118,false,0
14749,0,0,30280080,52055250,21775170,0,0,100,false,0
14750,0,0,30280080,52055250,21775170,0,100,100,true,0
14751,0,0,30280080,52055250,21775170,0,102,102,true,0
14752,0,0,30280080,52060400,21780320,0,4,107,false,0
14753,0,0,30280080,52065550,21785470,0,2,105,false,0
14754,0,0,30280080,52070450,21790370,0,0,98,false,0
14755,0,0,30280080,52075550,21795470,0,0,102,false,0
14756,0,0,30280080,52080650,21800570,0,0,102,false,0
14757,0,0,30280080,52085550,21805470,0,0,98,false,0
14758,0,0,30280080,52090700,21810620,0,1,104,false,0
14759,0,0,30280080,52095200,21815120,0,0,90,false,0
14760,0,0,30280080,52099950,21819870,0,0,95,false,0
14761,0,0,30280080,52099950,21819870,0,106,106,true,0
14762,0,0,30280080,52099950,21819870,0,96,96,true,0
14763,0,0,30280080,52104850,21824770,0,0,98,false,0
14764,0,0,30280080,52110000,21829920,0,5,108,false,0
14765,0,0,30280080,52114800,21834720,0,0,96,false,0
14766,0,0,30280080,52119450,21839370,0,0,93,false,0
14767,0,0,30280080,52119450,21839370,0,96,96,true,0
14768,0,0,30386700,52119450,21732750,0,119,119,true,0
14769,0,0,30386700,52124600,21737900,0,0,103,false,0
14770,0,0,30386700,52129400,21742700,0,0,96,false,0
14771,0,0,30386700,52129400,21742700,0,91,91,true,0
14772,0,0,30386700,52129400,21742700,0,100,100,true,0
14773,0,0,30386700,52129400,21742700,0,98,98,true,0
14774,0,0,30386700,52129400,21742700,0,95,95,true,0
14775,0,0,30386700,52134550,21747850,0,3,106,false,0
14776,0,0,30386700,52139700,21753000,0,5,108,false,0
14777,0,0,30386700,52144300,21757600,0,0,92,false,0
14778,0,0,30386700,52149300,21762600,0,0,100,false,0
14779,0,0,30386700,52154000,21767300,0,0,94,false,0
14780,0,0,30386700,52158900,21772200,0,0,98,false,0
14781,0,0,30386700,52163400,21776700,0,0,90,false,0
14782,0,0,30386700,52168400,21781700,0,0,100,false,0
14783,0,0,30386700,52173550,21786850,0,9,112,false,0
14784,0,0,30386700,52178600,21791900,0,0,101,false,0
14785,0,0,30386700,52183750,21797050,0,7,110,false,0
14786,0,0,30386700,52188900,21802200,0,7,110,false,0
14787,0,0,30386700,52194050,21807350,0,4,107,false,0
14788,0,0,30386700,52194050,21807350,0,120,120,true,0
14789,0,0,30386700,52194050,21807350,0,105,105,true,0
14790,0,0,30386700,52199200,21812500,0,5,108,false,0
14791,0,0,30386700,52203800,21817100,0,0,92,false,0
14792,0,0,30386700,52208850,21822150,0,0,101,false,0
14793,0,0,30386700,52208850,21822150,0,108,108,true,0
14794,0,0,30386700,52208850,21822150,0,97,97,true,0
14795,0,0,30386700,52213700,21827000,0,0,97,false,0
14796,0,0,30386700,52218800,21832100,0,0,102,false,0
14797,0,0,30386700,52223800,21837100,0,0,100,false,0
14798,0,0,30386700,52228500,21841800,0,0,94,false,0
14799,0,0,30386700,52233250,21846550,0,0,95,false,0
14800,0,0,30386700,52238200,21851500,0,0,99,false,0
14801,0,0,30386700,52242900,21856200,0,0,94,false,0
14802,0,0,30386700,52247900,21861200,0,0,100,false,0
14803,0,0,30386700,52253050,21866350,0,4,107,false,0
14804,0,0,30386700,52258150,21871450,0,0,102,false,0
14805,0,0,30386700,52263150,21876450,0,0,100,false,0
14806,0,0,30386700,52268300,21881600,0,6,109,false,0
14807,0,0,30386700,52273250,21886550,0,0,99,false,0
14808,0,0,30386700,52278400,21891700,0,12,115,false,0
14809,0,0,30386700,52283450,21896750,0,0,101,false,0
14810,0,0,30386700,52288450,21901750,0,0,100,false,0
14811,0,0,30386700,52293350,21906650,0,0,98,false,0
14812,0,0,30386700,52298500,21911800,0,5,108,false,0
14813,0,0,30386700,52303200,21916500,0,0,94,false,0
14814,0,0,30386700,52307650,21920950,0,0,89,false,0
14815,0,0,30386700,52307650,21920950,0,98,98,true,0
14816,0,0,30386700,52307650,21920950,0,108,108,true,0
14817,0,0,30386700,52312300,21925600,0,0,93,false,0
14818,0,0,30386700,52317150,21930450,0,0,97,false,0
14819,0,0,30386700,52322100,21935400,0,0,99,false,0
14820,0,0,30493320,52326900,21833580,0,0,96,false,0
14821,0,0,30493320,52332050,21838730,0,0,103,false,0
14822,0,0,30493320,52337200,21843880,0,10,113,false,0
14823,0,0,30493320,52341700,21848380,0,0,90,false,0
14824,0,0,30493320,52346850,21853530,0,8,111,false,0
14825,0,0,30493320,52352000,21858680,0,6,109,false,0
14826,0,0,30493320,52357150,21863830,0,4,107,false,0
14827,0,0,30493320,52357150,21863830,0,116,116,true,0
14828,0,0,30493320,52361800,21868480,0,0,93,false,0
14829,0,0,30493320,52366050,21872730,0,0,85,false,0
14830,0,0,30493320,52371200,21877880,0,0,103,false,0
14831,0,0,30493320,52375750,21882430,0,0,91,false,0
14832,0,0,30493320,52380500,21887180,0,0,95,false,0
14833,0,0,30493320,52385000,21891680,0,0,90,false,0
14834,0,0,30493320,52385000,21891680,0,98,98,true,0
14835,0,0,30493320,52385000,21891680,0,109,109,true,0
14836,0,0,30493320,52385000,21891680,0,102,102,true,0
14837,0,0,30493320,52385000,21891680,0,81,81,true,0
14838,0,0,30493320,52389650,21896330,0,0,93,false,0
14839,0,0,30493320,52394300,21900980,0,0,93,false,0
14840,0,0,30493320,52398050,21904730,0,0,75,false,0
14841,0,0,30493320,52403000,21909680,0,0,99,false,0
14842,0,0,30493320,52408150,21914830,0,8,111,false,0
14843,0,0,30493320,52413300,21919980,0,7,110,false,0
14844,0,0,30493320,52418450,21925130,0,3,106,false,0
14845,0,0,30493320,52423600,21930280,0,2,105,false,0
14846,0,0,30493320,52428250,21934930,0,0,93,false,0
14847,0,0,30493320,52428250,21934930,0,88,88,true,0
14848,0,0,30493320,52433100,21939780,0,0,97,false,0
14849,0,0,30493320,52437850,21944530,0,0,95,false,0
14850,0,0,30493320,52442300,21948980,0,0,89,false,0
14851,0,0,30493320,52447450,21954130,0,4,107,false,0
14852,0,0,30493320,52452450,21959130,0,0,100,false,0
14853,0,0,30493320,52452450,21959130,0,123,123,true,0
14854,0,0,30493320,52452450,21959130,0,92,92,true,0
14855,0,0,30493320,52452450,21959130,0,99,99,true,0
14856,0,0,30493320,52457400,21964080,0,0,99,false,0
14857,0,0,30493320,52462400,21969080,0,0,100,false,0
14858,0,0,30493320,52462400,21969080,0,98,98,true,0
14859,0,0,30493320,52462400,21969080,0,87,87,true,0
14860,0,0,30493320,52462400,21969080,0,106,106,true,0
14861,0,0,30493320,52462400,21969080,0,101,101,true,0
14862,0,0,30493320,52467550,21974230,0,1,104,false,0
14863,0,0,30493320,52472350,21979030,0,0,96,false,0
14864,0,0,30493320,52477500,21984180,0,16,119,false,0
14865,0,0,30493320,52482150,21988830,0,0,93,false,0
14866,0,0,30493320,52487000,21993680,0,0,97,false,0
14867,0,0,30493320,52491850,21998530,0,0,97,false,0
14868,0,0,30493320,52496600,22003280,0,0,95,false,0
14869,0,0,30493320,52496600,22003280,0,98,98,true,0
14870,0,0,30493320,52501750,22008430,0,32,135,false,0
14871,0,0,30493320,52506900,22013580,0,5,108,false,0
14872,0,0,30599940,52512050,21912110,0,1,104,false,0
14873,0,0,30599940,52512050,21912110,0,98,98,true,0
14874,0,0,30599940,52516500,21916560,0,0,89,false,0
14875,0,0,30599940,52521650,21921710,0,24,127,false,0
14876,0,0,30599940,52526800,21926860,0,4,107,false,0
14877,0,0,30599940,52531400,21931460,0,0,92,false,0
14878,0,0,30599940,52531400,21931460,0,102,102,true,0
14879,0,0,30599940,52531400,21931460,0,85,85,true,0
14880,0,0,30599940,52531400,21931460,0,107,107,true,0
14881,0,0,30599940,52531400,21931460,0,102,102,true,0
14882,0,0,30599940,52531400,21931460,0,101,101,true,0
14883,0,0,30599940,52531400,21931460,0,83,83,true,0
14884,0,0,30599940,52531400,21931460,0,99,99,true,0
14885,0,0,30599940,52531400,21931460,0,109,109,true,0
14886,0,0,30599940,52535850,21935910,0,0,89,false,0
14887,0,0,30599940,52540650,21940710,0,0,96,false,0
14888,0,0,30599940,52545800,21945860,0,0,103,false,0
14889,0,0,30599940,52550100,21950160,0,0,86,false,0
14890,0,0,30599940,52550100,21950160,0,99,99,true,0
14891,0,0,30599940,52550100,21950160,0,93,93,true,0
14892,0,0,30599940,52554100,21954160,0,0,80,false,0
14893,0,0,30599940,52558250,21958310,0,0,83,false,0
14894,0,0,30599940,52558250,21958310,0,77,77,true,0
14895,0,0,30599940,52558250,21958310,0,88,88,true,0
14896,0,0,30599940,52563050,21963110,0,0,96,false,0
14897,0,0,30599940,52567550,21967610,0,0,90,false,0
14898,0,0,30599940,52572600,21972660,0,0,101,false,0
14899,0,0,30599940,52577600,21977660,0,0,100,false,0
14900,0,0,30599940,52581900,21981960,0,0,86,false,0
14901,0,0,30599940,52586600,21986660,0,0,94,false,0
14902,0,0,30599940,52591050,21991110,0,0,89,false,0
14903,0,0,30599940,52591050,21991110,0,109,109,true,0
14904,0,0,30599940,52591050,21991110,0,100,100,true,0
14905,0,0,30599940,52591050,21991110,0,101,101,true,0
14906,0,0,30599940,52596200,21996260,0,13,116,false,0
14907,0,0,30599940,52601300,22001360,0,0,102,false,0
14908,0,0,30599940,52605750,22005810,0,0,89,false,0
14909,0,0,30599940,52605750,22005810,0,108,108,true,0
14910,0,0,30599940,52605750,22005810,0,79,79,true,0
14911,0,0,30599940,52610250,22010310,0,0,90,false,0
14912,0,0,30599940,52614800,22014860,0,0,91,false,0
14913,0,0,30599940,52619850,22019910,0,0,101,false,0
14914,0,0,30599940,52624650,22024710,0,0,96,false,0
14915,0,0,30599940,52629800,22029860,0,2,105,false,0
14916,0,0,30599940,52629800,22029860,0,113,113,true,0
14917,0,0,30599940,52634950,22035010,0,8,111,false,0
14918,0,0,30599940,52639500,22039560,0,0,91,false,0
14919,0,0,30599940,52644550,22044610,0,0,101,false,0
14920,0,0,30599940,52649700,22049760,0,4,107,false,0
14921,0,0,30599940,52654850,22054910,0,0,103,false,0
14922,0,0,30599940,52660000,22060060,0,8,111,false,0
14923,0,0,30599940,52660000,22060060,0,111,111,true,0
14924,0,0,30706560,52660000,21953440,0,100,100,true,0
14925,0,0,30706560,52660000,21953440,0,106,106,true,0
14926,0,0,30706560,52665100,21958540,0,0,102,false,0
14927,0,0,30706560,52669800,21963240,0,0,94,false,0
14928,0,0,30706560,52674000,21967440,0,0,84,false,0
14929,0,0,30706560,52679150,21972590,0,4,107,false,0
14930,0,0,30706560,52684300,21977740,0,2,105,false,0
14931,0,0,30706560,52689450,21982890,0,10,113,false,0
14932,0,0,30706560,52694400,21987840,0,0,99,false,0
14933,0,0,30706560,52694400,21987840,0,101,101,true,0
14934,0,0,30706560,52694400,21987840,0,87,87,true,0
14935,0,0,30706560,52694400,21987840,0,100,100,true,0
14936,0,0,30706560,52699550,21992990,0,2,105,false,0
14937,0,0,30706560,52704700,21998140,0,5,108,false,0
14938,0,0,30706560,52709450,22002890,0,0,95,false,0
14939,0,0,30706560,52714600,22008040,0,5,108,false,0
14940,0,0,30706560,52719550,22012990,0,0,99,false,0
14941,0,0,30706560,52719550,22012990,0,94,94,true,0
14942,0,0,30706560,52719550,22012990,0,107,107,true,0
14943,0,0,30706560,52719550,22012990,0,82,82,true,0
14944,0,0,30706560,52719550,22012990,0,118,118,true,0
14945,0,0,30706560,52719550,22012990,0,118,118,true,0
14946,0,0,30706560,52724300,22017740,0,0,95,false,0
14947,0,0,30706560,52727450,22020890,0,0,63,false,0
14948,0,0,30706560,52732600,22026040,0,3,106,false,0
14949,0,0,30706560,52737750,22031190,0,7,110,false,0
14950,0,0,30706560,52742850,22036290,0,0,102,false,0
14951,0,0,30706560,52748000,22041440,0,2,105,false,0
14952,0,0,30706560,52753150,22046590,0,4,107,false,0
14953,0,0,30706560,52758100,22051540,0,0,99,false,0
14954,0,0,30706560,52763100,22056540,0,0,100,false,0
14955,0,0,30706560,52768000,22061440,0,0,98,false,0
14956,0,0,30706560,52773150,22066590,0,15,118,false,0
14957,0,0,30706560,52778300,22071740,0,0,103,false,0
14958,0,0,30706560,52783450,22076890,0,6,109,false,0
14959,0,0,30706560,52788600,22082040,0,0,103,false,0
14960,0,0,30706560,52793750,22087190,0,10,113,false,0
14961,0,0,30706560,52798550,22091990,0,0,96,false,0
14962,0,0,30706560,52802800,22096240,0,0,85,false,0
14963,0,0,30706560,52802800,22096240,0,103,103,true,0
14964,0,0,30706560,52802800,22096240,0,88,88,true,0
14965,0,0,30706560,52802800,22096240,0,108,108,true,0
14966,0,0,30706560,52802800,22096240,0,113,113,true,0
14967,0,0,30706560,52802800,22096240,0,108,108,true,0
14968,0,0,30706560,52802800,22096240,0,93,93,true,0
14969,0,0,30706560,52802800,22096240,0,88,88,true,0
14970,0,0,30706560,52802800,22096240,0,112,112,true,0
14971,0,0,30706560,52807800,22101240,0,0,100,false,0
14972,0,0,30706560,52812200,22105640,0,0,88,false,0
14973,0,0,30706560,52817350,22110790,0,1,104,false,0
14974,0,0,30706560,52822500,22115940,0,3,106,false,0
14975,0,0,30706560,52822500,22115940,0,94,94,true,0
14976,0,0,30813180,52827000,22013820,0,0,90,false,0
14977,0,0,30813180,52832150,22018970,0,1,104,false,0
14978,0,0,30813180,52837150,22023970,0,0,100,false,0
14979,0,0,30813180,52841550,22028370,0,0,88,false,0
14980,0,0,30813180,52841550,22028370,0,114,114,true,0
14981,0,0,30813180,52846700,22033520,0,19,122,false,0
14982,0,0,30813180,52851850,22038670,0,14,117,false,0
14983,0,0,30813180,52856450,22043270,0,0,92,false,0
14984,0,0,30813180,52861500,22048320,0,0,101,false,0
14985,0,0,30813180,52866650,22053470,0,4,107,false,0
14986,0,0,30813180,52870600,22057420,0,0,79,false,0
14987,0,0,30813180,52870600,22057420,0,101,101,true,0
14988,0,0,30813180,52875500,22062320,0,0,98,false,0
14989,0,0,30813180,52880650,22067470,0,0,103,false,0
14990,0,0,30813180,52885750,22072570,0,0,102,false,0
14991,0,0,30813180,52890500,22077320,0,0,95,false,0
14992,0,0,30813180,52890500,22077320,0,108,108,true,0
14993,0,0,30813180,52890500,22077320,0,101,101,true,0
14994,0,0,30813180,52890500,22077320,0,106,106,true,0
14995,0,0,30813180,52890500,22077320,0,85,85,true,0
14996,0,0,30813180,52895500,22082320,0,0,100,false,0
14997,0,0,30813180,52900050,22086870,0,0,91,false,0
14998,0,0,30813180,52904850,22091670,0,0,96,false,0
14999,0,0,30813180,52909950,22096770,0,0,102,false,0
15000,0,0,30813180,52914650,22101470,0,0,94,false,0
15001,0,0,30813180,52919800,22106620,0,7,110,false,0
15002,0,0,30813180,52924400,22111220,0,0,92,false,0
15003,0,0,30813180,52924400,22111220,0,108,108,true,0
15004,0,0,30813180,52924400,22111220,0,106,106,true,0
15005,0,0,30813180,52924400,22111220,0,103,103,true,0
15006,0,0,30813180,52929150,22115970,0,0,95,false,0
15007,0,0,30813180,52933800,22120620,0,0,93,false,0
15008,0,0,30813180,52938600,22125420,0,0,96,false,0
15009,0,0,30813180,52943750,22130570,0,1,104,false,0
15010,0,0,30813180,52943750,22130570,0,108,108,true,0
15011,0,0,30813180,52947850,22134670,0,0,82,false,0
15012,0,0,30813180,52952850,22139670,0,0,100,false,0
15013,0,0,30813180,52958000,22144820,0,11,114,false,0
15014,0,0,30813180,52962850,22149670,0,0,97,false,0
15015,0,0,30813180,52967600,22154420,0,0,95,false,0
15016,0,0,30813180,52971700,22158520,0,0,82,false,0
15017,0,0,30813180,52971700,22158520,0,100,100,true,0
15018,0,0,30813180,52971700,22158520,0,94,94,true,0
15019,0,0,30813180,52976850,22163670,0,14,117,false,0
15020,0,0,30813180,52981400,22168220,0,0,91,false,0
15021,0,0,30813180,52985800,22172620,0,0,88,false,0
15022,0,0,30813180,52985800,22172620,0,113,113,true,0
15023,0,0,30813180,52985800,22172620,0,83,83,true,0
15024,0,0,30813180,52985800,22172620,0,82,82,true,0
15025,0,0,30813180,52990950,22177770,0,5,108,false,0
15026,0,0,30813180,52995600,22182420,0,0,93,false,0
15027,0,0,30813180,53000350,22187170,0,0,95,false,0
15028,0,0,30919800,53005500,22085700,0,10,113,false,0
15029,0,0,30919800,53010650,22090850,0,6,109,false,0
15030,0,0,30919800,53014850,22095050,0,0,84,false,0
15031,0,0,30919800,53014850,22095050,0,109,109,true,0
15032,0,0,30919800,53019450,22099650,0,0,92,false,0
15033,0,0,30919800,53024600,22104800,0,17,120,false,0
15034,0,0,30919800,53029750,22109950,0,3,106,false,0
15035,0,0,30919800,53034900,22115100,0,10,113,false,0
15036,0,0,30919800,53039900,22120100,0,0,100,false,0
15037,0,0,30919800,53044900,22125100,0,0,100,false,0
15038,0,0,30919800,53049900,22130100,0,0,100,false,0
15039,0,0,30919800,53055050,22135250,0,2,105,false,0
15040,0,0,30919800,53060150,22140350,0,0,102,false,0
15041,0,0,30919800,53065000,22145200,0,0,97,false,0
15042,0,0,30919800,53070150,22150350,0,11,114,false,0
15043,0,0,30919800,53075200,22155400,0,0,101,false,0
15044,0,0,30919800,53075200,22155400,0,123,123,true,0
15045,0,0,30919800,53080100,22160300,0,0,98,false,0
15046,0,0,30919800,53084300,22164500,0,0,84,false,0
15047,0,0,30919800,53084300,22164500,0,95,95,true,0
15048,0,0,30919800,53088750,22168950,0,0,89,false,0
15049,0,0,30919800,53093900,22174100,0,10,113,false,0
15050,0,0,30919800,53098500,22178700,0,0,92,false,0
15051,0,0,30919800,53103500,22183700,0,0,100,false,0
15052,0,0,30919800,53108100,22188300,0,0,92,false,0
15053,0,0,30919800,53113200,22193400,0,0,102,false,0
15054,0,0,30919800,53118350,22198550,0,6,109,false,0
15055,0,0,30919800,53123150,22203350,0,0,96,false,0
15056,0,0,30919800,53128250,22208450,0,0,102,false,0
15057,0,0,30919800,53133400,22213600,0,4,107,false,0
15058,0,0,30919800,53138100,22218300,0,0,94,false,0
15059,0,0,30919800,53142950,22223150,0,0,97,false,0
15060,0,0,30919800,53147950,22228150,0,0,100,false,0
15061,0,0,30919800,53153100,22233300,0,1,104,false,0
15062,0,0,30919800,53157900,22238100,0,0,96,false,0
15063,0,0,30919800,53157900,22238100,0,94,94,true,0
15064,0,0,30919800,53162200,22242400,0,0,86,false,0
15065,0,0,30919800,53167350,22247550,0,14,117,false,0
15066,0,0,30919800,53172350,22252550,0,0,100,false,0
15067,0,0,30919800,53176800,22257000,0,0,89,false,0
15068,0,0,30919800,53181450,22261650,0,0,93,false,0
15069,0,0,30919800,53186400,22266600,0,0,99,false,0
15070,0,0,30919800,53191300,22271500,0,0,98,false,0
15071,0,0,30919800,53196300,22276500,0,0,100,false,0
15072,0,0,30919800,53201450,22281650,0,4,107,false,0
15073,0,0,30919800,53206400,22286600,0,0,99,false,0
15074,0,0,30919800,53211300,22291500,0,0,98,false,0
15075,0,0,30919800,53216450,22296650,0,15,118,false,0
15076,0,0,30919800,53216450,22296650,0,109,109,true,0
15077,0,0,30919800,53216450,22296650,0,121,121,true,0
15078,0,0,30919800,53220550,22300750,0,0,82,false,0
15079,0,0,30919800,53225000,22305200,0,0,89,false,0
15080,0,0,31026420,53225000,22198580,0,106,106,true,0
15081,0,0,31026420,53230150,22203730,0,8,111,false,0
15082,0,0,31026420,53235300,22208880,0,3,106,false,0
15083,0,0,31026420,53240450,22214030,0,4,107,false,0
15084,0,0,31026420,53245500,22219080,0,0,101,false,0
15085,0,0,31026420,53250300,22223880,0,0,96,false,0
15086,0,0,31026420,53255050,22228630,0,0,95,false,0
15087,0,0,31026420,53260200,22233780,0,1,104,false,0
15088,0,0,31026420,53264500,22238080,0,0,86,false,0
15089,0,0,31026420,53269150,22242730,0,0,93,false,0
15090,0,0,31026420,53273650,22247230,0,0,90,false,0
15091,0,0,31026420,53278800,22252380,0,16,119,false,0
15092,0,0,31026420,53283950,22257530,0,0,103,false,0
15093,0,0,31026420,53283950,22257530,0,93,93,true,0
15094,0,0,31026420,53283950,22257530,0,98,98,true,0
15095,0,0,31026420,53288800,22262380,0,0,97,false,0
15096,0,0,31026420,53293950,22267530,0,4,107,false,0
15097,0,0,31026420,53298750,22272330,0,0,96,false,0
15098,0,0,31026420,53303400,22276980,0,0,93,false,0
15099,0,0,31026420,53307700,22281280,0,0,86,false,0
15100,0,0,31026420,53307700,22281280,0,79,79,true,0
15101,0,0,31026420,53307700,22281280,0,108,108,true,0
15102,0,0,31026420,53307700,22281280,0,95,95,true,0
15103,0,0,31026420,53312800,22286380,0,0,102,false,0
15104,0,0,31026420,53317500,22291080,0,0,94,false,0
15105,0,0,31026420,53322650,22296230,0,5,108,false,0
15106,0,0,31026420,53327800,22301380,0,3,106,false,0
15107,0,0,31026420,53332950,22306530,0,6,109,false,0
15108,0,0,31026420,53337150,22310730,0,0,84,false,0
15109,0,0,31026420,53342100,22315680,0,0,99,false,0
15110,0,0,31026420,53347250,22320830,0,3,106,false,0
15111,0,0,31026420,53351350,22324930,0,0,82,false,0
15112,0,0,31026420,53356500,22330080,0,16,119,false,0
15113,0,0,31026420,53361000,22334580,0,0,90,false,0
15114,0,0,31026420,53361000,22334580,0,95,95,true,0
15115,0,0,31026420,53366150,22339730,0,3,106,false,0
15116,0,0,31026420,53370500,22344080,0,0,87,false,0
15117,0,0,31026420,53375300,22348880,0,0,96,false,0
15118,0,0,31026420,53375300,22348880,0,105,105,true,0
15119,0,0,31026420,53375300,22348880,0,94,94,true,0
15120,0,0,31026420,53380450,22354030,0,4,107,false,0
15121,0,0,31026420,53385450,22359030,0,0,100,false,0
15122,0,0,31026420,53389900,22363480,0,0,89,false,0
15123,0,0,31026420,53395050,22368630,0,11,114,false,0
15124,0,0,31026420,53400100,22373680,0,0,101,false,0
15125,0,0,31026420,53405250,22378830,0,6,109,false,0
15126,0,0,31026420,53410050,22383630,0,0,96,false,0
15127,0,0,31026420,53415200,22388780,0,17,120,false,0
15128,0,0,31026420,53415200,22388780,0,87,87,true,0
15129,0,0,31026420,53420350,22393930,0,2,105,false,0
15130,0,0,31026420,53424800,22398380,0,0,89,false,0
15131,0,0,31026420,53428950,22402530,0,0,83,false,0
15132,0,0,31133040,53433950,22300910,0,0,100,false,0
15133,0,0,31133040,53439100,22306060,0,7,110,false,0
15134,0,0,31133040,53443750,22310710,0,0,93,false,0
15135,0,0,31133040,53443750,22310710,0,110,110,true,0
15136,0,0,31133040,53443750,22310710,0,110,110,true,0
15137,0,0,31133040,53443750,22310710,0,98,98,true,0
15138,0,0,31133040,53443750,22310710,0,107,107,true,0
15139,0,0,31133040,53448400,22315360,0,0,93,false,0
15140,0,0,31133040,53453550,22320510,0,4,107,false,0
15141,0,0,31133040,53458350,22325310,0,0,96,false,0
15142,0,0,31133040,53463250,22330210,0,0,98,false,0
15143,0,0,31133040,53468250,22335210,0,0,100,false,0
15144,0,0,31133040,53473400,22340360,0,8,111,false,0
15145,0,0,31133040,53473400,22340360,0,111,111,true,0
15146,0,0,31133040,53473400,22340360,0,109,109,true,0
15147,0,0,31133040,53473400,22340360,0,115,115,true,0
15148,0,0,31133040,53473400,22340360,0,98,98,true,0
15149,0,0,31133040,53478350,22345310,0,0,99,false,0
15150,0,0,31133040,53483500,22350460,0,0,103,false,0
15151,0,0,31133040,53488150,22355110,0,0,93,false,0
15152,0,0,31133040,53492100,22359060,0,0,79,false,0
15153,0,0,31133040,53492100,22359060,0,95,95,true,0
15154,0,0,31133040,53497250,22364210,0,22,125,false,0
15155,0,0,31133040,53502350,22369310,0,0,102,false,0
15156,0,0,31133040,53506600,22373560,0,0,85,false,0
15157,0,0,31133040,53511750,22378710,0,12,115,false,0
15158,0,0,31133040,53516900,22383860,0,11,114,false,0
15159,0,0,31133040,53516900,22383860,0,96,96,true,0
15160,0,0,31133040,53516900,22383860,0,103,103,true,0
15161,0,0,31133040,53522050,22389010,0,1,104,false,0
15162,0,0,31133040,53527200,22394160,0,0,103,false,0
15163,0,0,31133040,53532350,22399310,0,6,109,false,0
15164,0,0,31133040,53537200,22404160,0,0,97,false,0
15165,0,0,31133040,53541500,22408460,0,0,86,false,0
15166,0,0,31133040,53546400,22413360,0,0,98,false,0
15167,0,0,31133040,53551000,22417960,0,0,92,false,0
15168,0,0,31133040,53555500,22422460,0,0,90,false,0
15169,0,0,31133040,53560000,22426960,0,0,90,false,0
15170,0,0,31133040,53564650,22431610,0,0,93,false,0
15171,0,0,31133040,53569800,22436760,0,2,105,false,0
15172,0,0,31133040,53574650,22441610,0,0,97,false,0
15173,0,0,31133040,53579350,22446310,0,0,94,false,0
15174,0,0,31133040,53583850,22450810,0,0,90,false,0
15175,0,0,31133040,53583850,22450810,0,87,87,true,0
15176,0,0,31133040,53583850,22450810,0,100,100,true,0
15177,0,0,31133040,53583850,22450810,0,119,119,true,0
15178,0,0,31133040,53583850,22450810,0,76,76,true,0
15179,0,0,31133040,53583850,22450810,0,98,98,true,0
15180,0,0,31133040,53583850,22450810,0,89,89,true,0
15181,0,0,31133040,53583850,22450810,0,88,88,true,0
15182,0,0,31133040,53583850,22450810,0,55,55,true,0
15183,0,0,31133040,53583850,22450810,0,108,108,true,0
15184,0,0,31239660,53583850,22344190,0,89,89,true,0
15185,0,0,31239660,53588850,22349190,0,0,100,false,0
15186,0,0,31239660,53594000,22354340,0,3,106,false,0
15187,0,0,31239660,53599000,22359340,0,0,100,false,0
15188,0,0,31239660,53603600,22363940,0,0,92,false,0
15189,0,0,31239660,53608400,22368740,0,0,96,false,0
15190,0,0,31239660,53608400,22368740,0,97,97,true,0
15191,0,0,31239660,53612700,22373040,0,0,86,false,0
15192,0,0,31239660,53617850,22378190,0,3,106,false,0
15193,0,0,31239660,53622450,22382790,0,0,92,false,0
15194,0,0,31239660,53622450,22382790,0,103,103,true,0
15195,0,0,31239660,53622450,22382790,0,94,94,true,0
15196,0,0,31239660,53622450,22382790,0,108,108,true,0
15197,0,0,31239660,53627200,22387540,0,0,95,false,0
15198,0,0,31239660,53632350,22392690,0,19,122,false,0
15199,0,0,31239660,53637350,22397690,0,0,100,false,0
15200,0,0,31239660,53642500,22402840,0,24,127,false,0
15201,0,0,31239660,53646850,22407190,0,0,87,false,0
15202,0,0,31239660,53652000,22412340,0,2,105,false,0
15203,0,0,31239660,53656850,22417190,0,0,97,false,0
15204,0,0,31239660,53661550,22421890,0,0,94,false,0
15205,0,0,31239660,53666700,22427040,0,1,104,false,0
15206,0,0,31239660,53666700,22427040,0,108,108,true,0
15207,0,0,31239660,53666700,22427040,0,120,120,true,0
15208,0,0,31239660,53666700,22427040,0,88,88,true,0
15209,0,0,31239660,53666700,22427040,0,107,107,true,0
15210,0,0,31239660,53666700,22427040,0,106,106,true,0
15211,0,0,31239660,53671850,22432190,0,5,108,false,0
15212,0,0,31239660,53677000,22437340,0,1,104,false,0
15213,0,0,31239660,53682150,22442490,0,7,110,false,0
15214,0,0,31239660,53686250,22446590,0,0,82,false,0
15215,0,0,31239660,53686250,22446590,0,93,93,true,0
15216,0,0,31239660,53690800,22451140,0,0,91,false,0
15217,0,0,31239660,53695350,22455690,0,0,91,false,0
15218,0,0,31239660,53700450,22460790,0,0,102,false,0
15219,0,0,31239660,53705600,22465940,0,12,115,false,0
15220,0,0,31239660,53710200,22470540,0,0,92,false,0
15221,0,0,31239660,53715350,22475690,0,11,114,false,0
15222,0,0,31239660,53720100,22480440,0,0,95,false,0
15223,0,0,31239660,53725250,22485590,0,7,110,false,0
15224,0,0,31239660,53730400,22490740,0,1,104,false,0
15225,0,0,31239660,53730400,22490740,0,97,97,true,0
15226,0,0,31239660,53730400,22490740,0,112,112,true,0
15227,0,0,31239660,53730400,22490740,0,92,92,true,0
15228,0,0,31239660,53730400,22490740,0,98,98,true,0
15229,0,0,31239660,53730400,22490740,0,104,104,true,0
15230,0,0,31239660,53735550,22495890,0,9,112,false,0
15231,0,0,31239660,53740550,22500890,0,0,100,false,0
15232,0,0,31239660,53745700,22506040,0,2,105,false,0
15233,0,0,31239660,53750850,22511190,0,10,113,false,0
15234,0,0,31239660,53756000,22516340,0,10,113,false,0
15235,0,0,31239660,53760550,22520890,0,0,91,false,0
15236,0,0,31346280,53765700,22419420,0,0,103,false,0
15237,0,0,31346280,53770450,22424170,0,0,95,false,0
15238,0,0,31346280,53775400,22429120,0,0,99,false,0
15239,0,0,31346280,53780350,22434070,0,0,99,false,0
15240,0,0,31346280,53780350,22434070,0,100,100,true,0
15241,0,0,31346280,53780350,22434070,0,117,117,true,0
15242,0,0,31346280,53780350,22434070,0,77,77,true,0
15243,0,0,31346280,53780350,22434070,0,112,112,true,0
15244,0,0,31346280,53780350,22434070,0,107,107,true,0
15245,0,0,31346280,53780350,22434070,0,103,103,true,0
15246,0,0,31346280,53785500,22439220,0,1,104,false,0
15247,0,0,31346280,53789900,22443620,0,0,88,false,0
15248,0,0,31346280,53794750,22448470,0,0,97,false,0
15249,0,0,31346280,53799500,22453220,0,0,95,false,0
15250,0,0,31346280,53799500,22453220,0,117,117,true,0
15251,0,0,31346280,53799500,22453220,0,85,85,true,0
15252,0,0,31346280,53804650,22458370,0,10,113,false,0
15253,0,0,31346280,53809200,22462920,0,0,91,false,0
15254,0,0,31346280,53809200,22462920,0,106,106,true,0
15255,0,0,31346280,53809200,22462920,0,88,88,true,0
15256,0,0,31346280,53813450,22467170,0,0,85,false,0
15257,0,0,31346280,53818400,22472120,0,0,99,false,0
15258,0,0,31346280,53823550,22477270,0,0,103,false,0
15259,0,0,31346280,53828700,22482420,0,0,103,false,0
15260,0,0,31346280,53828700,22482420,0,104,104,true,0
15261,0,0,31346280,53828700,22482420,0,96,96,true,0
15262,0,0,31346280,53833850,22487570,0,0,103,false,0
15263,0,0,31346280,53839000,22492720,0,12,115,false,0
15264,0,0,31346280,53839000,22492720,0,88,88,true,0
15265,0,0,31346280,53843750,22497470,0,0,95,false,0
15266,0,0,31346280,53848750,22502470,0,0,100,false,0
15267,0,0,31346280,53848750,22502470,0,112,112,true,0
15268,0,0,31346280,53853750,22507470,0,0,100,false,0
15269,0,0,31346280,53858700,22512420,0,0,99,false,0
15270,0,0,31346280,53863500,22517220,0,0,96,false,0
15271,0,0,31346280,53868100,22521820,0,0,92,false,0
15272,0,0,31346280,53872500,22526220,0,0,88,false,0
15273,0,0,31346280,53876950,22530670,0,0,89,false,0
15274,0,0,31346280,53880800,22534520,0,0,77,false,0
15275,0,0,31346280,53885700,22539420,0,0,98,false,0
15276,0,0,31346280,53885700,22539420,0,107,107,true,0
15277,0,0,31346280,53885700,22539420,0,85,85,true,0
15278,0,0,31346280,53885700,22539420,0,109,109,true,0
15279,0,0,31346280,53890850,22544570,0,0,103,false,0
15280,0,0,31346280,53895500,22549220,0,0,93,false,0
15281,0,0,31346280,53900650,22554370,0,0,103,false,0
15282,0,0,31346280,53905400,22559120,0,0,95,false,0
15283,0,0,31346280,53910400,22564120,0,0,100,false,0
15284,0,0,31346280,53914450,22568170,0,0,81,false,0
15285,0,0,31346280,53919200,22572920,0,0,95,false,0
15286,0,0,31346280,53924300,22578020,0,0,102,false,0
15287,0,0,31346280,53928250,22581970,0,0,79,false,0
15288,0,0,31452900,53928250,22475350,0,87,87,true,0
15289,0,0,31452900,53932400,22479500,0,0,83,false,0
15290,0,0,31452900,53937400,22484500,0,0,100,false,0
15291,0,0,31452900,53937400,22484500,0,117,117,true,0
15292,0,0,31452900,53942550,22489650,0,7,110,false,0
15293,0,0,31452900,53947700,22494800,0,8,111,false,0
15294,0,0,31452900,53952400,22499500,0,0,94,false,0
15295,0,0,31452900,53957300,22504400,0,0,98,false,0
15296,0,0,31452900,53962300,22509400,0,0,100,false,0
15297,0,0,31452900,53967050,22514150,0,0,95,false,0
15298,0,0,31452900,53971600,22518700,0,0,91,false,0
15299,0,0,31452900,53976750,22523850,0,12,115,false,0
15300,0,0,31452900,53981900,22529000,0,0,103,false,0
15301,0,0,31452900,53987050,22534150,0,4,107,false,0
15302,0,0,31452900,53992200,22539300,0,9,112,false,0
15303,0,0,31452900,53997350,22544450,0,17,120,false,0
15304,0,0,31452900,54001950,22549050,0,0,92,false,0
15305,0,0,31452900,54007100,22554200,0,17,120,false,0
15306,0,0,31452900,54012000,22559100,0,0,98,false,0
15307,0,0,31452900,54016850,22563950,0,0,97,false,0
15308,0,0,31452900,54022000,22569100,0,26,129,false,0
15309,0,0,31452900,54026800,22573900,0,0,96,false,0
15310,0,0,31452900,54031950,22579050,0,6,109,false,0
15311,0,0,31452900,54036950,22584050,0,0,100,false,0
15312,0,0,31452900,54041900,22589000,0,0,99,false,0
15313,0,0,31452900,54046700,22593800,0,0,96,false,0
15314,0,0,31452900,54051000,22598100,0,0,86,false,0
15315,0,0,31452900,54051000,22598100,0,103,103,true,0
15316,0,0,31452900,54051000,22598100,0,96,96,true,0
15317,0,0,31452900,54051000,22598100,0,96,96,true,0
15318,0,0,31452900,54051000,22598100,0,105,105,true,0
15319,0,0,31452900,54056150,22603250,0,2,105,false,0
15320,0,0,31452900,54061300,22608400,0,7,110,false,0
15321,0,0,31452900,54065500,22612600,0,0,84,false,0
15322,0,0,31452900,54065500,22612600,0,100,100,true,0
15323,0,0,31452900,54065500,22612600,0,94,94,true,0
15324,0,0,31452900,54065500,22612600,0,93,93,true,0
15325,0,0,31452900,54065500,22612600,0,105,105,true,0
15326,0,0,31452900,54070650,22617750,0,9,112,false,0
15327,0,0,31452900,54075700,22622800,0,0,101,false,0
15328,0,0,31452900,54075700,22622800,0,108,108,true,0
15329,0,0,31452900,54075700,22622800,0,81,81,true,0
15330,0,0,31452900,54075700,22622800,0,107,107,true,0
15331,0,0,31452900,54080850,22627950,0,0,103,false,0
15332,0,0,31452900,54086000,22633100,0,2,105,false,0
15333,0,0,31452900,54091050,22638150,0,0,101,false,0
15334,0,0,31452900,54095250,22642350,0,0,84,false,0
15335,0,0,31452900,54100150,22647250,0,0,98,false,0
15336,0,0,31452900,54105250,22652350,0,0,102,false,0
15337,0,0,31452900,54110400,22657500,0,2,105,false,0
15338,0,0,31452900,54115550,22662650,0,6,109,false,0
15339,0,0,31452900,54120250,22667350,0,0,94,false,0
15340,0,0,31559520,54125300,22565780,0,0,101,false,0
15341,0,0,31559520,54125300,22565780,0,116,116,true,0
15342,0,0,31559520,54130450,22570930,0,7,110,false,0
15343,0,0,31559520,54135050,22575530,0,0,92,false,0
15344,0,0,31559520,54139600,22580080,0,0,91,false,0
15345,0,0,31559520,54144400,22584880,0,0,96,false,0
15346,0,0,31559520,54149550,22590030,0,12,115,false,0
15347,0,0,31559520,54154650,22595130,0,0,102,false,0
15348,0,0,31559520,54159800,22600280,0,7,110,false,0
15349,0,0,31559520,54164950,22605430,0,9,112,false,0
15350,0,0,31559520,54169750,22610230,0,0,96,false,0
15351,0,0,31559520,54174900,22615380,0,3,106,false,0
15352,0,0,31559520,54174900,22615380,0,121,121,true,0
15353,0,0,31559520,54179150,22619630,0,0,85,false,0
15354,0,0,31559520,54184100,22624580,0,0,99,false,0
15355,0,0,31559520,54189200,22629680,0,0,102,false,0
15356,0,0,31559520,54193600,22634080,0,0,88,false,0
15357,0,0,31559520,54193600,22634080,0,93,93,true,0
15358,0,0,31559520,54198250,22638730,0,0,93,false,0
15359,0,0,31559520,54203400,22643880,0,5,108,false,0
15360,0,0,31559520,54208550,22649030,0,21,124,false,0
15361,0,0,31559520,54213550,22654030,0,0,100,false,0
15362,0,0,31559520,54218700,22659180,0,7,110,false,0
15363,0,0,31559520,54218700,22659180,0,99,99,true,0
15364,0,0,31559520,54218700,22659180,0,111,111,true,0
15365,0,0,31559520,54218700,22659180,0,105,105,true,0
15366,0,0,31559520,54218700,22659180,0,100,100,true,0
15367,0,0,31559520,54218700,22659180,0,91,91,true,0
15368,0,0,31559520,54223850,22664330,0,0,103,false,0
15369,0,0,31559520,54228450,22668930,0,0,92,false,0
15370,0,0,31559520,54233600,22674080,0,17,120,false,0
15371,0,0,31559520,54238750,22679230,0,2,105,false,0
15372,0,0,31559520,54243900,22684380,0,5,108,false,0
15373,0,0,31559520,54249050,22689530,0,6,109,false,0
15374,0,0,31559520,54254200,22694680,0,8,111,false,0
15375,0,0,31559520,54254200,22694680,0,115,115,true,0
15376,0,0,31559520,54254200,22694680,0,93,93,true,0
15377,0,0,31559520,54254200,22694680,0,106,106,true,0
15378,0,0,31559520,54254200,22694680,0,104,104,true,0
15379,0,0,31559520,54259350,22699830,0,24,127,false,0
15380,0,0,31559520,54264500,22704980,0,16,119,false,0
15381,0,0,31559520,54268350,22708830,0,0,77,false,0
15382,0,0,31559520,54272350,22712830,0,0,80,false,0
15383,0,0,31559520,54277350,22717830,0,0,100,false,0
15384,0,0,31559520,54281650,22722130,0,0,86,false,0
15385,0,0,31559520,54286800,22727280,0,7,110,false,0
15386,0,0,31559520,54291950,22732430,0,2,105,false,0
15387,0,0,31559520,54296450,22736930,0,0,90,false,0
15388,0,0,31559520,54300850,22741330,0,0,88,false,0
15389,0,0,31559520,54305300,22745780,0,0,89,false,0
15390,0,0,31559520,54309600,22750080,0,0,86,false,0
15391,0,0,31559520,54309600,22750080,0,99,99,true,0
15392,0,0,31666140,54309600,22643460,0,109,109,true,0
15393,0,0,31666140,54309600,22643460,0,98,98,true,0
15394,0,0,31666140,54309600,22643460,0,104,104,true,0
15395,0,0,31666140,54309600,22643460,0,94,94,true,0
15396,0,0,31666140,54309600,22643460,0,96,96,true,0
15397,0,0,31666140,54309600,22643460,0,111,111,true,0
15398,0,0,31666140,54309600,22643460,0,97,97,true,0
15399,0,0,31666140,54309600,22643460,0,107,107,true,0
15400,0,0,31666140,54314750,22648610,0,10,113,false,0
15401,0,0,31666140,54319650,22653510,0,0,98,false,0
15402,0,0,31666140,54319650,22653510,0,93,93,true,0
15403,0,0,31666140,54319650,22653510,0,124,124,true,0
15404,0,0,31666140,54324800,22658660,0,3,106,false,0
15405,0,0,31666140,54329950,22663810,0,0,103,false,0
15406,0,0,31666140,54329950,22663810,0,106,106,true,0
15407,0,0,31666140,54334850,22668710,0,0,98,false,0
15408,0,0,31666140,54340000,22673860,0,3,106,false,0
15409,0,0,31666140,54345150,22679010,0,4,107,false,0
15410,0,0,31666140,54350200,22684060,0,0,101,false,0
15411,0,0,31666140,54355350,22689210,0,9,112,false,0
15412,0,0,31666140,54360500,22694360,0,10,113,false,0
15413,0,0,31666140,54365400,22699260,0,0,98,false,0
15414,0,0,31666140,54370350,22704210,0,0,99,false,0
15415,0,0,31666140,54375500,22709360,0,9,112,false,0
15416,0,0,31666140,54380650,22714510,0,0,103,false,0
15417,0,0,31666140,54380650,22714510,0,107,107,true,0
15418,0,0,31666140,54380650,22714510,0,111,111,true,0
15419,0,0,31666140,54385800,22719660,0,0,103,false,0
15420,0,0,31666140,54390300,22724160,0,0,90,false,0
15421,0,0,31666140,54395300,22729160,0,0,100,false,0
15422,0,0,31666140,54400000,22733860,0,0,94,false,0
15423,0,0,31666140,54404600,22738460,0,0,92,false,0
15424,0,0,31666140,54404600,22738460,0,76,76,true,0
15425,0,0,31666140,54409750,22743610,0,8,111,false,0
15426,0,0,31666140,54414500,22748360,0,0,95,false,0
15427,0,0,31666140,54419650,22753510,0,6,109,false,0
15428,0,0,31666140,54424800,22758660,0,3,106,false,0
15429,0,0,31666140,54429950,22763810,0,14,117,false,0
15430,0,0,31666140,54429950,22763810,0,82,82,true,0
15431,0,0,31666140,54429950,22763810,0,103,103,true,0
15432,0,0,31666140,54435100,22768960,0,8,111,false,0
15433,0,0,31666140,54439900,22773760,0,0,96,false,0
15434,0,0,31666140,54444750,22778610,0,0,97,false,0
15435,0,0,31666140,54449900,22783760,0,0,103,false,0
15436,0,0,31666140,54454250,22788110,0,0,87,false,0
15437,0,0,31666140,54459050,22792910,0,0,96,false,0
15438,0,0,31666140,54463250,22797110,0,0,84,false,0
15439,0,0,31666140,54468000,22801860,0,0,95,false,0
15440,0,0,31666140,54472650,22806510,0,0,93,false,0
15441,0,0,31666140,54477400,22811260,0,0,95,false,0
15442,0,0,31666140,54482550,22816410,0,3,106,false,0
15443,0,0,31666140,54487450,22821310,0,0,98,false,0
15444,0,0,31772760,54487450,22714690,0,85,85,true,0
15445,0,0,31772760,54487450,22714690,0,100,100,true,0
15446,0,0,31772760,54492300,22719540,0,0,97,false,0
15447,0,0,31772760,54496650,22723890,0,0,87,false,0
15448,0,0,31772760,54501800,22729040,0,10,113,false,0
15449,0,0,31772760,54506650,22733890,0,0,97,false,0
15450,0,0,31772760,54511800,22739040,0,7,110,false,0
15451,0,0,31772760,54511800,22739040,0,88,88,true,0
15452,0,0,31772760,54516950,22744190,0,12,115,false,0
15453,0,0,31772760,54521000,22748240,0,0,81,false,0
15454,0,0,31772760,54526150,22753390,0,12,115,false,0
15455,0,0,31772760,54531300,22758540,0,9,112,false,0
15456,0,0,31772760,54531300,22758540,0,117,117,true,0
15457,0,0,31772760,54531300,22758540,0,92,92,true,0
15458,0,0,31772760,54535850,22763090,0,0,91,false,0
15459,0,0,31772760,54540450,22767690,0,0,92,false,0
15460,0,0,31772760,54545600,22772840,0,5,108,false,0
15461,0,0,31772760,54545600,22772840,0,87,87,true,0
15462,0,0,31772760,54550750,22777990,0,1,104,false,0
15463,0,0,31772760,54555900,22783140,0,12,115,false,0
15464,0,0,31772760,54555900,22783140,0,103,103,true,0
15465,0,0,31772760,54560400,22787640,0,0,90,false,0
15466,0,0,31772760,54565000,22792240,0,0,92,false,0
15467,0,0,31772760,54570150,22797390,0,9,112,false,0
15468,0,0,31772760,54574800,22802040,0,0,93,false,0
15469,0,0,31772760,54579950,22807190,0,12,115,false,0
15470,0,0,31772760,54579950,22807190,0,101,101,true,0
15471,0,0,31772760,54579950,22807190,0,130,130,true,0
15472,0,0,31772760,54579950,22807190,0,89,89,true,0
15473,0,0,31772760,54579950,22807190,0,89,89,true,0
15474,0,0,31772760,54579950,22807190,0,81,81,true,0
15475,0,0,31772760,54579950,22807190,0,93,93,true,0
15476,0,0,31772760,54584900,22812140,0,0,99,false,0
15477,0,0,31772760,54589100,22816340,0,0,84,false,0
15478,0,0,31772760,54589100,22816340,0,106,106,true,0
15479,0,0,31772760,54589100,22816340,0,106,106,true,0
15480,0,0,31772760,54589100,22816340,0,100,100,true,0
15481,0,0,31772760,54594250,22821490,0,1,104,false,0
15482,0,0,31772760,54599400,22826640,0,14,117,false,0
15483,0,0,31772760,54599400,22826640,0,111,111,true,0
15484,0,0,31772760,54599400,22826640,0,102,102,true,0
15485,0,0,31772760,54599400,22826640,0,115,115,true,0
15486,0,0,31772760,54599400,22826640,0,104,104,true,0
15487,0,0,31772760,54599400,22826640,0,105,105,true,0
15488,0,0,31772760,54604550,22831790,0,1,104,false,0
15489,0,0,31772760,54609000,22836240,0,0,89,false,0
15490,0,0,31772760,54613200,22840440,0,0,84,false,0
15491,0,0,31772760,54618350,22845590,0,1,104,false,0
15492,0,0,31772760,54618350,22845590,0,87,87,true,0
15493,0,0,31772760,54623300,22850540,0,0,99,false,0
15494,0,0,31772760,54627500,22854740,0,0,84,false,0
15495,0,0,31772760,54631650,22858890,0,0,83,false,0
15496,0,0,31879380,54636800,22757420,0,13,116,false,0
15497,0,0,31879380,54641950,22762570,0,3,106,false,0
15498,0,0,31879380,54646750,22767370,0,0,96,false,0
15499,0,0,31879380,54651200,22771820,0,0,89,false,0
15500,0,0,31879380,54651200,22771820,0,91,91,true,0
15501,0,0,31879380,54655450,22776070,0,0,85,false,0
15502,0,0,31879380,54659900,22780520,0,0,89,false,0
15503,0,0,31879380,54664400,22785020,0,0,90,false,0
15504,0,0,31879380,54669500,22790120,0,0,102,false,0
15505,0,0,31879380,54673450,22794070,0,0,79,false,0
15506,0,0,31879380,54673450,22794070,0,107,107,true,0
15507,0,0,31879380,54673450,22794070,0,104,104,true,0
15508,0,0,31879380,54673450,22794070,0,105,105,true,0
15509,0,0,31879380,54678600,22799220,0,6,109,false,0
15510,0,0,31879380,54683750,22804370,0,16,119,false,0
15511,0,0,31879380,54688850,22809470,0,0,102,false,0
15512,0,0,31879380,54693750,22814370,0,0,98,false,0
15513,0,0,31879380,54697600,22818220,0,0,77,false,0
15514,0,0,31879380,54702750,22823370,0,4,107,false,0
15515,0,0,31879380,54707700,22828320,0,0,99,false,0
15516,0,0,31879380,54712700,22833320,0,0,100,false,0
15517,0,0,31879380,54717600,22838220,0,0,98,false,0
15518,0,0,31879380,54717600,22838220,0,104,104,true,0
15519,0,0,31879380,54721950,22842570,0,0,87,false,0
15520,0,0,31879380,54726950,22847570,0,0,100,false,0
15521,0,0,31879380,54731500,22852120,0,0,91,false,0
15522,0,0,31879380,54736650,22857270,0,2,105,false,0
15523,0,0,31879380,54736650,22857270,0,82,82,true,0
15524,0,0,31879380,54736650,22857270,0,106,106,true,0
15525,0,0,31879380,54736650,22857270,0,112,112,true,0
15526,0,0,31879380,54736650,22857270,0,96,96,true,0
15527,0,0,31879380,54741800,22862420,0,2,105,false,0
15528,0,0,31879380,54745900,22866520,0,0,82,false,0
15529,0,0,31879380,54750850,22871470,0,0,99,false,0
15530,0,0,31879380,54756000,22876620,0,11,114,false,0
15531,0,0,31879380,54760600,22881220,0,0,92,false,0
15532,0,0,31879380,54765750,22886370,0,0,103,false,0
15533,0,0,31879380,54770900,22891520,0,18,121,false,0
15534,0,0,31879380,54770900,22891520,0,102,102,true,0
15535,0,0,31879380,54775250,22895870,0,0,87,false,0
15536,0,0,31879380,54780000,22900620,0,0,95,false,0
15537,0,0,31879380,54784300,22904920,0,0,86,false,0
15538,0,0,31879380,54789450,22910070,0,10,113,false,0
15539,0,0,31879380,54794250,22914870,0,0,96,false,0
15540,0,0,31879380,54794250,22914870,0,91,91,true,0
15541,0,0,31879380,54798200,22918820,0,0,79,false,0
15542,0,0,31879380,54803300,22923920,0,0,102,false,0
15543,0,0,31879380,54803300,22923920,0,107,107,true,0
15544,0,0,31879380,54803300,22923920,0,93,93,true,0
15545,0,0,31879380,54808100,22928720,0,0,96,false,0
15546,0,0,31879380,54812350,22932970,0,0,85,false,0
15547,0,0,31879380,54817200,22937820,0,0,97,false,0
15548,0,0,31986000,54822350,22836350,0,0,103,false,0
15549,0,0,31986000,54827000,22841000,0,0,93,false,0
15550,0,0,31986000,54832150,22846150,0,9,112,false,0
15551,0,0,31986000,54837300,22851300,0,1,104,false,0
15552,0,0,31986000,54841250,22855250,0,0,79,false,0
15553,0,0,31986000,54841250,22855250,0,100,100,true,0
15554,0,0,31986000,54846200,22860200,0,0,99,false,0
15555,0,0,31986000,54851350,22865350,0,1,104,false,0
15556,0,0,31986000,54856500,22870500,0,1,104,false,0
15557,0,0,31986000,54861300,22875300,0,0,96,false,0
15558,0,0,31986000,54865650,22879650,0,0,87,false,0
15559,0,0,31986000,54865650,22879650,0,89,89,true,0
15560,0,0,31986000,54870800,22884800,0,12,115,false,0
15561,0,0,31986000,54875950,22889950,0,7,110,false,0
15562,0,0,31986000,54880600,22894600,0,0,93,false,0
15563,0,0,31986000,54885250,22899250,0,0,93,false,0
15564,0,0,31986000,54890200,22904200,0,0,99,false,0
15565,0,0,31986000,54895350,22909350,0,1,104,false,0
15566,0,0,31986000,54895350,22909350,0,111,111,true,0
15567,0,0,31986000,54900150,22914150,0,0,96,false,0
15568,0,0,31986000,54904900,22918900,0,0,95,false,0
15569,0,0,31986000,54910050,22924050,0,2,105,false,0
15570,0,0,31986000,54913900,22927900,0,0,77,false,0
15571,0,0,31986000,54913900,22927900,0,104,104,true,0
15572,0,0,31986000,54913900,22927900,0,97,97,true,0
15573,0,0,31986000,54918600,22932600,0,0,94,false,0
15574,0,0,31986000,54923750,22937750,0,3,106,false,0
15575,0,0,31986000,54928350,22942350,0,0,92,false,0
15576,0,0,31986000,54933000,22947000,0,0,93,false,0
15577,0,0,31986000,54938150,22952150,0,2,105,false,0
15578,0,0,31986000,54943300,22957300,0,0,103,false,0
15579,0,0,31986000,54948050,22962050,0,0,95,false,0
15580,0,0,31986000,54952900,22966900,0,0,97,false,0
15581,0,0,31986000,54957550,22971550,0,0,93,false,0
15582,0,0,31986000,54962700,22976700,0,3,106,false,0
15583,0,0,31986000,54967850,22981850,0,16,119,false,0
15584,0,0,31986000,54972550,22986550,0,0,94,false,0
15585,0,0,31986000,54977350,22991350,0,0,96,false,0
15586,0,0,31986000,54982200,22996200,0,0,97,false,0
15587,0,0,31986000,54982200,22996200,0,111,111,true,0
15588,0,0,31986000,54985500,22999500,0,0,66,false,0
15589,0,0,31986000,54990650,23004650,0,10,113,false,0
15590,0,0,31986000,54990650,23004650,0,106,106,true,0
15591,0,0,31986000,54990650,23004650,0,90,90,true,0
15592,0,0,31986000,54990650,23004650,0,100,100,true,0
15593,0,0,31986000,54990650,23004650,0,94,94,true,0
15594,0,0,31986000,54995350,23009350,0,0,94,false,0
15595,0,0,31986000,55000500,23014500,0,6,109,false,0
15596,0,0,31986000,55004900,23018900,0,0,88,false,0
15597,0,0,31986000,55009850,23023850,0,0,99,false,0
15598,0,0,31986000,55014750,23028750,0,0,98,false,0
15599,0,0,31986000,55019850,23033850,0,0,102,false,0
15600,0,0,32092620,55024500,22931880,0,0,93,false,0
15601,0,0,32092620,55029200,22936580,0,0,94,false,0
15602,0,0,32092620,55034350,22941730,0,4,107,false,0
15603,0,0,32092620,55039500,22946880,0,1,104,false,0
15604,0,0,32092620,55044650,22952030,0,24,127,false,0
15605,0,0,32092620,55044650,22952030,0,111,111,true,0
15606,0,0,32092620,55044650,22952030,0,95,95,true,0
15607,0,0,32092620,55049800,22957180,0,4,107,false,0
15608,0,0,32092620,55054300,22961680,0,0,90,false,0
15609,0,0,32092620,55059450,22966830,0,0,103,false,0
15610,0,0,32092620,55064600,22971980,0,7,110,false,0
15611,0,0,32092620,55068800,22976180,0,0,84,false,0
15612,0,0,32092620,55068800,22976180,0,86,86,true,0
15613,0,0,32092620,55068800,22976180,0,96,96,true,0
15614,0,0,32092620,55068800,22976180,0,82,82,true,0
15615,0,0,32092620,55068800,22976180,0,100,100,true,0
15616,0,0,32092620,55072950,22980330,0,0,83,false,0
15617,0,0,32092620,55078000,22985380,0,0,101,false,0
15618,0,0,32092620,55083150,22990530,0,0,103,false,0
15619,0,0,32092620,55087750,22995130,0,0,92,false,0
15620,0,0,32092620,55092300,22999680,0,0,91,false,0
15621,0,0,32092620,55097450,23004830,0,12,115,false,0
15622,0,0,32092620,55102200,23009580,0,0,95,false,0
15623,0,0,32092620,55102200,23009580,0,107,107,true,0
15624,0,0,32092620,55106800,23014180,0,0,92,false,0
15625,0,0,32092620,55111600,23018980,0,0,96,false,0
15626,0,0,32092620,55116750,23024130,0,4,107,false,0
15627,0,0,32092620,55121100,23028480,0,0,87,false,0
15628,0,0,32092620,55126250,23033630,0,1,104,false,0
15629,0,0,32092620,55130800,23038180,0,0,91,false,0
15630,0,0,32092620,55134700,23042080,0,0,78,false,0
15631,0,0,32092620,55134700,23042080,0,108,108,true,0
15632,0,0,32092620,55134700,23042080,0,92,92,true,0
15633,0,0,32092620,55139200,23046580,0,0,90,false,0
15634,0,0,32092620,55144350,23051730,0,6,109,false,0
15635,0,0,32092620,55144350,23051730,0,92,92,true,0
15636,0,0,32092620,55144350,23051730,0,116,116,true,0
15637,0,0,32092620,55149000,23056380,0,0,93,false,0
15638,0,0,32092620,55154150,23061530,0,2,105,false,0
15639,0,0,32092620,55159250,23066630,0,0,102,false,0
15640,0,0,32092620,55164300,23071680,0,0,101,false,0
15641,0,0,32092620,55164300,23071680,0,110,110,true,0
15642,0,0,32092620,55168700,23076080,0,0,88,false,0
15643,0,0,32092620,55173100,23080480,0,0,88,false,0
15644,0,0,32092620,55173100,23080480,0,121,121,true,0
15645,0,0,32092620,55178250,23085630,0,4,107,false,0
15646,0,0,32092620,55182700,23090080,0,0,89,false,0
15647,0,0,32092620,55187300,23094680,0,0,92,false,0
15648,0,0,32092620,55191900,23099280,0,0,92,false,0
15649,0,0,32092620,55196500,23103880,0,0,92,false,0
15650,0,0,32092620,55200600,23107980,0,0,82,false,0
15651,0,0,32092620,55205750,23113130,0,14,117,false,0
15652,0,0,32199240,55205750,23006510,0,100,100,true,0
15653,0,0,32199240,55210350,23011110,0,0,92,false,0
15654,0,0,32199240,55215500,23016260,0,16,119,false,0
15655,0,0,32199240,55220300,23021060,0,0,96,false,0
15656,0,0,32199240,55225350,23026110,0,0,101,false,0
15657,0,0,32199240,55230500,23031260,0,10,113,false,0
15658,0,0,32199240,55235350,23036110,0,0,97,false,0
15659,0,0,32199240,55240500,23041260,0,16,119,false,0
15660,0,0,32199240,55240500,23041260,0,103,103,true,0
15661,0,0,32199240,55240500,23041260,0,108,108,true,0
15662,0,0,32199240,55244850,23045610,0,0,87,false,0
15663,0,0,32199240,55249450,23050210,0,0,92,false,0
15664,0,0,32199240,55253650,23054410,0,0,84,false,0
15665,0,0,32199240,55258000,23058760,0,0,87,false,0
15666,0,0,32199240,55263150,23063910,0,9,112,false,0
15667,0,0,32199240,55268300,23069060,0,2,105,false,0
15668,0,0,32199240,55273300,23074060,0,0,100,false,0
15669,0,0,32199240,55278300,23079060,0,0,100,false,0
15670,0,0,32199240,55283250,23084010,0,0,99,false,0
15671,0,0,32199240,55283250,23084010,0,117,117,true,0
15672,0,0,32199240,55283250,23084010,0,115,115,true,0
15673,0,0,32199240,55283250,23084010,0,93,93,true,0
15674,0,0,32199240,55283250,23084010,0,110,110,true,0
15675,0,0,32199240,55283250,23084010,0,86,86,true,0
15676,0,0,32199240,55288400,23089160,0,3,106,false,0
15677,0,0,32199240,55293300,23094060,0,0,98,false,0
15678,0,0,32199240,55298100,23098860,0,0,96,false,0
15679,0,0,32199240,55302850,23103610,0,0,95,false,0
15680,0,0,32199240,55302850,23103610,0,90,90,true,0
15681,0,0,32199240,55302850,23103610,0,103,103,true,0
15682,0,0,32199240,55302850,23103610,0,83,83,true,0
15683,0,0,32199240,55307500,23108260,0,0,93,false,0
15684,0,0,32199240,55311800,23112560,0,0,86,false,0
15685,0,0,32199240,55316950,23117710,0,6,109,false,0
15686,0,0,32199240,55321250,23122010,0,0,86,false,0
15687,0,0,32199240,55326000,23126760,0,0,95,false,0
15688,0,0,32199240,55331150,23131910,0,10,113,false,0
15689,0,0,32199240,55336300,23137060,0,5,108,false,0
15690,0,0,32199240,55341450,23142210,0,0,103,false,0
15691,0,0,32199240,55341450,23142210,0,100,100,true,0
15692,0,0,32199240,55341450,23142210,0,122,122,true,0
15693,0,0,32199240,55341450,23142210,0,110,110,true,0
15694,0,0,32199240,55345800,23146560,0,0,87,false,0
15695,0,0,32199240,55350100,23150860,0,0,86,false,0
15696,0,0,32199240,55354050,23154810,0,0,79,false,0
15697,0,0,32199240,55358950,23159710,0,0,98,false,0
15698,0,0,32199240,55358950,23159710,0,106,106,true,0
15699,0,0,32199240,55358950,23159710,0,99,99,true,0
15700,0,0,32199240,55358950,23159710,0,118,118,true,0
15701,0,0,32199240,55358950,23159710,0,114,114,true,0
15702,0,0,32199240,55363850,23164610,0,0,98,false,0
15703,0,0,32199240,55369000,23169760,0,1,104,false,0
15704,0,0,32305860,55373300,23067440,0,0,86,false,0
15705,0,0,32305860,55373300,23067440,0,102,102,true,0
15706,0,0,32305860,55373300,23067440,0,129,129,true,0
15707,0,0,32305860,55373300,23067440,0,94,94,true,0
15708,0,0,32305860,55378450,23072590,0,14,117,false,0
15709,0,0,32305860,55383150,23077290,0,0,94,false,0
15710,0,0,32305860,55388250,23082390,0,0,102,false,0
15711,0,0,32305860,55393150,23087290,0,0,98,false,0
15712,0,0,32305860,55398300,23092440,0,10,113,false,0
15713,0,0,32305860,55403250,23097390,0,0,99,false,0
15714,0,0,32305860,55407750,23101890,0,0,90,false,0
15715,0,0,32305860,55412850,23106990,0,0,102,false,0
15716,0,0,32305860,55418000,23112140,0,7,110,false,0
15717,0,0,32305860,55423150,23117290,0,11,114,false,0
15718,0,0,32305860,55427800,23121940,0,0,93,false,0
15719,0,0,32305860,55432700,23126840,0,0,98,false,0
15720,0,0,32305860,55437750,23131890,0,0,101,false,0
15721,0,0,32305860,55442750,23136890,0,0,100,false,0
15722,0,0,32305860,55442750,23136890,0,100,100,true,0
15723,0,0,32305860,55447300,23141440,0,0,91,false,0
15724,0,0,32305860,55452350,23146490,0,0,101,false,0
15725,0,0,32305860,55456350,23150490,0,0,80,false,0
15726,0,0,32305860,55460900,23155040,0,0,91,false,0
15727,0,0,32305860,55465600,23159740,0,0,94,false,0
15728,0,0,32305860,55470000,23164140,0,0,88,false,0
15729,0,0,32305860,55475100,23169240,0,0,102,false,0
15730,0,0,32305860,55479850,23173990,0,0,95,false,0
15731,0,0,32305860,55479850,23173990,0,95,95,true,0
15732,0,0,32305860,55479850,23173990,0,107,107,true,0
15733,0,0,32305860,55479850,23173990,0,102,102,true,0
15734,0,0,32305860,55484300,23178440,0,0,89,false,0
15735,0,0,32305860,55489100,23183240,0,0,96,false,0
15736,0,0,32305860,55494250,23188390,0,5,108,false,0
15737,0,0,32305860,55494250,23188390,0,111,111,true,0
15738,0,0,32305860,55498450,23192590,0,0,84,false,0
15739,0,0,32305860,55503250,23197390,0,0,96,false,0
15740,0,0,32305860,55508400,23202540,0,8,111,false,0
15741,0,0,32305860,55513550,23207690,0,5,108,false,0
15742,0,0,32305860,55513550,23207690,0,107,107,true,0
15743,0,0,32305860,55513550,23207690,0,98,98,true,0
15744,0,0,32305860,55513550,23207690,0,110,110,true,0
15745,0,0,32305860,55518700,23212840,0,0,103,false,0
15746,0,0,32305860,55523150,23217290,0,0,89,false,0
15747,0,0,32305860,55528200,23222340,0,0,101,false,0
15748,0,0,32305860,55533350,23227490,0,8,111,false,0
15749,0,0,32305860,55533350,23227490,0,101,101,true,0
15750,0,0,32305860,55533350,23227490,0,106,106,true,0
15751,0,0,32305860,55538250,23232390,0,0,98,false,0
15752,0,0,32305860,55543400,23237540,0,1,104,false,0
15753,0,0,32305860,55548550,23242690,0,2,105,false,0
15754,0,0,32305860,55548550,23242690,0,91,91,true,0
15755,0,0,32305860,55548550,23242690,0,113,113,true,0
15756,0,0,32412480,55553700,23141220,0,1,104,false,0
15757,0,0,32412480,55558850,23146370,0,16,119,false,0
15758,0,0,32412480,55562950,23150470,0,0,82,false,0
15759,0,0,32412480,55562950,23150470,0,107,107,true,0
15760,0,0,32412480,55568100,23155620,0,3,106,false,0
15761,0,0,32412480,55572400,23159920,0,0,86,false,0
15762,0,0,32412480,55577200,23164720,0,0,96,false,0
15763,0,0,32412480,55582150,23169670,0,0,99,false,0
15764,0,0,32412480,55587250,23174770,0,0,102,false,0
15765,0,0,32412480,55587250,23174770,0,95,95,true,0
15766,0,0,32412480,55587250,23174770,0,89,89,true,0
15767,0,0,32412480,55592400,23179920,0,3,106,false,0
15768,0,0,32412480,55596750,23184270,0,0,87,false,0
15769,0,0,32412480,55600900,23188420,0,0,83,false,0
15770,0,0,32412480,55606050,23193570,0,14,117,false,0
15771,0,0,32412480,55606050,23193570,0,97,97,true,0
15772,0,0,32412480,55606050,23193570,0,102,102,true,0
15773,0,0,32412480,55606050,23193570,0,109,109,true,0
15774,0,0,32412480,55606050,23193570,0,86,86,true,0
15775,0,0,32412480,55611200,23198720,0,17,120,false,0
15776,0,0,32412480,55615850,23203370,0,0,93,false,0
15777,0,0,32412480,55620850,23208370,0,0,100,false,0
15778,0,0,32412480,55626000,23213520,0,7,110,false,0
15779,0,0,32412480,55630500,23218020,0,0,90,false,0
15780,0,0,32412480,55630500,23218020,0,113,113,true,0
15781,0,0,32412480,55630500,23218020,0,106,106,true,0
15782,0,0,32412480,55630500,23218020,0,118,118,true,0
15783,0,0,32412480,55635550,23223070,0,0,101,false,0
15784,0,0,32412480,55640700,23228220,0,2,105,false,0
15785,0,0,32412480,55645850,23233370,0,5,108,false,0
15786,0,0,32412480,55649850,23237370,0,0,80,false,0
15787,0,0,32412480,55649850,23237370,0,92,92,true,0
15788,0,0,32412480,55649850,23237370,0,79,79,true,0
15789,0,0,32412480,55649850,23237370,0,97,97,true,0
15790,0,0,32412480,55654750,23242270,0,0,98,false,0
15791,0,0,32412480,55659350,23246870,0,0,92,false,0
15792,0,0,32412480,55664150,23251670,0,0,96,false,0
15793,0,0,32412480,55669300,23256820,0,7,110,false,0
15794,0,0,32412480,55674050,23261570,0,0,95,false,0
15795,0,0,32412480,55679200,23266720,0,19,122,false,0
15796,0,0,32412480,55679200,23266720,0,111,111,true,0
15797,0,0,32412480,55684300,23271820,0,0,102,false,0
15798,0,0,32412480,55688850,23276370,0,0,91,false,0
15799,0,0,32412480,55694000,23281520,0,6,109,false,0
15800,0,0,32412480,55699150,23286670,0,7,110,false,0
15801,0,0,32412480,55703550,23291070,0,0,88,false,0
15802,0,0,32412480,55708500,23296020,0,0,99,false,0
15803,0,0,32412480,55713650,23301170,0,3,106,false,0
15804,0,0,32412480,55718800,23306320,0,6,109,false,0
15805,0,0,32412480,55723950,23311470,0,3,106,false,0
15806,0,0,32412480,55729100,23316620,0,4,107,false,0
15807,0,0,32412480,55733800,23321320,0,0,94,false,0
15808,0,0,32519100,55738950,23219850,0,2,105,false,0
15809,0,0,32519100,55744100,23225000,0,16,119,false,0
15810,0,0,32519100,55744100,23225000,0,106,106,true,0
15811,0,0,32519100,55744100,23225000,0,90,90,true,0
15812,0,0,32519100,55749150,23230050,0,0,101,false,0
15813,0,0,32519100,55754300,23235200,0,12,115,false,0
15814,0,0,32519100,55759350,23240250,0,0,101,false,0
15815,0,0,32519100,55764300,23245200,0,0,99,false,0
15816,0,0,32519100,55769000,23249900,0,0,94,false,0
15817,0,0,32519100,55774150,23255050,0,4,107,false,0
15818,0,0,32519100,55779300,23260200,0,0,103,false,0
15819,0,0,32519100,55784200,23265100,0,0,98,false,0
15820,0,0,32519100,55788550,23269450,0,0,87,false,0
15821,0,0,32519100,55793700,23274600,0,1,104,false,0
15822,0,0,32519100,55798600,23279500,0,0,98,false,0
15823,0,0,32519100,55803750,23284650,0,12,115,false,0
15824,0,0,32519100,55808900,23289800,0,8,111,false,0
15825,0,0,32519100,55813200,23294100,0,0,86,false,0
15826,0,0,32519100,55817600,23298500,0,0,88,false,0
15827,0,0,32519100,55822650,23303550,0,0,101,false,0
15828,0,0,32519100,55827450,23308350,0,0,96,false,0
15829,0,0,32519100,55832600,23313500,0,7,110,false,0
15830,0,0,32519100,55832600,23313500,0,99,99,true,0
15831,0,0,32519100,55837750,23318650,0,1,104,false,0
15832,0,0,32519100,55842800,23323700,0,0,101,false,0
15833,0,0,32519100,55847950,23328850,0,8,111,false,0
15834,0,0,32519100,55852550,23333450,0,0,92,false,0
15835,0,0,32519100,55857700,23338600,0,3,106,false,0
15836,0,0,32519100,55862300,23343200,0,0,92,false,0
15837,0,0,32519100,55867300,23348200,0,0,100,false,0
15838,0,0,32519100,55871800,23352700,0,0,90,false,0
15839,0,0,32519100,55876950,23357850,0,1,104,false,0
15840,0,0,32519100,55882050,23362950,0,0,102,false,0
15841,0,0,32519100,55886900,23367800,0,0,97,false,0
15842,0,0,32519100,55892050,23372950,0,3,106,false,0
15843,0,0,32519100,55897000,23377900,0,0,99,false,0
15844,0,0,32519100,55902150,23383050,0,1,104,false,0
15845,0,0,32519100,55907150,23388050,0,0,100,false,0
15846,0,0,32519100,55912300,23393200,0,0,103,false,0
15847,0,0,32519100,55917450,23398350,0,0,103,false,0
15848,0,0,32519100,55917450,23398350,0,92,92,true,0
15849,0,0,32519100,55917450,23398350,0,101,101,true,0
15850,0,0,32519100,55921500,23402400,0,0,81,false,0
15851,0,0,32519100,55926650,23407550,0,10,113,false,0
15852,0,0,32519100,55931350,23412250,0,0,94,false,0
15853,0,0,32519100,55936500,23417400,0,6,109,false,0
15854,0,0,32519100,55941000,23421900,0,0,90,false,0
15855,0,0,32519100,55946150,23427050,0,7,110,false,0
15856,0,0,32519100,55950650,23431550,0,0,90,false,0
15857,0,0,32519100,55955750,23436650,0,0,102,false,0
15858,0,0,32519100,55960900,23441800,0,17,120,false,0
15859,0,0,32519100,55966050,23446950,0,1,104,false,0
15860,0,0,32625720,55971200,23345480,0,9,112,false,0
15861,0,0,32625720,55976350,23350630,0,16,119,false,0
15862,0,0,32625720,55981350,23355630,0,0,100,false,0
15863,0,0,32625720,55986100,23360380,0,0,95,false,0
15864,0,0,32625720,55991200,23365480,0,0,102,false,0
15865,0,0,32625720,55995800,23370080,0,0,92,false,0
15866,0,0,32625720,55995800,23370080,0,100,100,true,0
15867,0,0,32625720,55995800,23370080,0,93,93,true,0
15868,0,0,32625720,55995800,23370080,0,105,105,true,0
15869,0,0,32625720,56000950,23375230,0,4,107,false,0
15870,0,0,32625720,56005500,23379780,0,0,91,false,0
15871,0,0,32625720,56005500,23379780,0,98,98,true,0
15872,0,0,32625720,56010400,23384680,0,0,98,false,0
15873,0,0,32625720,56015400,23389680,0,0,100,false,0
15874,0,0,32625720,56019950,23394230,0,0,91,false,0
15875,0,0,32625720,56019950,23394230,0,110,110,true,0
15876,0,0,32625720,56019950,23394230,0,95,95,true,0
15877,0,0,32625720,56019950,23394230,0,97,97,true,0
15878,0,0,32625720,56019950,23394230,0,86,86,true,0
15879,0,0,32625720,56025100,23399380,0,7,110,false,0
15880,0,0,32625720,56030250,23404530,0,0,103,false,0
15881,0,0,32625720,56035400,23409680,0,16,119,false,0
15882,0,0,32625720,56040550,23414830,0,0,103,false,0
15883,0,0,32625720,56045050,23419330,0,0,90,false,0
15884,0,0,32625720,56045050,23419330,0,99,99,true,0
15885,0,0,32625720,56050000,23424280,0,0,99,false,0
15886,0,0,32625720,56055150,23429430,0,4,107,false,0
15887,0,0,32625720,56060300,23434580,0,0,103,false,0
15888,0,0,32625720,56065050,23439330,0,0,95,false,0
15889,0,0,32625720,56065050,23439330,0,105,105,true,0
15890,0,0,32625720,56065050,23439330,0,113,113,true,0
15891,0,0,32625720,56069400,23443680,0,0,87,false,0
15892,0,0,32625720,56074100,23448380,0,0,94,false,0
15893,0,0,32625720,56079250,23453530,0,3,106,false,0
15894,0,0,32625720,56084400,23458680,0,2,105,false,0
15895,0,0,32625720,56088850,23463130,0,0,89,false,0
15896,0,0,32625720,56093950,23468230,0,0,102,false,0
15897,0,0,32625720,56099100,23473380,0,8,111,false,0
15898,0,0,32625720,56099100,23473380,0,95,95,true,0
15899,0,0,32625720,56099100,23473380,0,93,93,true,0
15900,0,0,32625720,56104250,23478530,0,6,109,false,0
15901,0,0,32625720,56109100,23483380,0,0,97,false,0
15902,0,0,32625720,56113700,23487980,0,0,92,false,0
15903,0,0,32625720,56118350,23492630,0,0,93,false,0
15904,0,0,32625720,56123500,23497780,0,10,113,false,0
15905,0,0,32625720,56123500,23497780,0,103,103,true,0
15906,0,0,32625720,56123500,23497780,0,99,99,true,0
15907,0,0,32625720,56123500,23497780,0,74,74,true,0
15908,0,0,32625720,56123500,23497780,0,104,104,true,0
15909,0,0,32625720,56123500,23497780,0,102,102,true,0
15910,0,0,32625720,56128650,23502930,0,12,115,false,0
15911,0,0,32625720,56133450,23507730,0,0,96,false,0
15912,0,0,32732340,56138600,23406260,0,0,103,false,0
15913,0,0,32732340,56143750,23411410,0,6,109,false,0
15914,0,0,32732340,56148800,23416460,0,0,101,false,0
15915,0,0,32732340,56153550,23421210,0,0,95,false,0
15916,0,0,32732340,56158700,23426360,0,5,108,false,0
15917,0,0,32732340,56163850,23431510,0,3,106,false,0
15918,0,0,32732340,56169000,23436660,0,5,108,false,0
15919,0,0,32732340,56173850,23441510,0,0,97,false,0
15920,0,0,32732340,56179000,23446660,0,4,107,false,0
15921,0,0,32732340,56184000,23451660,0,0,100,false,0
15922,0,0,32732340,56188700,23456360,0,0,94,false,0
15923,0,0,32732340,56192650,23460310,0,0,79,false,0
15924,0,0,32732340,56197150,23464810,0,0,90,false,0
15925,0,0,32732340,56202300,23469960,0,0,103,false,0
15926,0,0,32732340,56207050,23474710,0,0,95,false,0
15927,0,0,32732340,56212200,23479860,0,4,107,false,0
15928,0,0,32732340,56217350,23485010,0,1,104,false,0
15929,0,0,32732340,56217350,23485010,0,127,127,true,0
15930,0,0,32732340,56217350,23485010,0,100,100,true,0
15931,0,0,32732340,56217350,23485010,0,102,102,true,0
15932,0,0,32732340,56217350,23485010,0,101,101,true,0
15933,0,0,32732340,56217350,23485010,0,104,104,true,0
15934,0,0,32732340,56217350,23485010,0,119,119,true,0
15935,0,0,32732340,56217350,23485010,0,93,93,true,0
15936,0,0,32732340,56217350,23485010,0,93,93,true,0
15937,0,0,32732340,56217350,23485010,0,79,79,true,0
15938,0,0,32732340,56217350,23485010,0,103,103,true,0
15939,0,0,32732340,56217350,23485010,0,107,107,true,0
15940,0,0,32732340,56217350,23485010,0,102,102,true,0
15941,0,0,32732340,56217350,23485010,0,88,88,true,0
15942,0,0,32732340,56222150,23489810,0,0,96,false,0
15943,0,0,32732340,56227300,23494960,0,0,103,false,0
15944,0,0,32732340,56232450,23500110,0,6,109,false,0
15945,0,0,32732340,56237600,23505260,0,8,111,false,0
15946,0,0,32732340,56242750,23510410,0,5,108,false,0
15947,0,0,32732340,56246950,23514610,0,0,84,false,0
15948,0,0,32732340,56246950,23514610,0,89,89,true,0
15949,0,0,32732340,56252050,23519710,0,0,102,false,0
15950,0,0,32732340,56256450,23524110,0,0,88,false,0
15951,0,0,32732340,56256450,23524110,0,92,92,true,0
15952,0,0,32732340,56256450,23524110,0,80,80,true,0
15953,0,0,32732340,56256450,23524110,0,96,96,true,0
15954,0,0,32732340,56260350,23528010,0,0,78,false,0
15955,0,0,32732340,56264750,23532410,0,0,88,false,0
15956,0,0,32732340,56268950,23536610,0,0,84,false,0
15957,0,0,32732340,56273950,23541610,0,0,100,false,0
15958,0,0,32732340,56279100,23546760,0,11,114,false,0
15959,0,0,32732340,56283350,23551010,0,0,85,false,0
15960,0,0,32732340,56287950,23555610,0,0,92,false,0
15961,0,0,32732340,56293100,23560760,0,15,118,false,0
15962,0,0,32732340,56298250,23565910,0,14,117,false,0
15963,0,0,32732340,56303300,23570960,0,0,101,false,0
15964,0,0,32838960,56308450,23469490,0,17,120,false,0
15965,0,0,32838960,56313600,23474640,0,1,104,false,0
15966,0,0,32838960,56318750,23479790,0,10,113,false,0
15967,0,0,32838960,56323800,23484840,0,0,101,false,0
15968,0,0,32838960,56328950,23489990,0,3,106,false,0
15969,0,0,32838960,56333850,23494890,0,0,98,false,0
15970,0,0,32838960,56333850,23494890,0,86,86,true,0
15971,0,0,32838960,56339000,23500040,0,14,117,false,0
15972,0,0,32838960,56344150,23505190,0,18,121,false,0
15973,0,0,32838960,56344150,23505190,0,88,88,true,0
15974,0,0,32838960,56344150,23505190,0,102,102,true,0
15975,0,0,32838960,56344150,23505190,0,103,103,true,0
15976,0,0,32838960,56344150,23505190,0,106,106,true,0
15977,0,0,32838960,56344150,23505190,0,97,97,true,0
15978,0,0,32838960,56344150,23505190,0,108,108,true,0
15979,0,0,32838960,56344150,23505190,0,84,84,true,0
15980,0,0,32838960,56349000,23510040,0,0,97,false,0
15981,0,0,32838960,56354100,23515140,0,0,102,false,0
15982,0,0,32838960,56359250,23520290,0,4,107,false,0
15983,0,0,32838960,56363700,23524740,0,0,89,false,0
15984,0,0,32838960,56368850,23529890,0,0,103,false,0
15985,0,0,32838960,56374000,23535040,0,8,111,false,0
15986,0,0,32838960,56378300,23539340,0,0,86,false,0
15987,0,0,32838960,56383250,23544290,0,0,99,false,0
15988,0,0,32838960,56387900,23548940,0,0,93,false,0
15989,0,0,32838960,56387900,23548940,0,107,107,true,0
15990,0,0,32838960,56393050,23554090,0,5,108,false,0
15991,0,0,32838960,56397900,23558940,0,0,97,false,0
15992,0,0,32838960,56403050,23564090,0,7,110,false,0
15993,0,0,32838960,56407850,23568890,0,0,96,false,0
15994,0,0,32838960,56413000,23574040,0,10,113,false,0
15995,0,0,32838960,56413000,23574040,0,103,103,true,0
15996,0,0,32838960,56417650,23578690,0,0,93,false,0
15997,0,0,32838960,56422750,23583790,0,0,102,false,0
15998,0,0,32838960,56427900,23588940,0,1,104,false,0
15999,0,0,32838960,56433050,23594090,0,9,112,false,0
16000,0,0,32838960,56438200,23599240,0,3,106,false,0
16001,0,0,32838960,56443050,23604090,0,0,97,false,0
16002,0,0,32838960,56448200,23609240,0,8,111,false,0
16003,0,0,32838960,56453350,23614390,0,0,103,false,0
16004,0,0,32838960,56458200,23619240,0,0,97,false,0
16005,0,0,32838960,56462400,23623440,0,0,84,false,0
16006,0,0,32838960,56467350,23628390,0,0,99,false,0
16007,0,0,32838960,56471550,23632590,0,0,84,false,0
16008,0,0,32838960,56476300,23637340,0,0,95,false,0
16009,0,0,32838960,56481250,23642290,0,0,99,false,0
16010,0,0,32838960,56486400,23647440,0,21,124,false,0
16011,0,0,32838960,56486400,23647440,0,107,107,true,0
16012,0,0,32838960,56490900,23651940,0,0,90,false,0
16013,0,0,32838960,56496050,23657090,0,14,117,false,0
16014,0,0,32838960,56501200,23662240,0,3,106,false,0
16015,0,0,32838960,56506350,23667390,0,2,105,false,0
16016,0,0,32945580,56511250,23565670,0,0,98,false,0
16017,0,0,32945580,56516400,23570820,0,7,110,false,0
16018,0,0,32945580,56521550,23575970,0,12,115,false,0
16019,0,0,32945580,56525350,23579770,0,0,76,false,0
16020,0,0,32945580,56530500,23584920,0,7,110,false,0
16021,0,0,32945580,56535500,23589920,0,0,100,false,0
16022,0,0,32945580,56539800,23594220,0,0,86,false,0
16023,0,0,32945580,56544600,23599020,0,0,96,false,0
16024,0,0,32945580,56548900,23603320,0,0,86,false,0
16025,0,0,32945580,56553650,23608070,0,0,95,false,0
16026,0,0,32945580,56558800,23613220,0,7,110,false,0
16027,0,0,32945580,56563950,23618370,0,15,118,false,0
16028,0,0,32945580,56563950,23618370,0,108,108,true,0
16029,0,0,32945580,56563950,23618370,0,116,116,true,0
16030,0,0,32945580,56563950,23618370,0,102,102,true,0
16031,0,0,32945580,56568550,23622970,0,0,92,false,0
16032,0,0,32945580,56573700,23628120,0,5,108,false,0
16033,0,0,32945580,56578500,23632920,0,0,96,false,0
16034,0,0,32945580,56583650,23638070,0,2,105,false,0
16035,0,0,32945580,56588800,23643220,0,8,111,false,0
16036,0,0,32945580,56593950,23648370,0,15,118,false,0
16037,0,0,32945580,56599100,23653520,0,4,107,false,0
16038,0,0,32945580,56603500,23657920,0,0,88,false,0
16039,0,0,32945580,56608650,23663070,0,6,109,false,0
16040,0,0,32945580,56613800,23668220,0,1,104,false,0
16041,0,0,32945580,56618850,23673270,0,0,101,false,0
16042,0,0,32945580,56623750,23678170,0,0,98,false,0
16043,0,0,32945580,56628500,23682920,0,0,95,false,0
16044,0,0,32945580,56633650,23688070,0,3,106,false,0
16045,0,0,32945580,56638600,23693020,0,0,99,false,0
16046,0,0,32945580,56638600,23693020,0,104,104,true,0
16047,0,0,32945580,56638600,23693020,0,103,103,true,0
16048,0,0,32945580,56638600,23693020,0,106,106,true,0
16049,0,0,32945580,56643600,23698020,0,0,100,false,0
16050,0,0,32945580,56648750,23703170,0,3,106,false,0
16051,0,0,32945580,56653750,23708170,0,0,100,false,0
16052,0,0,32945580,56653750,23708170,0,104,104,true,0
16053,0,0,32945580,56653750,23708170,0,107,107,true,0
16054,0,0,32945580,56653750,23708170,0,99,99,true,0
16055,0,0,32945580,56653750,23708170,0,109,109,true,0
16056,0,0,32945580,56658900,23713320,0,1,104,false,0
16057,0,0,32945580,56664050,23718470,0,0,103,false,0
16058,0,0,32945580,56669200,23723620,0,15,118,false,0
16059,0,0,32945580,56674000,23728420,0,0,96,false,0
16060,0,0,32945580,56679100,23733520,0,0,102,false,0
16061,0,0,32945580,56683500,23737920,0,0,88,false,0
16062,0,0,32945580,56683500,23737920,0,111,111,true,0
16063,0,0,32945580,56683500,23737920,0,100,100,true,0
16064,0,0,32945580,56688200,23742620,0,0,94,false,0
16065,0,0,32945580,56693350,23747770,0,10,113,false,0
16066,0,0,32945580,56697750,23752170,0,0,88,false,0
16067,0,0,32945580,56702900,23757320,0,0,103,false,0
16068,0,0,33052200,56707750,23655550,0,0,97,false,0
16069,0,0,33052200,56712350,23660150,0,0,92,false,0
16070,0,0,33052200,56717500,23665300,0,13,116,false,0
16071,0,0,33052200,56717500,23665300,0,105,105,true,0
16072,0,0,33052200,56717500,23665300,0,101,101,true,0
16073,0,0,33052200,56722600,23670400,0,0,102,false,0
16074,0,0,33052200,56727750,23675550,0,5,108,false,0
16075,0,0,33052200,56732100,23679900,0,0,87,false,0
16076,0,0,33052200,56737100,23684900,0,0,100,false,0
16077,0,0,33052200,56742250,23690050,0,23,126,false,0
16078,0,0,33052200,56747250,23695050,0,0,100,false,0
16079,0,0,33052200,56747250,23695050,0,79,79,true,0
16080,0,0,33052200,56747250,23695050,0,110,110,true,0
16081,0,0,33052200,56751850,23699650,0,0,92,false,0
16082,0,0,33052200,56757000,23704800,0,5,108,false,0
16083,0,0,33052200,56761000,23708800,0,0,80,false,0
16084,0,0,33052200,56765900,23713700,0,0,98,false,0
16085,0,0,33052200,56765900,23713700,0,96,96,true,0
16086,0,0,33052200,56765900,23713700,0,105,105,true,0
16087,0,0,33052200,56770550,23718350,0,0,93,false,0
16088,0,0,33052200,56774700,23722500,0,0,83,false,0
16089,0,0,33052200,56779050,23726850,0,0,87,false,0
16090,0,0,33052200,56784200,23732000,0,15,118,false,0
16091,0,0,33052200,56784200,23732000,0,88,88,true,0
16092,0,0,33052200,56789350,23737150,0,8,111,false,0
16093,0,0,33052200,56794500,23742300,0,1,104,false,0
16094,0,0,33052200,56799450,23747250,0,0,99,false,0
16095,0,0,33052200,56804250,23752050,0,0,96,false,0
16096,0,0,33052200,56804250,23752050,0,112,112,true,0
16097,0,0,33052200,56809100,23756900,0,0,97,false,0
16098,0,0,33052200,56813850,23761650,0,0,95,false,0
16099,0,0,33052200,56818650,23766450,0,0,96,false,0
16100,0,0,33052200,56823000,23770800,0,0,87,false,0
16101,0,0,33052200,56828050,23775850,0,0,101,false,0
16102,0,0,33052200,56833200,23781000,0,10,113,false,0
16103,0,0,33052200,56838350,23786150,0,9,112,false,0
16104,0,0,33052200,56842250,23790050,0,0,78,false,0
16105,0,0,33052200,56846600,23794400,0,0,87,false,0
16106,0,0,33052200,56851750,23799550,0,10,113,false,0
16107,0,0,33052200,56856000,23803800,0,0,85,false,0
16108,0,0,33052200,56861150,23808950,0,11,114,false,0
16109,0,0,33052200,56865850,23813650,0,0,94,false,0
16110,0,0,33052200,56869400,23817200,0,0,71,false,0
16111,0,0,33052200,56874000,23821800,0,0,92,false,0
16112,0,0,33052200,56878900,23826700,0,0,98,false,0
16113,0,0,33052200,56883600,23831400,0,0,94,false,0
16114,0,0,33052200,56883600,23831400,0,95,95,true,0
16115,0,0,33052200,56883600,23831400,0,93,93,true,0
16116,0,0,33052200,56883600,23831400,0,86,86,true,0
16117,0,0,33052200,56888350,23836150,0,0,95,false,0
16118,0,0,33052200,56892600,23840400,0,0,85,false,0
16119,0,0,33052200,56897000,23844800,0,0,88,false,0
16120,0,0,33158820,56902150,23743330,0,6,109,false,0
16121,0,0,33158820,56906750,23747930,0,0,92,false,0
16122,0,0,33158820,56906750,23747930,0,106,106,true,0
16123,0,0,33158820,56906750,23747930,0,105,105,true,0
16124,0,0,33158820,56906750,23747930,0,111,111,true,0
16125,0,0,33158820,56906750,23747930,0,94,94,true,0
16126,0,0,33158820,56911200,23752380,0,0,89,false,0
16127,0,0,33158820,56916000,23757180,0,0,96,false,0
16128,0,0,33158820,56921150,23762330,0,1,104,false,0
16129,0,0,33158820,56925450,23766630,0,0,86,false,0
16130,0,0,33158820,56925450,23766630,0,105,105,true,0
16131,0,0,33158820,56925450,23766630,0,90,90,true,0
16132,0,0,33158820,56925450,23766630,0,103,103,true,0
16133,0,0,33158820,56925450,23766630,0,106,106,true,0
16134,0,0,33158820,56930200,23771380,0,0,95,false,0
16135,0,0,33158820,56935350,23776530,0,10,113,false,0
16136,0,0,33158820,56939950,23781130,0,0,92,false,0
16137,0,0,33158820,56944800,23785980,0,0,97,false,0
16138,0,0,33158820,56949950,23791130,0,14,117,false,0
16139,0,0,33158820,56954800,23795980,0,0,97,false,0
16140,0,0,33158820,56959950,23801130,0,11,114,false,0
16141,0,0,33158820,56964850,23806030,0,0,98,false,0
16142,0,0,33158820,56969800,23810980,0,0,99,false,0
16143,0,0,33158820,56969800,23810980,0,107,107,true,0
16144,0,0,33158820,56969800,23810980,0,107,107,true,0
16145,0,0,33158820,56974250,23815430,0,0,89,false,0
16146,0,0,33158820,56979400,23820580,0,7,110,false,0
16147,0,0,33158820,56983900,23825080,0,0,90,false,0
16148,0,0,33158820,56989050,23830230,0,6,109,false,0
16149,0,0,33158820,56994150,23835330,0,0,102,false,0
16150,0,0,33158820,56994150,23835330,0,101,101,true,0
16151,0,0,33158820,56994150,23835330,0,85,85,true,0
16152,0,0,33158820,56998550,23839730,0,0,88,false,0
16153,0,0,33158820,57003600,23844780,0,0,101,false,0
16154,0,0,33158820,57008550,23849730,0,0,99,false,0
16155,0,0,33158820,57013150,23854330,0,0,92,false,0
16156,0,0,33158820,57016950,23858130,0,0,76,false,0
16157,0,0,33158820,57022100,23863280,0,2,105,false,0
16158,0,0,33158820,57026450,23867630,0,0,87,false,0
16159,0,0,33158820,57031600,23872780,0,3,106,false,0
16160,0,0,33158820,57031600,23872780,0,91,91,true,0
16161,0,0,33158820,57031600,23872780,0,97,97,true,0
16162,0,0,33158820,57031600,23872780,0,83,83,true,0
16163,0,0,33158820,57031600,23872780,0,93,93,true,0
16164,0,0,33158820,57031600,23872780,0,93,93,true,0
16165,0,0,33158820,57035850,23877030,0,0,85,false,0
16166,0,0,33158820,57040500,23881680,0,0,93,false,0
16167,0,0,33158820,57045650,23886830,0,9,112,false,0
16168,0,0,33158820,57050700,23891880,0,0,101,false,0
16169,0,0,33158820,57050700,23891880,0,93,93,true,0
16170,0,0,33158820,57050700,23891880,0,107,107,true,0
16171,0,0,33158820,57050700,23891880,0,108,108,true,0
16172,0,0,33265440,57055850,23790410,0,8,111,false,0
16173,0,0,33265440,57061000,23795560,0,7,110,false,0
16174,0,0,33265440,57065650,23800210,0,0,93,false,0
16175,0,0,33265440,57070650,23805210,0,0,100,false,0
16176,0,0,33265440,57075750,23810310,0,0,102,false,0
16177,0,0,33265440,57080000,23814560,0,0,85,false,0
16178,0,0,33265440,57085150,23819710,0,14,117,false,0
16179,0,0,33265440,57090250,23824810,0,0,102,false,0
16180,0,0,33265440,57095150,23829710,0,0,98,false,0
16181,0,0,33265440,57099450,23834010,0,0,86,false,0
16182,0,0,33265440,57104350,23838910,0,0,98,false,0
16183,0,0,33265440,57108950,23843510,0,0,92,false,0
16184,0,0,33265440,57113300,23847860,0,0,87,false,0
16185,0,0,33265440,57113300,23847860,0,98,98,true,0
16186,0,0,33265440,57118450,23853010,0,9,112,false,0
16187,0,0,33265440,57123600,23858160,0,2,105,false,0
16188,0,0,33265440,57128150,23862710,0,0,91,false,0
16189,0,0,33265440,57133050,23867610,0,0,98,false,0
16190,0,0,33265440,57138200,23872760,0,10,113,false,0
16191,0,0,33265440,57143350,23877910,0,3,106,false,0
16192,0,0,33265440,57143350,23877910,0,100,100,true,0
16193,0,0,33265440,57143350,23877910,0,98,98,true,0
16194,0,0,33265440,57148300,23882860,0,0,99,false,0
16195,0,0,33265440,57153450,23888010,0,4,107,false,0
16196,0,0,33265440,57158350,23892910,0,0,98,false,0
16197,0,0,33265440,57163500,23898060,0,6,109,false,0
16198,0,0,33265440,57168500,23903060,0,0,100,false,0
16199,0,0,33265440,57173650,23908210,0,10,113,false,0
16200,0,0,33265440,57178800,23913360,0,7,110,false,0
16201,0,0,33265440,57183950,23918510,0,1,104,false,0
16202,0,0,33265440,57183950,23918510,0,88,88,true,0
16203,0,0,33265440,57183950,23918510,0,117,117,true,0
16204,0,0,33265440,57183950,23918510,0,112,112,true,0
16205,0,0,33265440,57189100,23923660,0,6,109,false,0
16206,0,0,33265440,57193800,23928360,0,0,94,false,0
16207,0,0,33265440,57198250,23932810,0,0,89,false,0
16208,0,0,33265440,57203400,23937960,0,0,103,false,0
16209,0,0,33265440,57208550,23943110,0,13,116,false,0
16210,0,0,33265440,57213450,23948010,0,0,98,false,0
16211,0,0,33265440,57218200,23952760,0,0,95,false,0
16212,0,0,33265440,57223350,23957910,0,2,105,false,0
16213,0,0,33265440,57228100,23962660,0,0,95,false,0
16214,0,0,33265440,57233100,23967660,0,0,100,false,0
16215,0,0,33265440,57238250,23972810,0,3,106,false,0
16216,0,0,33265440,57243000,23977560,0,0,95,false,0
16217,0,0,33265440,57248100,23982660,0,0,102,false,0
16218,0,0,33265440,57253100,23987660,0,0,100,false,0
16219,0,0,33265440,57257350,23991910,0,0,85,false,0
16220,0,0,33265440,57262050,23996610,0,0,94,false,0
16221,0,0,33265440,57267200,24001760,0,5,108,false,0
16222,0,0,33265440,57272350,24006910,0,1,104,false,0
16223,0,0,33265440,57276650,24011210,0,0,86,false,0
16224,0,0,33372060,57276650,23904590,0,89,89,true,0
16225,0,0,33372060,57281800,23909740,0,6,109,false,0
16226,0,0,33372060,57286350,23914290,0,0,91,false,0
16227,0,0,33372060,57286350,23914290,0,95,95,true,0
16228,0,0,33372060,57291500,23919440,0,3,106,false,0
16229,0,0,33372060,57296050,23923990,0,0,91,false,0
16230,0,0,33372060,57301200,23929140,0,22,125,false,0
16231,0,0,33372060,57305850,23933790,0,0,93,false,0
16232,0,0,33372060,57310550,23938490,0,0,94,false,0
16233,0,0,33372060,57315100,23943040,0,0,91,false,0
16234,0,0,33372060,57320250,23948190,0,14,117,false,0
16235,0,0,33372060,57325300,23953240,0,0,101,false,0
16236,0,0,33372060,57330400,23958340,0,0,102,false,0
16237,0,0,33372060,57335300,23963240,0,0,98,false,0
16238,0,0,33372060,57339950,23967890,0,0,93,false,0
16239,0,0,33372060,57344350,23972290,0,0,88,false,0
16240,0,0,33372060,57349450,23977390,0,0,102,false,0
16241,0,0,33372060,57349450,23977390,0,95,95,true,0
16242,0,0,33372060,57349450,23977390,0,103,103,true,0
16243,0,0,33372060,57349450,23977390,0,90,90,true,0
16244,0,0,33372060,57349450,23977390,0,92,92,true,0
16245,0,0,33372060,57353850,23981790,0,0,88,false,0
16246,0,0,33372060,57357900,23985840,0,0,81,false,0
16247,0,0,33372060,57363050,23990990,0,14,117,false,0
16248,0,0,33372060,57363050,23990990,0,132,132,true,0
16249,0,0,33372060,57363050,23990990,0,90,90,true,0
16250,0,0,33372060,57368200,23996140,0,1,104,false,0
16251,0,0,33372060,57371500,23999440,0,0,66,false,0
16252,0,0,33372060,57376650,24004590,0,5,108,false,0
16253,0,0,33372060,57381250,24009190,0,0,92,false,0
16254,0,0,33372060,57386400,24014340,0,16,119,false,0
16255,0,0,33372060,57391350,24019290,0,0,99,false,0
16256,0,0,33372060,57391350,24019290,0,103,103,true,0
16257,0,0,33372060,57395900,24023840,0,0,91,false,0
16258,0,0,33372060,57400700,24028640,0,0,96,false,0
16259,0,0,33372060,57405800,24033740,0,0,102,false,0
16260,0,0,33372060,57409550,24037490,0,0,75,false,0
16261,0,0,33372060,57414700,24042640,0,0,103,false,0
16262,0,0,33372060,57418350,24046290,0,0,73,false,0
16263,0,0,33372060,57423500,24051440,0,2,105,false,0
16264,0,0,33372060,57428250,24056190,0,0,95,false,0
16265,0,0,33372060,57433400,24061340,0,7,110,false,0
16266,0,0,33372060,57438350,24066290,0,0,99,false,0
16267,0,0,33372060,57443150,24071090,0,0,96,false,0
16268,0,0,33372060,57447700,24075640,0,0,91,false,0
16269,0,0,33372060,57452850,24080790,0,11,114,false,0
16270,0,0,33372060,57457900,24085840,0,0,101,false,0
16271,0,0,33372060,57462000,24089940,0,0,82,false,0
16272,0,0,33372060,57467150,24095090,0,5,108,false,0
16273,0,0,33372060,57471850,24099790,0,0,94,false,0
16274,0,0,33372060,57476400,24104340,0,0,91,false,0
16275,0,0,33372060,57480900,24108840,0,0,90,false,0
16276,0,0,33478680,57485700,24007020,0,0,96,false,0
16277,0,0,33478680,57490850,24012170,0,4,107,false,0
16278,0,0,33478680,57496000,24017320,0,8,111,false,0
16279,0,0,33478680,57500750,24022070,0,0,95,false,0
16280,0,0,33478680,57500750,24022070,0,86,86,true,0
16281,0,0,33478680,57505900,24027220,0,3,106,false,0
16282,0,0,33478680,57509950,24031270,0,0,81,false,0
16283,0,0,33478680,57514800,24036120,0,0,97,false,0
16284,0,0,33478680,57519950,24041270,0,6,109,false,0
16285,0,0,33478680,57523600,24044920,0,0,73,false,0
16286,0,0,33478680,57527700,24049020,0,0,82,false,0
16287,0,0,33478680,57527700,24049020,0,79,79,true,0
16288,0,0,33478680,57532150,24053470,0,0,89,false,0
16289,0,0,33478680,57537100,24058420,0,0,99,false,0
16290,0,0,33478680,57542250,24063570,0,7,110,false,0
16291,0,0,33478680,57542250,24063570,0,104,104,true,0
16292,0,0,33478680,57542250,24063570,0,103,103,true,0
16293,0,0,33478680,57542250,24063570,0,103,103,true,0
16294,0,0,33478680,57542250,24063570,0,97,97,true,0
16295,0,0,33478680,57542250,24063570,0,93,93,true,0
16296,0,0,33478680,57546550,24067870,0,0,86,false,0
16297,0,0,33478680,57551450,24072770,0,0,98,false,0
16298,0,0,33478680,57556550,24077870,0,0,102,false,0
16299,0,0,33478680,57560700,24082020,0,0,83,false,0
16300,0,0,33478680,57565850,24087170,0,0,103,false,0
16301,0,0,33478680,57570400,24091720,0,0,91,false,0
16302,0,0,33478680,57574600,24095920,0,0,84,false,0
16303,0,0,33478680,57574600,24095920,0,104,104,true,0
16304,0,0,33478680,57574600,24095920,0,98,98,true,0
16305,0,0,33478680,57574600,24095920,0,106,106,true,0
16306,0,0,33478680,57574600,24095920,0,100,100,true,0
16307,0,0,33478680,57574600,24095920,0,121,121,true,0
16308,0,0,33478680,57574600,24095920,0,90,90,true,0
16309,0,0,33478680,57574600,24095920,0,116,116,true,0
16310,0,0,33478680,57574600,24095920,0,93,93,true,0
16311,0,0,33478680,57579600,24100920,0,0,100,false,0
16312,0,0,33478680,57584750,24106070,0,2,105,false,0
16313,0,0,33478680,57589500,24110820,0,0,95,false,0
16314,0,0,33478680,57594150,24115470,0,0,93,false,0
16315,0,0,33478680,57598900,24120220,0,0,95,false,0
16316,0,0,33478680,57603950,24125270,0,0,101,false,0
16317,0,0,33478680,57609000,24130320,0,0,101,false,0
16318,0,0,33478680,57613550,24134870,0,0,91,false,0
16319,0,0,33478680,57618200,24139520,0,0,93,false,0
16320,0,0,33478680,57618200,24139520,0,100,100,true,0
16321,0,0,33478680,57618200,24139520,0,112,112,true,0
16322,0,0,33478680,57618200,24139520,0,101,101,true,0
16323,0,0,33478680,57618200,24139520,0,94,94,true,0
16324,0,0,33478680,57623350,24144670,0,2,105,false,0
16325,0,0,33478680,57628500,24149820,0,8,111,false,0
16326,0,0,33478680,57628500,24149820,0,91,91,true,0
16327,0,0,33478680,57628500,24149820,0,103,103,true,0
16328,0,0,33585300,57628500,24043200,0,115,115,true,0
16329,0,0,33585300,57628500,24043200,0,105,105,true,0
16330,0,0,33585300,57628500,24043200,0,93,93,true,0
16331,0,0,33585300,57628500,24043200,0,88,88,true,0
16332,0,0,33585300,57632750,24047450,0,0,85,false,0
16333,0,0,33585300,57637650,24052350,0,0,98,false,0
16334,0,0,33585300,57642550,24057250,0,0,98,false,0
16335,0,0,33585300,57647150,24061850,0,0,92,false,0
16336,0,0,33585300,57652300,24067000,0,2,105,false,0
16337,0,0,33585300,57657450,24072150,0,19,122,false,0
16338,0,0,33585300,57661700,24076400,0,0,85,false,0
16339,0,0,33585300,57666850,24081550,0,21,124,false,0
16340,0,0,33585300,57671400,24086100,0,0,91,false,0
16341,0,0,33585300,57675850,24090550,0,0,89,false,0
16342,0,0,33585300,57680650,24095350,0,0,96,false,0
16343,0,0,33585300,57685800,24100500,0,6,109,false,0
16344,0,0,33585300,57690700,24105400,0,0,98,false,0
16345,0,0,33585300,57695700,24110400,0,0,100,false,0
16346,0,0,33585300,57695700,24110400,0,85,85,true,0
16347,0,0,33585300,57700850,24115550,0,10,113,false,0
16348,0,0,33585300,57705550,24120250,0,0,94,false,0
16349,0,0,33585300,57710050,24124750,0,0,90,false,0
16350,0,0,33585300,57714800,24129500,0,0,95,false,0
16351,0,0,33585300,57719950,24134650,0,4,107,false,0
16352,0,0,33585300,57725100,24139800,0,7,110,false,0
16353,0,0,33585300,57730250,24144950,0,8,111,false,0
16354,0,0,33585300,57734850,24149550,0,0,92,false,0
16355,0,0,33585300,57738500,24153200,0,0,73,false,0
16356,0,0,33585300,57743300,24158000,0,0,96,false,0
16357,0,0,33585300,57748450,24163150,0,7,110,false,0
16358,0,0,33585300,57753250,24167950,0,0,96,false,0
16359,0,0,33585300,57758400,24173100,0,19,122,false,0
16360,0,0,33585300,57763550,24178250,0,3,106,false,0
16361,0,0,33585300,57768700,24183400,0,5,108,false,0
16362,0,0,33585300,57773050,24187750,0,0,87,false,0
16363,0,0,33585300,57777450,24192150,0,0,88,false,0
16364,0,0,33585300,57782600,24197300,0,8,111,false,0
16365,0,0,33585300,57782600,24197300,0,91,91,true,0
16366,0,0,33585300,57782600,24197300,0,122,122,true,0
16367,0,0,33585300,57787550,24202250,0,0,99,false,0
16368,0,0,33585300,57792050,24206750,0,0,90,false,0
16369,0,0,33585300,57797200,24211900,0,2,105,false,0
16370,0,0,33585300,57802350,24217050,0,0,103,false,0
16371,0,0,33585300,57807500,24222200,0,6,109,false,0
16372,0,0,33585300,57807500,24222200,0,110,110,true,0
16373,0,0,33585300,57807500,24222200,0,103,103,true,0
16374,0,0,33585300,57807500,24222200,0,112,112,true,0
16375,0,0,33585300,57807500,24222200,0,102,102,true,0
16376,0,0,33585300,57812650,24227350,0,4,107,false,0
16377,0,0,33585300,57817050,24231750,0,0,88,false,0
16378,0,0,33585300,57817050,24231750,0,96,96,true,0
16379,0,0,33585300,57822100,24236800,0,0,101,false,0
16380,0,0,33691920,57826200,24134280,0,0,82,false,0
16381,0,0,33691920,57830800,24138880,0,0,92,false,0
16382,0,0,33691920,57835950,24144030,0,6,109,false,0
16383,0,0,33691920,57835950,24144030,0,108,108,true,0
16384,0,0,33691920,57835950,24144030,0,107,107,true,0
16385,0,0,33691920,57835950,24144030,0,104,104,true,0
16386,0,0,33691920,57835950,24144030,0,103,103,true,0
16387,0,0,33691920,57835950,24144030,0,95,95,true,0
16388,0,0,33691920,57835950,24144030,0,101,101,true,0
16389,0,0,33691920,57835950,24144030,0,107,107,true,0
16390,0,0,33691920,57835950,24144030,0,94,94,true,0
16391,0,0,33691920,57841100,24149180,0,9,112,false,0
16392,0,0,33691920,57845950,24154030,0,0,97,false,0
16393,0,0,33691920,57851000,24159080,0,0,101,false,0
16394,0,0,33691920,57851000,24159080,0,96,96,true,0
16395,0,0,33691920,57855800,24163880,0,0,96,false,0
16396,0,0,33691920,57860650,24168730,0,0,97,false,0
16397,0,0,33691920,57865800,24173880,0,7,110,false,0
16398,0,0,33691920,57870950,24179030,0,1,104,false,0
16399,0,0,33691920,57870950,24179030,0,92,92,true,0
16400,0,0,33691920,57876100,24184180,0,18,121,false,0
16401,0,0,33691920,57881250,24189330,0,3,106,false,0
16402,0,0,33691920,57885750,24193830,0,0,90,false,0
16403,0,0,33691920,57890700,24198780,0,0,99,false,0
16404,0,0,33691920,57895850,24203930,0,6,109,false,0
16405,0,0,33691920,57901000,24209080,0,9,112,false,0
16406,0,0,33691920,57905500,24213580,0,0,90,false,0
16407,0,0,33691920,57910650,24218730,0,2,105,false,0
16408,0,0,33691920,57915700,24223780,0,0,101,false,0
16409,0,0,33691920,57920850,24228930,0,14,117,false,0
16410,0,0,33691920,57926000,24234080,0,11,114,false,0
16411,0,0,33691920,57930100,24238180,0,0,82,false,0
16412,0,0,33691920,57935250,24243330,0,10,113,false,0
16413,0,0,33691920,57935250,24243330,0,114,114,true,0
16414,0,0,33691920,57940400,24248480,0,3,106,false,0
16415,0,0,33691920,57945550,24253630,0,11,114,false,0
16416,0,0,33691920,57945550,24253630,0,104,104,true,0
16417,0,0,33691920,57945550,24253630,0,98,98,true,0
16418,0,0,33691920,57949750,24257830,0,0,84,false,0
16419,0,0,33691920,57954200,24262280,0,0,89,false,0
16420,0,0,33691920,57959250,24267330,0,0,101,false,0
16421,0,0,33691920,57964200,24272280,0,0,99,false,0
16422,0,0,33691920,57964200,24272280,0,108,108,true,0
16423,0,0,33691920,57964200,24272280,0,91,91,true,0
16424,0,0,33691920,57964200,24272280,0,88,88,true,0
16425,0,0,33691920,57969350,24277430,0,3,106,false,0
16426,0,0,33691920,57974500,24282580,0,1,104,false,0
16427,0,0,33691920,57979350,24287430,0,0,97,false,0
16428,0,0,33691920,57984300,24292380,0,0,99,false,0
16429,0,0,33691920,57989150,24297230,0,0,97,false,0
16430,0,0,33691920,57994300,24302380,0,5,108,false,0
16431,0,0,33691920,57999450,24307530,0,10,113,false,0
16432,0,0,33798540,58004600,24206060,0,8,111,false,0
16433,0,0,33798540,58009250,24210710,0,0,93,false,0
16434,0,0,33798540,58013250,24214710,0,0,80,false,0
16435,0,0,33798540,58013250,24214710,0,91,91,true,0
16436,0,0,33798540,58013250,24214710,0,92,92,true,0
16437,0,0,33798540,58017900,24219360,0,0,93,false,0
16438,0,0,33798540,58022400,24223860,0,0,90,false,0
16439,0,0,33798540,58027250,24228710,0,0,97,false,0
16440,0,0,33798540,58032400,24233860,0,1,104,false,0
16441,0,0,33798540,58037550,24239010,0,1,104,false,0
16442,0,0,33798540,58042700,24244160,0,5,108,false,0
16443,0,0,33798540,58046850,24248310,0,0,83,false,0
16444,0,0,33798540,58046850,24248310,0,83,83,true,0
16445,0,0,33798540,58046850,24248310,0,104,104,true,0
16446,0,0,33798540,58046850,24248310,0,94,94,true,0
16447,0,0,33798540,58046850,24248310,0,114,114,true,0
16448,0,0,33798540,58046850,24248310,0,92,92,true,0
16449,0,0,33798540,58046850,24248310,0,104,104,true,0
16450,0,0,33798540,58046850,24248310,0,80,80,true,0
16451,0,0,33798540,58052000,24253460,0,12,115,false,0
16452,0,0,33798540,58057150,24258610,0,5,108,false,0
16453,0,0,33798540,58062300,24263760,0,17,120,false,0
16454,0,0,33798540,58067450,24268910,0,8,111,false,0
16455,0,0,33798540,58072150,24273610,0,0,94,false,0
16456,0,0,33798540,58077300,24278760,0,1,104,false,0
16457,0,0,33798540,58081800,24283260,0,0,90,false,0
16458,0,0,33798540,58086500,24287960,0,0,94,false,0
16459,0,0,33798540,58091650,24293110,0,2,105,false,0
16460,0,0,33798540,58096250,24297710,0,0,92,false,0
16461,0,0,33798540,58096250,24297710,0,89,89,true,0
16462,0,0,33798540,58099550,24301010,0,0,66,false,0
16463,0,0,33798540,58104400,24305860,0,0,97,false,0
16464,0,0,33798540,58109550,24311010,0,6,109,false,0
16465,0,0,33798540,58114350,24315810,0,0,96,false,0
16466,0,0,33798540,58119150,24320610,0,0,96,false,0
16467,0,0,33798540,58119150,24320610,0,110,110,true,0
16468,0,0,33798540,58119150,24320610,0,99,99,true,0
16469,0,0,33798540,58124300,24325760,0,3,106,false,0
16470,0,0,33798540,58129400,24330860,0,0,102,false,0
16471,0,0,33798540,58134550,24336010,0,8,111,false,0
16472,0,0,33798540,58139200,24340660,0,0,93,false,0
16473,0,0,33798540,58139200,24340660,0,90,90,true,0
16474,0,0,33798540,58139200,24340660,0,101,101,true,0
16475,0,0,33798540,58144350,24345810,0,11,114,false,0
16476,0,0,33798540,58149350,24350810,0,0,100,false,0
16477,0,0,33798540,58153650,24355110,0,0,86,false,0
16478,0,0,33798540,58158400,24359860,0,0,95,false,0
16479,0,0,33798540,58163550,24365010,0,3,106,false,0
16480,0,0,33798540,58168700,24370160,0,1,104,false,0
16481,0,0,33798540,58173450,24374910,0,0,95,false,0
16482,0,0,33798540,58178600,24380060,0,0,103,false,0
16483,0,0,33798540,58183750,24385210,0,1,104,false,0
16484,0,0,33905160,58188300,24283140,0,0,91,false,0
16485,0,0,33905160,58193450,24288290,0,0,103,false,0
16486,0,0,33905160,58198600,24293440,0,0,103,false,0
16487,0,0,33905160,58203750,24298590,0,2,105,false,0
16488,0,0,33905160,58208900,24303740,0,13,116,false,0
16489,0,0,33905160,58214050,24308890,0,1,104,false,0
16490,0,0,33905160,58217950,24312790,0,0,78,false,0
16491,0,0,33905160,58222950,24317790,0,0,100,false,0
16492,0,0,33905160,58228050,24322890,0,0,102,false,0
16493,0,0,33905160,58233150,24327990,0,0,102,false,0
16494,0,0,33905160,58237900,24332740,0,0,95,false,0
16495,0,0,33905160,58243050,24337890,0,0,103,false,0
16496,0,0,33905160,58247850,24342690,0,0,96,false,0
16497,0,0,33905160,58247850,24342690,0,91,91,true,0
16498,0,0,33905160,58252850,24347690,0,0,100,false,0
16499,0,0,33905160,58257900,24352740,0,0,101,false,0
16500,0,0,33905160,58262900,24357740,0,0,100,false,0
16501,0,0,33905160,58267500,24362340,0,0,92,false,0
16502,0,0,33905160,58272450,24367290,0,0,99,false,0
16503,0,0,33905160,58272450,24367290,0,87,87,true,0
16504,0,0,33905160,58277600,24372440,0,4,107,false,0
16505,0,0,33905160,58282750,24377590,0,5,108,false,0
16506,0,0,33905160,58282750,24377590,0,89,89,true,0
16507,0,0,33905160,58287700,24382540,0,0,99,false,0
16508,0,0,33905160,58292850,24387690,0,17,120,false,0
16509,0,0,33905160,58298000,24392840,0,2,105,false,0
16510,0,0,33905160,58302550,24397390,0,0,91,false,0
16511,0,0,33905160,58307700,24402540,0,6,109,false,0
16512,0,0,33905160,58312150,24406990,0,0,89,false,0
16513,0,0,33905160,58312150,24406990,0,99,99,true,0
16514,0,0,33905160,58312150,24406990,0,109,109,true,0
16515,0,0,33905160,58312150,24406990,0,95,95,true,0
16516,0,0,33905160,58317050,24411890,0,0,98,false,0
16517,0,0,33905160,58322200,24417040,0,7,110,false,0
16518,0,0,33905160,58327350,24422190,0,1,104,false,0
16519,0,0,33905160,58332500,24427340,0,8,111,false,0
16520,0,0,33905160,58337650,24432490,0,9,112,false,0
16521,0,0,33905160,58342800,24437640,0,5,108,false,0
16522,0,0,33905160,58347850,24442690,0,0,101,false,0
16523,0,0,33905160,58353000,24447840,0,6,109,false,0
16524,0,0,33905160,58357700,24452540,0,0,94,false,0
16525,0,0,33905160,58357700,24452540,0,104,104,true,0
16526,0,0,33905160,58357700,24452540,0,110,110,true,0
16527,0,0,33905160,58357700,24452540,0,114,114,true,0
16528,0,0,33905160,58362850,24457690,0,0,103,false,0
16529,0,0,33905160,58367600,24462440,0,0,95,false,0
16530,0,0,33905160,58372650,24467490,0,0,101,false,0
16531,0,0,33905160,58377500,24472340,0,0,97,false,0
16532,0,0,33905160,58377500,24472340,0,109,109,true,0
16533,0,0,33905160,58382650,24477490,0,7,110,false,0
16534,0,0,33905160,58387200,24482040,0,0,91,false,0
16535,0,0,33905160,58391950,24486790,0,0,95,false,0
16536,0,0,34011780,58397100,24385320,0,30,133,false,0
16537,0,0,34011780,58401700,24389920,0,0,92,false,0
16538,0,0,34011780,58401700,24389920,0,104,104,true,0
16539,0,0,34011780,58401700,24389920,0,105,105,true,0
16540,0,0,34011780,58401700,24389920,0,97,97,true,0
16541,0,0,34011780,58401700,24389920,0,97,97,true,0
16542,0,0,34011780,58401700,24389920,0,94,94,true,0
16543,0,0,34011780,58401700,24389920,0,98,98,true,0
16544,0,0,34011780,58406650,24394870,0,0,99,false,0
16545,0,0,34011780,58410800,24399020,0,0,83,false,0
16546,0,0,34011780,58410800,24399020,0,94,94,true,0
16547,0,0,34011780,58410800,24399020,0,75,75,true,0
16548,0,0,34011780,58414800,24403020,0,0,80,false,0
16549,0,0,34011780,58419950,24408170,0,2,105,false,0
16550,0,0,34011780,58425100,24413320,0,12,115,false,0
16551,0,0,34011780,58429900,24418120,0,0,96,false,0
16552,0,0,34011780,58433650,24421870,0,0,75,false,0
16553,0,0,34011780,58433650,24421870,0,105,105,true,0
16554,0,0,34011780,58438550,24426770,0,0,98,false,0
16555,0,0,34011780,58443700,24431920,0,6,109,false,0
16556,0,0,34011780,58448850,24437070,0,8,111,false,0
16557,0,0,34011780,58448850,24437070,0,79,79,true,0
16558,0,0,34011780,58448850,24437070,0,90,90,true,0
16559,0,0,34011780,58448850,24437070,0,118,118,true,0
16560,0,0,34011780,58453900,24442120,0,0,101,false,0
16561,0,0,34011780,58459050,24447270,0,0,103,false,0
16562,0,0,34011780,58463600,24451820,0,0,91,false,0
16563,0,0,34011780,58463600,24451820,0,109,109,true,0
16564,0,0,34011780,58468150,24456370,0,0,91,false,0
16565,0,0,34011780,58473300,24461520,0,0,103,false,0
16566,0,0,34011780,58478150,24466370,0,0,97,false,0
16567,0,0,34011780,58483300,24471520,0,3,106,false,0
16568,0,0,34011780,58488250,24476470,0,0,99,false,0
16569,0,0,34011780,58493300,24481520,0,0,101,false,0
16570,0,0,34011780,58498450,24486670,0,13,116,false,0
16571,0,0,34011780,58503600,24491820,0,6,109,false,0
16572,0,0,34011780,58507850,24496070,0,0,85,false,0
16573,0,0,34011780,58513000,24501220,0,4,107,false,0
16574,0,0,34011780,58518150,24506370,0,10,113,false,0
16575,0,0,34011780,58522800,24511020,0,0,93,false,0
16576,0,0,34011780,58527950,24516170,0,17,120,false,0
16577,0,0,34011780,58533100,24521320,0,7,110,false,0
16578,0,0,34011780,58538250,24526470,0,8,111,false,0
16579,0,0,34011780,58542700,24530920,0,0,89,false,0
16580,0,0,34011780,58547850,24536070,0,9,112,false,0
16581,0,0,34011780,58552800,24541020,0,0,99,false,0
16582,0,0,34011780,58557950,24546170,0,5,108,false,0
16583,0,0,34011780,58563100,24551320,0,1,104,false,0
16584,0,0,34011780,58568050,24556270,0,0,99,false,0
16585,0,0,34011780,58573200,24561420,0,8,111,false,0
16586,0,0,34011780,58578350,24566570,0,18,121,false,0
16587,0,0,34011780,58583250,24571470,0,0,98,false,0
16588,0,0,34118400,58588300,24469900,0,0,101,false,0
16589,0,0,34118400,58592850,24474450,0,0,91,false,0
16590,0,0,34118400,58597450,24479050,0,0,92,false,0
16591,0,0,34118400,58602150,24483750,0,0,94,false,0
16592,0,0,34118400,58607300,24488900,0,5,108,false,0
16593,0,0,34118400,58612450,24494050,0,14,117,false,0
16594,0,0,34118400,58617600,24499200,0,12,115,false,0
16595,0,0,34118400,58617600,24499200,0,112,112,true,0
16596,0,0,34118400,58617600,24499200,0,102,102,true,0
16597,0,0,34118400,58617600,24499200,0,96,96,true,0
16598,0,0,34118400,58622100,24503700,0,0,90,false,0
16599,0,0,34118400,58625750,24507350,0,0,73,false,0
16600,0,0,34118400,58630450,24512050,0,0,94,false,0
16601,0,0,34118400,58635600,24517200,0,1,104,false,0
16602,0,0,34118400,58635600,24517200,0,105,105,true,0
16603,0,0,34118400,58640400,24522000,0,0,96,false,0
16604,0,0,34118400,58645550,24527150,0,11,114,false,0
16605,0,0,34118400,58650650,24532250,0,0,102,false,0
16606,0,0,34118400,58650650,24532250,0,106,106,true,0
16607,0,0,34118400,58655050,24536650,0,0,88,false,0
16608,0,0,34118400,58658550,24540150,0,0,70,false,0
16609,0,0,34118400,58658550,24540150,0,120,120,true,0
16610,0,0,34118400,58658550,24540150,0,102,102,true,0
16611,0,0,34118400,58663700,24545300,0,5,108,false,0
16612,0,0,34118400,58668850,24550450,0,5,108,false,0
16613,0,0,34118400,58673850,24555450,0,0,100,false,0
16614,0,0,34118400,58678900,24560500,0,0,101,false,0
16615,0,0,34118400,58684050,24565650,0,6,109,false,0
16616,0,0,34118400,58688500,24570100,0,0,89,false,0
16617,0,0,34118400,58693650,24575250,0,13,116,false,0
16618,0,0,34118400,58698500,24580100,0,0,97,false,0
16619,0,0,34118400,58698500,24580100,0,115,115,true,0
16620,0,0,34118400,58698500,24580100,0,101,101,true,0
16621,0,0,34118400,58698500,24580100,0,105,105,true,0
16622,0,0,34118400,58698500,24580100,0,103,103,true,0
16623,0,0,34118400,58703650,24585250,0,13,116,false,0
16624,0,0,34118400,58708750,24590350,0,0,102,false,0
16625,0,0,34118400,58708750,24590350,0,101,101,true,0
16626,0,0,34118400,58708750,24590350,0,74,74,true,0
16627,0,0,34118400,58708750,24590350,0,108,108,true,0
16628,0,0,34118400,58708750,24590350,0,114,114,true,0
16629,0,0,34118400,58708750,24590350,0,107,107,true,0
16630,0,0,34118400,58708750,24590350,0,113,113,true,0
16631,0,0,34118400,58708750,24590350,0,109,109,true,0
16632,0,0,34118400,58713900,24595500,0,6,109,false,0
16633,0,0,34118400,58718700,24600300,0,0,96,false,0
16634,0,0,34118400,58723850,24605450,0,2,105,false,0
16635,0,0,34118400,58723850,24605450,0,94,94,true,0
16636,0,0,34118400,58728750,24610350,0,0,98,false,0
16637,0,0,34118400,58733050,24614650,0,0,86,false,0
16638,0,0,34118400,58738200,24619800,0,4,107,false,0
16639,0,0,34118400,58743350,24624950,0,10,113,false,0
16640,0,0,34225020,58743350,24518330,0,106,106,true,0
16641,0,0,34225020,58743350,24518330,0,111,111,true,0
16642,0,0,34225020,58747950,24522930,0,0,92,false,0
16643,0,0,34225020,58752950,24527930,0,0,100,false,0
16644,0,0,34225020,58752950,24527930,0,84,84,true,0
16645,0,0,34225020,58757150,24532130,0,0,84,false,0
16646,0,0,34225020,58761850,24536830,0,0,94,false,0
16647,0,0,34225020,58767000,24541980,0,12,115,false,0
16648,0,0,34225020,58772150,24547130,0,19,122,false,0
16649,0,0,34225020,58772150,24547130,0,109,109,true,0
16650,0,0,34225020,58772150,24547130,0,122,122,true,0
16651,0,0,34225020,58772150,24547130,0,103,103,true,0
16652,0,0,34225020,58772150,24547130,0,85,85,true,0
16653,0,0,34225020,58772150,24547130,0,97,97,true,0
16654,0,0,34225020,58772150,24547130,0,92,92,true,0
16655,0,0,34225020,58777050,24552030,0,0,98,false,0
16656,0,0,34225020,58782200,24557180,0,18,121,false,0
16657,0,0,34225020,58786700,24561680,0,0,90,false,0
16658,0,0,34225020,58786700,24561680,0,92,92,true,0
16659,0,0,34225020,58786700,24561680,0,112,112,true,0
16660,0,0,34225020,58791050,24566030,0,0,87,false,0
16661,0,0,34225020,58796200,24571180,0,8,111,false,0
16662,0,0,34225020,58796200,24571180,0,97,97,true,0
16663,0,0,34225020,58796200,24571180,0,91,91,true,0
16664,0,0,34225020,58796200,24571180,0,112,112,true,0
16665,0,0,34225020,58801200,24576180,0,0,100,false,0
16666,0,0,34225020,58806050,24581030,0,0,97,false,0
16667,0,0,34225020,58811200,24586180,0,4,107,false,0
16668,0,0,34225020,58815750,24590730,0,0,91,false,0
16669,0,0,34225020,58820900,24595880,0,4,107,false,0
16670,0,0,34225020,58826050,24601030,0,0,103,false,0
16671,0,0,34225020,58830550,24605530,0,0,90,false,0
16672,0,0,34225020,58835700,24610680,0,2,105,false,0
16673,0,0,34225020,58840800,24615780,0,0,102,false,0
16674,0,0,34225020,58845950,24620930,0,0,103,false,0
16675,0,0,34225020,58851100,24626080,0,13,116,false,0
16676,0,0,34225020,58855800,24630780,0,0,94,false,0
16677,0,0,34225020,58860700,24635680,0,0,98,false,0
16678,0,0,34225020,58865850,24640830,0,11,114,false,0
16679,0,0,34225020,58870350,24645330,0,0,90,false,0
16680,0,0,34225020,58870350,24645330,0,104,104,true,0
16681,0,0,34225020,58870350,24645330,0,111,111,true,0
16682,0,0,34225020,58870350,24645330,0,104,104,true,0
16683,0,0,34225020,58875300,24650280,0,0,99,false,0
16684,0,0,34225020,58880300,24655280,0,0,100,false,0
16685,0,0,34225020,58885250,24660230,0,0,99,false,0
16686,0,0,34225020,58885250,24660230,0,93,93,true,0
16687,0,0,34225020,58889700,24664680,0,0,89,false,0
16688,0,0,34225020,58894500,24669480,0,0,96,false,0
16689,0,0,34225020,58899400,24674380,0,0,98,false,0
16690,0,0,34225020,58899400,24674380,0,111,111,true,0
16691,0,0,34225020,58899400,24674380,0,112,112,true,0
16692,0,0,34331640,58899400,24567760,0,102,102,true,0
16693,0,0,34331640,58899400,24567760,0,115,115,true,0
16694,0,0,34331640,58904250,24572610,0,0,97,false,0
16695,0,0,34331640,58909400,24577760,0,9,112,false,0
16696,0,0,34331640,58909400,24577760,0,103,103,true,0
16697,0,0,34331640,58909400,24577760,0,92,92,true,0
16698,0,0,34331640,58909400,24577760,0,94,94,true,0
16699,0,0,34331640,58909400,24577760,0,100,100,true,0
16700,0,0,34331640,58913600,24581960,0,0,84,false,0
16701,0,0,34331640,58918750,24587110,0,0,103,false,0
16702,0,0,34331640,58918750,24587110,0,83,83,true,0
16703,0,0,34331640,58923200,24591560,0,0,89,false,0
16704,0,0,34331640,58927800,24596160,0,0,92,false,0
16705,0,0,34331640,58932950,24601310,0,6,109,false,0
16706,0,0,34331640,58938050,24606410,0,0,102,false,0
16707,0,0,34331640,58943200,24611560,0,5,108,false,0
16708,0,0,34331640,58948350,24616710,0,11,114,false,0
16709,0,0,34331640,58953500,24621860,0,0,103,false,0
16710,0,0,34331640,58953500,24621860,0,108,108,true,0
16711,0,0,34331640,58953500,24621860,0,86,86,true,0
16712,0,0,34331640,58953500,24621860,0,105,105,true,0
16713,0,0,34331640,58958400,24626760,0,0,98,false,0
16714,0,0,34331640,58963550,24631910,0,4,107,false,0
16715,0,0,34331640,58968550,24636910,0,0,100,false,0
16716,0,0,34331640,58973100,24641460,0,0,91,false,0
16717,0,0,34331640,58978250,24646610,0,3,106,false,0
16718,0,0,34331640,58982500,24650860,0,0,85,false,0
16719,0,0,34331640,58982500,24650860,0,90,90,true,0
16720,0,0,34331640,58982500,24650860,0,80,80,true,0
16721,0,0,34331640,58987350,24655710,0,0,97,false,0
16722,0,0,34331640,58992400,24660760,0,0,101,false,0
16723,0,0,34331640,58996900,24665260,0,0,90,false,0
16724,0,0,34331640,59001450,24669810,0,0,91,false,0
16725,0,0,34331640,59005550,24673910,0,0,82,false,0
16726,0,0,34331640,59005550,24673910,0,85,85,true,0
16727,0,0,34331640,59010500,24678860,0,0,99,false,0
16728,0,0,34331640,59015650,24684010,0,2,105,false,0
16729,0,0,34331640,59020800,24689160,0,13,116,false,0
16730,0,0,34331640,59025950,24694310,0,0,103,false,0
16731,0,0,34331640,59030950,24699310,0,0,100,false,0
16732,0,0,34331640,59030950,24699310,0,83,83,true,0
16733,0,0,34331640,59035700,24704060,0,0,95,false,0
16734,0,0,34331640,59040250,24708610,0,0,91,false,0
16735,0,0,34331640,59044350,24712710,0,0,82,false,0
16736,0,0,34331640,59049050,24717410,0,0,94,false,0
16737,0,0,34331640,59054200,24722560,0,4,107,false,0
16738,0,0,34331640,59054200,24722560,0,81,81,true,0
16739,0,0,34331640,59054200,24722560,0,95,95,true,0
16740,0,0,34331640,59059100,24727460,0,0,98,false,0
16741,0,0,34331640,59064250,24732610,0,0,103,false,0
16742,0,0,34331640,59068700,24737060,0,0,89,false,0
16743,0,0,34331640,59073550,24741910,0,0,97,false,0
16744,0,0,34438260,59073550,24635290,0,111,111,true,0
16745,0,0,34438260,59073550,24635290,0,106,106,true,0
16746,0,0,34438260,59073550,24635290,0,103,103,true,0
16747,0,0,34438260,59078650,24640390,0,0,102,false,0
16748,0,0,34438260,59083550,24645290,0,0,98,false,0
16749,0,0,34438260,59088650,24650390,0,0,102,false,0
16750,0,0,34438260,59093800,24655540,0,6,109,false,0
16751,0,0,34438260,59098950,24660690,0,8,111,false,0
16752,0,0,34438260,59098950,24660690,0,117,117,true,0
16753,0,0,34438260,59098950,24660690,0,89,89,true,0
16754,0,0,34438260,59098950,24660690,0,86,86,true,0
16755,0,0,34438260,59103550,24665290,0,0,92,false,0
16756,0,0,34438260,59108050,24669790,0,0,90,false,0
16757,0,0,34438260,59112050,24673790,0,0,80,false,0
16758,0,0,34438260,59117100,24678840,0,0,101,false,0
16759,0,0,34438260,59122100,24683840,0,0,100,false,0
16760,0,0,34438260,59126800,24688540,0,0,94,false,0
16761,0,0,34438260,59131950,24693690,0,1,104,false,0
16762,0,0,34438260,59136900,24698640,0,0,99,false,0
16763,0,0,34438260,59141700,24703440,0,0,96,false,0
16764,0,0,34438260,59146650,24708390,0,0,99,false,0
16765,0,0,34438260,59146650,24708390,0,105,105,true,0
16766,0,0,34438260,59151500,24713240,0,0,97,false,0
16767,0,0,34438260,59156250,24717990,0,0,95,false,0
16768,0,0,34438260,59161250,24722990,0,0,100,false,0
16769,0,0,34438260,59166400,24728140,0,1,104,false,0
16770,0,0,34438260,59171050,24732790,0,0,93,false,0
16771,0,0,34438260,59175950,24737690,0,0,98,false,0
16772,0,0,34438260,59180600,24742340,0,0,93,false,0
16773,0,0,34438260,59185750,24747490,0,14,117,false,0
16774,0,0,34438260,59190200,24751940,0,0,89,false,0
16775,0,0,34438260,59195250,24756990,0,0,101,false,0
16776,0,0,34438260,59200400,24762140,0,5,108,false,0
16777,0,0,34438260,59200400,24762140,0,101,101,true,0
16778,0,0,34438260,59205300,24767040,0,0,98,false,0
16779,0,0,34438260,59210450,24772190,0,0,103,false,0
16780,0,0,34438260,59215600,24777340,0,8,111,false,0
16781,0,0,34438260,59220750,24782490,0,9,112,false,0
16782,0,0,34438260,59225900,24787640,0,3,106,false,0
16783,0,0,34438260,59231000,24792740,0,0,102,false,0
16784,0,0,34438260,59235750,24797490,0,0,95,false,0
16785,0,0,34438260,59240750,24802490,0,0,100,false,0
16786,0,0,34438260,59245500,24807240,0,0,95,false,0
16787,0,0,34438260,59249950,24811690,0,0,89,false,0
16788,0,0,34438260,59255100,24816840,0,9,112,false,0
16789,0,0,34438260,59259500,24821240,0,0,88,false,0
16790,0,0,34438260,59264600,24826340,0,0,102,false,0
16791,0,0,34438260,59269350,24831090,0,0,95,false,0
16792,0,0,34438260,59269350,24831090,0,99,99,true,0
16793,0,0,34438260,59269350,24831090,0,91,91,true,0
16794,0,0,34438260,59269350,24831090,0,111,111,true,0
16795,0,0,34438260,59274500,24836240,0,18,121,false,0
16796,0,0,34544880,59279650,24734770,0,17,120,false,0
16797,0,0,34544880,59284200,24739320,0,0,91,false,0
16798,0,0,34544880,59288850,24743970,0,0,93,false,0
16799,0,0,34544880,59292850,24747970,0,0,80,false,0
16800,0,0,34544880,59297700,24752820,0,0,97,false,0
16801,0,0,34544880,59301550,24756670,0,0,77,false,0
16802,0,0,34544880,59301550,24756670,0,90,90,true,0
16803,0,0,34544880,59301550,24756670,0,109,109,true,0
16804,0,0,34544880,59306700,24761820,0,3,106,false,0
16805,0,0,34544880,59311550,24766670,0,0,97,false,0
16806,0,0,34544880,59315850,24770970,0,0,86,false,0
16807,0,0,34544880,59315850,24770970,0,106,106,true,0
16808,0,0,34544880,59320250,24775370,0,0,88,false,0
16809,0,0,34544880,59325400,24780520,0,6,109,false,0
16810,0,0,34544880,59329800,24784920,0,0,88,false,0
16811,0,0,34544880,59334950,24790070,0,4,107,false,0
16812,0,0,34544880,59339500,24794620,0,0,91,false,0
16813,0,0,34544880,59344650,24799770,0,5,108,false,0
16814,0,0,34544880,59349150,24804270,0,0,90,false,0
16815,0,0,34544880,59349150,24804270,0,104,104,true,0
16816,0,0,34544880,59349150,24804270,0,99,99,true,0
16817,0,0,34544880,59353450,24808570,0,0,86,false,0
16818,0,0,34544880,59358350,24813470,0,0,98,false,0
16819,0,0,34544880,59363350,24818470,0,0,100,false,0
16820,0,0,34544880,59368200,24823320,0,0,97,false,0
16821,0,0,34544880,59372750,24827870,0,0,91,false,0
16822,0,0,34544880,59372750,24827870,0,103,103,true,0
16823,0,0,34544880,59372750,24827870,0,103,103,true,0
16824,0,0,34544880,59377900,24833020,0,3,106,false,0
16825,0,0,34544880,59383050,24838170,0,0,103,false,0
16826,0,0,34544880,59387650,24842770,0,0,92,false,0
16827,0,0,34544880,59392250,24847370,0,0,92,false,0
16828,0,0,34544880,59397400,24852520,0,10,113,false,0
16829,0,0,34544880,59397400,24852520,0,93,93,true,0
16830,0,0,34544880,59402500,24857620,0,0,102,false,0
16831,0,0,34544880,59406600,24861720,0,0,82,false,0
16832,0,0,34544880,59406600,24861720,0,75,75,true,0
16833,0,0,34544880,59411750,24866870,0,0,103,false,0
16834,0,0,34544880,59416900,24872020,0,6,109,false,0
16835,0,0,34544880,59422050,24877170,0,18,121,false,0
16836,0,0,34544880,59427200,24882320,0,9,112,false,0
16837,0,0,34544880,59432050,24887170,0,0,97,false,0
16838,0,0,34544880,59436700,24891820,0,0,93,false,0
16839,0,0,34544880,59441600,24896720,0,0,98,false,0
16840,0,0,34544880,59446550,24901670,0,0,99,false,0
16841,0,0,34544880,59451100,24906220,0,0,91,false,0
16842,0,0,34544880,59455550,24910670,0,0,89,false,0
16843,0,0,34544880,59460300,24915420,0,0,95,false,0
16844,0,0,34544880,59465300,24920420,0,0,100,false,0
16845,0,0,34544880,59470450,24925570,0,16,119,false,0
16846,0,0,34544880,59475600,24930720,0,0,103,false,0
16847,0,0,34544880,59480750,24935870,0,6,109,false,0
16848,0,0,34651500,59485900,24834400,0,17,120,false,0
16849,0,0,34651500,59485900,24834400,0,113,113,true,0
16850,0,0,34651500,59491050,24839550,0,5,108,false,0
16851,0,0,34651500,59496200,24844700,0,5,108,false,0
16852,0,0,34651500,59500100,24848600,0,0,78,false,0
16853,0,0,34651500,59505100,24853600,0,0,100,false,0
16854,0,0,34651500,59510250,24858750,0,6,109,false,0
16855,0,0,34651500,59515150,24863650,0,0,98,false,0
16856,0,0,34651500,59520300,24868800,0,8,111,false,0
16857,0,0,34651500,59525150,24873650,0,0,97,false,0
16858,0,0,34651500,59529750,24878250,0,0,92,false,0
16859,0,0,34651500,59534300,24882800,0,0,91,false,0
16860,0,0,34651500,59538550,24887050,0,0,85,false,0
16861,0,0,34651500,59538550,24887050,0,97,97,true,0
16862,0,0,34651500,59538550,24887050,0,93,93,true,0
16863,0,0,34651500,59543700,24892200,0,21,124,false,0
16864,0,0,34651500,59548850,24897350,0,5,108,false,0
16865,0,0,34651500,59553100,24901600,0,0,85,false,0
16866,0,0,34651500,59558250,24906750,0,8,111,false,0
16867,0,0,34651500,59563300,24911800,0,0,101,false,0
16868,0,0,34651500,59567650,24916150,0,0,87,false,0
16869,0,0,34651500,59572150,24920650,0,0,90,false,0
16870,0,0,34651500,59572150,24920650,0,101,101,true,0
16871,0,0,34651500,59577300,24925800,0,2,105,false,0
16872,0,0,34651500,59582450,24930950,0,2,105,false,0
16873,0,0,34651500,59582450,24930950,0,106,106,true,0
16874,0,0,34651500,59582450,24930950,0,106,106,true,0
16875,0,0,34651500,59582450,24930950,0,108,108,true,0
16876,0,0,34651500,59587050,24935550,0,0,92,false,0
16877,0,0,34651500,59591800,24940300,0,0,95,false,0
16878,0,0,34651500,59591800,24940300,0,86,86,true,0
16879,0,0,34651500,59596950,24945450,0,1,104,false,0
16880,0,0,34651500,59602100,24950600,0,4,107,false,0
16881,0,0,34651500,59605600,24954100,0,0,70,false,0
16882,0,0,34651500,59610550,24959050,0,0,99,false,0
16883,0,0,34651500,59615700,24964200,0,15,118,false,0
16884,0,0,34651500,59620800,24969300,0,0,102,false,0
16885,0,0,34651500,59625500,24974000,0,0,94,false,0
16886,0,0,34651500,59630250,24978750,0,0,95,false,0
16887,0,0,34651500,59635400,24983900,0,1,104,false,0
16888,0,0,34651500,59640000,24988500,0,0,92,false,0
16889,0,0,34651500,59645150,24993650,0,5,108,false,0
16890,0,0,34651500,59650200,24998700,0,0,101,false,0
16891,0,0,34651500,59654900,25003400,0,0,94,false,0
16892,0,0,34651500,59659400,25007900,0,0,90,false,0
16893,0,0,34651500,59659400,25007900,0,102,102,true,0
16894,0,0,34651500,59659400,25007900,0,97,97,true,0
16895,0,0,34651500,59659400,25007900,0,105,105,true,0
16896,0,0,34651500,59663750,25012250,0,0,87,false,0
16897,0,0,34651500,59668900,25017400,0,9,112,false,0
16898,0,0,34651500,59668900,25017400,0,97,97,true,0
16899,0,0,34651500,59673500,25022000,0,0,92,false,0
16900,0,0,34758120,59678650,24920530,0,4,107,false,0
16901,0,0,34758120,59683000,24924880,0,0,87,false,0
16902,0,0,34758120,59687400,24929280,0,0,88,false,0
16903,0,0,34758120,59691700,24933580,0,0,86,false,0
16904,0,0,34758120,59691700,24933580,0,93,93,true,0
16905,0,0,34758120,59691700,24933580,0,107,107,true,0
16906,0,0,34758120,59696850,24938730,0,22,125,false,0
16907,0,0,34758120,59702000,24943880,0,13,116,false,0
16908,0,0,34758120,59706300,24948180,0,0,86,false,0
16909,0,0,34758120,59711300,24953180,0,0,100,false,0
16910,0,0,34758120,59715600,24957480,0,0,86,false,0
16911,0,0,34758120,59720550,24962430,0,0,99,false,0
16912,0,0,34758120,59725150,24967030,0,0,92,false,0
16913,0,0,34758120,59730300,24972180,0,0,103,false,0
16914,0,0,34758120,59735450,24977330,0,2,105,false,0
16915,0,0,34758120,59740150,24982030,0,0,94,false,0
16916,0,0,34758120,59740150,24982030,0,117,117,true,0
16917,0,0,34758120,59745150,24987030,0,0,100,false,0
16918,0,0,34758120,59749850,24991730,0,0,94,false,0
16919,0,0,34758120,59755000,24996880,0,11,114,false,0
16920,0,0,34758120,59759750,25001630,0,0,95,false,0
16921,0,0,34758120,59764800,25006680,0,0,101,false,0
16922,0,0,34758120,59769150,25011030,0,0,87,false,0
16923,0,0,34758120,59773500,25015380,0,0,87,false,0
16924,0,0,34758120,59773500,25015380,0,97,97,true,0
16925,0,0,34758120,59773500,25015380,0,115,115,true,0
16926,0,0,34758120,59773500,25015380,0,106,106,true,0
16927,0,0,34758120,59773500,25015380,0,92,92,true,0
16928,0,0,34758120,59773500,25015380,0,97,97,true,0
16929,0,0,34758120,59778650,25020530,0,3,106,false,0
16930,0,0,34758120,59783800,25025680,0,3,106,false,0
16931,0,0,34758120,59788950,25030830,0,2,105,false,0
16932,0,0,34758120,59793550,25035430,0,0,92,false,0
16933,0,0,34758120,59798600,25040480,0,0,101,false,0
16934,0,0,34758120,59803750,25045630,0,2,105,false,0
16935,0,0,34758120,59803750,25045630,0,106,106,true,0
16936,0,0,34758120,59803750,25045630,0,102,102,true,0
16937,0,0,34758120,59803750,25045630,0,99,99,true,0
16938,0,0,34758120,59803750,25045630,0,107,107,true,0
16939,0,0,34758120,59803750,25045630,0,97,97,true,0
16940,0,0,34758120,59803750,25045630,0,103,103,true,0
16941,0,0,34758120,59803750,25045630,0,103,103,true,0
16942,0,0,34758120,59807950,25049830,0,0,84,false,0
16943,0,0,34758120,59812650,25054530,0,0,94,false,0
16944,0,0,34758120,59812650,25054530,0,85,85,true,0
16945,0,0,34758120,59812650,25054530,0,99,99,true,0
16946,0,0,34758120,59812650,25054530,0,97,97,true,0
16947,0,0,34758120,59812650,25054530,0,97,97,true,0
16948,0,0,34758120,59812650,25054530,0,114,114,true,0
16949,0,0,34758120,59817250,25059130,0,0,92,false,0
16950,0,0,34758120,59822400,25064280,0,5,108,false,0
16951,0,0,34758120,59822400,25064280,0,108,108,true,0
16952,0,0,34864740,59827550,24962810,0,5,108,false,0
16953,0,0,34864740,59832250,24967510,0,0,94,false,0
16954,0,0,34864740,59836850,24972110,0,0,92,false,0
16955,0,0,34864740,59841700,24976960,0,0,97,false,0
16956,0,0,34864740,59846850,24982110,0,8,111,false,0
16957,0,0,34864740,59846850,24982110,0,111,111,true,0
16958,0,0,34864740,59851750,24987010,0,0,98,false,0
16959,0,0,34864740,59855650,24990910,0,0,78,false,0
16960,0,0,34864740,59860150,24995410,0,0,90,false,0
16961,0,0,34864740,59860150,24995410,0,105,105,true,0
16962,0,0,34864740,59865300,25000560,0,6,109,false,0
16963,0,0,34864740,59870450,25005710,0,13,116,false,0
16964,0,0,34864740,59875050,25010310,0,0,92,false,0
16965,0,0,34864740,59875050,25010310,0,101,101,true,0
16966,0,0,34864740,59875050,25010310,0,98,98,true,0
16967,0,0,34864740,59880200,25015460,0,10,113,false,0
16968,0,0,34864740,59885250,25020510,0,0,101,false,0
16969,0,0,34864740,59890150,25025410,0,0,98,false,0
16970,0,0,34864740,59895300,25030560,0,4,107,false,0
16971,0,0,34864740,59895300,25030560,0,102,102,true,0
16972,0,0,34864740,59895300,25030560,0,121,121,true,0
16973,0,0,34864740,59895300,25030560,0,89,89,true,0
16974,0,0,34864740,59895300,25030560,0,106,106,true,0
16975,0,0,34864740,59899900,25035160,0,0,92,false,0
16976,0,0,34864740,59904550,25039810,0,0,93,false,0
16977,0,0,34864740,59908700,25043960,0,0,83,false,0
16978,0,0,34864740,59913050,25048310,0,0,87,false,0
16979,0,0,34864740,59913050,25048310,0,97,97,true,0
16980,0,0,34864740,59913050,25048310,0,94,94,true,0
16981,0,0,34864740,59913050,25048310,0,98,98,true,0
16982,0,0,34864740,59918200,25053460,0,3,106,false,0
16983,0,0,34864740,59922750,25058010,0,0,91,false,0
16984,0,0,34864740,59927350,25062610,0,0,92,false,0
16985,0,0,34864740,59932500,25067760,0,2,105,false,0
16986,0,0,34864740,59932500,25067760,0,79,79,true,0
16987,0,0,34864740,59932500,25067760,0,87,87,true,0
16988,0,0,34864740,59932500,25067760,0,94,94,true,0
16989,0,0,34864740,59932500,25067760,0,110,110,true,0
16990,0,0,34864740,59932500,25067760,0,111,111,true,0
16991,0,0,34864740,59937400,25072660,0,0,98,false,0
16992,0,0,34864740,59942550,25077810,0,1,104,false,0
16993,0,0,34864740,59947700,25082960,0,3,106,false,0
16994,0,0,34864740,59952450,25087710,0,0,95,false,0
16995,0,0,34864740,59952450,25087710,0,95,95,true,0
16996,0,0,34864740,59952450,25087710,0,101,101,true,0
16997,0,0,34864740,59956550,25091810,0,0,82,false,0
16998,0,0,34864740,59961700,25096960,0,6,109,false,0
16999,0,0,34864740,59961700,25096960,0,100,100,true,0
17000,0,0,34864740,59961700,25096960,0,99,99,true,0
17001,0,0,34864740,59961700,25096960,0,100,100,true,0
17002,0,0,34864740,59961700,25096960,0,98,98,true,0
17003,0,0,34864740,59961700,25096960,0,100,100,true,0
17004,0,0,34971360,59961700,24990340,0,92,92,true,0
17005,0,0,34971360,59966500,24995140,0,0,96,false,0
17006,0,0,34971360,59971650,25000290,0,14,117,false,0
17007,0,0,34971360,59976800,25005440,0,6,109,false,0
17008,0,0,34971360,59981250,25009890,0,0,89,false,0
17009,0,0,34971360,59986400,25015040,0,1,104,false,0
17010,0,0,34971360,59991300,25019940,0,0,98,false,0
17011,0,0,34971360,59996100,25024740,0,0,96,false,0
17012,0,0,34971360,60000300,25028940,0,0,84,false,0
17013,0,0,34971360,60005050,25033690,0,0,95,false,0
17014,0,0,34971360,60009200,25037840,0,0,83,false,0
17015,0,0,34971360,60014000,25042640,0,0,96,false,0
17016,0,0,34971360,60019150,25047790,0,0,103,false,0
17017,0,0,34971360,60024300,25052940,0,1,104,false,0
17018,0,0,34971360,60028600,25057240,0,0,86,false,0
17019,0,0,34971360,60033750,25062390,0,1,104,false,0
17020,0,0,34971360,60038050,25066690,0,0,86,false,0
17021,0,0,34971360,60038050,25066690,0,95,95,true,0
17022,0,0,34971360,60038050,25066690,0,113,113,true,0
17023,0,0,34971360,60038050,25066690,0,106,106,true,0
17024,0,0,34971360,60042750,25071390,0,0,94,false,0
17025,0,0,34971360,60047900,25076540,0,8,111,false,0
17026,0,0,34971360,60047900,25076540,0,104,104,true,0
17027,0,0,34971360,60053050,25081690,0,0,103,false,0
17028,0,0,34971360,60058200,25086840,0,3,106,false,0
17029,0,0,34971360,60063350,25091990,0,4,107,false,0
17030,0,0,34971360,60068150,25096790,0,0,96,false,0
17031,0,0,34971360,60072000,25100640,0,0,77,false,0
17032,0,0,34971360,60077100,25105740,0,0,102,false,0
17033,0,0,34971360,60081500,25110140,0,0,88,false,0
17034,0,0,34971360,60086550,25115190,0,0,101,false,0
17035,0,0,34971360,60086550,25115190,0,86,86,true,0
17036,0,0,34971360,60086550,25115190,0,110,110,true,0
17037,0,0,34971360,60086550,25115190,0,102,102,true,0
17038,0,0,34971360,60086550,25115190,0,102,102,true,0
17039,0,0,34971360,60086550,25115190,0,95,95,true,0
17040,0,0,34971360,60091700,25120340,0,3,106,false,0
17041,0,0,34971360,60096400,25125040,0,0,94,false,0
17042,0,0,34971360,60100600,25129240,0,0,84,false,0
17043,0,0,34971360,60105250,25133890,0,0,93,false,0
17044,0,0,34971360,60109200,25137840,0,0,79,false,0
17045,0,0,34971360,60113800,25142440,0,0,92,false,0
17046,0,0,34971360,60118600,25147240,0,0,96,false,0
17047,0,0,34971360,60123750,25152390,0,8,111,false,0
17048,0,0,34971360,60128600,25157240,0,0,97,false,0
17049,0,0,34971360,60133500,25162140,0,0,98,false,0
17050,0,0,34971360,60137700,25166340,0,0,84,false,0
17051,0,0,34971360,60142850,25171490,0,2,105,false,0
17052,0,0,34971360,60147750,25176390,0,0,98,false,0
17053,0,0,34971360,60147750,25176390,0,109,109,true,0
17054,0,0,34971360,60152750,25181390,0,0,100,false,0
17055,0,0,34971360,60157350,25185990,0,0,92,false,0
17056,0,0,35077980,60162500,25084520,0,3,106,false,0
17057,0,0,35077980,60166350,25088370,0,0,77,false,0
17058,0,0,35077980,60171500,25093520,0,1,104,false,0
17059,0,0,35077980,60171500,25093520,0,98,98,true,0
17060,0,0,35077980,60176650,25098670,0,14,117,false,0
17061,0,0,35077980,60181700,25103720,0,0,101,false,0
17062,0,0,35077980,60186150,25108170,0,0,89,false,0
17063,0,0,35077980,60190450,25112470,0,0,86,false,0
17064,0,0,35077980,60195400,25117420,0,0,99,false,0
17065,0,0,35077980,60200400,25122420,0,0,100,false,0
17066,0,0,35077980,60205100,25127120,0,0,94,false,0
17067,0,0,35077980,60210250,25132270,0,5,108,false,0
17068,0,0,35077980,60215200,25137220,0,0,99,false,0
17069,0,0,35077980,60220300,25142320,0,0,102,false,0
17070,0,0,35077980,60225350,25147370,0,0,101,false,0
17071,0,0,35077980,60229800,25151820,0,0,89,false,0
17072,0,0,35077980,60234950,25156970,0,3,106,false,0
17073,0,0,35077980,60240050,25162070,0,0,102,false,0
17074,0,0,35077980,60244050,25166070,0,0,80,false,0
17075,0,0,35077980,60248150,25170170,0,0,82,false,0
17076,0,0,35077980,60252600,25174620,0,0,89,false,0
17077,0,0,35077980,60257600,25179620,0,0,100,false,0
17078,0,0,35077980,60257600,25179620,0,82,82,true,0
17079,0,0,35077980,60257600,25179620,0,104,104,true,0
17080,0,0,35077980,60257600,25179620,0,109,109,true,0
17081,0,0,35077980,60262350,25184370,0,0,95,false,0
17082,0,0,35077980,60266150,25188170,0,0,76,false,0
17083,0,0,35077980,60270800,25192820,0,0,93,false,0
17084,0,0,35077980,60270800,25192820,0,102,102,true,0
17085,0,0,35077980,60275250,25197270,0,0,89,false,0
17086,0,0,35077980,60279600,25201620,0,0,87,false,0
17087,0,0,35077980,60284400,25206420,0,0,96,false,0
17088,0,0,35077980,60289550,25211570,0,11,114,false,0
17089,0,0,35077980,60294700,25216720,0,2,105,false,0
17090,0,0,35077980,60299850,25221870,0,13,116,false,0
17091,0,0,35077980,60299850,25221870,0,100,100,true,0
17092,0,0,35077980,60299850,25221870,0,97,97,true,0
17093,0,0,35077980,60304150,25226170,0,0,86,false,0
17094,0,0,35077980,60308950,25230970,0,0,96,false,0
17095,0,0,35077980,60308950,25230970,0,113,113,true,0
17096,0,0,35077980,60313550,25235570,0,0,92,false,0
17097,0,0,35077980,60318700,25240720,0,13,116,false,0
17098,0,0,35077980,60323400,25245420,0,0,94,false,0
17099,0,0,35077980,60328100,25250120,0,0,94,false,0
17100,0,0,35077980,60332800,25254820,0,0,94,false,0
17101,0,0,35077980,60332800,25254820,0,88,88,true,0
17102,0,0,35077980,60332800,25254820,0,95,95,true,0
17103,0,0,35077980,60332800,25254820,0,115,115,true,0
17104,0,0,35077980,60332800,25254820,0,98,98,true,0
17105,0,0,35077980,60332800,25254820,0,98,98,true,0
17106,0,0,35077980,60337850,25259870,0,0,101,false,0
17107,0,0,35077980,60343000,25265020,0,14,117,false,0
17108,0,0,35184600,60347400,25162800,0,0,88,false,0
17109,0,0,35184600,60351500,25166900,0,0,82,false,0
17110,0,0,35184600,60351500,25166900,0,106,106,true,0
17111,0,0,35184600,60351500,25166900,0,87,87,true,0
17112,0,0,35184600,60356650,25172050,0,13,116,false,0
17113,0,0,35184600,60361800,25177200,0,1,104,false,0
17114,0,0,35184600,60366950,25182350,0,2,105,false,0
17115,0,0,35184600,60366950,25182350,0,104,104,true,0
17116,0,0,35184600,60366950,25182350,0,97,97,true,0
17117,0,0,35184600,60366950,25182350,0,104,104,true,0
17118,0,0,35184600,60366950,25182350,0,106,106,true,0
17119,0,0,35184600,60371050,25186450,0,0,82,false,0
17120,0,0,35184600,60375950,25191350,0,0,98,false,0
17121,0,0,35184600,60380550,25195950,0,0,92,false,0
17122,0,0,35184600,60385350,25200750,0,0,96,false,0
17123,0,0,35184600,60385350,25200750,0,100,100,true,0
17124,0,0,35184600,60385350,25200750,0,90,90,true,0
17125,0,0,35184600,60390250,25205650,0,0,98,false,0
17126,0,0,35184600,60395150,25210550,0,0,98,false,0
17127,0,0,35184600,60399950,25215350,0,0,96,false,0
17128,0,0,35184600,60403850,25219250,0,0,78,false,0
17129,0,0,35184600,60403850,25219250,0,109,109,true,0
17130,0,0,35184600,60403850,25219250,0,98,98,true,0
17131,0,0,35184600,60403850,25219250,0,94,94,true,0
17132,0,0,35184600,60409000,25224400,0,1,104,false,0
17133,0,0,35184600,60413900,25229300,0,0,98,false,0
17134,0,0,35184600,60418250,25233650,0,0,87,false,0
17135,0,0,35184600,60423200,25238600,0,0,99,false,0
17136,0,0,35184600,60428350,25243750,0,1,104,false,0
17137,0,0,35184600,60433350,25248750,0,0,100,false,0
17138,0,0,35184600,60438500,25253900,0,1,104,false,0
17139,0,0,35184600,60443350,25258750,0,0,97,false,0
17140,0,0,35184600,60448500,25263900,0,6,109,false,0
17141,0,0,35184600,60453650,25269050,0,0,103,false,0
17142,0,0,35184600,60458200,25273600,0,0,91,false,0
17143,0,0,35184600,60462950,25278350,0,0,95,false,0
17144,0,0,35184600,60468100,25283500,0,5,108,false,0
17145,0,0,35184600,60473250,25288650,0,6,109,false,0
17146,0,0,35184600,60478400,25293800,0,6,109,false,0
17147,0,0,35184600,60478400,25293800,0,86,86,true,0
17148,0,0,35184600,60483550,25298950,0,11,114,false,0
17149,0,0,35184600,60488700,25304100,0,10,113,false,0
17150,0,0,35184600,60493850,25309250,0,4,107,false,0
17151,0,0,35184600,60498350,25313750,0,0,90,false,0
17152,0,0,35184600,60503500,25318900,0,10,113,false,0
17153,0,0,35184600,60507850,25323250,0,0,87,false,0
17154,0,0,35184600,60513000,25328400,0,9,112,false,0
17155,0,0,35184600,60518150,25333550,0,4,107,false,0
17156,0,0,35184600,60522800,25338200,0,0,93,false,0
17157,0,0,35184600,60527150,25342550,0,0,87,false,0
17158,0,0,35184600,60532150,25347550,0,0,100,false,0
17159,0,0,35184600,60537300,25352700,0,22,125,false,0
17160,0,0,35291220,60537300,25246080,0,99,99,true,0
17161,0,0,35291220,60541950,25250730,0,0,93,false,0
17162,0,0,35291220,60547100,25255880,0,3,106,false,0
17163,0,0,35291220,60551800,25260580,0,0,94,false,0
17164,0,0,35291220,60556700,25265480,0,0,98,false,0
17165,0,0,35291220,60556700,25265480,0,101,101,true,0
17166,0,0,35291220,60561850,25270630,0,0,103,false,0
17167,0,0,35291220,60567000,25275780,0,5,108,false,0
17168,0,0,35291220,60572150,25280930,0,1,104,false,0
17169,0,0,35291220,60577000,25285780,0,0,97,false,0
17170,0,0,35291220,60577000,25285780,0,107,107,true,0
17171,0,0,35291220,60577000,25285780,0,103,103,true,0
17172,0,0,35291220,60577000,25285780,0,119,119,true,0
17173,0,0,35291220,60577000,25285780,0,109,109,true,0
17174,0,0,35291220,60582150,25290930,0,3,106,false,0
17175,0,0,35291220,60586500,25295280,0,0,87,false,0
17176,0,0,35291220,60586500,25295280,0,99,99,true,0
17177,0,0,35291220,60586500,25295280,0,96,96,true,0
17178,0,0,35291220,60591500,25300280,0,0,100,false,0
17179,0,0,35291220,60595700,25304480,0,0,84,false,0
17180,0,0,35291220,60595700,25304480,0,90,90,true,0
17181,0,0,35291220,60595700,25304480,0,101,101,true,0
17182,0,0,35291220,60600850,25309630,0,15,118,false,0
17183,0,0,35291220,60605300,25314080,0,0,89,false,0
17184,0,0,35291220,60610200,25318980,0,0,98,false,0
17185,0,0,35291220,60615350,25324130,0,10,113,false,0
17186,0,0,35291220,60615350,25324130,0,100,100,true,0
17187,0,0,35291220,60615350,25324130,0,108,108,true,0
17188,0,0,35291220,60615350,25324130,0,110,110,true,0
17189,0,0,35291220,60615350,25324130,0,101,101,true,0
17190,0,0,35291220,60615350,25324130,0,97,97,true,0
17191,0,0,35291220,60615350,25324130,0,90,90,true,0
17192,0,0,35291220,60620350,25329130,0,0,100,false,0
17193,0,0,35291220,60625500,25334280,0,14,117,false,0
17194,0,0,35291220,60630000,25338780,0,0,90,false,0
17195,0,0,35291220,60634900,25343680,0,0,98,false,0
17196,0,0,35291220,60639850,25348630,0,0,99,false,0
17197,0,0,35291220,60639850,25348630,0,101,101,true,0
17198,0,0,35291220,60644750,25353530,0,0,98,false,0
17199,0,0,35291220,60649400,25358180,0,0,93,false,0
17200,0,0,35291220,60654550,25363330,0,13,116,false,0
17201,0,0,35291220,60658950,25367730,0,0,88,false,0
17202,0,0,35291220,60663300,25372080,0,0,87,false,0
17203,0,0,35291220,60667600,25376380,0,0,86,false,0
17204,0,0,35291220,60672600,25381380,0,0,100,false,0
17205,0,0,35291220,60672600,25381380,0,85,85,true,0
17206,0,0,35291220,60672600,25381380,0,86,86,true,0
17207,0,0,35291220,60676850,25385630,0,0,85,false,0
17208,0,0,35291220,60682000,25390780,0,11,114,false,0
17209,0,0,35291220,60682000,25390780,0,102,102,true,0
17210,0,0,35291220,60682000,25390780,0,96,96,true,0
17211,0,0,35291220,60682000,25390780,0,94,94,true,0
17212,0,0,35397840,60687150,25289310,0,0,103,false,0
17213,0,0,35397840,60691400,25293560,0,0,85,false,0
17214,0,0,35397840,60695800,25297960,0,0,88,false,0
17215,0,0,35397840,60699550,25301710,0,0,75,false,0
17216,0,0,35397840,60704650,25306810,0,0,102,false,0
17217,0,0,35397840,60709800,25311960,0,0,103,false,0
17218,0,0,35397840,60714850,25317010,0,0,101,false,0
17219,0,0,35397840,60714850,25317010,0,102,102,true,0
17220,0,0,35397840,60719800,25321960,0,0,99,false,0
17221,0,0,35397840,60724900,25327060,0,0,102,false,0
17222,0,0,35397840,60730050,25332210,0,1,104,false,0
17223,0,0,35397840,60730050,25332210,0,91,91,true,0
17224,0,0,35397840,60735200,25337360,0,9,112,false,0
17225,0,0,35397840,60740000,25342160,0,0,96,false,0
17226,0,0,35397840,60745150,25347310,0,11,114,false,0
17227,0,0,35397840,60745150,25347310,0,90,90,true,0
17228,0,0,35397840,60749750,25351910,0,0,92,false,0
17229,0,0,35397840,60754400,25356560,0,0,93,false,0
17230,0,0,35397840,60759550,25361710,0,5,108,false,0
17231,0,0,35397840,60764700,25366860,0,11,114,false,0
17232,0,0,35397840,60769850,25372010,0,8,111,false,0
17233,0,0,35397840,60775000,25377160,0,8,111,false,0
17234,0,0,35397840,60779950,25382110,0,0,99,false,0
17235,0,0,35397840,60784100,25386260,0,0,83,false,0
17236,0,0,35397840,60788450,25390610,0,0,87,false,0
17237,0,0,35397840,60793550,25395710,0,0,102,false,0
17238,0,0,35397840,60798700,25400860,0,16,119,false,0
17239,0,0,35397840,60803850,25406010,0,2,105,false,0
17240,0,0,35397840,60803850,25406010,0,107,107,true,0
17241,0,0,35397840,60809000,25411160,0,4,107,false,0
17242,0,0,35397840,60812650,25414810,0,0,73,false,0
17243,0,0,35397840,60817700,25419860,0,0,101,false,0
17244,0,0,35397840,60822650,25424810,0,0,99,false,0
17245,0,0,35397840,60827800,25429960,0,13,116,false,0
17246,0,0,35397840,60832950,25435110,0,9,112,false,0
17247,0,0,35397840,60837600,25439760,0,0,93,false,0
17248,0,0,35397840,60841950,25444110,0,0,87,false,0
17249,0,0,35397840,60846650,25448810,0,0,94,false,0
17250,0,0,35397840,60850600,25452760,0,0,79,false,0
17251,0,0,35397840,60855200,25457360,0,0,92,false,0
17252,0,0,35397840,60860350,25462510,0,7,110,false,0
17253,0,0,35397840,60865050,25467210,0,0,94,false,0
17254,0,0,35397840,60870050,25472210,0,0,100,false,0
17255,0,0,35397840,60874400,25476560,0,0,87,false,0
17256,0,0,35397840,60879150,25481310,0,0,95,false,0
17257,0,0,35397840,60884300,25486460,0,17,120,false,0
17258,0,0,35397840,60889000,25491160,0,0,94,false,0
17259,0,0,35397840,60893900,25496060,0,0,98,false,0
17260,0,0,35397840,60899050,25501210,0,0,103,false,0
17261,0,0,35397840,60903500,25505660,0,0,89,false,0
17262,0,0,35397840,60908000,25510160,0,0,90,false,0
17263,0,0,35397840,60912200,25514360,0,0,84,false,0
17264,0,0,35504460,60916850,25412390,0,0,93,false,0
17265,0,0,35504460,60922000,25417540,0,11,114,false,0
17266,0,0,35504460,60927150,25422690,0,5,108,false,0
17267,0,0,35504460,60927150,25422690,0,92,92,true,0
17268,0,0,35504460,60927150,25422690,0,103,103,true,0
17269,0,0,35504460,60927150,25422690,0,115,115,true,0
17270,0,0,35504460,60927150,25422690,0,110,110,true,0
17271,0,0,35504460,60927150,25422690,0,104,104,true,0
17272,0,0,35504460,60931350,25426890,0,0,84,false,0
17273,0,0,35504460,60936500,25432040,0,2,105,false,0
17274,0,0,35504460,60941100,25436640,0,0,92,false,0
17275,0,0,35504460,60941100,25436640,0,100,100,true,0
17276,0,0,35504460,60941100,25436640,0,107,107,true,0
17277,0,0,35504460,60946250,25441790,0,5,108,false,0
17278,0,0,35504460,60951400,25446940,0,4,107,false,0
17279,0,0,35504460,60956500,25452040,0,0,102,false,0
17280,0,0,35504460,60956500,25452040,0,108,108,true,0
17281,0,0,35504460,60956500,25452040,0,89,89,true,0
17282,0,0,35504460,60956500,25452040,0,100,100,true,0
17283,0,0,35504460,60956500,25452040,0,106,106,true,0
17284,0,0,35504460,60956500,25452040,0,101,101,true,0
17285,0,0,35504460,60956500,25452040,0,100,100,true,0
17286,0,0,35504460,60960900,25456440,0,0,88,false,0
17287,0,0,35504460,60965800,25461340,0,0,98,false,0
17288,0,0,35504460,60965800,25461340,0,100,100,true,0
17289,0,0,35504460,60970300,25465840,0,0,90,false,0
17290,0,0,35504460,60974300,25469840,0,0,80,false,0
17291,0,0,35504460,60978500,25474040,0,0,84,false,0
17292,0,0,35504460,60983450,25478990,0,0,99,false,0
17293,0,0,35504460,60988600,25484140,0,3,106,false,0
17294,0,0,35504460,60993750,25489290,0,1,104,false,0
17295,0,0,35504460,60993750,25489290,0,87,87,true,0
17296,0,0,35504460,60993750,25489290,0,126,126,true,0
17297,0,0,35504460,60993750,25489290,0,109,109,true,0
17298,0,0,35504460,60993750,25489290,0,109,109,true,0
17299,0,0,35504460,60998900,25494440,0,2,105,false,0
17300,0,0,35504460,61004050,25499590,0,0,103,false,0
17301,0,0,35504460,61008600,25504140,0,0,91,false,0
17302,0,0,35504460,61013450,25508990,0,0,97,false,0
17303,0,0,35504460,61018600,25514140,0,2,105,false,0
17304,0,0,35504460,61023500,25519040,0,0,98,false,0
17305,0,0,35504460,61028500,25524040,0,0,100,false,0
17306,0,0,35504460,61033200,25528740,0,0,94,false,0
17307,0,0,35504460,61038300,25533840,0,0,102,false,0
17308,0,0,35504460,61042900,25538440,0,0,92,false,0
17309,0,0,35504460,61048050,25543590,0,1,104,false,0
17310,0,0,35504460,61053200,25548740,0,2,105,false,0
17311,0,0,35504460,61058100,25553640,0,0,98,false,0
17312,0,0,35504460,61062950,25558490,0,0,97,false,0
17313,0,0,35504460,61067550,25563090,0,0,92,false,0
17314,0,0,35504460,61072350,25567890,0,0,96,false,0
17315,0,0,35504460,61076700,25572240,0,0,87,false,0
17316,0,0,35611080,61081850,25470770,0,7,110,false,0
17317,0,0,35611080,61086550,25475470,0,0,94,false,0
17318,0,0,35611080,61091350,25480270,0,0,96,false,0
17319,0,0,35611080,61096200,25485120,0,0,97,false,0
17320,0,0,35611080,61101350,25490270,0,6,109,false,0
17321,0,0,35611080,61106100,25495020,0,0,95,false,0
17322,0,0,35611080,61111250,25500170,0,2,105,false,0
17323,0,0,35611080,61115900,25504820,0,0,93,false,0
17324,0,0,35611080,61120650,25509570,0,0,95,false,0
17325,0,0,35611080,61120650,25509570,0,101,101,true,0
17326,0,0,35611080,61125800,25514720,0,3,106,false,0
17327,0,0,35611080,61130950,25519870,0,5,108,false,0
17328,0,0,35611080,61135150,25524070,0,0,84,false,0
17329,0,0,35611080,61139650,25528570,0,0,90,false,0
17330,0,0,35611080,61144800,25533720,0,1,104,false,0
17331,0,0,35611080,61149800,25538720,0,0,100,false,0
17332,0,0,35611080,61154550,25543470,0,0,95,false,0
17333,0,0,35611080,61159400,25548320,0,0,97,false,0
17334,0,0,35611080,61164550,25553470,0,11,114,false,0
17335,0,0,35611080,61164550,25553470,0,94,94,true,0
17336,0,0,35611080,61169700,25558620,0,7,110,false,0
17337,0,0,35611080,61174850,25563770,0,4,107,false,0
17338,0,0,35611080,61174850,25563770,0,91,91,true,0
17339,0,0,35611080,61180000,25568920,0,0,103,false,0
17340,0,0,35611080,61185150,25574070,0,3,106,false,0
17341,0,0,35611080,61190300,25579220,0,17,120,false,0
17342,0,0,35611080,61194850,25583770,0,0,91,false,0
17343,0,0,35611080,61200000,25588920,0,7,110,false,0
17344,0,0,35611080,61200000,25588920,0,102,102,true,0
17345,0,0,35611080,61200000,25588920,0,90,90,true,0
17346,0,0,35611080,61204550,25593470,0,0,91,false,0
17347,0,0,35611080,61209550,25598470,0,0,100,false,0
17348,0,0,35611080,61214700,25603620,0,6,109,false,0
17349,0,0,35611080,61219850,25608770,0,7,110,false,0
17350,0,0,35611080,61224550,25613470,0,0,94,false,0
17351,0,0,35611080,61224550,25613470,0,103,103,true,0
17352,0,0,35611080,61224550,25613470,0,104,104,true,0
17353,0,0,35611080,61224550,25613470,0,89,89,true,0
17354,0,0,35611080,61224550,25613470,0,112,112,true,0
17355,0,0,35611080,61229700,25618620,0,6,109,false,0
17356,0,0,35611080,61234250,25623170,0,0,91,false,0
17357,0,0,35611080,61239400,25628320,0,10,113,false,0
17358,0,0,35611080,61244550,25633470,0,16,119,false,0
17359,0,0,35611080,61249500,25638420,0,0,99,false,0
17360,0,0,35611080,61249500,25638420,0,108,108,true,0
17361,0,0,35611080,61249500,25638420,0,86,86,true,0
17362,0,0,35611080,61249500,25638420,0,107,107,true,0
17363,0,0,35611080,61249500,25638420,0,105,105,true,0
17364,0,0,35611080,61249500,25638420,0,108,108,true,0
17365,0,0,35611080,61254250,25643170,0,0,95,false,0
17366,0,0,35611080,61259150,25648070,0,0,98,false,0
17367,0,0,35611080,61264300,25653220,0,3,106,false,0
17368,0,0,35717700,61269100,25551400,0,0,96,false,0
17369,0,0,35717700,61273200,25555500,0,0,82,false,0
17370,0,0,35717700,61273200,25555500,0,104,104,true,0
17371,0,0,35717700,61273200,25555500,0,113,113,true,0
17372,0,0,35717700,61273200,25555500,0,81,81,true,0
17373,0,0,35717700,61273200,25555500,0,102,102,true,0
17374,0,0,35717700,61273200,25555500,0,108,108,true,0
17375,0,0,35717700,61273200,25555500,0,103,103,true,0
17376,0,0,35717700,61278350,25560650,0,21,124,false,0
17377,0,0,35717700,61283500,25565800,0,5,108,false,0
17378,0,0,35717700,61283500,25565800,0,94,94,true,0
17379,0,0,35717700,61288650,25570950,0,14,117,false,0
17380,0,0,35717700,61293800,25576100,0,2,105,false,0
17381,0,0,35717700,61298950,25581250,0,7,110,false,0
17382,0,0,35717700,61304100,25586400,0,16,119,false,0
17383,0,0,35717700,61308900,25591200,0,0,96,false,0
17384,0,0,35717700,61313650,25595950,0,0,95,false,0
17385,0,0,35717700,61318750,25601050,0,0,102,false,0
17386,0,0,35717700,61323700,25606000,0,0,99,false,0
17387,0,0,35717700,61323700,25606000,0,92,92,true,0
17388,0,0,35717700,61323700,25606000,0,102,102,true,0
17389,0,0,35717700,61328400,25610700,0,0,94,false,0
17390,0,0,35717700,61332400,25614700,0,0,80,false,0
17391,0,0,35717700,61337550,25619850,0,0,103,false,0
17392,0,0,35717700,61342700,25625000,0,1,104,false,0
17393,0,0,35717700,61347550,25629850,0,0,97,false,0
17394,0,0,35717700,61347550,25629850,0,93,93,true,0
17395,0,0,35717700,61352700,25635000,0,4,107,false,0
17396,0,0,35717700,61357450,25639750,0,0,95,false,0
17397,0,0,35717700,61362200,25644500,0,0,95,false,0
17398,0,0,35717700,61362200,25644500,0,109,109,true,0
17399,0,0,35717700,61366900,25649200,0,0,94,false,0
17400,0,0,35717700,61372050,25654350,0,7,110,false,0
17401,0,0,35717700,61375800,25658100,0,0,75,false,0
17402,0,0,35717700,61375800,25658100,0,98,98,true,0
17403,0,0,35717700,61380250,25662550,0,0,89,false,0
17404,0,0,35717700,61385350,25667650,0,0,102,false,0
17405,0,0,35717700,61389700,25672000,0,0,87,false,0
17406,0,0,35717700,61394850,25677150,0,1,104,false,0
17407,0,0,35717700,61394850,25677150,0,107,107,true,0
17408,0,0,35717700,61394850,25677150,0,98,98,true,0
17409,0,0,35717700,61399500,25681800,0,0,93,false,0
17410,0,0,35717700,61404550,25686850,0,0,101,false,0
17411,0,0,35717700,61409700,25692000,0,4,107,false,0
17412,0,0,35717700,61414750,25697050,0,0,101,false,0
17413,0,0,35717700,61419650,25701950,0,0,98,false,0
17414,0,0,35717700,61424600,25706900,0,0,99,false,0
17415,0,0,35717700,61429750,25712050,0,4,107,false,0
17416,0,0,35717700,61429750,25712050,0,86,86,true,0
17417,0,0,35717700,61429750,25712050,0,98,98,true,0
17418,0,0,35717700,61429750,25712050,0,103,103,true,0
17419,0,0,35717700,61434300,25716600,0,0,91,false,0
17420,0,0,35824320,61439200,25614880,0,0,98,false,0
17421,0,0,35824320,61443150,25618830,0,0,79,false,0
17422,0,0,35824320,61448300,25623980,0,1,104,false,0
17423,0,0,35824320,61448300,25623980,0,102,102,true,0
17424,0,0,35824320,61453200,25628880,0,0,98,false,0
17425,0,0,35824320,61457400,25633080,0,0,84,false,0
17426,0,0,35824320,61461300,25636980,0,0,78,false,0
17427,0,0,35824320,61466450,25642130,0,8,111,false,0
17428,0,0,35824320,61471600,25647280,0,3,106,false,0
17429,0,0,35824320,61471600,25647280,0,115,115,true,0
17430,0,0,35824320,61471600,25647280,0,111,111,true,0
17431,0,0,35824320,61476700,25652380,0,0,102,false,0
17432,0,0,35824320,61481550,25657230,0,0,97,false,0
17433,0,0,35824320,61486700,25662380,0,7,110,false,0
17434,0,0,35824320,61491850,25667530,0,4,107,false,0
17435,0,0,35824320,61496250,25671930,0,0,88,false,0
17436,0,0,35824320,61496250,25671930,0,102,102,true,0
17437,0,0,35824320,61501050,25676730,0,0,96,false,0
17438,0,0,35824320,61505150,25680830,0,0,82,false,0
17439,0,0,35824320,61510300,25685980,0,1,104,false,0
17440,0,0,35824320,61510300,25685980,0,100,100,true,0
17441,0,0,35824320,61515200,25690880,0,0,98,false,0
17442,0,0,35824320,61520100,25695780,0,0,98,false,0
17443,0,0,35824320,61524900,25700580,0,0,96,false,0
17444,0,0,35824320,61530050,25705730,0,9,112,false,0
17445,0,0,35824320,61535100,25710780,0,0,101,false,0
17446,0,0,35824320,61539650,25715330,0,0,91,false,0
17447,0,0,35824320,61544450,25720130,0,0,96,false,0
17448,0,0,35824320,61549600,25725280,0,2,105,false,0
17449,0,0,35824320,61554700,25730380,0,0,102,false,0
17450,0,0,35824320,61559600,25735280,0,0,98,false,0
17451,0,0,35824320,61564500,25740180,0,0,98,false,0
17452,0,0,35824320,61569050,25744730,0,0,91,false,0
17453,0,0,35824320,61573400,25749080,0,0,87,false,0
17454,0,0,35824320,61573400,25749080,0,103,103,true,0
17455,0,0,35824320,61573400,25749080,0,96,96,true,0
17456,0,0,35824320,61573400,25749080,0,93,93,true,0
17457,0,0,35824320,61578200,25753880,0,0,96,false,0
17458,0,0,35824320,61583350,25759030,0,6,109,false,0
17459,0,0,35824320,61588500,25764180,0,8,111,false,0
17460,0,0,35824320,61592400,25768080,0,0,78,false,0
17461,0,0,35824320,61597550,25773230,0,1,104,false,0
17462,0,0,35824320,61602600,25778280,0,0,101,false,0
17463,0,0,35824320,61607150,25782830,0,0,91,false,0
17464,0,0,35824320,61612300,25787980,0,10,113,false,0
17465,0,0,35824320,61617450,25793130,0,10,113,false,0
17466,0,0,35824320,61622600,25798280,0,0,103,false,0
17467,0,0,35824320,61627550,25803230,0,0,99,false,0
17468,0,0,35824320,61632000,25807680,0,0,89,false,0
17469,0,0,35824320,61636550,25812230,0,0,91,false,0
17470,0,0,35824320,61641700,25817380,0,7,110,false,0
17471,0,0,35824320,61641700,25817380,0,95,95,true,0
17472,0,0,35930940,61646850,25715910,0,3,106,false,0
17473,0,0,35930940,61651900,25720960,0,0,101,false,0
17474,0,0,35930940,61656850,25725910,0,0,99,false,0
17475,0,0,35930940,61662000,25731060,0,9,112,false,0
17476,0,0,35930940,61667150,25736210,0,5,108,false,0
17477,0,0,35930940,61671600,25740660,0,0,89,false,0
17478,0,0,35930940,61671600,25740660,0,100,100,true,0
17479,0,0,35930940,61671600,25740660,0,84,84,true,0
17480,0,0,35930940,61671600,25740660,0,93,93,true,0
17481,0,0,35930940,61671600,25740660,0,93,93,true,0
17482,0,0,35930940,61671600,25740660,0,107,107,true,0
17483,0,0,35930940,61676750,25745810,0,2,105,false,0
17484,0,0,35930940,61681900,25750960,0,1,104,false,0
17485,0,0,35930940,61685500,25754560,0,0,72,false,0
17486,0,0,35930940,61690300,25759360,0,0,96,false,0
17487,0,0,35930940,61690300,25759360,0,93,93,true,0
17488,0,0,35930940,61690300,25759360,0,96,96,true,0
17489,0,0,35930940,61690300,25759360,0,77,77,true,0
17490,0,0,35930940,61695450,25764510,0,4,107,false,0
17491,0,0,35930940,61699950,25769010,0,0,90,false,0
17492,0,0,35930940,61704750,25773810,0,0,96,false,0
17493,0,0,35930940,61709900,25778960,0,5,108,false,0
17494,0,0,35930940,61709900,25778960,0,93,93,true,0
17495,0,0,35930940,61714450,25783510,0,0,91,false,0
17496,0,0,35930940,61718650,25787710,0,0,84,false,0
17497,0,0,35930940,61723750,25792810,0,0,102,false,0
17498,0,0,35930940,61728450,25797510,0,0,94,false,0
17499,0,0,35930940,61733550,25802610,0,0,102,false,0
17500,0,0,35930940,61738450,25807510,0,0,98,false,0
17501,0,0,35930940,61743400,25812460,0,0,99,false,0
17502,0,0,35930940,61747600,25816660,0,0,84,false,0
17503,0,0,35930940,61751600,25820660,0,0,80,false,0
17504,0,0,35930940,61756750,25825810,0,13,116,false,0
17505,0,0,35930940,61761250,25830310,0,0,90,false,0
17506,0,0,35930940,61765650,25834710,0,0,88,false,0
17507,0,0,35930940,61770800,25839860,0,6,109,false,0
17508,0,0,35930940,61770800,25839860,0,106,106,true,0
17509,0,0,35930940,61770800,25839860,0,102,102,true,0
17510,0,0,35930940,61770800,25839860,0,117,117,true,0
17511,0,0,35930940,61775900,25844960,0,0,102,false,0
17512,0,0,35930940,61780500,25849560,0,0,92,false,0
17513,0,0,35930940,61785650,25854710,0,10,113,false,0
17514,0,0,35930940,61790800,25859860,0,2,105,false,0
17515,0,0,35930940,61794900,25863960,0,0,82,false,0
17516,0,0,35930940,61799900,25868960,0,0,100,false,0
17517,0,0,35930940,61805050,25874110,0,4,107,false,0
17518,0,0,35930940,61810200,25879260,0,0,103,false,0
17519,0,0,35930940,61815350,25884410,0,20,123,false,0
17520,0,0,35930940,61815350,25884410,0,101,101,true,0
17521,0,0,35930940,61815350,25884410,0,89,89,true,0
17522,0,0,35930940,61819650,25888710,0,0,86,false,0
17523,0,0,35930940,61824800,25893860,0,3,106,false,0
17524,0,0,36037560,61829950,25792390,0,5,108,false,0
17525,0,0,36037560,61835100,25797540,0,0,103,false,0
17526,0,0,36037560,61839800,25802240,0,0,94,false,0
17527,0,0,36037560,61844300,25806740,0,0,90,false,0
17528,0,0,36037560,61848850,25811290,0,0,91,false,0
17529,0,0,36037560,61853900,25816340,0,0,101,false,0
17530,0,0,36037560,61858500,25820940,0,0,92,false,0
17531,0,0,36037560,61862600,25825040,0,0,82,false,0
17532,0,0,36037560,61867750,25830190,0,4,107,false,0
17533,0,0,36037560,61872900,25835340,0,2,105,false,0
17534,0,0,36037560,61877650,25840090,0,0,95,false,0
17535,0,0,36037560,61881600,25844040,0,0,79,false,0
17536,0,0,36037560,61886300,25848740,0,0,94,false,0
17537,0,0,36037560,61891450,25853890,0,6,109,false,0
17538,0,0,36037560,61896300,25858740,0,0,97,false,0
17539,0,0,36037560,61901450,25863890,0,2,105,false,0
17540,0,0,36037560,61905750,25868190,0,0,86,false,0
17541,0,0,36037560,61905750,25868190,0,111,111,true,0
17542,0,0,36037560,61910100,25872540,0,0,87,false,0
17543,0,0,36037560,61915250,25877690,0,2,105,false,0
17544,0,0,36037560,61920400,25882840,0,2,105,false,0
17545,0,0,36037560,61920400,25882840,0,100,100,true,0
17546,0,0,36037560,61920400,25882840,0,98,98,true,0
17547,0,0,36037560,61925250,25887690,0,0,97,false,0
17548,0,0,36037560,61930400,25892840,0,7,110,false,0
17549,0,0,36037560,61934950,25897390,0,0,91,false,0
17550,0,0,36037560,61938600,25901040,0,0,73,false,0
17551,0,0,36037560,61942750,25905190,0,0,83,false,0
17552,0,0,36037560,61947900,25910340,0,6,109,false,0
17553,0,0,36037560,61953050,25915490,0,2,105,false,0
17554,0,0,36037560,61956950,25919390,0,0,78,false,0
17555,0,0,36037560,61961800,25924240,0,0,97,false,0
17556,0,0,36037560,61966950,25929390,0,1,104,false,0
17557,0,0,36037560,61971350,25933790,0,0,88,false,0
17558,0,0,36037560,61976450,25938890,0,0,102,false,0
17559,0,0,36037560,61981200,25943640,0,0,95,false,0
17560,0,0,36037560,61986050,25948490,0,0,97,false,0
17561,0,0,36037560,61991200,25953640,0,3,106,false,0
17562,0,0,36037560,61995900,25958340,0,0,94,false,0
17563,0,0,36037560,61995900,25958340,0,98,98,true,0
17564,0,0,36037560,61995900,25958340,0,88,88,true,0
17565,0,0,36037560,61995900,25958340,0,112,112,true,0
17566,0,0,36037560,62000050,25962490,0,0,83,false,0
17567,0,0,36037560,62005000,25967440,0,0,99,false,0
17568,0,0,36037560,62009600,25972040,0,0,92,false,0
17569,0,0,36037560,62009600,25972040,0,93,93,true,0
17570,0,0,36037560,62009600,25972040,0,111,111,true,0
17571,0,0,36037560,62009600,25972040,0,95,95,true,0
17572,0,0,36037560,62009600,25972040,0,95,95,true,0
17573,0,0,36037560,62014750,25977190,0,1,104,false,0
17574,0,0,36037560,62019900,25982340,0,4,107,false,0
17575,0,0,36037560,62024500,25986940,0,0,92,false,0
17576,0,0,36144180,62029650,25885470,0,6,109,false,0
17577,0,0,36144180,62033800,25889620,0,0,83,false,0
17578,0,0,36144180,62033800,25889620,0,99,99,true,0
17579,0,0,36144180,62033800,25889620,0,88,88,true,0
17580,0,0,36144180,62033800,25889620,0,95,95,true,0
17581,0,0,36144180,62033800,25889620,0,94,94,true,0
17582,0,0,36144180,62038950,25894770,0,3,106,false,0
17583,0,0,36144180,62042900,25898720,0,0,79,false,0
17584,0,0,36144180,62048050,25903870,0,7,110,false,0
17585,0,0,36144180,62053200,25909020,0,0,103,false,0
17586,0,0,36144180,62058100,25913920,0,0,98,false,0
17587,0,0,36144180,62062550,25918370,0,0,89,false,0
17588,0,0,36144180,62066900,25922720,0,0,87,false,0
17589,0,0,36144180,62071900,25927720,0,0,100,false,0
17590,0,0,36144180,62071900,25927720,0,80,80,true,0
17591,0,0,36144180,62076450,25932270,0,0,91,false,0
17592,0,0,36144180,62081050,25936870,0,0,92,false,0
17593,0,0,36144180,62086200,25942020,0,4,107,false,0
17594,0,0,36144180,62086200,25942020,0,102,102,true,0
17595,0,0,36144180,62090300,25946120,0,0,82,false,0
17596,0,0,36144180,62095450,25951270,0,21,124,false,0
17597,0,0,36144180,62095450,25951270,0,98,98,true,0
17598,0,0,36144180,62095450,25951270,0,109,109,true,0
17599,0,0,36144180,62095450,25951270,0,89,89,true,0
17600,0,0,36144180,62095450,25951270,0,115,115,true,0
17601,0,0,36144180,62095450,25951270,0,98,98,true,0
17602,0,0,36144180,62100350,25956170,0,0,98,false,0
17603,0,0,36144180,62105350,25961170,0,0,100,false,0
17604,0,0,36144180,62109950,25965770,0,0,92,false,0
17605,0,0,36144180,62109950,25965770,0,95,95,true,0
17606,0,0,36144180,62115100,25970920,0,0,103,false,0
17607,0,0,36144180,62119500,25975320,0,0,88,false,0
17608,0,0,36144180,62124650,25980470,0,0,103,false,0
17609,0,0,36144180,62124650,25980470,0,107,107,true,0
17610,0,0,36144180,62129600,25985420,0,0,99,false,0
17611,0,0,36144180,62134150,25989970,0,0,91,false,0
17612,0,0,36144180,62134150,25989970,0,110,110,true,0
17613,0,0,36144180,62138950,25994770,0,0,96,false,0
17614,0,0,36144180,62143400,25999220,0,0,89,false,0
17615,0,0,36144180,62148250,26004070,0,0,97,false,0
17616,0,0,36144180,62153400,26009220,0,7,110,false,0
17617,0,0,36144180,62158550,26014370,0,3,106,false,0
17618,0,0,36144180,62163550,26019370,0,0,100,false,0
17619,0,0,36144180,62167800,26023620,0,0,85,false,0
17620,0,0,36144180,62172300,26028120,0,0,90,false,0
17621,0,0,36144180,62177200,26033020,0,0,98,false,0
17622,0,0,36144180,62181800,26037620,0,0,92,false,0
17623,0,0,36144180,62186950,26042770,0,4,107,false,0
17624,0,0,36144180,62192050,26047870,0,0,102,false,0
17625,0,0,36144180,62197050,26052870,0,0,100,false,0
17626,0,0,36144180,62202200,26058020,0,0,103,false,0
17627,0,0,36144180,62207150,26062970,0,0,99,false,0
17628,0,0,36250800,62207150,25956350,0,91,91,true,0
17629,0,0,36250800,62207150,25956350,0,101,101,true,0
17630,0,0,36250800,62207150,25956350,0,95,95,true,0
17631,0,0,36250800,62207150,25956350,0,111,111,true,0
17632,0,0,36250800,62212300,25961500,0,9,112,false,0
17633,0,0,36250800,62216300,25965500,0,0,80,false,0
17634,0,0,36250800,62221450,25970650,0,3,106,false,0
17635,0,0,36250800,62226150,25975350,0,0,94,false,0
17636,0,0,36250800,62231300,25980500,0,15,118,false,0
17637,0,0,36250800,62231300,25980500,0,106,106,true,0
17638,0,0,36250800,62236450,25985650,0,1,104,false,0
17639,0,0,36250800,62241250,25990450,0,0,96,false,0
17640,0,0,36250800,62245950,25995150,0,0,94,false,0
17641,0,0,36250800,62250850,26000050,0,0,98,false,0
17642,0,0,36250800,62250850,26000050,0,87,87,true,0
17643,0,0,36250800,62250850,26000050,0,92,92,true,0
17644,0,0,36250800,62255850,26005050,0,0,100,false,0
17645,0,0,36250800,62260850,26010050,0,0,100,false,0
17646,0,0,36250800,62266000,26015200,0,4,107,false,0
17647,0,0,36250800,62266000,26015200,0,92,92,true,0
17648,0,0,36250800,62266000,26015200,0,107,107,true,0
17649,0,0,36250800,62266000,26015200,0,96,96,true,0
17650,0,0,36250800,62271150,26020350,0,14,117,false,0
17651,0,0,36250800,62276150,26025350,0,0,100,false,0
17652,0,0,36250800,62281250,26030450,0,0,102,false,0
17653,0,0,36250800,62286400,26035600,0,2,105,false,0
17654,0,0,36250800,62291500,26040700,0,0,102,false,0
17655,0,0,36250800,62296650,26045850,0,0,103,false,0
17656,0,0,36250800,62300100,26049300,0,0,69,false,0
17657,0,0,36250800,62305250,26054450,0,2,105,false,0
17658,0,0,36250800,62309600,26058800,0,0,87,false,0
17659,0,0,36250800,62314750,26063950,0,1,104,false,0
17660,0,0,36250800,62319450,26068650,0,0,94,false,0
17661,0,0,36250800,62324600,26073800,0,5,108,false,0
17662,0,0,36250800,62329750,26078950,0,16,119,false,0
17663,0,0,36250800,62334450,26083650,0,0,94,false,0
17664,0,0,36250800,62339600,26088800,0,9,112,false,0
17665,0,0,36250800,62344750,26093950,0,2,105,false,0
17666,0,0,36250800,62344750,26093950,0,105,105,true,0
17667,0,0,36250800,62349600,26098800,0,0,97,false,0
17668,0,0,36250800,62354750,26103950,0,30,133,false,0
17669,0,0,36250800,62359150,26108350,0,0,88,false,0
17670,0,0,36250800,62364300,26113500,0,10,113,false,0
17671,0,0,36250800,62369400,26118600,0,0,102,false,0
17672,0,0,36250800,62374550,26123750,0,16,119,false,0
17673,0,0,36250800,62379700,26128900,0,5,108,false,0
17674,0,0,36250800,62384500,26133700,0,0,96,false,0
17675,0,0,36250800,62389650,26138850,0,1,104,false,0
17676,0,0,36250800,62394800,26144000,0,0,103,false,0
17677,0,0,36250800,62399950,26149150,0,8,111,false,0
17678,0,0,36250800,62405100,26154300,0,4,107,false,0
17679,0,0,36250800,62405100,26154300,0,93,93,true,0
17680,0,0,36357420,62409400,26051980,0,0,86,false,0
17681,0,0,36357420,62414550,26057130,0,8,111,false,0
17682,0,0,36357420,62414550,26057130,0,104,104,true,0
17683,0,0,36357420,62419600,26062180,0,0,101,false,0
17684,0,0,36357420,62424650,26067230,0,0,101,false,0
17685,0,0,36357420,62429700,26072280,0,0,101,false,0
17686,0,0,36357420,62434300,26076880,0,0,92,false,0
17687,0,0,36357420,62439450,26082030,0,4,107,false,0
17688,0,0,36357420,62439450,26082030,0,94,94,true,0
17689,0,0,36357420,62439450,26082030,0,95,95,true,0
17690,0,0,36357420,62439450,26082030,0,104,104,true,0
17691,0,0,36357420,62439450,26082030,0,94,94,true,0
17692,0,0,36357420,62439450,26082030,0,124,124,true,0
17693,0,0,36357420,62439450,26082030,0,89,89,true,0
17694,0,0,36357420,62439450,26082030,0,106,106,true,0
17695,0,0,36357420,62444600,26087180,0,13,116,false,0
17696,0,0,36357420,62449750,26092330,0,4,107,false,0
17697,0,0,36357420,62454750,26097330,0,0,100,false,0
17698,0,0,36357420,62459850,26102430,0,0,102,false,0
17699,0,0,36357420,62464800,26107380,0,0,99,false,0
17700,0,0,36357420,62464800,26107380,0,81,81,true,0
17701,0,0,36357420,62464800,26107380,0,92,92,true,0
17702,0,0,36357420,62464800,26107380,0,105,105,true,0
17703,0,0,36357420,62469950,26112530,0,8,111,false,0
17704,0,0,36357420,62474700,26117280,0,0,95,false,0
17705,0,0,36357420,62474700,26117280,0,93,93,true,0
17706,0,0,36357420,62479850,26122430,0,2,105,false,0
17707,0,0,36357420,62484500,26127080,0,0,93,false,0
17708,0,0,36357420,62489650,26132230,0,25,128,false,0
17709,0,0,36357420,62494800,26137380,0,18,121,false,0
17710,0,0,36357420,62499950,26142530,0,3,106,false,0
17711,0,0,36357420,62504300,26146880,0,0,87,false,0
17712,0,0,36357420,62504300,26146880,0,93,93,true,0
17713,0,0,36357420,62509150,26151730,0,0,97,false,0
17714,0,0,36357420,62514050,26156630,0,0,98,false,0
17715,0,0,36357420,62519200,26161780,0,16,119,false,0
17716,0,0,36357420,62524150,26166730,0,0,99,false,0
17717,0,0,36357420,62529300,26171880,0,8,111,false,0
17718,0,0,36357420,62533600,26176180,0,0,86,false,0
17719,0,0,36357420,62538750,26181330,0,2,105,false,0
17720,0,0,36357420,62543900,26186480,0,2,105,false,0
17721,0,0,36357420,62548700,26191280,0,0,96,false,0
17722,0,0,36357420,62553500,26196080,0,0,96,false,0
17723,0,0,36357420,62558500,26201080,0,0,100,false,0
17724,0,0,36357420,62563350,26205930,0,0,97,false,0
17725,0,0,36357420,62563350,26205930,0,104,104,true,0
17726,0,0,36357420,62568500,26211080,0,1,104,false,0
17727,0,0,36357420,62573400,26215980,0,0,98,false,0
17728,0,0,36357420,62577850,26220430,0,0,89,false,0
17729,0,0,36357420,62583000,26225580,0,8,111,false,0
17730,0,0,36357420,62587550,26230130,0,0,91,false,0
17731,0,0,36357420,62592650,26235230,0,0,102,false,0
17732,0,0,36464040,62597100,26133060,0,0,89,false,0
17733,0,0,36464040,62602250,26138210,0,9,112,false,0
17734,0,0,36464040,62607400,26143360,0,12,115,false,0
17735,0,0,36464040,62611550,26147510,0,0,83,false,0
17736,0,0,36464040,62611550,26147510,0,85,85,true,0
17737,0,0,36464040,62611550,26147510,0,106,106,true,0
17738,0,0,36464040,62611550,26147510,0,96,96,true,0
17739,0,0,36464040,62616100,26152060,0,0,91,false,0
17740,0,0,36464040,62621250,26157210,0,2,105,false,0
17741,0,0,36464040,62626400,26162360,0,14,117,false,0
17742,0,0,36464040,62631550,26167510,0,3,106,false,0
17743,0,0,36464040,62636700,26172660,0,8,111,false,0
17744,0,0,36464040,62641850,26177810,0,7,110,false,0
17745,0,0,36464040,62646700,26182660,0,0,97,false,0
17746,0,0,36464040,62651800,26187760,0,0,102,false,0
17747,0,0,36464040,62656650,26192610,0,0,97,false,0
17748,0,0,36464040,62661800,26197760,0,10,113,false,0
17749,0,0,36464040,62666950,26202910,0,15,118,false,0
17750,0,0,36464040,62666950,26202910,0,95,95,true,0
17751,0,0,36464040,62666950,26202910,0,94,94,true,0
17752,0,0,36464040,62666950,26202910,0,101,101,true,0
17753,0,0,36464040,62666950,26202910,0,75,75,true,0
17754,0,0,36464040,62666950,26202910,0,100,100,true,0
17755,0,0,36464040,62666950,26202910,0,107,107,true,0
17756,0,0,36464040,62666950,26202910,0,95,95,true,0
17757,0,0,36464040,62666950,26202910,0,106,106,true,0
17758,0,0,36464040,62666950,26202910,0,93,93,true,0
17759,0,0,36464040,62666950,26202910,0,93,93,true,0
17760,0,0,36464040,62666950,26202910,0,111,111,true,0
17761,0,0,36464040,62671700,26207660,0,0,95,false,0
17762,0,0,36464040,62676050,26212010,0,0,87,false,0
17763,0,0,36464040,62680950,26216910,0,0,98,false,0
17764,0,0,36464040,62686100,26222060,0,4,107,false,0
17765,0,0,36464040,62691150,26227110,0,0,101,false,0
17766,0,0,36464040,62691150,26227110,0,91,91,true,0
17767,0,0,36464040,62691150,26227110,0,99,99,true,0
17768,0,0,36464040,62695800,26231760,0,0,93,false,0
17769,0,0,36464040,62700850,26236810,0,0,101,false,0
17770,0,0,36464040,62706000,26241960,0,11,114,false,0
17771,0,0,36464040,62710900,26246860,0,0,98,false,0
17772,0,0,36464040,62716050,26252010,0,15,118,false,0
17773,0,0,36464040,62720150,26256110,0,0,82,false,0
17774,0,0,36464040,62724800,26260760,0,0,93,false,0
17775,0,0,36464040,62728850,26264810,0,0,81,false,0
17776,0,0,36464040,62733850,26269810,0,0,100,false,0
17777,0,0,36464040,62738150,26274110,0,0,86,false,0
17778,0,0,36464040,62738150,26274110,0,93,93,true,0
17779,0,0,36464040,62743300,26279260,0,0,103,false,0
17780,0,0,36464040,62748000,26283960,0,0,94,false,0
17781,0,0,36464040,62752400,26288360,0,0,88,false,0
17782,0,0,36464040,62756400,26292360,0,0,80,false,0
17783,0,0,36464040,62761550,26297510,0,5,108,false,0
17784,0,0,36570660,62765800,26195140,0,0,85,false,0
17785,0,0,36570660,62765800,26195140,0,85,85,true,0
17786,0,0,36570660,62765800,26195140,0,88,88,true,0
17787,0,0,36570660,62770950,26200290,0,24,127,false,0
17788,0,0,36570660,62775350,26204690,0,0,88,false,0
17789,0,0,36570660,62780500,26209840,0,9,112,false,0
17790,0,0,36570660,62784850,26214190,0,0,87,false,0
17791,0,0,36570660,62789350,26218690,0,0,90,false,0
17792,0,0,36570660,62789350,26218690,0,94,94,true,0
17793,0,0,36570660,62794400,26223740,0,0,101,false,0
17794,0,0,36570660,62799550,26228890,0,3,106,false,0
17795,0,0,36570660,62804500,26233840,0,0,99,false,0
17796,0,0,36570660,62808650,26237990,0,0,83,false,0
17797,0,0,36570660,62813600,26242940,0,0,99,false,0
17798,0,0,36570660,62818750,26248090,0,0,103,false,0
17799,0,0,36570660,62823500,26252840,0,0,95,false,0
17800,0,0,36570660,62828650,26257990,0,9,112,false,0
17801,0,0,36570660,62833800,26263140,0,1,104,false,0
17802,0,0,36570660,62838950,26268290,0,18,121,false,0
17803,0,0,36570660,62838950,26268290,0,98,98,true,0
17804,0,0,36570660,62838950,26268290,0,92,92,true,0
17805,0,0,36570660,62838950,26268290,0,115,115,true,0
17806,0,0,36570660,62844100,26273440,0,2,105,false,0
17807,0,0,36570660,62848800,26278140,0,0,94,false,0
17808,0,0,36570660,62848800,26278140,0,104,104,true,0
17809,0,0,36570660,62848800,26278140,0,96,96,true,0
17810,0,0,36570660,62848800,26278140,0,107,107,true,0
17811,0,0,36570660,62848800,26278140,0,109,109,true,0
17812,0,0,36570660,62853650,26282990,0,0,97,false,0
17813,0,0,36570660,62858550,26287890,0,0,98,false,0
17814,0,0,36570660,62863700,26293040,0,13,116,false,0
17815,0,0,36570660,62867150,26296490,0,0,69,false,0
17816,0,0,36570660,62871550,26300890,0,0,88,false,0
17817,0,0,36570660,62876650,26305990,0,0,102,false,0
17818,0,0,36570660,62880950,26310290,0,0,86,false,0
17819,0,0,36570660,62880950,26310290,0,99,99,true,0
17820,0,0,36570660,62880950,26310290,0,104,104,true,0
17821,0,0,36570660,62880950,26310290,0,86,86,true,0
17822,0,0,36570660,62880950,26310290,0,101,101,true,0
17823,0,0,36570660,62880950,26310290,0,106,106,true,0
17824,0,0,36570660,62880950,26310290,0,105,105,true,0
17825,0,0,36570660,62886100,26315440,0,4,107,false,0
17826,0,0,36570660,62891250,26320590,0,5,108,false,0
17827,0,0,36570660,62896000,26325340,0,0,95,false,0
17828,0,0,36570660,62900500,26329840,0,0,90,false,0
17829,0,0,36570660,62900500,26329840,0,97,97,true,0
17830,0,0,36570660,62904700,26334040,0,0,84,false,0
17831,0,0,36570660,62909700,26339040,0,0,100,false,0
17832,0,0,36570660,62914350,26343690,0,0,93,false,0
17833,0,0,36570660,62914350,26343690,0,109,109,true,0
17834,0,0,36570660,62914350,26343690,0,99,99,true,0
17835,0,0,36570660,62914350,26343690,0,94,94,true,0
17836,0,0,36677280,62918900,26241620,0,0,91,false,0
17837,0,0,36677280,62924050,26246770,0,4,107,false,0
17838,0,0,36677280,62929200,26251920,0,18,121,false,0
17839,0,0,36677280,62934100,26256820,0,0,98,false,0
17840,0,0,36677280,62938800,26261520,0,0,94,false,0
17841,0,0,36677280,62943400,26266120,0,0,92,false,0
17842,0,0,36677280,62943400,26266120,0,100,100,true,0
17843,0,0,36677280,62943400,26266120,0,97,97,true,0
17844,0,0,36677280,62943400,26266120,0,103,103,true,0
17845,0,0,36677280,62948550,26271270,0,2,105,false,0
17846,0,0,36677280,62953700,26276420,0,0,103,false,0
17847,0,0,36677280,62958850,26281570,0,0,103,false,0
17848,0,0,36677280,62964000,26286720,0,10,113,false,0
17849,0,0,36677280,62969150,26291870,0,13,116,false,0
17850,0,0,36677280,62969150,26291870,0,93,93,true,0
17851,0,0,36677280,62974300,26297020,0,24,127,false,0
17852,0,0,36677280,62979350,26302070,0,0,101,false,0
17853,0,0,36677280,62984500,26307220,0,1,104,false,0
17854,0,0,36677280,62989150,26311870,0,0,93,false,0
17855,0,0,36677280,62993850,26316570,0,0,94,false,0
17856,0,0,36677280,62999000,26321720,0,1,104,false,0
17857,0,0,36677280,63004150,26326870,0,12,115,false,0
17858,0,0,36677280,63008600,26331320,0,0,89,false,0
17859,0,0,36677280,63013150,26335870,0,0,91,false,0
17860,0,0,36677280,63017350,26340070,0,0,84,false,0
17861,0,0,36677280,63022500,26345220,0,6,109,false,0
17862,0,0,36677280,63027050,26349770,0,0,91,false,0
17863,0,0,36677280,63032200,26354920,0,5,108,false,0
17864,0,0,36677280,63036300,26359020,0,0,82,false,0
17865,0,0,36677280,63041050,26363770,0,0,95,false,0
17866,0,0,36677280,63045900,26368620,0,0,97,false,0
17867,0,0,36677280,63051050,26373770,0,8,111,false,0
17868,0,0,36677280,63051050,26373770,0,99,99,true,0
17869,0,0,36677280,63055400,26378120,0,0,87,false,0
17870,0,0,36677280,63060450,26383170,0,0,101,false,0
17871,0,0,36677280,63060450,26383170,0,118,118,true,0
17872,0,0,36677280,63060450,26383170,0,89,89,true,0
17873,0,0,36677280,63060450,26383170,0,111,111,true,0
17874,0,0,36677280,63060450,26383170,0,117,117,true,0
17875,0,0,36677280,63060450,26383170,0,90,90,true,0
17876,0,0,36677280,63065500,26388220,0,0,101,false,0
17877,0,0,36677280,63070650,26393370,0,7,110,false,0
17878,0,0,36677280,63075550,26398270,0,0,98,false,0
17879,0,0,36677280,63080700,26403420,0,3,106,false,0
17880,0,0,36677280,63080700,26403420,0,84,84,true,0
17881,0,0,36677280,63085200,26407920,0,0,90,false,0
17882,0,0,36677280,63089850,26412570,0,0,93,false,0
17883,0,0,36677280,63094800,26417520,0,0,99,false,0
17884,0,0,36677280,63099050,26421770,0,0,85,false,0
17885,0,0,36677280,63104200,26426920,0,5,108,false,0
17886,0,0,36677280,63104200,26426920,0,93,93,true,0
17887,0,0,36677280,63104200,26426920,0,82,82,true,0
17888,0,0,36783900,63104200,26320300,0,100,100,true,0
17889,0,0,36783900,63109350,26325450,0,2,105,false,0
17890,0,0,36783900,63114500,26330600,0,5,108,false,0
17891,0,0,36783900,63119200,26335300,0,0,94,false,0
17892,0,0,36783900,63124350,26340450,0,7,110,false,0
17893,0,0,36783900,63124350,26340450,0,82,82,true,0
17894,0,0,36783900,63124350,26340450,0,99,99,true,0
17895,0,0,36783900,63129200,26345300,0,0,97,false,0
17896,0,0,36783900,63134000,26350100,0,0,96,false,0
17897,0,0,36783900,63138000,26354100,0,0,80,false,0
17898,0,0,36783900,63142450,26358550,0,0,89,false,0
17899,0,0,36783900,63147600,26363700,0,0,103,false,0
17900,0,0,36783900,63147600,26363700,0,109,109,true,0
17901,0,0,36783900,63147600,26363700,0,94,94,true,0
17902,0,0,36783900,63152300,26368400,0,0,94,false,0
17903,0,0,36783900,63157450,26373550,0,9,112,false,0
17904,0,0,36783900,63162100,26378200,0,0,93,false,0
17905,0,0,36783900,63166850,26382950,0,0,95,false,0
17906,0,0,36783900,63166850,26382950,0,102,102,true,0
17907,0,0,36783900,63172000,26388100,0,16,119,false,0
17908,0,0,36783900,63176450,26392550,0,0,89,false,0
17909,0,0,36783900,63181600,26397700,0,3,106,false,0
17910,0,0,36783900,63185950,26402050,0,0,87,false,0
17911,0,0,36783900,63191100,26407200,0,8,111,false,0
17912,0,0,36783900,63195600,26411700,0,0,90,false,0
17913,0,0,36783900,63200750,26416850,0,0,103,false,0
17914,0,0,36783900,63205900,26422000,0,11,114,false,0
17915,0,0,36783900,63210850,26426950,0,0,99,false,0
17916,0,0,36783900,63215750,26431850,0,0,98,false,0
17917,0,0,36783900,63220150,26436250,0,0,88,false,0
17918,0,0,36783900,63225300,26441400,0,7,110,false,0
17919,0,0,36783900,63230450,26446550,0,1,104,false,0
17920,0,0,36783900,63235600,26451700,0,2,105,false,0
17921,0,0,36783900,63240150,26456250,0,0,91,false,0
17922,0,0,36783900,63245300,26461400,0,8,111,false,0
17923,0,0,36783900,63250450,26466550,0,8,111,false,0
17924,0,0,36783900,63255600,26471700,0,0,103,false,0
17925,0,0,36783900,63255600,26471700,0,103,103,true,0
17926,0,0,36783900,63260250,26476350,0,0,93,false,0
17927,0,0,36783900,63264250,26480350,0,0,80,false,0
17928,0,0,36783900,63269400,26485500,0,4,107,false,0
17929,0,0,36783900,63274550,26490650,0,0,103,false,0
17930,0,0,36783900,63279550,26495650,0,0,100,false,0
17931,0,0,36783900,63284300,26500400,0,0,95,false,0
17932,0,0,36783900,63284300,26500400,0,95,95,true,0
17933,0,0,36783900,63289450,26505550,0,5,108,false,0
17934,0,0,36783900,63294300,26510400,0,0,97,false,0
17935,0,0,36783900,63298650,26514750,0,0,87,false,0
17936,0,0,36783900,63303800,26519900,0,9,112,false,0
17937,0,0,36783900,63308650,26524750,0,0,97,false,0
17938,0,0,36783900,63313500,26529600,0,0,97,false,0
17939,0,0,36783900,63318650,26534750,0,15,118,false,0
17940,0,0,36890520,63323350,26432830,0,0,94,false,0
17941,0,0,36890520,63328250,26437730,0,0,98,false,0
17942,0,0,36890520,63328250,26437730,0,91,91,true,0
17943,0,0,36890520,63332950,26442430,0,0,94,false,0
17944,0,0,36890520,63337200,26446680,0,0,85,false,0
17945,0,0,36890520,63342350,26451830,0,4,107,false,0
17946,0,0,36890520,63347500,26456980,0,10,113,false,0
17947,0,0,36890520,63347500,26456980,0,80,80,true,0
17948,0,0,36890520,63347500,26456980,0,90,90,true,0
17949,0,0,36890520,63351950,26461430,0,0,89,false,0
17950,0,0,36890520,63356950,26466430,0,0,100,false,0
17951,0,0,36890520,63361050,26470530,0,0,82,false,0
17952,0,0,36890520,63366200,26475680,0,2,105,false,0
17953,0,0,36890520,63366200,26475680,0,111,111,true,0
17954,0,0,36890520,63366200,26475680,0,105,105,true,0
17955,0,0,36890520,63366200,26475680,0,109,109,true,0
17956,0,0,36890520,63366200,26475680,0,101,101,true,0
17957,0,0,36890520,63366200,26475680,0,100,100,true,0
17958,0,0,36890520,63366200,26475680,0,108,108,true,0
17959,0,0,36890520,63366200,26475680,0,84,84,true,0
17960,0,0,36890520,63366200,26475680,0,101,101,true,0
17961,0,0,36890520,63366200,26475680,0,98,98,true,0
17962,0,0,36890520,63370650,26480130,0,0,89,false,0
17963,0,0,36890520,63375800,26485280,0,5,108,false,0
17964,0,0,36890520,63380750,26490230,0,0,99,false,0
17965,0,0,36890520,63385350,26494830,0,0,92,false,0
17966,0,0,36890520,63390500,26499980,0,11,114,false,0
17967,0,0,36890520,63395450,26504930,0,0,99,false,0
17968,0,0,36890520,63400600,26510080,0,16,119,false,0
17969,0,0,36890520,63405400,26514880,0,0,96,false,0
17970,0,0,36890520,63409550,26519030,0,0,83,false,0
17971,0,0,36890520,63414650,26524130,0,0,102,false,0
17972,0,0,36890520,63419200,26528680,0,0,91,false,0
17973,0,0,36890520,63424350,26533830,0,6,109,false,0
17974,0,0,36890520,63424350,26533830,0,101,101,true,0
17975,0,0,36890520,63428400,26537880,0,0,81,false,0
17976,0,0,36890520,63432400,26541880,0,0,80,false,0
17977,0,0,36890520,63437450,26546930,0,0,101,false,0
17978,0,0,36890520,63442400,26551880,0,0,99,false,0
17979,0,0,36890520,63447450,26556930,0,0,101,false,0
17980,0,0,36890520,63451300,26560780,0,0,77,false,0
17981,0,0,36890520,63456200,26565680,0,0,98,false,0
17982,0,0,36890520,63460700,26570180,0,0,90,false,0
17983,0,0,36890520,63465400,26574880,0,0,94,false,0
17984,0,0,36890520,63469700,26579180,0,0,86,false,0
17985,0,0,36890520,63474850,26584330,0,13,116,false,0
17986,0,0,36890520,63479500,26588980,0,0,93,false,0
17987,0,0,36890520,63484650,26594130,0,16,119,false,0
17988,0,0,36890520,63489350,26598830,0,0,94,false,0
17989,0,0,36890520,63494500,26603980,0,8,111,false,0
17990,0,0,36890520,63499250,26608730,0,0,95,false,0
17991,0,0,36890520,63503950,26613430,0,0,94,false,0
17992,0,0,36997140,63509100,26511960,0,4,107,false,0
17993,0,0,36997140,63514200,26517060,0,0,102,false,0
17994,0,0,36997140,63519050,26521910,0,0,97,false,0
17995,0,0,36997140,63524200,26527060,0,23,126,false,0
17996,0,0,36997140,63524200,26527060,0,94,94,true,0
17997,0,0,36997140,63529350,26532210,0,0,103,false,0
17998,0,0,36997140,63534050,26536910,0,0,94,false,0
17999,0,0,36997140,63539050,26541910,0,0,100,false,0
18000,0,0,36997140,63544200,26547060,0,6,109,false,0
18001,0,0,36997140,63548650,26551510,0,0,89,false,0
18002,0,0,36997140,63548650,26551510,0,87,87,true,0
18003,0,0,36997140,63548650,26551510,0,111,111,true,0
18004,0,0,36997140,63553800,26556660,0,13,116,false,0
18005,0,0,36997140,63558900,26561760,0,0,102,false,0
18006,0,0,36997140,63564050,26566910,0,15,118,false,0
18007,0,0,36997140,63568850,26571710,0,0,96,false,0
18008,0,0,36997140,63574000,26576860,0,16,119,false,0
18009,0,0,36997140,63574000,26576860,0,106,106,true,0
18010,0,0,36997140,63574000,26576860,0,91,91,true,0
18011,0,0,36997140,63574000,26576860,0,93,93,true,0
18012,0,0,36997140,63578800,26581660,0,0,96,false,0
18013,0,0,36997140,63583650,26586510,0,0,97,false,0
18014,0,0,36997140,63588800,26591660,0,12,115,false,0
18015,0,0,36997140,63588800,26591660,0,96,96,true,0
18016,0,0,36997140,63588800,26591660,0,109,109,true,0
18017,0,0,36997140,63592650,26595510,0,0,77,false,0
18018,0,0,36997140,63597500,26600360,0,0,97,false,0
18019,0,0,36997140,63602650,26605510,0,1,104,false,0
18020,0,0,36997140,63607100,26609960,0,0,89,false,0
18021,0,0,36997140,63612250,26615110,0,13,116,false,0
18022,0,0,36997140,63616200,26619060,0,0,79,false,0
18023,0,0,36997140,63621350,26624210,0,4,107,false,0
18024,0,0,36997140,63626100,26628960,0,0,95,false,0
18025,0,0,36997140,63630250,26633110,0,0,83,false,0
18026,0,0,36997140,63635400,26638260,0,3,106,false,0
18027,0,0,36997140,63640550,26643410,0,7,110,false,0
18028,0,0,36997140,63640550,26643410,0,96,96,true,0
18029,0,0,36997140,63640550,26643410,0,110,110,true,0
18030,0,0,36997140,63640550,26643410,0,85,85,true,0
18031,0,0,36997140,63640550,26643410,0,98,98,true,0
18032,0,0,36997140,63640550,26643410,0,94,94,true,0
18033,0,0,36997140,63640550,26643410,0,98,98,true,0
18034,0,0,36997140,63640550,26643410,0,101,101,true,0
18035,0,0,36997140,63640550,26643410,0,96,96,true,0
18036,0,0,36997140,63640550,26643410,0,107,107,true,0
18037,0,0,36997140,63645600,26648460,0,0,101,false,0
18038,0,0,36997140,63650750,26653610,0,2,105,false,0
18039,0,0,36997140,63655400,26658260,0,0,93,false,0
18040,0,0,36997140,63660550,26663410,0,23,126,false,0
18041,0,0,36997140,63665700,26668560,0,0,103,false,0
18042,0,0,36997140,63665700,26668560,0,84,84,true,0
18043,0,0,36997140,63670050,26672910,0,0,87,false,0
18044,0,0,37103760,63675100,26571340,0,0,101,false,0
18045,0,0,37103760,63679800,26576040,0,0,94,false,0
18046,0,0,37103760,63684950,26581190,0,7,110,false,0
18047,0,0,37103760,63690000,26586240,0,0,101,false,0
18048,0,0,37103760,63695150,26591390,0,7,110,false,0
18049,0,0,37103760,63700300,26596540,0,0,103,false,0
18050,0,0,37103760,63700300,26596540,0,102,102,true,0
18051,0,0,37103760,63705450,26601690,0,7,110,false,0
18052,0,0,37103760,63710400,26606640,0,0,99,false,0
18053,0,0,37103760,63715550,26611790,0,6,109,false,0
18054,0,0,37103760,63720700,26616940,0,1,104,false,0
18055,0,0,37103760,63725850,26622090,0,5,108,false,0
18056,0,0,37103760,63730400,26626640,0,0,91,false,0
18057,0,0,37103760,63734400,26630640,0,0,80,false,0
18058,0,0,37103760,63734400,26630640,0,94,94,true,0
18059,0,0,37103760,63734400,26630640,0,101,101,true,0
18060,0,0,37103760,63739150,26635390,0,0,95,false,0
18061,0,0,37103760,63742900,26639140,0,0,75,false,0
18062,0,0,37103760,63748050,26644290,0,18,121,false,0
18063,0,0,37103760,63748050,26644290,0,110,110,true,0
18064,0,0,37103760,63752350,26648590,0,0,86,false,0
18065,0,0,37103760,63757500,26653740,0,4,107,false,0
18066,0,0,37103760,63757500,26653740,0,97,97,true,0
18067,0,0,37103760,63757500,26653740,0,98,98,true,0
18068,0,0,37103760,63757500,26653740,0,102,102,true,0
18069,0,0,37103760,63762650,26658890,0,19,122,false,0
18070,0,0,37103760,63767550,26663790,0,0,98,false,0
18071,0,0,37103760,63772700,26668940,0,3,106,false,0
18072,0,0,37103760,63772700,26668940,0,111,111,true,0
18073,0,0,37103760,63777450,26673690,0,0,95,false,0
18074,0,0,37103760,63782600,26678840,0,5,108,false,0
18075,0,0,37103760,63782600,26678840,0,81,81,true,0
18076,0,0,37103760,63782600,26678840,0,98,98,true,0
18077,0,0,37103760,63787750,26683990,0,5,108,false,0
18078,0,0,37103760,63792900,26689140,0,8,111,false,0
18079,0,0,37103760,63797550,26693790,0,0,93,false,0
18080,0,0,37103760,63801850,26698090,0,0,86,false,0
18081,0,0,37103760,63806400,26702640,0,0,91,false,0
18082,0,0,37103760,63811350,26707590,0,0,99,false,0
18083,0,0,37103760,63815550,26711790,0,0,84,false,0
18084,0,0,37103760,63820700,26716940,0,2,105,false,0
18085,0,0,37103760,63825300,26721540,0,0,92,false,0
18086,0,0,37103760,63830150,26726390,0,0,97,false,0
18087,0,0,37103760,63835300,26731540,0,4,107,false,0
18088,0,0,37103760,63839650,26735890,0,0,87,false,0
18089,0,0,37103760,63844300,26740540,0,0,93,false,0
18090,0,0,37103760,63848600,26744840,0,0,86,false,0
18091,0,0,37103760,63853300,26749540,0,0,94,false,0
18092,0,0,37103760,63858450,26754690,0,11,114,false,0
18093,0,0,37103760,63862950,26759190,0,0,90,false,0
18094,0,0,37103760,63868100,26764340,0,6,109,false,0
18095,0,0,37103760,63873250,26769490,0,10,113,false,0
18096,0,0,37210380,63878050,26667670,0,0,96,false,0
18097,0,0,37210380,63883000,26672620,0,0,99,false,0
18098,0,0,37210380,63883000,26672620,0,99,99,true,0
18099,0,0,37210380,63887950,26677570,0,0,99,false,0
18100,0,0,37210380,63892800,26682420,0,0,97,false,0
18101,0,0,37210380,63897800,26687420,0,0,100,false,0
18102,0,0,37210380,63902350,26691970,0,0,91,false,0
18103,0,0,37210380,63907500,26697120,0,11,114,false,0
18104,0,0,37210380,63912500,26702120,0,0,100,false,0
18105,0,0,37210380,63917300,26706920,0,0,96,false,0
18106,0,0,37210380,63917300,26706920,0,101,101,true,0
18107,0,0,37210380,63917300,26706920,0,94,94,true,0
18108,0,0,37210380,63917300,26706920,0,97,97,true,0
18109,0,0,37210380,63922300,26711920,0,0,100,false,0
18110,0,0,37210380,63927000,26716620,0,0,94,false,0
18111,0,0,37210380,63931900,26721520,0,0,98,false,0
18112,0,0,37210380,63936400,26726020,0,0,90,false,0
18113,0,0,37210380,63941550,26731170,0,2,105,false,0
18114,0,0,37210380,63941550,26731170,0,103,103,true,0
18115,0,0,37210380,63946700,26736320,0,5,108,false,0
18116,0,0,37210380,63951500,26741120,0,0,96,false,0
18117,0,0,37210380,63956500,26746120,0,0,100,false,0
18118,0,0,37210380,63961200,26750820,0,0,94,false,0
18119,0,0,37210380,63965250,26754870,0,0,81,false,0
18120,0,0,37210380,63970400,26760020,0,4,107,false,0
18121,0,0,37210380,63975100,26764720,0,0,94,false,0
18122,0,0,37210380,63979550,26769170,0,0,89,false,0
18123,0,0,37210380,63984100,26773720,0,0,91,false,0
18124,0,0,37210380,63988950,26778570,0,0,97,false,0
18125,0,0,37210380,63994100,26783720,0,2,105,false,0
18126,0,0,37210380,63994100,26783720,0,111,111,true,0
18127,0,0,37210380,63994100,26783720,0,84,84,true,0
18128,0,0,37210380,63994100,26783720,0,101,101,true,0
18129,0,0,37210380,63999100,26788720,0,0,100,false,0
18130,0,0,37210380,64004250,26793870,0,19,122,false,0
18131,0,0,37210380,64009000,26798620,0,0,95,false,0
18132,0,0,37210380,64014100,26803720,0,0,102,false,0
18133,0,0,37210380,64019250,26808870,0,5,108,false,0
18134,0,0,37210380,64024400,26814020,0,5,108,false,0
18135,0,0,37210380,64029550,26819170,0,4,107,false,0
18136,0,0,37210380,64034100,26823720,0,0,91,false,0
18137,0,0,37210380,64038300,26827920,0,0,84,false,0
18138,0,0,37210380,64043000,26832620,0,0,94,false,0
18139,0,0,37210380,64047500,26837120,0,0,90,false,0
18140,0,0,37210380,64051950,26841570,0,0,89,false,0
18141,0,0,37210380,64056900,26846520,0,0,99,false,0
18142,0,0,37210380,64062050,26851670,0,5,108,false,0
18143,0,0,37210380,64067200,26856820,0,5,108,false,0
18144,0,0,37210380,64072050,26861670,0,0,97,false,0
18145,0,0,37210380,64076150,26865770,0,0,82,false,0
18146,0,0,37210380,64081050,26870670,0,0,98,false,0
18147,0,0,37210380,64085950,26875570,0,0,98,false,0
18148,0,0,37317000,64091100,26774100,0,9,112,false,0
18149,0,0,37317000,64096250,26779250,0,3,106,false,0
18150,0,0,37317000,64101150,26784150,0,0,98,false,0
18151,0,0,37317000,64101150,26784150,0,117,117,true,0
18152,0,0,37317000,64101150,26784150,0,104,104,true,0
18153,0,0,37317000,64101150,26784150,0,109,109,true,0
18154,0,0,37317000,64101150,26784150,0,100,100,true,0
18155,0,0,37317000,64106200,26789200,0,0,101,false,0
18156,0,0,37317000,64111100,26794100,0,0,98,false,0
18157,0,0,37317000,64115650,26798650,0,0,91,false,0
18158,0,0,37317000,64120800,26803800,0,3,106,false,0
18159,0,0,37317000,64125950,26808950,0,6,109,false,0
18160,0,0,37317000,64131050,26814050,0,0,102,false,0
18161,0,0,37317000,64135850,26818850,0,0,96,false,0
18162,0,0,37317000,64141000,26824000,0,0,103,false,0
18163,0,0,37317000,64145900,26828900,0,0,98,false,0
18164,0,0,37317000,64145900,26828900,0,98,98,true,0
18165,0,0,37317000,64145900,26828900,0,104,104,true,0
18166,0,0,37317000,64151050,26834050,0,5,108,false,0
18167,0,0,37317000,64155650,26838650,0,0,92,false,0
18168,0,0,37317000,64160800,26843800,0,3,106,false,0
18169,0,0,37317000,64165200,26848200,0,0,88,false,0
18170,0,0,37317000,64169400,26852400,0,0,84,false,0
18171,0,0,37317000,64174400,26857400,0,0,100,false,0
18172,0,0,37317000,64179000,26862000,0,0,92,false,0
18173,0,0,37317000,64179000,26862000,0,108,108,true,0
18174,0,0,37317000,64184150,26867150,0,0,103,false,0
18175,0,0,37317000,64189050,26872050,0,0,98,false,0
18176,0,0,37317000,64193950,26876950,0,0,98,false,0
18177,0,0,37317000,64198900,26881900,0,0,99,false,0
18178,0,0,37317000,64198900,26881900,0,110,110,true,0
18179,0,0,37317000,64198900,26881900,0,109,109,true,0
18180,0,0,37317000,64198900,26881900,0,98,98,true,0
18181,0,0,37317000,64204000,26887000,0,0,102,false,0
18182,0,0,37317000,64209150,26892150,0,3,106,false,0
18183,0,0,37317000,64214300,26897300,0,4,107,false,0
18184,0,0,37317000,64218950,26901950,0,0,93,false,0
18185,0,0,37317000,64218950,26901950,0,103,103,true,0
18186,0,0,37317000,64218950,26901950,0,77,77,true,0
18187,0,0,37317000,64223500,26906500,0,0,91,false,0
18188,0,0,37317000,64227750,26910750,0,0,85,false,0
18189,0,0,37317000,64232800,26915800,0,0,101,false,0
18190,0,0,37317000,64237900,26920900,0,0,102,false,0
18191,0,0,37317000,64243050,26926050,0,17,120,false,0
18192,0,0,37317000,64248200,26931200,0,6,109,false,0
18193,0,0,37317000,64248200,26931200,0,98,98,true,0
18194,0,0,37317000,64248200,26931200,0,97,97,true,0
18195,0,0,37317000,64248200,26931200,0,98,98,true,0
18196,0,0,37317000,64248200,26931200,0,91,91,true,0
18197,0,0,37317000,64253350,26936350,0,8,111,false,0
18198,0,0,37317000,64258500,26941500,0,1,104,false,0
18199,0,0,37317000,64262950,26945950,0,0,89,false,0
18200,0,0,37423620,64268100,26844480,0,2,105,false,0
18201,0,0,37423620,64272600,26848980,0,0,90,false,0
18202,0,0,37423620,64277150,26853530,0,0,91,false,0
18203,0,0,37423620,64281800,26858180,0,0,93,false,0
18204,0,0,37423620,64286950,26863330,0,11,114,false,0
18205,0,0,37423620,64292100,26868480,0,1,104,false,0
18206,0,0,37423620,64297050,26873430,0,0,99,false,0
18207,0,0,37423620,64301300,26877680,0,0,85,false,0
18208,0,0,37423620,64305550,26881930,0,0,85,false,0
18209,0,0,37423620,64310700,26887080,0,12,115,false,0
18210,0,0,37423620,64314400,26890780,0,0,74,false,0
18211,0,0,37423620,64314400,26890780,0,111,111,true,0
18212,0,0,37423620,64319100,26895480,0,0,94,false,0
18213,0,0,37423620,64323700,26900080,0,0,92,false,0
18214,0,0,37423620,64328550,26904930,0,0,97,false,0
18215,0,0,37423620,64333700,26910080,0,11,114,false,0
18216,0,0,37423620,64337900,26914280,0,0,84,false,0
18217,0,0,37423620,64337900,26914280,0,104,104,true,0
18218,0,0,37423620,64337900,26914280,0,102,102,true,0
18219,0,0,37423620,64343050,26919430,0,5,108,false,0
18220,0,0,37423620,64347700,26924080,0,0,93,false,0
18221,0,0,37423620,64352300,26928680,0,0,92,false,0
18222,0,0,37423620,64356550,26932930,0,0,85,false,0
18223,0,0,37423620,64361200,26937580,0,0,93,false,0
18224,0,0,37423620,64365850,26942230,0,0,93,false,0
18225,0,0,37423620,64371000,26947380,0,6,109,false,0
18226,0,0,37423620,64375850,26952230,0,0,97,false,0
18227,0,0,37423620,64381000,26957380,0,9,112,false,0
18228,0,0,37423620,64386150,26962530,0,0,103,false,0
18229,0,0,37423620,64391050,26967430,0,0,98,false,0
18230,0,0,37423620,64396200,26972580,0,5,108,false,0
18231,0,0,37423620,64400950,26977330,0,0,95,false,0
18232,0,0,37423620,64406100,26982480,0,3,106,false,0
18233,0,0,37423620,64411250,26987630,0,4,107,false,0
18234,0,0,37423620,64416050,26992430,0,0,96,false,0
18235,0,0,37423620,64420950,26997330,0,0,98,false,0
18236,0,0,37423620,64425400,27001780,0,0,89,false,0
18237,0,0,37423620,64425400,27001780,0,121,121,true,0
18238,0,0,37423620,64429700,27006080,0,0,86,false,0
18239,0,0,37423620,64434250,27010630,0,0,91,false,0
18240,0,0,37423620,64439000,27015380,0,0,95,false,0
18241,0,0,37423620,64439000,27015380,0,107,107,true,0
18242,0,0,37423620,64443750,27020130,0,0,95,false,0
18243,0,0,37423620,64447850,27024230,0,0,82,false,0
18244,0,0,37423620,64453000,27029380,0,12,115,false,0
18245,0,0,37423620,64457450,27033830,0,0,89,false,0
18246,0,0,37423620,64462600,27038980,0,8,111,false,0
18247,0,0,37423620,64462600,27038980,0,95,95,true,0
18248,0,0,37423620,64466800,27043180,0,0,84,false,0
18249,0,0,37423620,64471950,27048330,0,9,112,false,0
18250,0,0,37423620,64477100,27053480,0,5,108,false,0
18251,0,0,37423620,64482200,27058580,0,0,102,false,0
18252,0,0,37530240,64486600,26956360,0,0,88,false,0
18253,0,0,37530240,64486600,26956360,0,102,102,true,0
18254,0,0,37530240,64486600,26956360,0,94,94,true,0
18255,0,0,37530240,64486600,26956360,0,95,95,true,0
18256,0,0,37530240,64486600,26956360,0,87,87,true,0
18257,0,0,37530240,64491750,26961510,0,28,131,false,0
18258,0,0,37530240,64496900,26966660,0,5,108,false,0
18259,0,0,37530240,64496900,26966660,0,100,100,true,0
18260,0,0,37530240,64501700,26971460,0,0,96,false,0
18261,0,0,37530240,64506850,26976610,0,1,104,false,0
18262,0,0,37530240,64511900,26981660,0,0,101,false,0
18263,0,0,37530240,64516800,26986560,0,0,98,false,0
18264,0,0,37530240,64521950,26991710,0,13,116,false,0
18265,0,0,37530240,64526000,26995760,0,0,81,false,0
18266,0,0,37530240,64531150,27000910,0,9,112,false,0
18267,0,0,37530240,64531150,27000910,0,102,102,true,0
18268,0,0,37530240,64536300,27006060,0,10,113,false,0
18269,0,0,37530240,64540750,27010510,0,0,89,false,0
18270,0,0,37530240,64545450,27015210,0,0,94,false,0
18271,0,0,37530240,64545450,27015210,0,80,80,true,0
18272,0,0,37530240,64550600,27020360,0,16,119,false,0
18273,0,0,37530240,64555550,27025310,0,0,99,false,0
18274,0,0,37530240,64560700,27030460,0,1,104,false,0
18275,0,0,37530240,64565850,27035610,0,1,104,false,0
18276,0,0,37530240,64570600,27040360,0,0,95,false,0
18277,0,0,37530240,64575550,27045310,0,0,99,false,0
18278,0,0,37530240,64575550,27045310,0,94,94,true,0
18279,0,0,37530240,64575550,27045310,0,90,90,true,0
18280,0,0,37530240,64580500,27050260,0,0,99,false,0
18281,0,0,37530240,64584950,27054710,0,0,89,false,0
18282,0,0,37530240,64589500,27059260,0,0,91,false,0
18283,0,0,37530240,64594350,27064110,0,0,97,false,0
18284,0,0,37530240,64599500,27069260,0,3,106,false,0
18285,0,0,37530240,64604650,27074410,0,4,107,false,0
18286,0,0,37530240,64609800,27079560,0,9,112,false,0
18287,0,0,37530240,64614850,27084610,0,0,101,false,0
18288,0,0,37530240,64620000,27089760,0,2,105,false,0
18289,0,0,37530240,64624300,27094060,0,0,86,false,0
18290,0,0,37530240,64629400,27099160,0,0,102,false,0
18291,0,0,37530240,64634550,27104310,0,2,105,false,0
18292,0,0,37530240,64638750,27108510,0,0,84,false,0
18293,0,0,37530240,64643150,27112910,0,0,88,false,0
18294,0,0,37530240,64648100,27117860,0,0,99,false,0
18295,0,0,37530240,64653050,27122810,0,0,99,false,0
18296,0,0,37530240,64658200,27127960,0,13,116,false,0
18297,0,0,37530240,64663350,27133110,0,5,108,false,0
18298,0,0,37530240,64668500,27138260,0,3,106,false,0
18299,0,0,37530240,64668500,27138260,0,99,99,true,0
18300,0,0,37530240,64668500,27138260,0,92,92,true,0
18301,0,0,37530240,64673650,27143410,0,6,109,false,0
18302,0,0,37530240,64678800,27148560,0,11,114,false,0
18303,0,0,37530240,64683600,27153360,0,0,96,false,0
18304,0,0,37636860,64688600,27051740,0,0,100,false,0
18305,0,0,37636860,64693000,27056140,0,0,88,false,0
18306,0,0,37636860,64698000,27061140,0,0,100,false,0
18307,0,0,37636860,64702850,27065990,0,0,97,false,0
18308,0,0,37636860,64708000,27071140,0,4,107,false,0
18309,0,0,37636860,64713150,27076290,0,0,103,false,0
18310,0,0,37636860,64717450,27080590,0,0,86,false,0
18311,0,0,37636860,64722600,27085740,0,5,108,false,0
18312,0,0,37636860,64727150,27090290,0,0,91,false,0
18313,0,0,37636860,64732300,27095440,0,6,109,false,0
18314,0,0,37636860,64732300,27095440,0,95,95,true,0
18315,0,0,37636860,64737300,27100440,0,0,100,false,0
18316,0,0,37636860,64741000,27104140,0,0,74,false,0
18317,0,0,37636860,64745750,27108890,0,0,95,false,0
18318,0,0,37636860,64750900,27114040,0,0,103,false,0
18319,0,0,37636860,64756050,27119190,0,12,115,false,0
18320,0,0,37636860,64761050,27124190,0,0,100,false,0
18321,0,0,37636860,64766200,27129340,0,16,119,false,0
18322,0,0,37636860,64766200,27129340,0,89,89,true,0
18323,0,0,37636860,64766200,27129340,0,105,105,true,0
18324,0,0,37636860,64766200,27129340,0,98,98,true,0
18325,0,0,37636860,64770350,27133490,0,0,83,false,0
18326,0,0,37636860,64775350,27138490,0,0,100,false,0
18327,0,0,37636860,64775350,27138490,0,98,98,true,0
18328,0,0,37636860,64780400,27143540,0,0,101,false,0
18329,0,0,37636860,64784850,27147990,0,0,89,false,0
18330,0,0,37636860,64790000,27153140,0,10,113,false,0
18331,0,0,37636860,64793850,27156990,0,0,77,false,0
18332,0,0,37636860,64799000,27162140,0,0,103,false,0
18333,0,0,37636860,64803650,27166790,0,0,93,false,0
18334,0,0,37636860,64807800,27170940,0,0,83,false,0
18335,0,0,37636860,64812950,27176090,0,3,106,false,0
18336,0,0,37636860,64817650,27180790,0,0,94,false,0
18337,0,0,37636860,64822050,27185190,0,0,88,false,0
18338,0,0,37636860,64826850,27189990,0,0,96,false,0
18339,0,0,37636860,64831550,27194690,0,0,94,false,0
18340,0,0,37636860,64835900,27199040,0,0,87,false,0
18341,0,0,37636860,64841050,27204190,0,0,103,false,0
18342,0,0,37636860,64845250,27208390,0,0,84,false,0
18343,0,0,37636860,64850400,27213540,0,11,114,false,0
18344,0,0,37636860,64850400,27213540,0,94,94,true,0
18345,0,0,37636860,64855400,27218540,0,0,100,false,0
18346,0,0,37636860,64860550,27223690,0,5,108,false,0
18347,0,0,37636860,64865700,27228840,0,16,119,false,0
18348,0,0,37636860,64870850,27233990,0,5,108,false,0
18349,0,0,37636860,64876000,27239140,0,8,111,false,0
18350,0,0,37636860,64880700,27243840,0,0,94,false,0
18351,0,0,37636860,64880700,27243840,0,104,104,true,0
18352,0,0,37636860,64880700,27243840,0,87,87,true,0
18353,0,0,37636860,64880700,27243840,0,85,85,true,0
18354,0,0,37636860,64880700,27243840,0,111,111,true,0
18355,0,0,37636860,64880700,27243840,0,96,96,true,0
18356,0,0,37743480,64885600,27142120,0,0,98,false,0
18357,0,0,37743480,64890750,27147270,0,11,114,false,0
18358,0,0,37743480,64890750,27147270,0,102,102,true,0
18359,0,0,37743480,64895900,27152420,0,17,120,false,0
18360,0,0,37743480,64900700,27157220,0,0,96,false,0
18361,0,0,37743480,64905250,27161770,0,0,91,false,0
18362,0,0,37743480,64910400,27166920,0,16,119,false,0
18363,0,0,37743480,64914750,27171270,0,0,87,false,0
18364,0,0,37743480,64914750,27171270,0,103,103,true,0
18365,0,0,37743480,64919900,27176420,0,17,120,false,0
18366,0,0,37743480,64923550,27180070,0,0,73,false,0
18367,0,0,37743480,64923550,27180070,0,99,99,true,0
18368,0,0,37743480,64928700,27185220,0,3,106,false,0
18369,0,0,37743480,64933400,27189920,0,0,94,false,0
18370,0,0,37743480,64938250,27194770,0,0,97,false,0
18371,0,0,37743480,64938250,27194770,0,88,88,true,0
18372,0,0,37743480,64938250,27194770,0,104,104,true,0
18373,0,0,37743480,64942750,27199270,0,0,90,false,0
18374,0,0,37743480,64947550,27204070,0,0,96,false,0
18375,0,0,37743480,64952000,27208520,0,0,89,false,0
18376,0,0,37743480,64956300,27212820,0,0,86,false,0
18377,0,0,37743480,64961050,27217570,0,0,95,false,0
18378,0,0,37743480,64961050,27217570,0,125,125,true,0
18379,0,0,37743480,64966000,27222520,0,0,99,false,0
18380,0,0,37743480,64971150,27227670,0,9,112,false,0
18381,0,0,37743480,64975650,27232170,0,0,90,false,0
18382,0,0,37743480,64980450,27236970,0,0,96,false,0
18383,0,0,37743480,64985400,27241920,0,0,99,false,0
18384,0,0,37743480,64989750,27246270,0,0,87,false,0
18385,0,0,37743480,64989750,27246270,0,115,115,true,0
18386,0,0,37743480,64994200,27250720,0,0,89,false,0
18387,0,0,37743480,64999150,27255670,0,0,99,false,0
18388,0,0,37743480,65003600,27260120,0,0,89,false,0
18389,0,0,37743480,65008350,27264870,0,0,95,false,0
18390,0,0,37743480,65008350,27264870,0,112,112,true,0
18391,0,0,37743480,65008350,27264870,0,104,104,true,0
18392,0,0,37743480,65008350,27264870,0,97,97,true,0
18393,0,0,37743480,65013300,27269820,0,0,99,false,0
18394,0,0,37743480,65018400,27274920,0,0,102,false,0
18395,0,0,37743480,65023250,27279770,0,0,97,false,0
18396,0,0,37743480,65027450,27283970,0,0,84,false,0
18397,0,0,37743480,65027450,27283970,0,102,102,true,0
18398,0,0,37743480,65027450,27283970,0,98,98,true,0
18399,0,0,37743480,65027450,27283970,0,92,92,true,0
18400,0,0,37743480,65031950,27288470,0,0,90,false,0
18401,0,0,37743480,65036550,27293070,0,0,92,false,0
18402,0,0,37743480,65041700,27298220,0,3,106,false,0
18403,0,0,37743480,65046450,27302970,0,0,95,false,0
18404,0,0,37743480,65046450,27302970,0,84,84,true,0
18405,0,0,37743480,65046450,27302970,0,110,110,true,0
18406,0,0,37743480,65046450,27302970,0,84,84,true,0
18407,0,0,37743480,65046450,27302970,0,107,107,true,0
18408,0,0,37850100,65051150,27201050,0,0,94,false,0
18409,0,0,37850100,65054850,27204750,0,0,74,false,0
18410,0,0,37850100,65054850,27204750,0,90,90,true,0
18411,0,0,37850100,65054850,27204750,0,88,88,true,0
18412,0,0,37850100,65054850,27204750,0,92,92,true,0
18413,0,0,37850100,65059050,27208950,0,0,84,false,0
18414,0,0,37850100,65064100,27214000,0,0,101,false,0
18415,0,0,37850100,65068450,27218350,0,0,87,false,0
18416,0,0,37850100,65068450,27218350,0,111,111,true,0
18417,0,0,37850100,65073600,27223500,0,10,113,false,0
18418,0,0,37850100,65078750,27228650,0,0,103,false,0
18419,0,0,37850100,65082900,27232800,0,0,83,false,0
18420,0,0,37850100,65082900,27232800,0,117,117,true,0
18421,0,0,37850100,65082900,27232800,0,94,94,true,0
18422,0,0,37850100,65087500,27237400,0,0,92,false,0
18423,0,0,37850100,65092650,27242550,0,0,103,false,0
18424,0,0,37850100,65097700,27247600,0,0,101,false,0
18425,0,0,37850100,65102850,27252750,0,9,112,false,0
18426,0,0,37850100,65107550,27257450,0,0,94,false,0
18427,0,0,37850100,65112700,27262600,0,12,115,false,0
18428,0,0,37850100,65117850,27267750,0,1,104,false,0
18429,0,0,37850100,65122250,27272150,0,0,88,false,0
18430,0,0,37850100,65127000,27276900,0,0,95,false,0
18431,0,0,37850100,65132000,27281900,0,0,100,false,0
18432,0,0,37850100,65136650,27286550,0,0,93,false,0
18433,0,0,37850100,65141800,27291700,0,10,113,false,0
18434,0,0,37850100,65146300,27296200,0,0,90,false,0
18435,0,0,37850100,65151200,27301100,0,0,98,false,0
18436,0,0,37850100,65156350,27306250,0,8,111,false,0
18437,0,0,37850100,65161400,27311300,0,0,101,false,0
18438,0,0,37850100,65166450,27316350,0,0,101,false,0
18439,0,0,37850100,65170800,27320700,0,0,87,false,0
18440,0,0,37850100,65175950,27325850,0,2,105,false,0
18441,0,0,37850100,65181100,27331000,0,7,110,false,0
18442,0,0,37850100,65181100,27331000,0,93,93,true,0
18443,0,0,37850100,65181100,27331000,0,103,103,true,0
18444,0,0,37850100,65181100,27331000,0,82,82,true,0
18445,0,0,37850100,65181100,27331000,0,111,111,true,0
18446,0,0,37850100,65181100,27331000,0,97,97,true,0
18447,0,0,37850100,65181100,27331000,0,114,114,true,0
18448,0,0,37850100,65181100,27331000,0,90,90,true,0
18449,0,0,37850100,65181100,27331000,0,94,94,true,0
18450,0,0,37850100,65181100,27331000,0,121,121,true,0
18451,0,0,37850100,65181100,27331000,0,100,100,true,0
18452,0,0,37850100,65181100,27331000,0,94,94,true,0
18453,0,0,37850100,65186250,27336150,0,7,110,false,0
18454,0,0,37850100,65191150,27341050,0,0,98,false,0
18455,0,0,37850100,65195950,27345850,0,0,96,false,0
18456,0,0,37850100,65200650,27350550,0,0,94,false,0
18457,0,0,37850100,65205800,27355700,0,3,106,false,0
18458,0,0,37850100,65210650,27360550,0,0,97,false,0
18459,0,0,37850100,65210650,27360550,0,117,117,true,0
18460,0,0,37956720,65215250,27258530,0,0,92,false,0
18461,0,0,37956720,65220400,27263680,0,6,109,false,0
18462,0,0,37956720,65225350,27268630,0,0,99,false,0
18463,0,0,37956720,65230500,27273780,0,17,120,false,0
18464,0,0,37956720,65235650,27278930,0,0,103,false,0
18465,0,0,37956720,65240800,27284080,0,8,111,false,0
18466,0,0,37956720,65245950,27289230,0,13,116,false,0
18467,0,0,37956720,65245950,27289230,0,108,108,true,0
18468,0,0,37956720,65245950,27289230,0,111,111,true,0
18469,0,0,37956720,65245950,27289230,0,104,104,true,0
18470,0,0,37956720,65250400,27293680,0,0,89,false,0
18471,0,0,37956720,65255150,27298430,0,0,95,false,0
18472,0,0,37956720,65260300,27303580,0,3,106,false,0
18473,0,0,37956720,65265050,27308330,0,0,95,false,0
18474,0,0,37956720,65269800,27313080,0,0,95,false,0
18475,0,0,37956720,65274700,27317980,0,0,98,false,0
18476,0,0,37956720,65279200,27322480,0,0,90,false,0
18477,0,0,37956720,65284050,27327330,0,0,97,false,0
18478,0,0,37956720,65288300,27331580,0,0,85,false,0
18479,0,0,37956720,65293200,27336480,0,0,98,false,0
18480,0,0,37956720,65298350,27341630,0,0,103,false,0
18481,0,0,37956720,65303200,27346480,0,0,97,false,0
18482,0,0,37956720,65307650,27350930,0,0,89,false,0
18483,0,0,37956720,65312550,27355830,0,0,98,false,0
18484,0,0,37956720,65317700,27360980,0,10,113,false,0
18485,0,0,37956720,65317700,27360980,0,105,105,true,0
18486,0,0,37956720,65317700,27360980,0,90,90,true,0
18487,0,0,37956720,65317700,27360980,0,110,110,true,0
18488,0,0,37956720,65317700,27360980,0,111,111,true,0
18489,0,0,37956720,65317700,27360980,0,101,101,true,0
18490,0,0,37956720,65322850,27366130,0,4,107,false,0
18491,0,0,37956720,65328000,27371280,0,4,107,false,0
18492,0,0,37956720,65333150,27376430,0,3,106,false,0
18493,0,0,37956720,65337500,27380780,0,0,87,false,0
18494,0,0,37956720,65342650,27385930,0,3,106,false,0
18495,0,0,37956720,65347600,27390880,0,0,99,false,0
18496,0,0,37956720,65352750,27396030,0,2,105,false,0
18497,0,0,37956720,65357850,27401130,0,0,102,false,0
18498,0,0,37956720,65362900,27406180,0,0,101,false,0
18499,0,0,37956720,65368050,27411330,0,8,111,false,0
18500,0,0,37956720,65373200,27416480,0,0,103,false,0
18501,0,0,37956720,65373200,27416480,0,102,102,true,0
18502,0,0,37956720,65378300,27421580,0,0,102,false,0
18503,0,0,37956720,65383150,27426430,0,0,97,false,0
18504,0,0,37956720,65387500,27430780,0,0,87,false,0
18505,0,0,37956720,65392650,27435930,0,4,107,false,0
18506,0,0,37956720,65397000,27440280,0,0,87,false,0
18507,0,0,37956720,65401800,27445080,0,0,96,false,0
18508,0,0,37956720,65406950,27450230,0,3,106,false,0
18509,0,0,37956720,65412100,27455380,0,7,110,false,0
18510,0,0,37956720,65417250,27460530,0,8,111,false,0
18511,0,0,37956720,65422250,27465530,0,0,100,false,0
18512,0,0,38063340,65426650,27363310,0,0,88,false,0
18513,0,0,38063340,65431250,27367910,0,0,92,false,0
18514,0,0,38063340,65435950,27372610,0,0,94,false,0
18515,0,0,38063340,65440600,27377260,0,0,93,false,0
18516,0,0,38063340,65440600,27377260,0,95,95,true,0
18517,0,0,38063340,65445750,27382410,0,7,110,false,0
18518,0,0,38063340,65450350,27387010,0,0,92,false,0
18519,0,0,38063340,65450350,27387010,0,99,99,true,0
18520,0,0,38063340,65450350,27387010,0,91,91,true,0
18521,0,0,38063340,65455500,27392160,0,0,103,false,0
18522,0,0,38063340,65460650,27397310,0,12,115,false,0
18523,0,0,38063340,65460650,27397310,0,97,97,true,0
18524,0,0,38063340,65460650,27397310,0,85,85,true,0
18525,0,0,38063340,65465800,27402460,0,6,109,false,0
18526,0,0,38063340,65470300,27406960,0,0,90,false,0
18527,0,0,38063340,65475450,27412110,0,5,108,false,0
18528,0,0,38063340,65475450,27412110,0,109,109,true,0
18529,0,0,38063340,65475450,27412110,0,109,109,true,0
18530,0,0,38063340,65475450,27412110,0,99,99,true,0
18531,0,0,38063340,65475450,27412110,0,96,96,true,0
18532,0,0,38063340,65475450,27412110,0,80,80,true,0
18533,0,0,38063340,65480600,27417260,0,11,114,false,0
18534,0,0,38063340,65485650,27422310,0,0,101,false,0
18535,0,0,38063340,65490800,27427460,0,16,119,false,0
18536,0,0,38063340,65495950,27432610,0,21,124,false,0
18537,0,0,38063340,65501100,27437760,0,0,103,false,0
18538,0,0,38063340,65505800,27442460,0,0,94,false,0
18539,0,0,38063340,65509950,27446610,0,0,83,false,0
18540,0,0,38063340,65514800,27451460,0,0,97,false,0
18541,0,0,38063340,65519650,27456310,0,0,97,false,0
18542,0,0,38063340,65524800,27461460,0,6,109,false,0
18543,0,0,38063340,65524800,27461460,0,99,99,true,0
18544,0,0,38063340,65524800,27461460,0,82,82,true,0
18545,0,0,38063340,65529800,27466460,0,0,100,false,0
18546,0,0,38063340,65534850,27471510,0,0,101,false,0
18547,0,0,38063340,65534850,27471510,0,92,92,true,0
18548,0,0,38063340,65538400,27475060,0,0,71,false,0
18549,0,0,38063340,65543550,27480210,0,12,115,false,0
18550,0,0,38063340,65548700,27485360,0,11,114,false,0
18551,0,0,38063340,65553850,27490510,0,0,103,false,0
18552,0,0,38063340,65559000,27495660,0,1,104,false,0
18553,0,0,38063340,65559000,27495660,0,101,101,true,0
18554,0,0,38063340,65563800,27500460,0,0,96,false,0
18555,0,0,38063340,65568950,27505610,0,8,111,false,0
18556,0,0,38063340,65572800,27509460,0,0,77,false,0
18557,0,0,38063340,65572800,27509460,0,90,90,true,0
18558,0,0,38063340,65577250,27513910,0,0,89,false,0
18559,0,0,38063340,65581800,27518460,0,0,91,false,0
18560,0,0,38063340,65586950,27523610,0,12,115,false,0
18561,0,0,38063340,65592100,27528760,0,5,108,false,0
18562,0,0,38063340,65597250,27533910,0,3,106,false,0
18563,0,0,38063340,65602150,27538810,0,0,98,false,0
18564,0,0,38169960,65607300,27437340,0,0,103,false,0
18565,0,0,38169960,65607300,27437340,0,89,89,true,0
18566,0,0,38169960,65607300,27437340,0,90,90,true,0
18567,0,0,38169960,65607300,27437340,0,116,116,true,0
18568,0,0,38169960,65607300,27437340,0,100,100,true,0
18569,0,0,38169960,65607300,27437340,0,99,99,true,0
18570,0,0,38169960,65607300,27437340,0,94,94,true,0
18571,0,0,38169960,65611950,27441990,0,0,93,false,0
18572,0,0,38169960,65617100,27447140,0,2,105,false,0
18573,0,0,38169960,65617100,27447140,0,73,73,true,0
18574,0,0,38169960,65617100,27447140,0,89,89,true,0
18575,0,0,38169960,65617100,27447140,0,101,101,true,0
18576,0,0,38169960,65617100,27447140,0,112,112,true,0
18577,0,0,38169960,65622250,27452290,0,5,108,false,0
18578,0,0,38169960,65627150,27457190,0,0,98,false,0
18579,0,0,38169960,65632300,27462340,0,6,109,false,0
18580,0,0,38169960,65637150,27467190,0,0,97,false,0
18581,0,0,38169960,65641650,27471690,0,0,90,false,0
18582,0,0,38169960,65645300,27475340,0,0,73,false,0
18583,0,0,38169960,65650250,27480290,0,0,99,false,0
18584,0,0,38169960,65655400,27485440,0,16,119,false,0
18585,0,0,38169960,65659750,27489790,0,0,87,false,0
18586,0,0,38169960,65664650,27494690,0,0,98,false,0
18587,0,0,38169960,65669800,27499840,0,1,104,false,0
18588,0,0,38169960,65674900,27504940,0,0,102,false,0
18589,0,0,38169960,65674900,27504940,0,90,90,true,0
18590,0,0,38169960,65680050,27510090,0,3,106,false,0
18591,0,0,38169960,65685200,27515240,0,2,105,false,0
18592,0,0,38169960,65685200,27515240,0,107,107,true,0
18593,0,0,38169960,65685200,27515240,0,101,101,true,0
18594,0,0,38169960,65690350,27520390,0,1,104,false,0
18595,0,0,38169960,65694950,27524990,0,0,92,false,0
18596,0,0,38169960,65700100,27530140,0,22,125,false,0
18597,0,0,38169960,65705250,27535290,0,2,105,false,0
18598,0,0,38169960,65710050,27540090,0,0,96,false,0
18599,0,0,38169960,65714700,27544740,0,0,93,false,0
18600,0,0,38169960,65719850,27549890,0,15,118,false,0
18601,0,0,38169960,65725000,27555040,0,4,107,false,0
18602,0,0,38169960,65729500,27559540,0,0,90,false,0
18603,0,0,38169960,65729500,27559540,0,91,91,true,0
18604,0,0,38169960,65734500,27564540,0,0,100,false,0
18605,0,0,38169960,65737800,27567840,0,0,66,false,0
18606,0,0,38169960,65742950,27572990,0,9,112,false,0
18607,0,0,38169960,65747500,27577540,0,0,91,false,0
18608,0,0,38169960,65752150,27582190,0,0,93,false,0
18609,0,0,38169960,65757300,27587340,0,11,114,false,0
18610,0,0,38169960,65762150,27592190,0,0,97,false,0
18611,0,0,38169960,65767300,27597340,0,0,103,false,0
18612,0,0,38169960,65767300,27597340,0,85,85,true,0
18613,0,0,38169960,65767300,27597340,0,97,97,true,0
18614,0,0,38169960,65767300,27597340,0,99,99,true,0
18615,0,0,38169960,65767300,27597340,0,83,83,true,0
18616,0,0,38276580,65767300,27490720,0,107,107,true,0
18617,0,0,38276580,65771700,27495120,0,0,88,false,0
18618,0,0,38276580,65776850,27500270,0,5,108,false,0
18619,0,0,38276580,65781150,27504570,0,0,86,false,0
18620,0,0,38276580,65785500,27508920,0,0,87,false,0
18621,0,0,38276580,65789950,27513370,0,0,89,false,0
18622,0,0,38276580,65794650,27518070,0,0,94,false,0
18623,0,0,38276580,65799200,27522620,0,0,91,false,0
18624,0,0,38276580,65804350,27527770,0,9,112,false,0
18625,0,0,38276580,65804350,27527770,0,101,101,true,0
18626,0,0,38276580,65804350,27527770,0,103,103,true,0
18627,0,0,38276580,65809500,27532920,0,7,110,false,0
18628,0,0,38276580,65814450,27537870,0,0,99,false,0
18629,0,0,38276580,65819000,27542420,0,0,91,false,0
18630,0,0,38276580,65824150,27547570,0,11,114,false,0
18631,0,0,38276580,65828050,27551470,0,0,78,false,0
18632,0,0,38276580,65832150,27555570,0,0,82,false,0
18633,0,0,38276580,65836400,27559820,0,0,85,false,0
18634,0,0,38276580,65841250,27564670,0,0,97,false,0
18635,0,0,38276580,65844400,27567820,0,0,63,false,0
18636,0,0,38276580,65849450,27572870,0,0,101,false,0
18637,0,0,38276580,65854450,27577870,0,0,100,false,0
18638,0,0,38276580,65859600,27583020,0,20,123,false,0
18639,0,0,38276580,65864750,27588170,0,9,112,false,0
18640,0,0,38276580,65869900,27593320,0,3,106,false,0
18641,0,0,38276580,65874000,27597420,0,0,82,false,0
18642,0,0,38276580,65879100,27602520,0,0,102,false,0
18643,0,0,38276580,65883950,27607370,0,0,97,false,0
18644,0,0,38276580,65883950,27607370,0,86,86,true,0
18645,0,0,38276580,65883950,27607370,0,112,112,true,0
18646,0,0,38276580,65883950,27607370,0,110,110,true,0
18647,0,0,38276580,65883950,27607370,0,100,100,true,0
18648,0,0,38276580,65888700,27612120,0,0,95,false,0
18649,0,0,38276580,65893850,27617270,0,25,128,false,0
18650,0,0,38276580,65898700,27622120,0,0,97,false,0
18651,0,0,38276580,65903700,27627120,0,0,100,false,0
18652,0,0,38276580,65903700,27627120,0,116,116,true,0
18653,0,0,38276580,65903700,27627120,0,89,89,true,0
18654,0,0,38276580,65908300,27631720,0,0,92,false,0
18655,0,0,38276580,65912850,27636270,0,0,91,false,0
18656,0,0,38276580,65917700,27641120,0,0,97,false,0
18657,0,0,38276580,65921950,27645370,0,0,85,false,0
18658,0,0,38276580,65927100,27650520,0,24,127,false,0
18659,0,0,38276580,65927100,27650520,0,104,104,true,0
18660,0,0,38276580,65927100,27650520,0,108,108,true,0
18661,0,0,38276580,65927100,27650520,0,76,76,true,0
18662,0,0,38276580,65927100,27650520,0,72,72,true,0
18663,0,0,38276580,65931250,27654670,0,0,83,false,0
18664,0,0,38276580,65936050,27659470,0,0,96,false,0
18665,0,0,38276580,65936050,27659470,0,88,88,true,0
18666,0,0,38276580,65940950,27664370,0,0,98,false,0
18667,0,0,38276580,65946100,27669520,0,14,117,false,0
18668,0,0,38383200,65946100,27562900,0,115,115,true,0
18669,0,0,38383200,65946100,27562900,0,80,80,true,0
18670,0,0,38383200,65946100,27562900,0,96,96,true,0
18671,0,0,38383200,65950450,27567250,0,0,87,false,0
18672,0,0,38383200,65954850,27571650,0,0,88,false,0
18673,0,0,38383200,65960000,27576800,0,7,110,false,0
18674,0,0,38383200,65964750,27581550,0,0,95,false,0
18675,0,0,38383200,65969900,27586700,0,0,103,false,0
18676,0,0,38383200,65975050,27591850,0,10,113,false,0
18677,0,0,38383200,65980100,27596900,0,0,101,false,0
18678,0,0,38383200,65985250,27602050,0,2,105,false,0
18679,0,0,38383200,65990400,27607200,0,7,110,false,0
18680,0,0,38383200,65994900,27611700,0,0,90,false,0
18681,0,0,38383200,65999100,27615900,0,0,84,false,0
18682,0,0,38383200,66003850,27620650,0,0,95,false,0
18683,0,0,38383200,66008900,27625700,0,0,101,false,0
18684,0,0,38383200,66008900,27625700,0,97,97,true,0
18685,0,0,38383200,66008900,27625700,0,93,93,true,0
18686,0,0,38383200,66014050,27630850,0,12,115,false,0
18687,0,0,38383200,66019100,27635900,0,0,101,false,0
18688,0,0,38383200,66024250,27641050,0,6,109,false,0
18689,0,0,38383200,66029050,27645850,0,0,96,false,0
18690,0,0,38383200,66034200,27651000,0,3,106,false,0
18691,0,0,38383200,66039300,27656100,0,0,102,false,0
18692,0,0,38383200,66044150,27660950,0,0,97,false,0
18693,0,0,38383200,66044150,27660950,0,103,103,true,0
18694,0,0,38383200,66044150,27660950,0,101,101,true,0
18695,0,0,38383200,66048450,27665250,0,0,86,false,0
18696,0,0,38383200,66053200,27670000,0,0,95,false,0
18697,0,0,38383200,66057700,27674500,0,0,90,false,0
18698,0,0,38383200,66062550,27679350,0,0,97,false,0
18699,0,0,38383200,66067150,27683950,0,0,92,false,0
18700,0,0,38383200,66072300,27689100,0,3,106,false,0
18701,0,0,38383200,66077450,27694250,0,14,117,false,0
18702,0,0,38383200,66082550,27699350,0,0,102,false,0
18703,0,0,38383200,66087450,27704250,0,0,98,false,0
18704,0,0,38383200,66092600,27709400,0,12,115,false,0
18705,0,0,38383200,66097100,27713900,0,0,90,false,0
18706,0,0,38383200,66101750,27718550,0,0,93,false,0
18707,0,0,38383200,66106900,27723700,0,20,123,false,0
18708,0,0,38383200,66112050,27728850,0,1,104,false,0
18709,0,0,38383200,66116950,27733750,0,0,98,false,0
18710,0,0,38383200,66121500,27738300,0,0,91,false,0
18711,0,0,38383200,66126350,27743150,0,0,97,false,0
18712,0,0,38383200,66126350,27743150,0,87,87,true,0
18713,0,0,38383200,66131500,27748300,0,5,108,false,0
18714,0,0,38383200,66136550,27753350,0,0,101,false,0
18715,0,0,38383200,66141700,27758500,0,5,108,false,0
18716,0,0,38383200,66146850,27763650,0,4,107,false,0
18717,0,0,38383200,66152000,27768800,0,7,110,false,0
18718,0,0,38383200,66156550,27773350,0,0,91,false,0
18719,0,0,38383200,66161700,27778500,0,0,103,false,0
18720,0,0,38489820,66166700,27676880,0,0,100,false,0
18721,0,0,38489820,66171250,27681430,0,0,91,false,0
18722,0,0,38489820,66175900,27686080,0,0,93,false,0
18723,0,0,38489820,66180350,27690530,0,0,89,false,0
18724,0,0,38489820,66180350,27690530,0,109,109,true,0
18725,0,0,38489820,66180350,27690530,0,101,101,true,0
18726,0,0,38489820,66180350,27690530,0,89,89,true,0
18727,0,0,38489820,66185500,27695680,0,3,106,false,0
18728,0,0,38489820,66190600,27700780,0,0,102,false,0
18729,0,0,38489820,66195100,27705280,0,0,90,false,0
18730,0,0,38489820,66199950,27710130,0,0,97,false,0
18731,0,0,38489820,66204600,27714780,0,0,93,false,0
18732,0,0,38489820,66209450,27719630,0,0,97,false,0
18733,0,0,38489820,66214050,27724230,0,0,92,false,0
18734,0,0,38489820,66214050,27724230,0,107,107,true,0
18735,0,0,38489820,66219200,27729380,0,2,105,false,0
18736,0,0,38489820,66223850,27734030,0,0,93,false,0
18737,0,0,38489820,66228700,27738880,0,0,97,false,0
18738,0,0,38489820,66233700,27743880,0,0,100,false,0
18739,0,0,38489820,66238800,27748980,0,0,102,false,0
18740,0,0,38489820,66243950,27754130,0,8,111,false,0
18741,0,0,38489820,66243950,27754130,0,92,92,true,0
18742,0,0,38489820,66248250,27758430,0,0,86,false,0
18743,0,0,38489820,66253350,27763530,0,0,102,false,0
18744,0,0,38489820,66257750,27767930,0,0,88,false,0
18745,0,0,38489820,66262900,27773080,0,18,121,false,0
18746,0,0,38489820,66262900,27773080,0,97,97,true,0
18747,0,0,38489820,66262900,27773080,0,110,110,true,0
18748,0,0,38489820,66262900,27773080,0,97,97,true,0
18749,0,0,38489820,66267800,27777980,0,0,98,false,0
18750,0,0,38489820,66272350,27782530,0,0,91,false,0
18751,0,0,38489820,66277200,27787380,0,0,97,false,0
18752,0,0,38489820,66281450,27791630,0,0,85,false,0
18753,0,0,38489820,66286600,27796780,0,17,120,false,0
18754,0,0,38489820,66291450,27801630,0,0,97,false,0
18755,0,0,38489820,66296600,27806780,0,13,116,false,0
18756,0,0,38489820,66300800,27810980,0,0,84,false,0
18757,0,0,38489820,66305950,27816130,0,0,103,false,0
18758,0,0,38489820,66305950,27816130,0,96,96,true,0
18759,0,0,38489820,66311100,27821280,0,18,121,false,0
18760,0,0,38489820,66316100,27826280,0,0,100,false,0
18761,0,0,38489820,66321250,27831430,0,4,107,false,0
18762,0,0,38489820,66326200,27836380,0,0,99,false,0
18763,0,0,38489820,66329900,27840080,0,0,74,false,0
18764,0,0,38489820,66335050,27845230,0,1,104,false,0
18765,0,0,38489820,66340200,27850380,0,7,110,false,0
18766,0,0,38489820,66340200,27850380,0,114,114,true,0
18767,0,0,38489820,66345350,27855530,0,2,105,false,0
18768,0,0,38489820,66350300,27860480,0,0,99,false,0
18769,0,0,38489820,66355450,27865630,0,0,103,false,0
18770,0,0,38489820,66360000,27870180,0,0,91,false,0
18771,0,0,38489820,66364450,27874630,0,0,89,false,0
18772,0,0,38596440,66369050,27772610,0,0,92,false,0
18773,0,0,38596440,66374200,27777760,0,15,118,false,0
18774,0,0,38596440,66378700,27782260,0,0,90,false,0
18775,0,0,38596440,66383500,27787060,0,0,96,false,0
18776,0,0,38596440,66388000,27791560,0,0,90,false,0
18777,0,0,38596440,66393150,27796710,0,1,104,false,0
18778,0,0,38596440,66393150,27796710,0,105,105,true,0
18779,0,0,38596440,66393150,27796710,0,98,98,true,0
18780,0,0,38596440,66397850,27801410,0,0,94,false,0
18781,0,0,38596440,66403000,27806560,0,1,104,false,0
18782,0,0,38596440,66407650,27811210,0,0,93,false,0
18783,0,0,38596440,66411750,27815310,0,0,82,false,0
18784,0,0,38596440,66416900,27820460,0,6,109,false,0
18785,0,0,38596440,66421850,27825410,0,0,99,false,0
18786,0,0,38596440,66426950,27830510,0,0,102,false,0
18787,0,0,38596440,66431050,27834610,0,0,82,false,0
18788,0,0,38596440,66436050,27839610,0,0,100,false,0
18789,0,0,38596440,66440950,27844510,0,0,98,false,0
18790,0,0,38596440,66440950,27844510,0,101,101,true,0
18791,0,0,38596440,66446100,27849660,0,5,108,false,0
18792,0,0,38596440,66450550,27854110,0,0,89,false,0
18793,0,0,38596440,66455150,27858710,0,0,92,false,0
18794,0,0,38596440,66460300,27863860,0,4,107,false,0
18795,0,0,38596440,66465450,27869010,0,3,106,false,0
18796,0,0,38596440,66469950,27873510,0,0,90,false,0
18797,0,0,38596440,66474900,27878460,0,0,99,false,0
18798,0,0,38596440,66479500,27883060,0,0,92,false,0
18799,0,0,38596440,66484100,27887660,0,0,92,false,0
18800,0,0,38596440,66489200,27892760,0,0,102,false,0
18801,0,0,38596440,66494350,27897910,0,2,105,false,0
18802,0,0,38596440,66499500,27903060,0,4,107,false,0
18803,0,0,38596440,66504650,27908210,0,1,104,false,0
18804,0,0,38596440,66509450,27913010,0,0,96,false,0
18805,0,0,38596440,66513850,27917410,0,0,88,false,0
18806,0,0,38596440,66519000,27922560,0,5,108,false,0
18807,0,0,38596440,66524150,27927710,0,12,115,false,0
18808,0,0,38596440,66524150,27927710,0,100,100,true,0
18809,0,0,38596440,66529200,27932760,0,0,101,false,0
18810,0,0,38596440,66534350,27937910,0,10,113,false,0
18811,0,0,38596440,66539000,27942560,0,0,93,false,0
18812,0,0,38596440,66543650,27947210,0,0,93,false,0
18813,0,0,38596440,66548800,27952360,0,4,107,false,0
18814,0,0,38596440,66553750,27957310,0,0,99,false,0
18815,0,0,38596440,66553750,27957310,0,101,101,true,0
18816,0,0,38596440,66553750,27957310,0,97,97,true,0
18817,0,0,38596440,66558900,27962460,0,8,111,false,0
18818,0,0,38596440,66563050,27966610,0,0,83,false,0
18819,0,0,38596440,66563050,27966610,0,78,78,true,0
18820,0,0,38596440,66563050,27966610,0,95,95,true,0
18821,0,0,38596440,66568150,27971710,0,0,102,false,0
18822,0,0,38596440,66572800,27976360,0,0,93,false,0
18823,0,0,38596440,66576850,27980410,0,0,81,false,0
18824,0,0,38703060,66582000,27878940,0,7,110,false,0
18825,0,0,38703060,66587150,27884090,0,0,103,false,0
18826,0,0,38703060,66587150,27884090,0,92,92,true,0
18827,0,0,38703060,66587150,27884090,0,109,109,true,0
18828,0,0,38703060,66592300,27889240,0,2,105,false,0
18829,0,0,38703060,66597450,27894390,0,9,112,false,0
18830,0,0,38703060,66601950,27898890,0,0,90,false,0
18831,0,0,38703060,66606200,27903140,0,0,85,false,0
18832,0,0,38703060,66606200,27903140,0,87,87,true,0
18833,0,0,38703060,66606200,27903140,0,90,90,true,0
18834,0,0,38703060,66610750,27907690,0,0,91,false,0
18835,0,0,38703060,66615900,27912840,0,5,108,false,0
18836,0,0,38703060,66620600,27917540,0,0,94,false,0
18837,0,0,38703060,66625650,27922590,0,0,101,false,0
18838,0,0,38703060,66629950,27926890,0,0,86,false,0
18839,0,0,38703060,66634850,27931790,0,0,98,false,0
18840,0,0,38703060,66634850,27931790,0,93,93,true,0
18841,0,0,38703060,66634850,27931790,0,94,94,true,0
18842,0,0,38703060,66639500,27936440,0,0,93,false,0
18843,0,0,38703060,66644650,27941590,0,11,114,false,0
18844,0,0,38703060,66649800,27946740,0,8,111,false,0
18845,0,0,38703060,66649800,27946740,0,88,88,true,0
18846,0,0,38703060,66649800,27946740,0,94,94,true,0
18847,0,0,38703060,66654550,27951490,0,0,95,false,0
18848,0,0,38703060,66658900,27955840,0,0,87,false,0
18849,0,0,38703060,66664050,27960990,0,8,111,false,0
18850,0,0,38703060,66669200,27966140,0,3,106,false,0
18851,0,0,38703060,66673150,27970090,0,0,79,false,0
18852,0,0,38703060,66678300,27975240,0,6,109,false,0
18853,0,0,38703060,66683400,27980340,0,0,102,false,0
18854,0,0,38703060,66688000,27984940,0,0,92,false,0
18855,0,0,38703060,66693150,27990090,0,0,103,false,0
18856,0,0,38703060,66697950,27994890,0,0,96,false,0
18857,0,0,38703060,66703100,28000040,0,8,111,false,0
18858,0,0,38703060,66703100,28000040,0,100,100,true,0
18859,0,0,38703060,66708250,28005190,0,10,113,false,0
18860,0,0,38703060,66713050,28009990,0,0,96,false,0
18861,0,0,38703060,66717500,28014440,0,0,89,false,0
18862,0,0,38703060,66717500,28014440,0,103,103,true,0
18863,0,0,38703060,66717500,28014440,0,93,93,true,0
18864,0,0,38703060,66717500,28014440,0,105,105,true,0
18865,0,0,38703060,66722350,28019290,0,0,97,false,0
18866,0,0,38703060,66727100,28024040,0,0,95,false,0
18867,0,0,38703060,66732200,28029140,0,0,102,false,0
18868,0,0,38703060,66736650,28033590,0,0,89,false,0
18869,0,0,38703060,66740850,28037790,0,0,84,false,0
18870,0,0,38703060,66745700,28042640,0,0,97,false,0
18871,0,0,38703060,66750850,28047790,0,12,115,false,0
18872,0,0,38703060,66756000,28052940,0,9,112,false,0
18873,0,0,38703060,66756000,28052940,0,118,118,true,0
18874,0,0,38703060,66756000,28052940,0,80,80,true,0
18875,0,0,38703060,66756000,28052940,0,95,95,true,0
18876,0,0,38809680,66760300,27950620,0,0,86,false,0
18877,0,0,38809680,66764900,27955220,0,0,92,false,0
18878,0,0,38809680,66770050,27960370,0,0,103,false,0
18879,0,0,38809680,66775200,27965520,0,8,111,false,0
18880,0,0,38809680,66780350,27970670,0,9,112,false,0
18881,0,0,38809680,66785200,27975520,0,0,97,false,0
18882,0,0,38809680,66789750,27980070,0,0,91,false,0
18883,0,0,38809680,66794900,27985220,0,1,104,false,0
18884,0,0,38809680,66800000,27990320,0,0,102,false,0
18885,0,0,38809680,66805050,27995370,0,0,101,false,0
18886,0,0,38809680,66810000,28000320,0,0,99,false,0
18887,0,0,38809680,66815050,28005370,0,0,101,false,0
18888,0,0,38809680,66819950,28010270,0,0,98,false,0
18889,0,0,38809680,66824550,28014870,0,0,92,false,0
18890,0,0,38809680,66829000,28019320,0,0,89,false,0
18891,0,0,38809680,66829000,28019320,0,111,111,true,0
18892,0,0,38809680,66834150,28024470,0,13,116,false,0
18893,0,0,38809680,66839300,28029620,0,5,108,false,0
18894,0,0,38809680,66844450,28034770,0,11,114,false,0
18895,0,0,38809680,66844450,28034770,0,90,90,true,0
18896,0,0,38809680,66844450,28034770,0,113,113,true,0
18897,0,0,38809680,66844450,28034770,0,99,99,true,0
18898,0,0,38809680,66849600,28039920,0,9,112,false,0
18899,0,0,38809680,66854250,28044570,0,0,93,false,0
18900,0,0,38809680,66859400,28049720,0,9,112,false,0
18901,0,0,38809680,66864250,28054570,0,0,97,false,0
18902,0,0,38809680,66864250,28054570,0,106,106,true,0
18903,0,0,38809680,66869150,28059470,0,0,98,false,0
18904,0,0,38809680,66874000,28064320,0,0,97,false,0
18905,0,0,38809680,66874000,28064320,0,103,103,true,0
18906,0,0,38809680,66879150,28069470,0,2,105,false,0
18907,0,0,38809680,66883900,28074220,0,0,95,false,0
18908,0,0,38809680,66889050,28079370,0,7,110,false,0
18909,0,0,38809680,66889050,28079370,0,110,110,true,0
18910,0,0,38809680,66889050,28079370,0,98,98,true,0
18911,0,0,38809680,66889050,28079370,0,92,92,true,0
18912,0,0,38809680,66893300,28083620,0,0,85,false,0
18913,0,0,38809680,66898350,28088670,0,0,101,false,0
18914,0,0,38809680,66903500,28093820,0,1,104,false,0
18915,0,0,38809680,66908450,28098770,0,0,99,false,0
18916,0,0,38809680,66913500,28103820,0,0,101,false,0
18917,0,0,38809680,66918350,28108670,0,0,97,false,0
18918,0,0,38809680,66923500,28113820,0,10,113,false,0
18919,0,0,38809680,66928650,28118970,0,0,103,false,0
18920,0,0,38809680,66933800,28124120,0,2,105,false,0
18921,0,0,38809680,66938500,28128820,0,0,94,false,0
18922,0,0,38809680,66943250,28133570,0,0,95,false,0
18923,0,0,38809680,66943250,28133570,0,111,111,true,0
18924,0,0,38809680,66943250,28133570,0,107,107,true,0
18925,0,0,38809680,66943250,28133570,0,110,110,true,0
18926,0,0,38809680,66943250,28133570,0,102,102,true,0
18927,0,0,38809680,66943250,28133570,0,93,93,true,0
18928,0,0,38916300,66948050,28031750,0,0,96,false,0
18929,0,0,38916300,66953200,28036900,0,6,109,false,0
18930,0,0,38916300,66958350,28042050,0,7,110,false,0
18931,0,0,38916300,66963350,28047050,0,0,100,false,0
18932,0,0,38916300,66968500,28052200,0,8,111,false,0
18933,0,0,38916300,66973650,28057350,0,5,108,false,0
18934,0,0,38916300,66978800,28062500,0,11,114,false,0
18935,0,0,38916300,66983600,28067300,0,0,96,false,0
18936,0,0,38916300,66988650,28072350,0,0,101,false,0
18937,0,0,38916300,66993800,28077500,0,3,106,false,0
18938,0,0,38916300,66993800,28077500,0,101,101,true,0
18939,0,0,38916300,66993800,28077500,0,95,95,true,0
18940,0,0,38916300,66998500,28082200,0,0,94,false,0
18941,0,0,38916300,67002650,28086350,0,0,83,false,0
18942,0,0,38916300,67007000,28090700,0,0,87,false,0
18943,0,0,38916300,67011550,28095250,0,0,91,false,0
18944,0,0,38916300,67011550,28095250,0,90,90,true,0
18945,0,0,38916300,67011550,28095250,0,97,97,true,0
18946,0,0,38916300,67011550,28095250,0,101,101,true,0
18947,0,0,38916300,67015850,28099550,0,0,86,false,0
18948,0,0,38916300,67020600,28104300,0,0,95,false,0
18949,0,0,38916300,67020600,28104300,0,101,101,true,0
18950,0,0,38916300,67020600,28104300,0,123,123,true,0
18951,0,0,38916300,67025750,28109450,0,11,114,false,0
18952,0,0,38916300,67030900,28114600,0,3,106,false,0
18953,0,0,38916300,67035450,28119150,0,0,91,false,0
18954,0,0,38916300,67035450,28119150,0,83,83,true,0
18955,0,0,38916300,67035450,28119150,0,109,109,true,0
18956,0,0,38916300,67035450,28119150,0,119,119,true,0
18957,0,0,38916300,67039800,28123500,0,0,87,false,0
18958,0,0,38916300,67044850,28128550,0,0,101,false,0
18959,0,0,38916300,67050000,28133700,0,1,104,false,0
18960,0,0,38916300,67055150,28138850,0,17,120,false,0
18961,0,0,38916300,67059750,28143450,0,0,92,false,0
18962,0,0,38916300,67064900,28148600,0,0,103,false,0
18963,0,0,38916300,67069450,28153150,0,0,91,false,0
18964,0,0,38916300,67073950,28157650,0,0,90,false,0
18965,0,0,38916300,67078350,28162050,0,0,88,false,0
18966,0,0,38916300,67082750,28166450,0,0,88,false,0
18967,0,0,38916300,67087900,28171600,0,11,114,false,0
18968,0,0,38916300,67093050,28176750,0,11,114,false,0
18969,0,0,38916300,67098200,28181900,0,3,106,false,0
18970,0,0,38916300,67103350,28187050,0,0,103,false,0
18971,0,0,38916300,67108500,28192200,0,2,105,false,0
18972,0,0,38916300,67113100,28196800,0,0,92,false,0
18973,0,0,38916300,67118250,28201950,0,1,104,false,0
18974,0,0,38916300,67123400,28207100,0,4,107,false,0
18975,0,0,38916300,67123400,28207100,0,100,100,true,0
18976,0,0,38916300,67123400,28207100,0,93,93,true,0
18977,0,0,38916300,67128550,28212250,0,3,106,false,0
18978,0,0,38916300,67133100,28216800,0,0,91,false,0
18979,0,0,38916300,67138250,28221950,0,0,103,false,0
18980,0,0,39022920,67142000,28119080,0,0,75,false,0
18981,0,0,39022920,67147150,28124230,0,18,121,false,0
18982,0,0,39022920,67151650,28128730,0,0,90,false,0
18983,0,0,39022920,67156300,28133380,0,0,93,false,0
18984,0,0,39022920,67156300,28133380,0,99,99,true,0
18985,0,0,39022920,67160550,28137630,0,0,85,false,0
18986,0,0,39022920,67165700,28142780,0,6,109,false,0
18987,0,0,39022920,67170450,28147530,0,0,95,false,0
18988,0,0,39022920,67175600,28152680,0,4,107,false,0
18989,0,0,39022920,67175600,28152680,0,114,114,true,0
18990,0,0,39022920,67175600,28152680,0,100,100,true,0
18991,0,0,39022920,67180500,28157580,0,0,98,false,0
18992,0,0,39022920,67184550,28161630,0,0,81,false,0
18993,0,0,39022920,67189650,28166730,0,0,102,false,0
18994,0,0,39022920,67194250,28171330,0,0,92,false,0
18995,0,0,39022920,67194250,28171330,0,101,101,true,0
18996,0,0,39022920,67194250,28171330,0,86,86,true,0
18997,0,0,39022920,67194250,28171330,0,97,97,true,0
18998,0,0,39022920,67199000,28176080,0,0,95,false,0
18999,0,0,39022920,67203750,28180830,0,0,95,false,0
19000,0,0,39022920,67208900,28185980,0,7,110,false,0
19001,0,0,39022920,67213950,28191030,0,0,101,false,0
19002,0,0,39022920,67218850,28195930,0,0,98,false,0
19003,0,0,39022920,67224000,28201080,0,17,120,false,0
19004,0,0,39022920,67228700,28205780,0,0,94,false,0
19005,0,0,39022920,67233850,28210930,0,3,106,false,0
19006,0,0,39022920,67238550,28215630,0,0,94,false,0
19007,0,0,39022920,67243000,28220080,0,0,89,false,0
19008,0,0,39022920,67248050,28225130,0,0,101,false,0
19009,0,0,39022920,67253200,28230280,0,23,126,false,0
19010,0,0,39022920,67258350,28235430,0,2,105,false,0
19011,0,0,39022920,67258350,28235430,0,91,91,true,0
19012,0,0,39022920,67258350,28235430,0,112,112,true,0
19013,0,0,39022920,67258350,28235430,0,99,99,true,0
19014,0,0,39022920,67263100,28240180,0,0,95,false,0
19015,0,0,39022920,67268250,28245330,0,5,108,false,0
19016,0,0,39022920,67273400,28250480,0,1,104,false,0
19017,0,0,39022920,67277850,28254930,0,0,89,false,0
19018,0,0,39022920,67283000,28260080,0,3,106,false,0
19019,0,0,39022920,67287500,28264580,0,0,90,false,0
19020,0,0,39022920,67292350,28269430,0,0,97,false,0
19021,0,0,39022920,67292350,28269430,0,103,103,true,0
19022,0,0,39022920,67292350,28269430,0,132,132,true,0
19023,0,0,39022920,67292350,28269430,0,86,86,true,0
19024,0,0,39022920,67292350,28269430,0,111,111,true,0
19025,0,0,39022920,67297200,28274280,0,0,97,false,0
19026,0,0,39022920,67301550,28278630,0,0,87,false,0
19027,0,0,39022920,67306600,28283680,0,0,101,false,0
19028,0,0,39022920,67311550,28288630,0,0,99,false,0
19029,0,0,39022920,67316600,28293680,0,0,101,false,0
19030,0,0,39022920,67321500,28298580,0,0,98,false,0
19031,0,0,39022920,67321500,28298580,0,114,114,true,0
19032,0,0,39129540,67321500,28191960,0,112,112,true,0
19033,0,0,39129540,67321500,28191960,0,108,108,true,0
19034,0,0,39129540,67321500,28191960,0,110,110,true,0
19035,0,0,39129540,67321500,28191960,0,83,83,true,0
19036,0,0,39129540,67321500,28191960,0,98,98,true,0
19037,0,0,39129540,67326600,28197060,0,0,102,false,0
19038,0,0,39129540,67331450,28201910,0,0,97,false,0
19039,0,0,39129540,67336600,28207060,0,8,111,false,0
19040,0,0,39129540,67341100,28211560,0,0,90,false,0
19041,0,0,39129540,67346250,28216710,0,1,104,false,0
19042,0,0,39129540,67351400,28221860,0,10,113,false,0
19043,0,0,39129540,67355850,28226310,0,0,89,false,0
19044,0,0,39129540,67360850,28231310,0,0,100,false,0
19045,0,0,39129540,67366000,28236460,0,15,118,false,0
19046,0,0,39129540,67371150,28241610,0,3,106,false,0
19047,0,0,39129540,67376300,28246760,0,18,121,false,0
19048,0,0,39129540,67381450,28251910,0,5,108,false,0
19049,0,0,39129540,67381450,28251910,0,102,102,true,0
19050,0,0,39129540,67385550,28256010,0,0,82,false,0
19051,0,0,39129540,67390700,28261160,0,3,106,false,0
19052,0,0,39129540,67395700,28266160,0,0,100,false,0
19053,0,0,39129540,67400850,28271310,0,3,106,false,0
19054,0,0,39129540,67406000,28276460,0,2,105,false,0
19055,0,0,39129540,67411150,28281610,0,8,111,false,0
19056,0,0,39129540,67416050,28286510,0,0,98,false,0
19057,0,0,39129540,67421200,28291660,0,0,103,false,0
19058,0,0,39129540,67425900,28296360,0,0,94,false,0
19059,0,0,39129540,67430950,28301410,0,0,101,false,0
19060,0,0,39129540,67435850,28306310,0,0,98,false,0
19061,0,0,39129540,67441000,28311460,0,4,107,false,0
19062,0,0,39129540,67446150,28316610,0,0,103,false,0
19063,0,0,39129540,67451300,28321760,0,0,103,false,0
19064,0,0,39129540,67451300,28321760,0,114,114,true,0
19065,0,0,39129540,67455300,28325760,0,0,80,false,0
19066,0,0,39129540,67460450,28330910,0,0,103,false,0
19067,0,0,39129540,67465400,28335860,0,0,99,false,0
19068,0,0,39129540,67470550,28341010,0,5,108,false,0
19069,0,0,39129540,67470550,28341010,0,77,77,true,0
19070,0,0,39129540,67475250,28345710,0,0,94,false,0
19071,0,0,39129540,67479900,28350360,0,0,93,false,0
19072,0,0,39129540,67484850,28355310,0,0,99,false,0
19073,0,0,39129540,67489750,28360210,0,0,98,false,0
19074,0,0,39129540,67494850,28365310,0,0,102,false,0
19075,0,0,39129540,67500000,28370460,0,9,112,false,0
19076,0,0,39129540,67504750,28375210,0,0,95,false,0
19077,0,0,39129540,67504750,28375210,0,100,100,true,0
19078,0,0,39129540,67504750,28375210,0,105,105,true,0
19079,0,0,39129540,67509450,28379910,0,0,94,false,0
19080,0,0,39129540,67514600,28385060,0,9,112,false,0
19081,0,0,39129540,67519050,28389510,0,0,89,false,0
19082,0,0,39129540,67523050,28393510,0,0,80,false,0
19083,0,0,39129540,67523050,28393510,0,109,109,true,0
19084,0,0,39236160,67527950,28291790,0,0,98,false,0
19085,0,0,39236160,67533100,28296940,0,22,125,false,0
19086,0,0,39236160,67537600,28301440,0,0,90,false,0
19087,0,0,39236160,67542750,28306590,0,1,104,false,0
19088,0,0,39236160,67542750,28306590,0,111,111,true,0
19089,0,0,39236160,67542750,28306590,0,82,82,true,0
19090,0,0,39236160,67542750,28306590,0,93,93,true,0
19091,0,0,39236160,67547850,28311690,0,0,102,false,0
19092,0,0,39236160,67552150,28315990,0,0,86,false,0
19093,0,0,39236160,67556800,28320640,0,0,93,false,0
19094,0,0,39236160,67561950,28325790,0,13,116,false,0
19095,0,0,39236160,67566850,28330690,0,0,98,false,0
19096,0,0,39236160,67572000,28335840,0,4,107,false,0
19097,0,0,39236160,67577150,28340990,0,7,110,false,0
19098,0,0,39236160,67582300,28346140,0,7,110,false,0
19099,0,0,39236160,67587200,28351040,0,0,98,false,0
19100,0,0,39236160,67591650,28355490,0,0,89,false,0
19101,0,0,39236160,67596350,28360190,0,0,94,false,0
19102,0,0,39236160,67600750,28364590,0,0,88,false,0
19103,0,0,39236160,67605400,28369240,0,0,93,false,0
19104,0,0,39236160,67610400,28374240,0,0,100,false,0
19105,0,0,39236160,67615250,28379090,0,0,97,false,0
19106,0,0,39236160,67620400,28384240,0,2,105,false,0
19107,0,0,39236160,67625550,28389390,0,12,115,false,0
19108,0,0,39236160,67625550,28389390,0,101,101,true,0
19109,0,0,39236160,67625550,28389390,0,97,97,true,0
19110,0,0,39236160,67625550,28389390,0,95,95,true,0
19111,0,0,39236160,67625550,28389390,0,108,108,true,0
19112,0,0,39236160,67629500,28393340,0,0,79,false,0
19113,0,0,39236160,67634650,28398490,0,8,111,false,0
19114,0,0,39236160,67639400,28403240,0,0,95,false,0
19115,0,0,39236160,67639400,28403240,0,100,100,true,0
19116,0,0,39236160,67644150,28407990,0,0,95,false,0
19117,0,0,39236160,67649300,28413140,0,7,110,false,0
19118,0,0,39236160,67654450,28418290,0,10,113,false,0
19119,0,0,39236160,67659600,28423440,0,12,115,false,0
19120,0,0,39236160,67664350,28428190,0,0,95,false,0
19121,0,0,39236160,67669500,28433340,0,1,104,false,0
19122,0,0,39236160,67674600,28438440,0,0,102,false,0
19123,0,0,39236160,67679750,28443590,0,4,107,false,0
19124,0,0,39236160,67684900,28448740,0,1,104,false,0
19125,0,0,39236160,67689550,28453390,0,0,93,false,0
19126,0,0,39236160,67694550,28458390,0,0,100,false,0
19127,0,0,39236160,67699000,28462840,0,0,89,false,0
19128,0,0,39236160,67703450,28467290,0,0,89,false,0
19129,0,0,39236160,67708600,28472440,0,7,110,false,0
19130,0,0,39236160,67713750,28477590,0,4,107,false,0
19131,0,0,39236160,67718300,28482140,0,0,91,false,0
19132,0,0,39236160,67723050,28486890,0,0,95,false,0
19133,0,0,39236160,67727550,28491390,0,0,90,false,0
19134,0,0,39236160,67732250,28496090,0,0,94,false,0
19135,0,0,39236160,67732250,28496090,0,118,118,true,0
19136,0,0,39342780,67732250,28389470,0,108,108,true,0
19137,0,0,39342780,67737100,28394320,0,0,97,false,0
19138,0,0,39342780,67742250,28399470,0,4,107,false,0
19139,0,0,39342780,67747300,28404520,0,0,101,false,0
19140,0,0,39342780,67752200,28409420,0,0,98,false,0
19141,0,0,39342780,67756900,28414120,0,0,94,false,0
19142,0,0,39342780,67761550,28418770,0,0,93,false,0
19143,0,0,39342780,67761550,28418770,0,90,90,true,0
19144,0,0,39342780,67766550,28423770,0,0,100,false,0
19145,0,0,39342780,67771500,28428720,0,0,99,false,0
19146,0,0,39342780,67776650,28433870,0,18,121,false,0
19147,0,0,39342780,67781250,28438470,0,0,92,false,0
19148,0,0,39342780,67786400,28443620,0,4,107,false,0
19149,0,0,39342780,67790700,28447920,0,0,86,false,0
19150,0,0,39342780,67795600,28452820,0,0,98,false,0
19151,0,0,39342780,67795600,28452820,0,98,98,true,0
19152,0,0,39342780,67795600,28452820,0,97,97,true,0
19153,0,0,39342780,67800300,28457520,0,0,94,false,0
19154,0,0,39342780,67805450,28462670,0,1,104,false,0
19155,0,0,39342780,67810600,28467820,0,1,104,false,0
19156,0,0,39342780,67814500,28471720,0,0,78,false,0
19157,0,0,39342780,67819650,28476870,0,0,103,false,0
19158,0,0,39342780,67823900,28481120,0,0,85,false,0
19159,0,0,39342780,67823900,28481120,0,96,96,true,0
19160,0,0,39342780,67823900,28481120,0,100,100,true,0
19161,0,0,39342780,67829050,28486270,0,7,110,false,0
19162,0,0,39342780,67834200,28491420,0,2,105,false,0
19163,0,0,39342780,67838650,28495870,0,0,89,false,0
19164,0,0,39342780,67843800,28501020,0,14,117,false,0
19165,0,0,39342780,67848300,28505520,0,0,90,false,0
19166,0,0,39342780,67853450,28510670,0,0,103,false,0
19167,0,0,39342780,67858450,28515670,0,0,100,false,0
19168,0,0,39342780,67863100,28520320,0,0,93,false,0
19169,0,0,39342780,67867650,28524870,0,0,91,false,0
19170,0,0,39342780,67871700,28528920,0,0,81,false,0
19171,0,0,39342780,67876200,28533420,0,0,90,false,0
19172,0,0,39342780,67880800,28538020,0,0,92,false,0
19173,0,0,39342780,67885650,28542870,0,0,97,false,0
19174,0,0,39342780,67889900,28547120,0,0,85,false,0
19175,0,0,39342780,67889900,28547120,0,113,113,true,0
19176,0,0,39342780,67894750,28551970,0,0,97,false,0
19177,0,0,39342780,67899900,28557120,0,5,108,false,0
19178,0,0,39342780,67899900,28557120,0,85,85,true,0
19179,0,0,39342780,67899900,28557120,0,96,96,true,0
19180,0,0,39342780,67904650,28561870,0,0,95,false,0
19181,0,0,39342780,67909700,28566920,0,0,101,false,0
19182,0,0,39342780,67909700,28566920,0,80,80,true,0
19183,0,0,39342780,67909700,28566920,0,97,97,true,0
19184,0,0,39342780,67914850,28572070,0,7,110,false,0
19185,0,0,39342780,67918900,28576120,0,0,81,false,0
19186,0,0,39342780,67923600,28580820,0,0,94,false,0
19187,0,0,39342780,67928300,28585520,0,0,94,false,0
19188,0,0,39449400,67933450,28484050,0,0,103,false,0
19189,0,0,39449400,67938400,28489000,0,0,99,false,0
19190,0,0,39449400,67942950,28493550,0,0,91,false,0
19191,0,0,39449400,67947750,28498350,0,0,96,false,0
19192,0,0,39449400,67952900,28503500,0,1,104,false,0
19193,0,0,39449400,67957400,28508000,0,0,90,false,0
19194,0,0,39449400,67962500,28513100,0,0,102,false,0
19195,0,0,39449400,67967650,28518250,0,1,104,false,0
19196,0,0,39449400,67972550,28523150,0,0,98,false,0
19197,0,0,39449400,67972550,28523150,0,104,104,true,0
19198,0,0,39449400,67972550,28523150,0,105,105,true,0
19199,0,0,39449400,67977200,28527800,0,0,93,false,0
19200,0,0,39449400,67982350,28532950,0,3,106,false,0
19201,0,0,39449400,67987150,28537750,0,0,96,false,0
19202,0,0,39449400,67991500,28542100,0,0,87,false,0
19203,0,0,39449400,67996650,28547250,0,13,116,false,0
19204,0,0,39449400,68001800,28552400,0,3,106,false,0
19205,0,0,39449400,68006850,28557450,0,0,101,false,0
19206,0,0,39449400,68006850,28557450,0,94,94,true,0
19207,0,0,39449400,68006850,28557450,0,101,101,true,0
19208,0,0,39449400,68006850,28557450,0,93,93,true,0
19209,0,0,39449400,68011250,28561850,0,0,88,false,0
19210,0,0,39449400,68016400,28567000,0,23,126,false,0
19211,0,0,39449400,68016400,28567000,0,105,105,true,0
19212,0,0,39449400,68016400,28567000,0,79,79,true,0
19213,0,0,39449400,68016400,28567000,0,91,91,true,0
19214,0,0,39449400,68016400,28567000,0,100,100,true,0
19215,0,0,39449400,68016400,28567000,0,105,105,true,0
19216,0,0,39449400,68021550,28572150,0,1,104,false,0
19217,0,0,39449400,68026500,28577100,0,0,99,false,0
19218,0,0,39449400,68031500,28582100,0,0,100,false,0
19219,0,0,39449400,68036600,28587200,0,0,102,false,0
19220,0,0,39449400,68041700,28592300,0,0,102,false,0
19221,0,0,39449400,68046850,28597450,0,8,111,false,0
19222,0,0,39449400,68052000,28602600,0,3,106,false,0
19223,0,0,39449400,68056500,28607100,0,0,90,false,0
19224,0,0,39449400,68061650,28612250,0,24,127,false,0
19225,0,0,39449400,68066300,28616900,0,0,93,false,0
19226,0,0,39449400,68071450,28622050,0,4,107,false,0
19227,0,0,39449400,68076000,28626600,0,0,91,false,0
19228,0,0,39449400,68080200,28630800,0,0,84,false,0
19229,0,0,39449400,68080200,28630800,0,111,111,true,0
19230,0,0,39449400,68080200,28630800,0,89,89,true,0
19231,0,0,39449400,68085250,28635850,0,0,101,false,0
19232,0,0,39449400,68090400,28641000,0,0,103,false,0
19233,0,0,39449400,68094450,28645050,0,0,81,false,0
19234,0,0,39449400,68099250,28649850,0,0,96,false,0
19235,0,0,39449400,68104400,28655000,0,4,107,false,0
19236,0,0,39449400,68109550,28660150,0,10,113,false,0
19237,0,0,39449400,68114700,28665300,0,7,110,false,0
19238,0,0,39449400,68119600,28670200,0,0,98,false,0
19239,0,0,39449400,68119600,28670200,0,101,101,true,0
19240,0,0,39556020,68124750,28568730,0,7,110,false,0
19241,0,0,39556020,68129900,28573880,0,9,112,false,0
19242,0,0,39556020,68134800,28578780,0,0,98,false,0
19243,0,0,39556020,68139600,28583580,0,0,96,false,0
19244,0,0,39556020,68139600,28583580,0,111,111,true,0
19245,0,0,39556020,68139600,28583580,0,95,95,true,0
19246,0,0,39556020,68144750,28588730,0,5,108,false,0
19247,0,0,39556020,68149900,28593880,0,5,108,false,0
19248,0,0,39556020,68154750,28598730,0,0,97,false,0
19249,0,0,39556020,68159200,28603180,0,0,89,false,0
19250,0,0,39556020,68164200,28608180,0,0,100,false,0
19251,0,0,39556020,68168600,28612580,0,0,88,false,0
19252,0,0,39556020,68172900,28616880,0,0,86,false,0
19253,0,0,39556020,68177750,28621730,0,0,97,false,0
19254,0,0,39556020,68177750,28621730,0,105,105,true,0
19255,0,0,39556020,68177750,28621730,0,79,79,true,0
19256,0,0,39556020,68182450,28626430,0,0,94,false,0
19257,0,0,39556020,68187000,28630980,0,0,91,false,0
19258,0,0,39556020,68187000,28630980,0,110,110,true,0
19259,0,0,39556020,68192150,28636130,0,6,109,false,0
19260,0,0,39556020,68197300,28641280,0,11,114,false,0
19261,0,0,39556020,68202250,28646230,0,0,99,false,0
19262,0,0,39556020,68207350,28651330,0,0,102,false,0
19263,0,0,39556020,68212500,28656480,0,5,108,false,0
19264,0,0,39556020,68217650,28661630,0,2,105,false,0
19265,0,0,39556020,68222500,28666480,0,0,97,false,0
19266,0,0,39556020,68227300,28671280,0,0,96,false,0
19267,0,0,39556020,68232300,28676280,0,0,100,false,0
19268,0,0,39556020,68237350,28681330,0,0,101,false,0
19269,0,0,39556020,68242500,28686480,0,0,103,false,0
19270,0,0,39556020,68242500,28686480,0,103,103,true,0
19271,0,0,39556020,68247350,28691330,0,0,97,false,0
19272,0,0,39556020,68252500,28696480,0,3,106,false,0
19273,0,0,39556020,68257650,28701630,0,11,114,false,0
19274,0,0,39556020,68257650,28701630,0,87,87,true,0
19275,0,0,39556020,68262150,28706130,0,0,90,false,0
19276,0,0,39556020,68267100,28711080,0,0,99,false,0
19277,0,0,39556020,68272250,28716230,0,7,110,false,0
19278,0,0,39556020,68277400,28721380,0,4,107,false,0
19279,0,0,39556020,68282550,28726530,0,4,107,false,0
19280,0,0,39556020,68287100,28731080,0,0,91,false,0
19281,0,0,39556020,68291900,28735880,0,0,96,false,0
19282,0,0,39556020,68296150,28740130,0,0,85,false,0
19283,0,0,39556020,68301250,28745230,0,0,102,false,0
19284,0,0,39556020,68301250,28745230,0,106,106,true,0
19285,0,0,39556020,68306350,28750330,0,0,102,false,0
19286,0,0,39556020,68310900,28754880,0,0,91,false,0
19287,0,0,39556020,68314950,28758930,0,0,81,false,0
19288,0,0,39556020,68320100,28764080,0,11,114,false,0
19289,0,0,39556020,68325250,28769230,0,4,107,false,0
19290,0,0,39556020,68329750,28773730,0,0,90,false,0
19291,0,0,39556020,68334600,28778580,0,0,97,false,0
19292,0,0,39662640,68334600,28671960,0,98,98,true,0
19293,0,0,39662640,68334600,28671960,0,111,111,true,0
19294,0,0,39662640,68334600,28671960,0,86,86,true,0
19295,0,0,39662640,68334600,28671960,0,106,106,true,0
19296,0,0,39662640,68334600,28671960,0,98,98,true,0
19297,0,0,39662640,68339300,28676660,0,0,94,false,0
19298,0,0,39662640,68344150,28681510,0,0,97,false,0
19299,0,0,39662640,68344150,28681510,0,84,84,true,0
19300,0,0,39662640,68344150,28681510,0,94,94,true,0
19301,0,0,39662640,68344150,28681510,0,99,99,true,0
19302,0,0,39662640,68348900,28686260,0,0,95,false,0
19303,0,0,39662640,68353500,28690860,0,0,92,false,0
19304,0,0,39662640,68358650,28696010,0,10,113,false,0
19305,0,0,39662640,68363800,28701160,0,6,109,false,0
19306,0,0,39662640,68368950,28706310,0,6,109,false,0
19307,0,0,39662640,68372300,28709660,0,0,67,false,0
19308,0,0,39662640,68377350,28714710,0,0,101,false,0
19309,0,0,39662640,68377350,28714710,0,101,101,true,0
19310,0,0,39662640,68377350,28714710,0,96,96,true,0
19311,0,0,39662640,68382500,28719860,0,15,118,false,0
19312,0,0,39662640,68387050,28724410,0,0,91,false,0
19313,0,0,39662640,68392200,28729560,0,1,104,false,0
19314,0,0,39662640,68397350,28734710,0,3,106,false,0
19315,0,0,39662640,68402100,28739460,0,0,95,false,0
19316,0,0,39662640,68407050,28744410,0,0,99,false,0
19317,0,0,39662640,68412200,28749560,0,10,113,false,0
19318,0,0,39662640,68417350,28754710,0,0,103,false,0
19319,0,0,39662640,68421850,28759210,0,0,90,false,0
19320,0,0,39662640,68427000,28764360,0,6,109,false,0
19321,0,0,39662640,68427000,28764360,0,86,86,true,0
19322,0,0,39662640,68431500,28768860,0,0,90,false,0
19323,0,0,39662640,68436650,28774010,0,6,109,false,0
19324,0,0,39662640,68441750,28779110,0,0,102,false,0
19325,0,0,39662640,68446700,28784060,0,0,99,false,0
19326,0,0,39662640,68451500,28788860,0,0,96,false,0
19327,0,0,39662640,68456650,28794010,0,6,109,false,0
19328,0,0,39662640,68461650,28799010,0,0,100,false,0
19329,0,0,39662640,68461650,28799010,0,108,108,true,0
19330,0,0,39662640,68465250,28802610,0,0,72,false,0
19331,0,0,39662640,68470350,28807710,0,0,102,false,0
19332,0,0,39662640,68475350,28812710,0,0,100,false,0
19333,0,0,39662640,68480500,28817860,0,4,107,false,0
19334,0,0,39662640,68485100,28822460,0,0,92,false,0
19335,0,0,39662640,68489800,28827160,0,0,94,false,0
19336,0,0,39662640,68494600,28831960,0,0,96,false,0
19337,0,0,39662640,68498600,28835960,0,0,80,false,0
19338,0,0,39662640,68503550,28840910,0,0,99,false,0
19339,0,0,39662640,68508700,28846060,0,2,105,false,0
19340,0,0,39662640,68513850,28851210,0,10,113,false,0
19341,0,0,39662640,68518250,28855610,0,0,88,false,0
19342,0,0,39662640,68518250,28855610,0,88,88,true,0
19343,0,0,39662640,68523300,28860660,0,0,101,false,0
19344,0,0,39769260,68528200,28758940,0,0,98,false,0
19345,0,0,39769260,68532700,28763440,0,0,90,false,0
19346,0,0,39769260,68537500,28768240,0,0,96,false,0
19347,0,0,39769260,68541850,28772590,0,0,87,false,0
19348,0,0,39769260,68547000,28777740,0,1,104,false,0
19349,0,0,39769260,68552100,28782840,0,0,102,false,0
19350,0,0,39769260,68557250,28787990,0,5,108,false,0
19351,0,0,39769260,68562300,28793040,0,0,101,false,0
19352,0,0,39769260,68567300,28798040,0,0,100,false,0
19353,0,0,39769260,68572300,28803040,0,0,100,false,0
19354,0,0,39769260,68572300,28803040,0,98,98,true,0
19355,0,0,39769260,68577450,28808190,0,10,113,false,0
19356,0,0,39769260,68582600,28813340,0,8,111,false,0
19357,0,0,39769260,68585700,28816440,0,0,62,false,0
19358,0,0,39769260,68590500,28821240,0,0,96,false,0
19359,0,0,39769260,68595650,28826390,0,1,104,false,0
19360,0,0,39769260,68600500,28831240,0,0,97,false,0
19361,0,0,39769260,68604350,28835090,0,0,77,false,0
19362,0,0,39769260,68609400,28840140,0,0,101,false,0
19363,0,0,39769260,68613700,28844440,0,0,86,false,0
19364,0,0,39769260,68618850,28849590,0,9,112,false,0
19365,0,0,39769260,68623750,28854490,0,0,98,false,0
19366,0,0,39769260,68628300,28859040,0,0,91,false,0
19367,0,0,39769260,68633450,28864190,0,2,105,false,0
19368,0,0,39769260,68638600,28869340,0,3,106,false,0
19369,0,0,39769260,68642550,28873290,0,0,79,false,0
19370,0,0,39769260,68647700,28878440,0,12,115,false,0
19371,0,0,39769260,68647700,28878440,0,94,94,true,0
19372,0,0,39769260,68647700,28878440,0,106,106,true,0
19373,0,0,39769260,68647700,28878440,0,103,103,true,0
19374,0,0,39769260,68652850,28883590,0,10,113,false,0
19375,0,0,39769260,68657950,28888690,0,0,102,false,0
19376,0,0,39769260,68657950,28888690,0,88,88,true,0
19377,0,0,39769260,68663100,28893840,0,1,104,false,0
19378,0,0,39769260,68667750,28898490,0,0,93,false,0
19379,0,0,39769260,68672900,28903640,0,9,112,false,0
19380,0,0,39769260,68677400,28908140,0,0,90,false,0
19381,0,0,39769260,68681400,28912140,0,0,80,false,0
19382,0,0,39769260,68686550,28917290,0,3,106,false,0
19383,0,0,39769260,68686550,28917290,0,91,91,true,0
19384,0,0,39769260,68686550,28917290,0,100,100,true,0
19385,0,0,39769260,68686550,28917290,0,106,106,true,0
19386,0,0,39769260,68691700,28922440,0,9,112,false,0
19387,0,0,39769260,68696400,28927140,0,0,94,false,0
19388,0,0,39769260,68701300,28932040,0,0,98,false,0
19389,0,0,39769260,68701300,28932040,0,100,100,true,0
19390,0,0,39769260,68701300,28932040,0,94,94,true,0
19391,0,0,39769260,68701300,28932040,0,105,105,true,0
19392,0,0,39769260,68706200,28936940,0,0,98,false,0
19393,0,0,39769260,68711300,28942040,0,0,102,false,0
19394,0,0,39769260,68716450,28947190,0,13,116,false,0
19395,0,0,39769260,68721600,28952340,0,8,111,false,0
19396,0,0,39875880,68721600,28845720,0,102,102,true,0
19397,0,0,39875880,68721600,28845720,0,106,106,true,0
19398,0,0,39875880,68721600,28845720,0,107,107,true,0
19399,0,0,39875880,68721600,28845720,0,98,98,true,0
19400,0,0,39875880,68721600,28845720,0,114,114,true,0
19401,0,0,39875880,68721600,28845720,0,103,103,true,0
19402,0,0,39875880,68721600,28845720,0,111,111,true,0
19403,0,0,39875880,68721600,28845720,0,90,90,true,0
19404,0,0,39875880,68721600,28845720,0,101,101,true,0
19405,0,0,39875880,68726150,28850270,0,0,91,false,0
19406,0,0,39875880,68731300,28855420,0,7,110,false,0
19407,0,0,39875880,68735700,28859820,0,0,88,false,0
19408,0,0,39875880,68740850,28864970,0,5,108,false,0
19409,0,0,39875880,68745500,28869620,0,0,93,false,0
19410,0,0,39875880,68750250,28874370,0,0,95,false,0
19411,0,0,39875880,68750250,28874370,0,110,110,true,0
19412,0,0,39875880,68750250,28874370,0,102,102,true,0
19413,0,0,39875880,68750250,28874370,0,98,98,true,0
19414,0,0,39875880,68755400,28879520,0,1,104,false,0
19415,0,0,39875880,68760200,28884320,0,0,96,false,0
19416,0,0,39875880,68765350,28889470,0,1,104,false,0
19417,0,0,39875880,68770050,28894170,0,0,94,false,0
19418,0,0,39875880,68770050,28894170,0,84,84,true,0
19419,0,0,39875880,68774900,28899020,0,0,97,false,0
19420,0,0,39875880,68779850,28903970,0,0,99,false,0
19421,0,0,39875880,68785000,28909120,0,2,105,false,0
19422,0,0,39875880,68790150,28914270,0,4,107,false,0
19423,0,0,39875880,68794800,28918920,0,0,93,false,0
19424,0,0,39875880,68799950,28924070,0,3,106,false,0
19425,0,0,39875880,68799950,28924070,0,88,88,true,0
19426,0,0,39875880,68799950,28924070,0,98,98,true,0
19427,0,0,39875880,68799950,28924070,0,105,105,true,0
19428,0,0,39875880,68799950,28924070,0,101,101,true,0
19429,0,0,39875880,68799950,28924070,0,102,102,true,0
19430,0,0,39875880,68799950,28924070,0,105,105,true,0
19431,0,0,39875880,68804550,28928670,0,0,92,false,0
19432,0,0,39875880,68809700,28933820,0,0,103,false,0
19433,0,0,39875880,68814100,28938220,0,0,88,false,0
19434,0,0,39875880,68818050,28942170,0,0,79,false,0
19435,0,0,39875880,68823200,28947320,0,0,103,false,0
19436,0,0,39875880,68828300,28952420,0,0,102,false,0
19437,0,0,39875880,68833050,28957170,0,0,95,false,0
19438,0,0,39875880,68838200,28962320,0,16,119,false,0
19439,0,0,39875880,68842250,28966370,0,0,81,false,0
19440,0,0,39875880,68847150,28971270,0,0,98,false,0
19441,0,0,39875880,68852000,28976120,0,0,97,false,0
19442,0,0,39875880,68857150,28981270,0,5,108,false,0
19443,0,0,39875880,68862300,28986420,0,9,112,false,0
19444,0,0,39875880,68862300,28986420,0,86,86,true,0
19445,0,0,39875880,68862300,28986420,0,90,90,true,0
19446,0,0,39875880,68862300,28986420,0,103,103,true,0
19447,0,0,39875880,68867250,28991370,0,0,99,false,0
19448,0,0,39982500,68871900,28889400,0,0,93,false,0
19449,0,0,39982500,68876150,28893650,0,0,85,false,0
19450,0,0,39982500,68881300,28898800,0,7,110,false,0
19451,0,0,39982500,68885650,28903150,0,0,87,false,0
19452,0,0,39982500,68890800,28908300,0,4,107,false,0
19453,0,0,39982500,68890800,28908300,0,99,99,true,0
19454,0,0,39982500,68890800,28908300,0,111,111,true,0
19455,0,0,39982500,68895950,28913450,0,10,113,false,0
19456,0,0,39982500,68901100,28918600,0,1,104,false,0
19457,0,0,39982500,68901100,28918600,0,100,100,true,0
19458,0,0,39982500,68901100,28918600,0,79,79,true,0
19459,0,0,39982500,68906250,28923750,0,1,104,false,0
19460,0,0,39982500,68911400,28928900,0,8,111,false,0
19461,0,0,39982500,68916200,28933700,0,0,96,false,0
19462,0,0,39982500,68921350,28938850,0,5,108,false,0
19463,0,0,39982500,68925950,28943450,0,0,92,false,0
19464,0,0,39982500,68925950,28943450,0,112,112,true,0
19465,0,0,39982500,68925950,28943450,0,116,116,true,0
19466,0,0,39982500,68925950,28943450,0,106,106,true,0
19467,0,0,39982500,68925950,28943450,0,101,101,true,0
19468,0,0,39982500,68931100,28948600,0,0,103,false,0
19469,0,0,39982500,68936100,28953600,0,0,100,false,0
19470,0,0,39982500,68941100,28958600,0,0,100,false,0
19471,0,0,39982500,68946250,28963750,0,2,105,false,0
19472,0,0,39982500,68950900,28968400,0,0,93,false,0
19473,0,0,39982500,68950900,28968400,0,103,103,true,0
19474,0,0,39982500,68956050,28973550,0,10,113,false,0
19475,0,0,39982500,68961200,28978700,0,1,104,false,0
19476,0,0,39982500,68961200,28978700,0,88,88,true,0
19477,0,0,39982500,68961200,28978700,0,87,87,true,0
19478,0,0,39982500,68966350,28983850,0,7,110,false,0
19479,0,0,39982500,68970950,28988450,0,0,92,false,0
19480,0,0,39982500,68976100,28993600,0,4,107,false,0
19481,0,0,39982500,68980450,28997950,0,0,87,false,0
19482,0,0,39982500,68984900,29002400,0,0,89,false,0
19483,0,0,39982500,68990050,29007550,0,13,116,false,0
19484,0,0,39982500,68995200,29012700,0,5,108,false,0
19485,0,0,39982500,68999850,29017350,0,0,93,false,0
19486,0,0,39982500,69004750,29022250,0,0,98,false,0
19487,0,0,39982500,69009250,29026750,0,0,90,false,0
19488,0,0,39982500,69009250,29026750,0,80,80,true,0
19489,0,0,39982500,69009250,29026750,0,92,92,true,0
19490,0,0,39982500,69009250,29026750,0,117,117,true,0
19491,0,0,39982500,69009250,29026750,0,102,102,true,0
19492,0,0,39982500,69014350,29031850,0,0,102,false,0
19493,0,0,39982500,69019500,29037000,0,13,116,false,0
19494,0,0,39982500,69023800,29041300,0,0,86,false,0
19495,0,0,39982500,69028800,29046300,0,0,100,false,0
19496,0,0,39982500,69028800,29046300,0,101,101,true,0
19497,0,0,39982500,69028800,29046300,0,113,113,true,0
19498,0,0,39982500,69028800,29046300,0,97,97,true,0
19499,0,0,39982500,69033700,29051200,0,0,98,false,0
19500,0,0,40089120,69038850,28949730,0,12,115,false,0
19501,0,0,40089120,69043150,28954030,0,0,86,false,0
19502,0,0,40089120,69048000,28958880,0,0,97,false,0
19503,0,0,40089120,69048000,28958880,0,117,117,true,0
19504,0,0,40089120,69048000,28958880,0,92,92,true,0
19505,0,0,40089120,69048000,28958880,0,118,118,true,0
19506,0,0,40089120,69048000,28958880,0,93,93,true,0
19507,0,0,40089120,69052850,28963730,0,0,97,false,0
19508,0,0,40089120,69058000,28968880,0,1,104,false,0
19509,0,0,40089120,69062950,28973830,0,0,99,false,0
19510,0,0,40089120,69068100,28978980,0,2,105,false,0
19511,0,0,40089120,69072650,28983530,0,0,91,false,0
19512,0,0,40089120,69077800,28988680,0,12,115,false,0
19513,0,0,40089120,69077800,28988680,0,103,103,true,0
19514,0,0,40089120,69082950,28993830,0,3,106,false,0
19515,0,0,40089120,69087800,28998680,0,0,97,false,0
19516,0,0,40089120,69092900,29003780,0,0,102,false,0
19517,0,0,40089120,69098050,29008930,0,4,107,false,0
19518,0,0,40089120,69103050,29013930,0,0,100,false,0
19519,0,0,40089120,69108200,29019080,0,9,112,false,0
19520,0,0,40089120,69112450,29023330,0,0,85,false,0
19521,0,0,40089120,69117250,29028130,0,0,96,false,0
19522,0,0,40089120,69122050,29032930,0,0,96,false,0
19523,0,0,40089120,69122050,29032930,0,105,105,true,0
19524,0,0,40089120,69127200,29038080,0,3,106,false,0
19525,0,0,40089120,69132150,29043030,0,0,99,false,0
19526,0,0,40089120,69137300,29048180,0,12,115,false,0
19527,0,0,40089120,69137300,29048180,0,103,103,true,0
19528,0,0,40089120,69137300,29048180,0,93,93,true,0
19529,0,0,40089120,69142450,29053330,0,0,103,false,0
19530,0,0,40089120,69147250,29058130,0,0,96,false,0
19531,0,0,40089120,69152400,29063280,0,20,123,false,0
19532,0,0,40089120,69157400,29068280,0,0,100,false,0
19533,0,0,40089120,69161900,29072780,0,0,90,false,0
19534,0,0,40089120,69161900,29072780,0,98,98,true,0
19535,0,0,40089120,69161900,29072780,0,95,95,true,0
19536,0,0,40089120,69161900,29072780,0,99,99,true,0
19537,0,0,40089120,69161900,29072780,0,123,123,true,0
19538,0,0,40089120,69166650,29077530,0,0,95,false,0
19539,0,0,40089120,69171800,29082680,0,11,114,false,0
19540,0,0,40089120,69176400,29087280,0,0,92,false,0
19541,0,0,40089120,69181450,29092330,0,0,101,false,0
19542,0,0,40089120,69181450,29092330,0,105,105,true,0
19543,0,0,40089120,69181450,29092330,0,89,89,true,0
19544,0,0,40089120,69186600,29097480,0,17,120,false,0
19545,0,0,40089120,69191150,29102030,0,0,91,false,0
19546,0,0,40089120,69196300,29107180,0,3,106,false,0
19547,0,0,40089120,69196300,29107180,0,99,99,true,0
19548,0,0,40089120,69200950,29111830,0,0,93,false,0
19549,0,0,40089120,69205200,29116080,0,0,85,false,0
19550,0,0,40089120,69210250,29121130,0,0,101,false,0
19551,0,0,40089120,69214900,29125780,0,0,93,false,0
19552,0,0,40195740,69214900,29019160,0,92,92,true,0
19553,0,0,40195740,69214900,29019160,0,113,113,true,0
19554,0,0,40195740,69214900,29019160,0,98,98,true,0
19555,0,0,40195740,69214900,29019160,0,110,110,true,0
19556,0,0,40195740,69214900,29019160,0,99,99,true,0
19557,0,0,40195740,69214900,29019160,0,92,92,true,0
19558,0,0,40195740,69214900,29019160,0,90,90,true,0
19559,0,0,40195740,69220050,29024310,0,7,110,false,0
19560,0,0,40195740,69225200,29029460,0,18,121,false,0
19561,0,0,40195740,69225200,29029460,0,105,105,true,0
19562,0,0,40195740,69225200,29029460,0,103,103,true,0
19563,0,0,40195740,69225200,29029460,0,105,105,true,0
19564,0,0,40195740,69230350,29034610,0,1,104,false,0
19565,0,0,40195740,69235050,29039310,0,0,94,false,0
19566,0,0,40195740,69240200,29044460,0,0,103,false,0
19567,0,0,40195740,69245350,29049610,0,5,108,false,0
19568,0,0,40195740,69250300,29054560,0,0,99,false,0
19569,0,0,40195740,69255450,29059710,0,7,110,false,0
19570,0,0,40195740,69259500,29063760,0,0,81,false,0
19571,0,0,40195740,69264500,29068760,0,0,100,false,0
19572,0,0,40195740,69269000,29073260,0,0,90,false,0
19573,0,0,40195740,69273400,29077660,0,0,88,false,0
19574,0,0,40195740,69277950,29082210,0,0,91,false,0
19575,0,0,40195740,69282150,29086410,0,0,84,false,0
19576,0,0,40195740,69287300,29091560,0,1,104,false,0
19577,0,0,40195740,69291750,29096010,0,0,89,false,0
19578,0,0,40195740,69296100,29100360,0,0,87,false,0
19579,0,0,40195740,69300650,29104910,0,0,91,false,0
19580,0,0,40195740,69300650,29104910,0,89,89,true,0
19581,0,0,40195740,69305350,29109610,0,0,94,false,0
19582,0,0,40195740,69310500,29114760,0,7,110,false,0
19583,0,0,40195740,69315600,29119860,0,0,102,false,0
19584,0,0,40195740,69315600,29119860,0,104,104,true,0
19585,0,0,40195740,69319550,29123810,0,0,79,false,0
19586,0,0,40195740,69324700,29128960,0,8,111,false,0
19587,0,0,40195740,69329700,29133960,0,0,100,false,0
19588,0,0,40195740,69334200,29138460,0,0,90,false,0
19589,0,0,40195740,69339350,29143610,0,0,103,false,0
19590,0,0,40195740,69339350,29143610,0,97,97,true,0
19591,0,0,40195740,69344500,29148760,0,11,114,false,0
19592,0,0,40195740,69349350,29153610,0,0,97,false,0
19593,0,0,40195740,69354350,29158610,0,0,100,false,0
19594,0,0,40195740,69359200,29163460,0,0,97,false,0
19595,0,0,40195740,69364100,29168360,0,0,98,false,0
19596,0,0,40195740,69368400,29172660,0,0,86,false,0
19597,0,0,40195740,69373550,29177810,0,2,105,false,0
19598,0,0,40195740,69378700,29182960,0,1,104,false,0
19599,0,0,40195740,69383850,29188110,0,6,109,false,0
19600,0,0,40195740,69389000,29193260,0,2,105,false,0
19601,0,0,40195740,69394150,29198410,0,1,104,false,0
19602,0,0,40195740,69398850,29203110,0,0,94,false,0
19603,0,0,40195740,69403250,29207510,0,0,88,false,0
19604,0,0,40302360,69408400,29106040,0,1,104,false,0
19605,0,0,40302360,69408400,29106040,0,117,117,true,0
19606,0,0,40302360,69408400,29106040,0,102,102,true,0
19607,0,0,40302360,69408400,29106040,0,99,99,true,0
19608,0,0,40302360,69408400,29106040,0,101,101,true,0
19609,0,0,40302360,69408400,29106040,0,97,97,true,0
19610,0,0,40302360,69408400,29106040,0,122,122,true,0
19611,0,0,40302360,69412850,29110490,0,0,89,false,0
19612,0,0,40302360,69417750,29115390,0,0,98,false,0
19613,0,0,40302360,69422550,29120190,0,0,96,false,0
19614,0,0,40302360,69427100,29124740,0,0,91,false,0
19615,0,0,40302360,69431750,29129390,0,0,93,false,0
19616,0,0,40302360,69436900,29134540,0,7,110,false,0
19617,0,0,40302360,69441500,29139140,0,0,92,false,0
19618,0,0,40302360,69446100,29143740,0,0,92,false,0
19619,0,0,40302360,69450500,29148140,0,0,88,false,0
19620,0,0,40302360,69455050,29152690,0,0,91,false,0
19621,0,0,40302360,69455050,29152690,0,103,103,true,0
19622,0,0,40302360,69460100,29157740,0,0,101,false,0
19623,0,0,40302360,69464950,29162590,0,0,97,false,0
19624,0,0,40302360,69470100,29167740,0,9,112,false,0
19625,0,0,40302360,69475250,29172890,0,11,114,false,0
19626,0,0,40302360,69480350,29177990,0,0,102,false,0
19627,0,0,40302360,69484450,29182090,0,0,82,false,0
19628,0,0,40302360,69489600,29187240,0,1,104,false,0
19629,0,0,40302360,69494650,29192290,0,0,101,false,0
19630,0,0,40302360,69499700,29197340,0,0,101,false,0
19631,0,0,40302360,69499700,29197340,0,98,98,true,0
19632,0,0,40302360,69504800,29202440,0,0,102,false,0
19633,0,0,40302360,69508900,29206540,0,0,82,false,0
19634,0,0,40302360,69513650,29211290,0,0,95,false,0
19635,0,0,40302360,69518250,29215890,0,0,92,false,0
19636,0,0,40302360,69523200,29220840,0,0,99,false,0
19637,0,0,40302360,69527350,29224990,0,0,83,false,0
19638,0,0,40302360,69527350,29224990,0,127,127,true,0
19639,0,0,40302360,69531350,29228990,0,0,80,false,0
19640,0,0,40302360,69536500,29234140,0,0,103,false,0
19641,0,0,40302360,69541650,29239290,0,8,111,false,0
19642,0,0,40302360,69545250,29242890,0,0,72,false,0
19643,0,0,40302360,69549900,29247540,0,0,93,false,0
19644,0,0,40302360,69549900,29247540,0,99,99,true,0
19645,0,0,40302360,69555050,29252690,0,8,111,false,0
19646,0,0,40302360,69559950,29257590,0,0,98,false,0
19647,0,0,40302360,69565100,29262740,0,4,107,false,0
19648,0,0,40302360,69569950,29267590,0,0,97,false,0
19649,0,0,40302360,69574900,29272540,0,0,99,false,0
19650,0,0,40302360,69579700,29277340,0,0,96,false,0
19651,0,0,40302360,69584850,29282490,0,8,111,false,0
19652,0,0,40302360,69589800,29287440,0,0,99,false,0
19653,0,0,40302360,69594550,29292190,0,0,95,false,0
19654,0,0,40302360,69599700,29297340,0,9,112,false,0
19655,0,0,40302360,69604850,29302490,0,7,110,false,0
19656,0,0,40408980,69610000,29201020,0,4,107,false,0
19657,0,0,40408980,69614700,29205720,0,0,94,false,0
19658,0,0,40408980,69619850,29210870,0,13,116,false,0
19659,0,0,40408980,69624950,29215970,0,0,102,false,0
19660,0,0,40408980,69630100,29221120,0,0,103,false,0
19661,0,0,40408980,69635150,29226170,0,0,101,false,0
19662,0,0,40408980,69635150,29226170,0,83,83,true,0
19663,0,0,40408980,69635150,29226170,0,96,96,true,0
19664,0,0,40408980,69639800,29230820,0,0,93,false,0
19665,0,0,40408980,69644950,29235970,0,14,117,false,0
19666,0,0,40408980,69649800,29240820,0,0,97,false,0
19667,0,0,40408980,69654150,29245170,0,0,87,false,0
19668,0,0,40408980,69658850,29249870,0,0,94,false,0
19669,0,0,40408980,69663350,29254370,0,0,90,false,0
19670,0,0,40408980,69668500,29259520,0,7,110,false,0
19671,0,0,40408980,69673250,29264270,0,0,95,false,0
19672,0,0,40408980,69678400,29269420,0,12,115,false,0
19673,0,0,40408980,69683550,29274570,0,3,106,false,0
19674,0,0,40408980,69688300,29279320,0,0,95,false,0
19675,0,0,40408980,69693050,29284070,0,0,95,false,0
19676,0,0,40408980,69698200,29289220,0,17,120,false,0
19677,0,0,40408980,69703300,29294320,0,0,102,false,0
19678,0,0,40408980,69708300,29299320,0,0,100,false,0
19679,0,0,40408980,69712400,29303420,0,0,82,false,0
19680,0,0,40408980,69717550,29308570,0,9,112,false,0
19681,0,0,40408980,69722250,29313270,0,0,94,false,0
19682,0,0,40408980,69722250,29313270,0,79,79,true,0
19683,0,0,40408980,69722250,29313270,0,89,89,true,0
19684,0,0,40408980,69722250,29313270,0,83,83,true,0
19685,0,0,40408980,69727300,29318320,0,0,101,false,0
19686,0,0,40408980,69732100,29323120,0,0,96,false,0
19687,0,0,40408980,69737250,29328270,0,16,119,false,0
19688,0,0,40408980,69742150,29333170,0,0,98,false,0
19689,0,0,40408980,69746750,29337770,0,0,92,false,0
19690,0,0,40408980,69751450,29342470,0,0,94,false,0
19691,0,0,40408980,69756100,29347120,0,0,93,false,0
19692,0,0,40408980,69756100,29347120,0,86,86,true,0
19693,0,0,40408980,69756100,29347120,0,101,101,true,0
19694,0,0,40408980,69756100,29347120,0,87,87,true,0
19695,0,0,40408980,69756100,29347120,0,103,103,true,0
19696,0,0,40408980,69761100,29352120,0,0,100,false,0
19697,0,0,40408980,69766250,29357270,0,11,114,false,0
19698,0,0,40408980,69771150,29362170,0,0,98,false,0
19699,0,0,40408980,69776300,29367320,0,1,104,false,0
19700,0,0,40408980,69781200,29372220,0,0,98,false,0
19701,0,0,40408980,69786350,29377370,0,3,106,false,0
19702,0,0,40408980,69791150,29382170,0,0,96,false,0
19703,0,0,40408980,69796300,29387320,0,6,109,false,0
19704,0,0,40408980,69801450,29392470,0,4,107,false,0
19705,0,0,40408980,69806100,29397120,0,0,93,false,0
19706,0,0,40408980,69811000,29402020,0,0,98,false,0
19707,0,0,40408980,69816150,29407170,0,7,110,false,0
19708,0,0,40515600,69820750,29305150,0,0,92,false,0
19709,0,0,40515600,69825900,29310300,0,17,120,false,0
19710,0,0,40515600,69830850,29315250,0,0,99,false,0
19711,0,0,40515600,69836000,29320400,0,11,114,false,0
19712,0,0,40515600,69841000,29325400,0,0,100,false,0
19713,0,0,40515600,69846150,29330550,0,8,111,false,0
19714,0,0,40515600,69851300,29335700,0,11,114,false,0
19715,0,0,40515600,69856450,29340850,0,12,115,false,0
19716,0,0,40515600,69861400,29345800,0,0,99,false,0
19717,0,0,40515600,69861400,29345800,0,93,93,true,0
19718,0,0,40515600,69865550,29349950,0,0,83,false,0
19719,0,0,40515600,69869900,29354300,0,0,87,false,0
19720,0,0,40515600,69875000,29359400,0,0,102,false,0
19721,0,0,40515600,69878850,29363250,0,0,77,false,0
19722,0,0,40515600,69883250,29367650,0,0,88,false,0
19723,0,0,40515600,69883250,29367650,0,118,118,true,0
19724,0,0,40515600,69887450,29371850,0,0,84,false,0
19725,0,0,40515600,69892350,29376750,0,0,98,false,0
19726,0,0,40515600,69897400,29381800,0,0,101,false,0
19727,0,0,40515600,69902550,29386950,0,1,104,false,0
19728,0,0,40515600,69907250,29391650,0,0,94,false,0
19729,0,0,40515600,69912400,29396800,0,22,125,false,0
19730,0,0,40515600,69916900,29401300,0,0,90,false,0
19731,0,0,40515600,69916900,29401300,0,93,93,true,0
19732,0,0,40515600,69922050,29406450,0,4,107,false,0
19733,0,0,40515600,69926500,29410900,0,0,89,false,0
19734,0,0,40515600,69931650,29416050,0,17,120,false,0
19735,0,0,40515600,69931650,29416050,0,85,85,true,0
19736,0,0,40515600,69936150,29420550,0,0,90,false,0
19737,0,0,40515600,69940850,29425250,0,0,94,false,0
19738,0,0,40515600,69940850,29425250,0,116,116,true,0
19739,0,0,40515600,69940850,29425250,0,105,105,true,0
19740,0,0,40515600,69940850,29425250,0,82,82,true,0
19741,0,0,40515600,69946000,29430400,0,2,105,false,0
19742,0,0,40515600,69951150,29435550,0,13,116,false,0
19743,0,0,40515600,69956300,29440700,0,18,121,false,0
19744,0,0,40515600,69961350,29445750,0,0,101,false,0
19745,0,0,40515600,69966500,29450900,0,8,111,false,0
19746,0,0,40515600,69966500,29450900,0,86,86,true,0
19747,0,0,40515600,69966500,29450900,0,107,107,true,0
19748,0,0,40515600,69971400,29455800,0,0,98,false,0
19749,0,0,40515600,69976250,29460650,0,0,97,false,0
19750,0,0,40515600,69981400,29465800,0,7,110,false,0
19751,0,0,40515600,69986550,29470950,0,18,121,false,0
19752,0,0,40515600,69991450,29475850,0,0,98,false,0
19753,0,0,40515600,69995500,29479900,0,0,81,false,0
19754,0,0,40515600,70000650,29485050,0,0,103,false,0
19755,0,0,40515600,70005300,29489700,0,0,93,false,0
19756,0,0,40515600,70005300,29489700,0,99,99,true,0
19757,0,0,40515600,70005300,29489700,0,84,84,true,0
19758,0,0,40515600,70005300,29489700,0,111,111,true,0
19759,0,0,40515600,70005300,29489700,0,94,94,true,0
19760,0,0,40622220,70005300,29383080,0,93,93,true,0
19761,0,0,40622220,70005300,29383080,0,91,91,true,0
19762,0,0,40622220,70005300,29383080,0,87,87,true,0
19763,0,0,40622220,70005300,29383080,0,106,106,true,0
19764,0,0,40622220,70005300,29383080,0,100,100,true,0
19765,0,0,40622220,70005300,29383080,0,89,89,true,0
19766,0,0,40622220,70005300,29383080,0,91,91,true,0
19767,0,0,40622220,70010450,29388230,0,7,110,false,0
19768,0,0,40622220,70013650,29391430,0,0,64,false,0
19769,0,0,40622220,70018600,29396380,0,0,99,false,0
19770,0,0,40622220,70023350,29401130,0,0,95,false,0
19771,0,0,40622220,70028500,29406280,0,10,113,false,0
19772,0,0,40622220,70033650,29411430,0,4,107,false,0
19773,0,0,40622220,70038500,29416280,0,0,97,false,0
19774,0,0,40622220,70043600,29421380,0,0,102,false,0
19775,0,0,40622220,70048700,29426480,0,0,102,false,0
19776,0,0,40622220,70053850,29431630,0,4,107,false,0
19777,0,0,40622220,70058150,29435930,0,0,86,false,0
19778,0,0,40622220,70058150,29435930,0,99,99,true,0
19779,0,0,40622220,70063100,29440880,0,0,99,false,0
19780,0,0,40622220,70067450,29445230,0,0,87,false,0
19781,0,0,40622220,70071900,29449680,0,0,89,false,0
19782,0,0,40622220,70071900,29449680,0,107,107,true,0
19783,0,0,40622220,70071900,29449680,0,106,106,true,0
19784,0,0,40622220,70071900,29449680,0,87,87,true,0
19785,0,0,40622220,70071900,29449680,0,85,85,true,0
19786,0,0,40622220,70076450,29454230,0,0,91,false,0
19787,0,0,40622220,70081600,29459380,0,13,116,false,0
19788,0,0,40622220,70086750,29464530,0,5,108,false,0
19789,0,0,40622220,70091400,29469180,0,0,93,false,0
19790,0,0,40622220,70096400,29474180,0,0,100,false,0
19791,0,0,40622220,70101550,29479330,0,14,117,false,0
19792,0,0,40622220,70105650,29483430,0,0,82,false,0
19793,0,0,40622220,70110800,29488580,0,3,106,false,0
19794,0,0,40622220,70115400,29493180,0,0,92,false,0
19795,0,0,40622220,70115400,29493180,0,112,112,true,0
19796,0,0,40622220,70120550,29498330,0,4,107,false,0
19797,0,0,40622220,70125700,29503480,0,21,124,false,0
19798,0,0,40622220,70130450,29508230,0,0,95,false,0
19799,0,0,40622220,70135450,29513230,0,0,100,false,0
19800,0,0,40622220,70139650,29517430,0,0,84,false,0
19801,0,0,40622220,70143500,29521280,0,0,77,false,0
19802,0,0,40622220,70148650,29526430,0,0,103,false,0
19803,0,0,40622220,70148650,29526430,0,114,114,true,0
19804,0,0,40622220,70153800,29531580,0,9,112,false,0
19805,0,0,40622220,70158950,29536730,0,7,110,false,0
19806,0,0,40622220,70164100,29541880,0,5,108,false,0
19807,0,0,40622220,70164100,29541880,0,99,99,true,0
19808,0,0,40622220,70164100,29541880,0,107,107,true,0
19809,0,0,40622220,70169000,29546780,0,0,98,false,0
19810,0,0,40622220,70174150,29551930,0,1,104,false,0
19811,0,0,40622220,70179300,29557080,0,5,108,false,0
19812,0,0,40728840,70184450,29455610,0,6,109,false,0
19813,0,0,40728840,70188600,29459760,0,0,83,false,0
19814,0,0,40728840,70193750,29464910,0,4,107,false,0
19815,0,0,40728840,70198900,29470060,0,1,104,false,0
19816,0,0,40728840,70198900,29470060,0,81,81,true,0
19817,0,0,40728840,70198900,29470060,0,105,105,true,0
19818,0,0,40728840,70198900,29470060,0,99,99,true,0
19819,0,0,40728840,70203900,29475060,0,0,100,false,0
19820,0,0,40728840,70209050,29480210,0,3,106,false,0
19821,0,0,40728840,70209050,29480210,0,103,103,true,0
19822,0,0,40728840,70213800,29484960,0,0,95,false,0
19823,0,0,40728840,70218400,29489560,0,0,92,false,0
19824,0,0,40728840,70218400,29489560,0,114,114,true,0
19825,0,0,40728840,70223150,29494310,0,0,95,false,0
19826,0,0,40728840,70228300,29499460,0,0,103,false,0
19827,0,0,40728840,70233000,29504160,0,0,94,false,0
19828,0,0,40728840,70238150,29509310,0,0,103,false,0
19829,0,0,40728840,70242400,29513560,0,0,85,false,0
19830,0,0,40728840,70247500,29518660,0,0,102,false,0
19831,0,0,40728840,70252000,29523160,0,0,90,false,0
19832,0,0,40728840,70257150,29528310,0,0,103,false,0
19833,0,0,40728840,70261350,29532510,0,0,84,false,0
19834,0,0,40728840,70266500,29537660,0,17,120,false,0
19835,0,0,40728840,70271450,29542610,0,0,99,false,0
19836,0,0,40728840,70276600,29547760,0,0,103,false,0
19837,0,0,40728840,70281750,29552910,0,2,105,false,0
19838,0,0,40728840,70286850,29558010,0,0,102,false,0
19839,0,0,40728840,70292000,29563160,0,7,110,false,0
19840,0,0,40728840,70297150,29568310,0,10,113,false,0
19841,0,0,40728840,70302300,29573460,0,2,105,false,0
19842,0,0,40728840,70307450,29578610,0,0,103,false,0
19843,0,0,40728840,70312600,29583760,0,2,105,false,0
19844,0,0,40728840,70317450,29588610,0,0,97,false,0
19845,0,0,40728840,70322550,29593710,0,0,102,false,0
19846,0,0,40728840,70327050,29598210,0,0,90,false,0
19847,0,0,40728840,70327050,29598210,0,105,105,true,0
19848,0,0,40728840,70327050,29598210,0,87,87,true,0
19849,0,0,40728840,70327050,29598210,0,114,114,true,0
19850,0,0,40728840,70327050,29598210,0,103,103,true,0
19851,0,0,40728840,70327050,29598210,0,86,86,true,0
19852,0,0,40728840,70332200,29603360,0,2,105,false,0
19853,0,0,40728840,70336450,29607610,0,0,85,false,0
19854,0,0,40728840,70341200,29612360,0,0,95,false,0
19855,0,0,40728840,70344750,29615910,0,0,71,false,0
19856,0,0,40728840,70344750,29615910,0,104,104,true,0
19857,0,0,40728840,70344750,29615910,0,99,99,true,0
19858,0,0,40728840,70348850,29620010,0,0,82,false,0
19859,0,0,40728840,70353500,29624660,0,0,93,false,0
19860,0,0,40728840,70358650,29629810,0,1,104,false,0
19861,0,0,40728840,70363750,29634910,0,0,102,false,0
19862,0,0,40728840,70363750,29634910,0,99,99,true,0
19863,0,0,40728840,70363750,29634910,0,98,98,true,0
19864,0,0,40835460,70368900,29533440,0,1,104,false,0
19865,0,0,40835460,70374050,29538590,0,5,108,false,0
19866,0,0,40835460,70378750,29543290,0,0,94,false,0
19867,0,0,40835460,70383900,29548440,0,11,114,false,0
19868,0,0,40835460,70387850,29552390,0,0,79,false,0
19869,0,0,40835460,70392550,29557090,0,0,94,false,0
19870,0,0,40835460,70397150,29561690,0,0,92,false,0
19871,0,0,40835460,70402000,29566540,0,0,97,false,0
19872,0,0,40835460,70406200,29570740,0,0,84,false,0
19873,0,0,40835460,70411150,29575690,0,0,99,false,0
19874,0,0,40835460,70416150,29580690,0,0,100,false,0
19875,0,0,40835460,70421300,29585840,0,4,107,false,0
19876,0,0,40835460,70426450,29590990,0,8,111,false,0
19877,0,0,40835460,70431600,29596140,0,4,107,false,0
19878,0,0,40835460,70436750,29601290,0,6,109,false,0
19879,0,0,40835460,70441350,29605890,0,0,92,false,0
19880,0,0,40835460,70441350,29605890,0,99,99,true,0
19881,0,0,40835460,70441350,29605890,0,109,109,true,0
19882,0,0,40835460,70446100,29610640,0,0,95,false,0
19883,0,0,40835460,70451200,29615740,0,0,102,false,0
19884,0,0,40835460,70456350,29620890,0,8,111,false,0
19885,0,0,40835460,70460800,29625340,0,0,89,false,0
19886,0,0,40835460,70465050,29629590,0,0,85,false,0
19887,0,0,40835460,70469700,29634240,0,0,93,false,0
19888,0,0,40835460,70474050,29638590,0,0,87,false,0
19889,0,0,40835460,70478550,29643090,0,0,90,false,0
19890,0,0,40835460,70483650,29648190,0,0,102,false,0
19891,0,0,40835460,70488400,29652940,0,0,95,false,0
19892,0,0,40835460,70492850,29657390,0,0,89,false,0
19893,0,0,40835460,70497850,29662390,0,0,100,false,0
19894,0,0,40835460,70497850,29662390,0,92,92,true,0
19895,0,0,40835460,70502350,29666890,0,0,90,false,0
19896,0,0,40835460,70507000,29671540,0,0,93,false,0
19897,0,0,40835460,70512000,29676540,0,0,100,false,0
19898,0,0,40835460,70517150,29681690,0,6,109,false,0
19899,0,0,40835460,70522300,29686840,0,19,122,false,0
19900,0,0,40835460,70522300,29686840,0,98,98,true,0
19901,0,0,40835460,70527150,29691690,0,0,97,false,0
19902,0,0,40835460,70531850,29696390,0,0,94,false,0
19903,0,0,40835460,70536950,29701490,0,0,102,false,0
19904,0,0,40835460,70541800,29706340,0,0,97,false,0
19905,0,0,40835460,70541800,29706340,0,121,121,true,0
19906,0,0,40835460,70541800,29706340,0,101,101,true,0
19907,0,0,40835460,70546350,29710890,0,0,91,false,0
19908,0,0,40835460,70551500,29716040,0,5,108,false,0
19909,0,0,40835460,70556000,29720540,0,0,90,false,0
19910,0,0,40835460,70561150,29725690,0,7,110,false,0
19911,0,0,40835460,70565700,29730240,0,0,91,false,0
19912,0,0,40835460,70570850,29735390,0,1,104,false,0
19913,0,0,40835460,70575350,29739890,0,0,90,false,0
19914,0,0,40835460,70580500,29745040,0,11,114,false,0
19915,0,0,40835460,70585650,29750190,0,1,104,false,0
19916,0,0,40942080,70590650,29648570,0,0,100,false,0
19917,0,0,40942080,70595550,29653470,0,0,98,false,0
19918,0,0,40942080,70600200,29658120,0,0,93,false,0
19919,0,0,40942080,70600200,29658120,0,85,85,true,0
19920,0,0,40942080,70605350,29663270,0,7,110,false,0
19921,0,0,40942080,70609850,29667770,0,0,90,false,0
19922,0,0,40942080,70614850,29672770,0,0,100,false,0
19923,0,0,40942080,70620000,29677920,0,18,121,false,0
19924,0,0,40942080,70625150,29683070,0,2,105,false,0
19925,0,0,40942080,70630300,29688220,0,2,105,false,0
19926,0,0,40942080,70635450,29693370,0,12,115,false,0
19927,0,0,40942080,70639700,29697620,0,0,85,false,0
19928,0,0,40942080,70644350,29702270,0,0,93,false,0
19929,0,0,40942080,70649150,29707070,0,0,96,false,0
19930,0,0,40942080,70654300,29712220,0,3,106,false,0
19931,0,0,40942080,70658500,29716420,0,0,84,false,0
19932,0,0,40942080,70663500,29721420,0,0,100,false,0
19933,0,0,40942080,70668550,29726470,0,0,101,false,0
19934,0,0,40942080,70668550,29726470,0,105,105,true,0
19935,0,0,40942080,70668550,29726470,0,106,106,true,0
19936,0,0,40942080,70673700,29731620,0,23,126,false,0
19937,0,0,40942080,70678750,29736670,0,0,101,false,0
19938,0,0,40942080,70683650,29741570,0,0,98,false,0
19939,0,0,40942080,70688100,29746020,0,0,89,false,0
19940,0,0,40942080,70692650,29750570,0,0,91,false,0
19941,0,0,40942080,70697650,29755570,0,0,100,false,0
19942,0,0,40942080,70702350,29760270,0,0,94,false,0
19943,0,0,40942080,70702350,29760270,0,92,92,true,0
19944,0,0,40942080,70702350,29760270,0,96,96,true,0
19945,0,0,40942080,70702350,29760270,0,101,101,true,0
19946,0,0,40942080,70707150,29765070,0,0,96,false,0
19947,0,0,40942080,70712300,29770220,0,4,107,false,0
19948,0,0,40942080,70717450,29775370,0,3,106,false,0
19949,0,0,40942080,70722300,29780220,0,0,97,false,0
19950,0,0,40942080,70727450,29785370,0,13,116,false,0
19951,0,0,40942080,70732000,29789920,0,0,91,false,0
19952,0,0,40942080,70737150,29795070,0,6,109,false,0
19953,0,0,40942080,70741800,29799720,0,0,93,false,0
19954,0,0,40942080,70746400,29804320,0,0,92,false,0
19955,0,0,40942080,70751550,29809470,0,5,108,false,0
19956,0,0,40942080,70751550,29809470,0,91,91,true,0
19957,0,0,40942080,70751550,29809470,0,87,87,true,0
19958,0,0,40942080,70756700,29814620,0,3,106,false,0
19959,0,0,40942080,70761850,29819770,0,6,109,false,0
19960,0,0,40942080,70766450,29824370,0,0,92,false,0
19961,0,0,40942080,70770900,29828820,0,0,89,false,0
19962,0,0,40942080,70776050,29833970,0,4,107,false,0
19963,0,0,40942080,70776050,29833970,0,95,95,true,0
19964,0,0,40942080,70776050,29833970,0,107,107,true,0
19965,0,0,40942080,70776050,29833970,0,102,102,true,0
19966,0,0,40942080,70776050,29833970,0,116,116,true,0
19967,0,0,40942080,70776050,29833970,0,92,92,true,0
19968,0,0,41048700,70776050,29727350,0,92,92,true,0
19969,0,0,41048700,70781200,29732500,0,7,110,false,0
19970,0,0,41048700,70785900,29737200,0,0,94,false,0
19971,0,0,41048700,70790550,29741850,0,0,93,false,0
19972,0,0,41048700,70795700,29747000,0,15,118,false,0
19973,0,0,41048700,70800850,29752150,0,10,113,false,0
19974,0,0,41048700,70805800,29757100,0,0,99,false,0
19975,0,0,41048700,70810950,29762250,0,4,107,false,0
19976,0,0,41048700,70815650,29766950,0,0,94,false,0
19977,0,0,41048700,70820800,29772100,0,9,112,false,0
19978,0,0,41048700,70825100,29776400,0,0,86,false,0
19979,0,0,41048700,70829500,29780800,0,0,88,false,0
19980,0,0,41048700,70834000,29785300,0,0,90,false,0
19981,0,0,41048700,70839150,29790450,0,10,113,false,0
19982,0,0,41048700,70839150,29790450,0,77,77,true,0
19983,0,0,41048700,70839150,29790450,0,89,89,true,0
19984,0,0,41048700,70839150,29790450,0,106,106,true,0
19985,0,0,41048700,70844100,29795400,0,0,99,false,0
19986,0,0,41048700,70849200,29800500,0,0,102,false,0
19987,0,0,41048700,70854350,29805650,0,9,112,false,0
19988,0,0,41048700,70854350,29805650,0,99,99,true,0
19989,0,0,41048700,70854350,29805650,0,109,109,true,0
19990,0,0,41048700,70854350,29805650,0,105,105,true,0
19991,0,0,41048700,70859100,29810400,0,0,95,false,0
19992,0,0,41048700,70864250,29815550,0,4,107,false,0
19993,0,0,41048700,70869100,29820400,0,0,97,false,0
19994,0,0,41048700,70873750,29825050,0,0,93,false,0
19995,0,0,41048700,70878900,29830200,0,1,104,false,0
19996,0,0,41048700,70884050,29835350,0,0,103,false,0
19997,0,0,41048700,70888750,29840050,0,0,94,false,0
19998,0,0,41048700,70893500,29844800,0,0,95,false,0
19999,0,0,41048700,70898250,29849550,0,0,95,false,0
20000,0,0,41048700,70903400,29854700,0,8,111,false,0
20001,0,0,41048700,70903400,29854700,0,118,118,true,0
20002,0,0,41048700,70908550,29859850,0,4,107,false,0
20003,0,0,41048700,70913500,29864800,0,0,99,false,0
20004,0,0,41048700,70918150,29869450,0,0,93,false,0
20005,0,0,41048700,70923300,29874600,0,5,108,false,0
20006,0,0,41048700,70928450,29879750,0,8,111,false,0
20007,0,0,41048700,70932550,29883850,0,0,82,false,0
20008,0,0,41048700,70937700,29889000,0,4,107,false,0
20009,0,0,41048700,70942250,29893550,0,0,91,false,0
20010,0,0,41048700,70946500,29897800,0,0,85,false,0
20011,0,0,41048700,70951300,29902600,0,0,96,false,0
20012,0,0,41048700,70955500,29906800,0,0,84,false,0
20013,0,0,41048700,70960400,29911700,0,0,98,false,0
20014,0,0,41048700,70963900,29915200,0,0,70,false,0
20015,0,0,41048700,70968500,29919800,0,0,92,false,0
20016,0,0,41048700,70972600,29923900,0,0,82,false,0
20017,0,0,41048700,70977600,29928900,0,0,100,false,0
20018,0,0,41048700,70982750,29934050,0,4,107,false,0
20019,0,0,41048700,70987900,29939200,0,17,120,false,0
20020,0,0,41155320,70993050,29837730,0,1,104,false,0
20021,0,0,41155320,70998200,29842880,0,12,115,false,0
20022,0,0,41155320,71003350,29848030,0,16,119,false,0
20023,0,0,41155320,71003350,29848030,0,98,98,true,0
20024,0,0,41155320,71003350,29848030,0,113,113,true,0
20025,0,0,41155320,71008200,29852880,0,0,97,false,0
20026,0,0,41155320,71012700,29857380,0,0,90,false,0
20027,0,0,41155320,71012700,29857380,0,82,82,true,0
20028,0,0,41155320,71012700,29857380,0,116,116,true,0
20029,0,0,41155320,71012700,29857380,0,107,107,true,0
20030,0,0,41155320,71012700,29857380,0,117,117,true,0
20031,0,0,41155320,71017150,29861830,0,0,89,false,0
20032,0,0,41155320,71022150,29866830,0,0,100,false,0
20033,0,0,41155320,71027300,29871980,0,3,106,false,0
20034,0,0,41155320,71032450,29877130,0,8,111,false,0
20035,0,0,41155320,71037600,29882280,0,5,108,false,0
20036,0,0,41155320,71037600,29882280,0,106,106,true,0
20037,0,0,41155320,71042600,29887280,0,0,100,false,0
20038,0,0,41155320,71047700,29892380,0,0,102,false,0
20039,0,0,41155320,71047700,29892380,0,125,125,true,0
20040,0,0,41155320,71052850,29897530,0,3,106,false,0
20041,0,0,41155320,71058000,29902680,0,3,106,false,0
20042,0,0,41155320,71063150,29907830,0,12,115,false,0
20043,0,0,41155320,71063150,29907830,0,98,98,true,0
20044,0,0,41155320,71063150,29907830,0,98,98,true,0
20045,0,0,41155320,71063150,29907830,0,104,104,true,0
20046,0,0,41155320,71063150,29907830,0,99,99,true,0
20047,0,0,41155320,71068050,29912730,0,0,98,false,0
20048,0,0,41155320,71073200,29917880,0,0,103,false,0
20049,0,0,41155320,71073200,29917880,0,104,104,true,0
20050,0,0,41155320,71073200,29917880,0,106,106,true,0
20051,0,0,41155320,71073200,29917880,0,95,95,true,0
20052,0,0,41155320,71073200,29917880,0,88,88,true,0
20053,0,0,41155320,71073200,29917880,0,97,97,true,0
20054,0,0,41155320,71073200,29917880,0,88,88,true,0
20055,0,0,41155320,71073200,29917880,0,102,102,true,0
20056,0,0,41155320,71073200,29917880,0,104,104,true,0
20057,0,0,41155320,71078350,29923030,0,7,110,false,0
20058,0,0,41155320,71082850,29927530,0,0,90,false,0
20059,0,0,41155320,71087200,29931880,0,0,87,false,0
20060,0,0,41155320,71091850,29936530,0,0,93,false,0
20061,0,0,41155320,71096500,29941180,0,0,93,false,0
20062,0,0,41155320,71101400,29946080,0,0,98,false,0
20063,0,0,41155320,71105500,29950180,0,0,82,false,0
20064,0,0,41155320,71110650,29955330,0,10,113,false,0
20065,0,0,41155320,71115800,29960480,0,1,104,false,0
20066,0,0,41155320,71120400,29965080,0,0,92,false,0
20067,0,0,41155320,71120400,29965080,0,106,106,true,0
20068,0,0,41155320,71120400,29965080,0,110,110,true,0
20069,0,0,41155320,71120400,29965080,0,100,100,true,0
20070,0,0,41155320,71120400,29965080,0,107,107,true,0
20071,0,0,41155320,71125150,29969830,0,0,95,false,0
20072,0,0,41261940,71129900,29867960,0,0,95,false,0
20073,0,0,41261940,71134300,29872360,0,0,88,false,0
20074,0,0,41261940,71139450,29877510,0,2,105,false,0
20075,0,0,41261940,71144600,29882660,0,3,106,false,0
20076,0,0,41261940,71149750,29887810,0,3,106,false,0
20077,0,0,41261940,71153900,29891960,0,0,83,false,0
20078,0,0,41261940,71158200,29896260,0,0,86,false,0
20079,0,0,41261940,71163350,29901410,0,4,107,false,0
20080,0,0,41261940,71168500,29906560,0,11,114,false,0
20081,0,0,41261940,71173650,29911710,0,6,109,false,0
20082,0,0,41261940,71178800,29916860,0,5,108,false,0
20083,0,0,41261940,71183850,29921910,0,0,101,false,0
20084,0,0,41261940,71188250,29926310,0,0,88,false,0
20085,0,0,41261940,71188250,29926310,0,98,98,true,0
20086,0,0,41261940,71188250,29926310,0,94,94,true,0
20087,0,0,41261940,71188250,29926310,0,106,106,true,0
20088,0,0,41261940,71192850,29930910,0,0,92,false,0
20089,0,0,41261940,71197250,29935310,0,0,88,false,0
20090,0,0,41261940,71202300,29940360,0,0,101,false,0
20091,0,0,41261940,71207450,29945510,0,14,117,false,0
20092,0,0,41261940,71212600,29950660,0,4,107,false,0
20093,0,0,41261940,71217250,29955310,0,0,93,false,0
20094,0,0,41261940,71221900,29959960,0,0,93,false,0
20095,0,0,41261940,71226950,29965010,0,0,101,false,0
20096,0,0,41261940,71232100,29970160,0,3,106,false,0
20097,0,0,41261940,71237250,29975310,0,4,107,false,0
20098,0,0,41261940,71242150,29980210,0,0,98,false,0
20099,0,0,41261940,71247300,29985360,0,4,107,false,0
20100,0,0,41261940,71251450,29989510,0,0,83,false,0
20101,0,0,41261940,71256600,29994660,0,16,119,false,0
20102,0,0,41261940,71256600,29994660,0,112,112,true,0
20103,0,0,41261940,71261200,29999260,0,0,92,false,0
20104,0,0,41261940,71265600,30003660,0,0,88,false,0
20105,0,0,41261940,71265600,30003660,0,123,123,true,0
20106,0,0,41261940,71265600,30003660,0,95,95,true,0
20107,0,0,41261940,71270700,30008760,0,0,102,false,0
20108,0,0,41261940,71275050,30013110,0,0,87,false,0
20109,0,0,41261940,71280200,30018260,0,4,107,false,0
20110,0,0,41261940,71285300,30023360,0,0,102,false,0
20111,0,0,41261940,71289800,30027860,0,0,90,false,0
20112,0,0,41261940,71294450,30032510,0,0,93,false,0
20113,0,0,41261940,71299250,30037310,0,0,96,false,0
20114,0,0,41261940,71304400,30042460,0,7,110,false,0
20115,0,0,41261940,71309050,30047110,0,0,93,false,0
20116,0,0,41261940,71313850,30051910,0,0,96,false,0
20117,0,0,41261940,71318450,30056510,0,0,92,false,0
20118,0,0,41261940,71323600,30061660,0,2,105,false,0
20119,0,0,41261940,71328400,30066460,0,0,96,false,0
20120,0,0,41261940,71333100,30071160,0,0,94,false,0
20121,0,0,41261940,71337050,30075110,0,0,79,false,0
20122,0,0,41261940,71341850,30079910,0,0,96,false,0
20123,0,0,41261940,71341850,30079910,0,113,113,true,0
20124,0,0,41368560,71341850,29973290,0,115,115,true,0
20125,0,0,41368560,71347000,29978440,0,3,106,false,0
20126,0,0,41368560,71351800,29983240,0,0,96,false,0
20127,0,0,41368560,71356950,29988390,0,3,106,false,0
20128,0,0,41368560,71362100,29993540,0,2,105,false,0
20129,0,0,41368560,71366900,29998340,0,0,96,false,0
20130,0,0,41368560,71366900,29998340,0,98,98,true,0
20131,0,0,41368560,71366900,29998340,0,120,120,true,0
20132,0,0,41368560,71366900,29998340,0,102,102,true,0
20133,0,0,41368560,71371650,30003090,0,0,95,false,0
20134,0,0,41368560,71376800,30008240,0,0,103,false,0
20135,0,0,41368560,71381950,30013390,0,1,104,false,0
20136,0,0,41368560,71386900,30018340,0,0,99,false,0
20137,0,0,41368560,71391750,30023190,0,0,97,false,0
20138,0,0,41368560,71396400,30027840,0,0,93,false,0
20139,0,0,41368560,71401250,30032690,0,0,97,false,0
20140,0,0,41368560,71406200,30037640,0,0,99,false,0
20141,0,0,41368560,71411150,30042590,0,0,99,false,0
20142,0,0,41368560,71416300,30047740,0,0,103,false,0
20143,0,0,41368560,71416300,30047740,0,111,111,true,0
20144,0,0,41368560,71421450,30052890,0,12,115,false,0
20145,0,0,41368560,71426100,30057540,0,0,93,false,0
20146,0,0,41368560,71430850,30062290,0,0,95,false,0
20147,0,0,41368560,71430850,30062290,0,109,109,true,0
20148,0,0,41368560,71430850,30062290,0,98,98,true,0
20149,0,0,41368560,71430850,30062290,0,75,75,true,0
20150,0,0,41368560,71435350,30066790,0,0,90,false,0
20151,0,0,41368560,71439200,30070640,0,0,77,false,0
20152,0,0,41368560,71444350,30075790,0,12,115,false,0
20153,0,0,41368560,71448750,30080190,0,0,88,false,0
20154,0,0,41368560,71453050,30084490,0,0,86,false,0
20155,0,0,41368560,71457750,30089190,0,0,94,false,0
20156,0,0,41368560,71462900,30094340,0,9,112,false,0
20157,0,0,41368560,71466950,30098390,0,0,81,false,0
20158,0,0,41368560,71466950,30098390,0,115,115,true,0
20159,0,0,41368560,71471900,30103340,0,0,99,false,0
20160,0,0,41368560,71476600,30108040,0,0,94,false,0
20161,0,0,41368560,71481750,30113190,0,6,109,false,0
20162,0,0,41368560,71486900,30118340,0,8,111,false,0
20163,0,0,41368560,71486900,30118340,0,110,110,true,0
20164,0,0,41368560,71486900,30118340,0,102,102,true,0
20165,0,0,41368560,71492000,30123440,0,0,102,false,0
20166,0,0,41368560,71496750,30128190,0,0,95,false,0
20167,0,0,41368560,71501850,30133290,0,0,102,false,0
20168,0,0,41368560,71507000,30138440,0,8,111,false,0
20169,0,0,41368560,71512150,30143590,0,16,119,false,0
20170,0,0,41368560,71517300,30148740,0,8,111,false,0
20171,0,0,41368560,71517300,30148740,0,90,90,true,0
20172,0,0,41368560,71522450,30153890,0,1,104,false,0
20173,0,0,41368560,71527600,30159040,0,5,108,false,0
20174,0,0,41368560,71527600,30159040,0,97,97,true,0
20175,0,0,41368560,71527600,30159040,0,92,92,true,0
20176,0,0,41475180,71527600,30052420,0,103,103,true,0
20177,0,0,41475180,71527600,30052420,0,77,77,true,0
20178,0,0,41475180,71532750,30057570,0,16,119,false,0
20179,0,0,41475180,71536700,30061520,0,0,79,false,0
20180,0,0,41475180,71541850,30066670,0,7,110,false,0
20181,0,0,41475180,71547000,30071820,0,3,106,false,0
20182,0,0,41475180,71552150,30076970,0,1,104,false,0
20183,0,0,41475180,71556550,30081370,0,0,88,false,0
20184,0,0,41475180,71556550,30081370,0,101,101,true,0
20185,0,0,41475180,71561000,30085820,0,0,89,false,0
20186,0,0,41475180,71565350,30090170,0,0,87,false,0
20187,0,0,41475180,71565350,30090170,0,86,86,true,0
20188,0,0,41475180,71565350,30090170,0,93,93,true,0
20189,0,0,41475180,71565350,30090170,0,102,102,true,0
20190,0,0,41475180,71570500,30095320,0,5,108,false,0
20191,0,0,41475180,71575650,30100470,0,6,109,false,0
20192,0,0,41475180,71580800,30105620,0,12,115,false,0
20193,0,0,41475180,71580800,30105620,0,83,83,true,0
20194,0,0,41475180,71580800,30105620,0,120,120,true,0
20195,0,0,41475180,71580800,30105620,0,89,89,true,0
20196,0,0,41475180,71580800,30105620,0,94,94,true,0
20197,0,0,41475180,71585650,30110470,0,0,97,false,0
20198,0,0,41475180,71590800,30115620,0,4,107,false,0
20199,0,0,41475180,71595950,30120770,0,11,114,false,0
20200,0,0,41475180,71600100,30124920,0,0,83,false,0
20201,0,0,41475180,71605200,30130020,0,0,102,false,0
20202,0,0,41475180,71610250,30135070,0,0,101,false,0
20203,0,0,41475180,71614950,30139770,0,0,94,false,0
20204,0,0,41475180,71618300,30143120,0,0,67,false,0
20205,0,0,41475180,71623450,30148270,0,3,106,false,0
20206,0,0,41475180,71628300,30153120,0,0,97,false,0
20207,0,0,41475180,71633450,30158270,0,0,103,false,0
20208,0,0,41475180,71638600,30163420,0,2,105,false,0
20209,0,0,41475180,71643300,30168120,0,0,94,false,0
20210,0,0,41475180,71648450,30173270,0,8,111,false,0
20211,0,0,41475180,71652300,30177120,0,0,77,false,0
20212,0,0,41475180,71657450,30182270,0,11,114,false,0
20213,0,0,41475180,71662250,30187070,0,0,96,false,0
20214,0,0,41475180,71666800,30191620,0,0,91,false,0
20215,0,0,41475180,71671250,30196070,0,0,89,false,0
20216,0,0,41475180,71675100,30199920,0,0,77,false,0
20217,0,0,41475180,71675100,30199920,0,106,106,true,0
20218,0,0,41475180,71675100,30199920,0,85,85,true,0
20219,0,0,41475180,71680250,30205070,0,3,106,false,0
20220,0,0,41475180,71685400,30210220,0,5,108,false,0
20221,0,0,41475180,71690050,30214870,0,0,93,false,0
20222,0,0,41475180,71695200,30220020,0,4,107,false,0
20223,0,0,41475180,71700000,30224820,0,0,96,false,0
20224,0,0,41475180,71704600,30229420,0,0,92,false,0
20225,0,0,41475180,71709300,30234120,0,0,94,false,0
20226,0,0,41475180,71714450,30239270,0,6,109,false,0
20227,0,0,41475180,71719600,30244420,0,10,113,false,0
20228,0,0,41581800,71724750,30142950,0,12,115,false,0
20229,0,0,41581800,71729800,30148000,0,0,101,false,0
20230,0,0,41581800,71734050,30152250,0,0,85,false,0
20231,0,0,41581800,71738600,30156800,0,0,91,false,0
20232,0,0,41581800,71743400,30161600,0,0,96,false,0
20233,0,0,41581800,71748550,30166750,0,5,108,false,0
20234,0,0,41581800,71753150,30171350,0,0,92,false,0
20235,0,0,41581800,71758000,30176200,0,0,97,false,0
20236,0,0,41581800,71763150,30181350,0,0,103,false,0
20237,0,0,41581800,71767800,30186000,0,0,93,false,0
20238,0,0,41581800,71772550,30190750,0,0,95,false,0
20239,0,0,41581800,71777350,30195550,0,0,96,false,0
20240,0,0,41581800,71782500,30200700,0,0,103,false,0
20241,0,0,41581800,71787150,30205350,0,0,93,false,0
20242,0,0,41581800,71792300,30210500,0,3,106,false,0
20243,0,0,41581800,71797400,30215600,0,0,102,false,0
20244,0,0,41581800,71801800,30220000,0,0,88,false,0
20245,0,0,41581800,71806300,30224500,0,0,90,false,0
20246,0,0,41581800,71810900,30229100,0,0,92,false,0
20247,0,0,41581800,71815900,30234100,0,0,100,false,0
20248,0,0,41581800,71821050,30239250,0,14,117,false,0
20249,0,0,41581800,71821050,30239250,0,106,106,true,0
20250,0,0,41581800,71821050,30239250,0,78,78,true,0
20251,0,0,41581800,71821050,30239250,0,106,106,true,0
20252,0,0,41581800,71821050,30239250,0,89,89,true,0
20253,0,0,41581800,71821050,30239250,0,99,99,true,0
20254,0,0,41581800,71826200,30244400,0,1,104,false,0
20255,0,0,41581800,71831350,30249550,0,4,107,false,0
20256,0,0,41581800,71836500,30254700,0,1,104,false,0
20257,0,0,41581800,71841250,30259450,0,0,95,false,0
20258,0,0,41581800,71846400,30264600,0,1,104,false,0
20259,0,0,41581800,71851100,30269300,0,0,94,false,0
20260,0,0,41581800,71855900,30274100,0,0,96,false,0
20261,0,0,41581800,71860850,30279050,0,0,99,false,0
20262,0,0,41581800,71860850,30279050,0,101,101,true,0
20263,0,0,41581800,71865500,30283700,0,0,93,false,0
20264,0,0,41581800,71870150,30288350,0,0,93,false,0
20265,0,0,41581800,71870150,30288350,0,89,89,true,0
20266,0,0,41581800,71875050,30293250,0,0,98,false,0
20267,0,0,41581800,71879650,30297850,0,0,92,false,0
20268,0,0,41581800,71884400,30302600,0,0,95,false,0
20269,0,0,41581800,71889250,30307450,0,0,97,false,0
20270,0,0,41581800,71894250,30312450,0,0,100,false,0
20271,0,0,41581800,71894250,30312450,0,88,88,true,0
20272,0,0,41581800,71894250,30312450,0,90,90,true,0
20273,0,0,41581800,71894250,30312450,0,122,122,true,0
20274,0,0,41581800,71898650,30316850,0,0,88,false,0
20275,0,0,41581800,71903550,30321750,0,0,98,false,0
20276,0,0,41581800,71907800,30326000,0,0,85,false,0
20277,0,0,41581800,71912800,30331000,0,0,100,false,0
20278,0,0,41581800,71917000,30335200,0,0,84,false,0
20279,0,0,41581800,71917000,30335200,0,95,95,true,0
20280,0,0,41688420,71917000,30228580,0,103,103,true,0
20281,0,0,41688420,71917000,30228580,0,109,109,true,0
20282,0,0,41688420,71917000,30228580,0,96,96,true,0
20283,0,0,41688420,71917000,30228580,0,105,105,true,0
20284,0,0,41688420,71922150,30233730,0,1,104,false,0
20285,0,0,41688420,71927050,30238630,0,0,98,false,0
20286,0,0,41688420,71932200,30243780,0,10,113,false,0
20287,0,0,41688420,71937150,30248730,0,0,99,false,0
20288,0,0,41688420,71942300,30253880,0,0,103,false,0
20289,0,0,41688420,71946600,30258180,0,0,86,false,0
20290,0,0,41688420,71951750,30263330,0,2,105,false,0
20291,0,0,41688420,71956650,30268230,0,0,98,false,0
20292,0,0,41688420,71956650,30268230,0,98,98,true,0
20293,0,0,41688420,71956650,30268230,0,95,95,true,0
20294,0,0,41688420,71956650,30268230,0,85,85,true,0
20295,0,0,41688420,71956650,30268230,0,93,93,true,0
20296,0,0,41688420,71956650,30268230,0,74,74,true,0
20297,0,0,41688420,71960750,30272330,0,0,82,false,0
20298,0,0,41688420,71965900,30277480,0,8,111,false,0
20299,0,0,41688420,71970850,30282430,0,0,99,false,0
20300,0,0,41688420,71975950,30287530,0,0,102,false,0
20301,0,0,41688420,71979850,30291430,0,0,78,false,0
20302,0,0,41688420,71985000,30296580,0,3,106,false,0
20303,0,0,41688420,71985000,30296580,0,97,97,true,0
20304,0,0,41688420,71985000,30296580,0,97,97,true,0
20305,0,0,41688420,71985000,30296580,0,110,110,true,0
20306,0,0,41688420,71989300,30300880,0,0,86,false,0
20307,0,0,41688420,71993200,30304780,0,0,78,false,0
20308,0,0,41688420,71998250,30309830,0,0,101,false,0
20309,0,0,41688420,72003100,30314680,0,0,97,false,0
20310,0,0,41688420,72007850,30319430,0,0,95,false,0
20311,0,0,41688420,72013000,30324580,0,9,112,false,0
20312,0,0,41688420,72018150,30329730,0,2,105,false,0
20313,0,0,41688420,72023300,30334880,0,1,104,false,0
20314,0,0,41688420,72028450,30340030,0,10,113,false,0
20315,0,0,41688420,72033500,30345080,0,0,101,false,0
20316,0,0,41688420,72038650,30350230,0,2,105,false,0
20317,0,0,41688420,72043800,30355380,0,2,105,false,0
20318,0,0,41688420,72048250,30359830,0,0,89,false,0
20319,0,0,41688420,72053400,30364980,0,4,107,false,0
20320,0,0,41688420,72053400,30364980,0,94,94,true,0
20321,0,0,41688420,72053400,30364980,0,116,116,true,0
20322,0,0,41688420,72058450,30370030,0,0,101,false,0
20323,0,0,41688420,72063600,30375180,0,3,106,false,0
20324,0,0,41688420,72068750,30380330,0,6,109,false,0
20325,0,0,41688420,72073600,30385180,0,0,97,false,0
20326,0,0,41688420,72078500,30390080,0,0,98,false,0
20327,0,0,41688420,72083000,30394580,0,0,90,false,0
20328,0,0,41688420,72088150,30399730,0,3,106,false,0
20329,0,0,41688420,72088150,30399730,0,91,91,true,0
20330,0,0,41688420,72093300,30404880,0,2,105,false,0
20331,0,0,41688420,72098450,30410030,0,1,104,false,0
20332,0,0,41795040,72103250,30308210,0,0,96,false,0
20333,0,0,41795040,72108400,30313360,0,7,110,false,0
20334,0,0,41795040,72113100,30318060,0,0,94,false,0
20335,0,0,41795040,72118150,30323110,0,0,101,false,0
20336,0,0,41795040,72123300,30328260,0,4,107,false,0
20337,0,0,41795040,72128450,30333410,0,0,103,false,0
20338,0,0,41795040,72133100,30338060,0,0,93,false,0
20339,0,0,41795040,72137700,30342660,0,0,92,false,0
20340,0,0,41795040,72137700,30342660,0,97,97,true,0
20341,0,0,41795040,72142300,30347260,0,0,92,false,0
20342,0,0,41795040,72147100,30352060,0,0,96,false,0
20343,0,0,41795040,72151900,30356860,0,0,96,false,0
20344,0,0,41795040,72157050,30362010,0,2,105,false,0
20345,0,0,41795040,72162000,30366960,0,0,99,false,0
20346,0,0,41795040,72166650,30371610,0,0,93,false,0
20347,0,0,41795040,72166650,30371610,0,102,102,true,0
20348,0,0,41795040,72166650,30371610,0,110,110,true,0
20349,0,0,41795040,72166650,30371610,0,102,102,true,0
20350,0,0,41795040,72171800,30376760,0,4,107,false,0
20351,0,0,41795040,72176950,30381910,0,10,113,false,0
20352,0,0,41795040,72176950,30381910,0,98,98,true,0
20353,0,0,41795040,72181950,30386910,0,0,100,false,0
20354,0,0,41795040,72187100,30392060,0,2,105,false,0
20355,0,0,41795040,72192200,30397160,0,0,102,false,0
20356,0,0,41795040,72197150,30402110,0,0,99,false,0
20357,0,0,41795040,72197150,30402110,0,91,91,true,0
20358,0,0,41795040,72202300,30407260,0,4,107,false,0
20359,0,0,41795040,72207350,30412310,0,0,101,false,0
20360,0,0,41795040,72211700,30416660,0,0,87,false,0
20361,0,0,41795040,72216550,30421510,0,0,97,false,0
20362,0,0,41795040,72221700,30426660,0,8,111,false,0
20363,0,0,41795040,72226850,30431810,0,2,105,false,0
20364,0,0,41795040,72231550,30436510,0,0,94,false,0
20365,0,0,41795040,72236650,30441610,0,0,102,false,0
20366,0,0,41795040,72241550,30446510,0,0,98,false,0
20367,0,0,41795040,72245900,30450860,0,0,87,false,0
20368,0,0,41795040,72250650,30455610,0,0,95,false,0
20369,0,0,41795040,72255800,30460760,0,3,106,false,0
20370,0,0,41795040,72260450,30465410,0,0,93,false,0
20371,0,0,41795040,72265250,30470210,0,0,96,false,0
20372,0,0,41795040,72270400,30475360,0,2,105,false,0
20373,0,0,41795040,72275400,30480360,0,0,100,false,0
20374,0,0,41795040,72275400,30480360,0,92,92,true,0
20375,0,0,41795040,72279950,30484910,0,0,91,false,0
20376,0,0,41795040,72284850,30489810,0,0,98,false,0
20377,0,0,41795040,72289600,30494560,0,0,95,false,0
20378,0,0,41795040,72294750,30499710,0,7,110,false,0
20379,0,0,41795040,72299200,30504160,0,0,89,false,0
20380,0,0,41795040,72304100,30509060,0,0,98,false,0
20381,0,0,41795040,72309250,30514210,0,7,110,false,0
20382,0,0,41795040,72313700,30518660,0,0,89,false,0
20383,0,0,41795040,72318850,30523810,0,8,111,false,0
20384,0,0,41901660,72323100,30421440,0,0,85,false,0
20385,0,0,41901660,72327950,30426290,0,0,97,false,0
20386,0,0,41901660,72333100,30431440,0,4,107,false,0
20387,0,0,41901660,72338250,30436590,0,0,103,false,0
20388,0,0,41901660,72342550,30440890,0,0,86,false,0
20389,0,0,41901660,72347150,30445490,0,0,92,false,0
20390,0,0,41901660,72352300,30450640,0,9,112,false,0
20391,0,0,41901660,72357450,30455790,0,17,120,false,0
20392,0,0,41901660,72362600,30460940,0,3,106,false,0
20393,0,0,41901660,72367700,30466040,0,0,102,false,0
20394,0,0,41901660,72372850,30471190,0,11,114,false,0
20395,0,0,41901660,72378000,30476340,0,3,106,false,0
20396,0,0,41901660,72383150,30481490,0,5,108,false,0
20397,0,0,41901660,72387050,30485390,0,0,78,false,0
20398,0,0,41901660,72392200,30490540,0,14,117,false,0
20399,0,0,41901660,72392200,30490540,0,92,92,true,0
20400,0,0,41901660,72397350,30495690,0,9,112,false,0
20401,0,0,41901660,72402050,30500390,0,0,94,false,0
20402,0,0,41901660,72407200,30505540,0,12,115,false,0
20403,0,0,41901660,72412200,30510540,0,0,100,false,0
20404,0,0,41901660,72412200,30510540,0,103,103,true,0
20405,0,0,41901660,72417350,30515690,0,0,103,false,0
20406,0,0,41901660,72422250,30520590,0,0,98,false,0
20407,0,0,41901660,72427100,30525440,0,0,97,false,0
20408,0,0,41901660,72427100,30525440,0,105,105,true,0
20409,0,0,41901660,72427100,30525440,0,109,109,true,0
20410,0,0,41901660,72431650,30529990,0,0,91,false,0
20411,0,0,41901660,72435250,30533590,0,0,72,false,0
20412,0,0,41901660,72440100,30538440,0,0,97,false,0
20413,0,0,41901660,72440100,30538440,0,85,85,true,0
20414,0,0,41901660,72445050,30543390,0,0,99,false,0
20415,0,0,41901660,72450200,30548540,0,1,104,false,0
20416,0,0,41901660,72455350,30553690,0,4,107,false,0
20417,0,0,41901660,72460300,30558640,0,0,99,false,0
20418,0,0,41901660,72460300,30558640,0,95,95,true,0
20419,0,0,41901660,72465450,30563790,0,6,109,false,0
20420,0,0,41901660,72470600,30568940,0,7,110,false,0
20421,0,0,41901660,72470600,30568940,0,70,70,true,0
20422,0,0,41901660,72470600,30568940,0,94,94,true,0
20423,0,0,41901660,72475750,30574090,0,9,112,false,0
20424,0,0,41901660,72480900,30579240,0,7,110,false,0
20425,0,0,41901660,72485750,30584090,0,0,97,false,0
20426,0,0,41901660,72490850,30589190,0,0,102,false,0
20427,0,0,41901660,72496000,30594340,0,1,104,false,0
20428,0,0,41901660,72496000,30594340,0,88,88,true,0
20429,0,0,41901660,72501150,30599490,0,8,111,false,0
20430,0,0,41901660,72506300,30604640,0,2,105,false,0
20431,0,0,41901660,72511150,30609490,0,0,97,false,0
20432,0,0,41901660,72511150,30609490,0,99,99,true,0
20433,0,0,41901660,72511150,30609490,0,103,103,true,0
20434,0,0,41901660,72516050,30614390,0,0,98,false,0
20435,0,0,41901660,72520850,30619190,0,0,96,false,0
20436,0,0,42008280,72526000,30517720,0,11,114,false,0
20437,0,0,42008280,72531150,30522870,0,5,108,false,0
20438,0,0,42008280,72535200,30526920,0,0,81,false,0
20439,0,0,42008280,72540250,30531970,0,0,101,false,0
20440,0,0,42008280,72540250,30531970,0,97,97,true,0
20441,0,0,42008280,72540250,30531970,0,96,96,true,0
20442,0,0,42008280,72540250,30531970,0,97,97,true,0
20443,0,0,42008280,72545400,30537120,0,6,109,false,0
20444,0,0,42008280,72550450,30542170,0,0,101,false,0
20445,0,0,42008280,72550450,30542170,0,99,99,true,0
20446,0,0,42008280,72550450,30542170,0,105,105,true,0
20447,0,0,42008280,72550450,30542170,0,80,80,true,0
20448,0,0,42008280,72550450,30542170,0,94,94,true,0
20449,0,0,42008280,72550450,30542170,0,97,97,true,0
20450,0,0,42008280,72550450,30542170,0,99,99,true,0
20451,0,0,42008280,72550450,30542170,0,114,114,true,0
20452,0,0,42008280,72555600,30547320,0,5,108,false,0
20453,0,0,42008280,72559900,30551620,0,0,86,false,0
20454,0,0,42008280,72565050,30556770,0,20,123,false,0
20455,0,0,42008280,72565050,30556770,0,103,103,true,0
20456,0,0,42008280,72565050,30556770,0,116,116,true,0
20457,0,0,42008280,72565050,30556770,0,110,110,true,0
20458,0,0,42008280,72565050,30556770,0,102,102,true,0
20459,0,0,42008280,72565050,30556770,0,103,103,true,0
20460,0,0,42008280,72565050,30556770,0,89,89,true,0
20461,0,0,42008280,72569800,30561520,0,0,95,false,0
20462,0,0,42008280,72574350,30566070,0,0,91,false,0
20463,0,0,42008280,72579500,30571220,0,7,110,false,0
20464,0,0,42008280,72579500,30571220,0,96,96,true,0
20465,0,0,42008280,72583800,30575520,0,0,86,false,0
20466,0,0,42008280,72588950,30580670,0,4,107,false,0
20467,0,0,42008280,72594100,30585820,0,2,105,false,0
20468,0,0,42008280,72599250,30590970,0,22,125,false,0
20469,0,0,42008280,72603950,30595670,0,0,94,false,0
20470,0,0,42008280,72608800,30600520,0,0,97,false,0
20471,0,0,42008280,72613500,30605220,0,0,94,false,0
20472,0,0,42008280,72618650,30610370,0,10,113,false,0
20473,0,0,42008280,72623800,30615520,0,0,103,false,0
20474,0,0,42008280,72623800,30615520,0,89,89,true,0
20475,0,0,42008280,72623800,30615520,0,98,98,true,0
20476,0,0,42008280,72628950,30620670,0,3,106,false,0
20477,0,0,42008280,72633750,30625470,0,0,96,false,0
20478,0,0,42008280,72638900,30630620,0,6,109,false,0
20479,0,0,42008280,72644050,30635770,0,6,109,false,0
20480,0,0,42008280,72649200,30640920,0,12,115,false,0
20481,0,0,42008280,72653600,30645320,0,0,88,false,0
20482,0,0,42008280,72658350,30650070,0,0,95,false,0
20483,0,0,42008280,72663500,30655220,0,6,109,false,0
20484,0,0,42008280,72668600,30660320,0,0,102,false,0
20485,0,0,42008280,72673750,30665470,0,21,124,false,0
20486,0,0,42008280,72673750,30665470,0,110,110,true,0
20487,0,0,42008280,72673750,30665470,0,94,94,true,0
20488,0,0,42114900,72677900,30563000,0,0,83,false,0
20489,0,0,42114900,72682650,30567750,0,0,95,false,0
20490,0,0,42114900,72686800,30571900,0,0,83,false,0
20491,0,0,42114900,72691950,30577050,0,3,106,false,0
20492,0,0,42114900,72697050,30582150,0,0,102,false,0
20493,0,0,42114900,72701650,30586750,0,0,92,false,0
20494,0,0,42114900,72706800,30591900,0,10,113,false,0
20495,0,0,42114900,72711650,30596750,0,0,97,false,0
20496,0,0,42114900,72716800,30601900,0,7,110,false,0
20497,0,0,42114900,72721650,30606750,0,0,97,false,0
20498,0,0,42114900,72726800,30611900,0,6,109,false,0
20499,0,0,42114900,72726800,30611900,0,101,101,true,0
20500,0,0,42114900,72726800,30611900,0,109,109,true,0
20501,0,0,42114900,72726800,30611900,0,112,112,true,0
20502,0,0,42114900,72726800,30611900,0,110,110,true,0
20503,0,0,42114900,72731600,30616700,0,0,96,false,0
20504,0,0,42114900,72736050,30621150,0,0,89,false,0
20505,0,0,42114900,72740900,30626000,0,0,97,false,0
20506,0,0,42114900,72746050,30631150,0,0,103,false,0
20507,0,0,42114900,72751200,30636300,0,3,106,false,0
20508,0,0,42114900,72751200,30636300,0,91,91,true,0
20509,0,0,42114900,72751200,30636300,0,94,94,true,0
20510,0,0,42114900,72751200,30636300,0,109,109,true,0
20511,0,0,42114900,72751200,30636300,0,102,102,true,0
20512,0,0,42114900,72751200,30636300,0,118,118,true,0
20513,0,0,42114900,72756350,30641450,0,7,110,false,0
20514,0,0,42114900,72761250,30646350,0,0,98,false,0
20515,0,0,42114900,72766400,30651500,0,5,108,false,0
20516,0,0,42114900,72771550,30656650,0,4,107,false,0
20517,0,0,42114900,72776700,30661800,0,8,111,false,0
20518,0,0,42114900,72781700,30666800,0,0,100,false,0
20519,0,0,42114900,72786850,30671950,0,5,108,false,0
20520,0,0,42114900,72791450,30676550,0,0,92,false,0
20521,0,0,42114900,72796250,30681350,0,0,96,false,0
20522,0,0,42114900,72800900,30686000,0,0,93,false,0
20523,0,0,42114900,72806050,30691150,0,6,109,false,0
20524,0,0,42114900,72811200,30696300,0,6,109,false,0
20525,0,0,42114900,72816350,30701450,0,10,113,false,0
20526,0,0,42114900,72821500,30706600,0,9,112,false,0
20527,0,0,42114900,72826650,30711750,0,12,115,false,0
20528,0,0,42114900,72831800,30716900,0,11,114,false,0
20529,0,0,42114900,72836250,30721350,0,0,89,false,0
20530,0,0,42114900,72841400,30726500,0,0,103,false,0
20531,0,0,42114900,72846550,30731650,0,6,109,false,0
20532,0,0,42114900,72851700,30736800,0,5,108,false,0
20533,0,0,42114900,72856450,30741550,0,0,95,false,0
20534,0,0,42114900,72856450,30741550,0,86,86,true,0
20535,0,0,42114900,72856450,30741550,0,99,99,true,0
20536,0,0,42114900,72856450,30741550,0,105,105,true,0
20537,0,0,42114900,72861350,30746450,0,0,98,false,0
20538,0,0,42114900,72866350,30751450,0,0,100,false,0
20539,0,0,42114900,72870900,30756000,0,0,91,false,0
20540,0,0,42221520,72876050,30654530,0,17,120,false,0
20541,0,0,42221520,72880350,30658830,0,0,86,false,0
20542,0,0,42221520,72884450,30662930,0,0,82,false,0
20543,0,0,42221520,72884450,30662930,0,101,101,true,0
20544,0,0,42221520,72889600,30668080,0,1,104,false,0
20545,0,0,42221520,72894750,30673230,0,16,119,false,0
20546,0,0,42221520,72898950,30677430,0,0,84,false,0
20547,0,0,42221520,72904100,30682580,0,6,109,false,0
20548,0,0,42221520,72904100,30682580,0,104,104,true,0
20549,0,0,42221520,72904100,30682580,0,82,82,true,0
20550,0,0,42221520,72904100,30682580,0,96,96,true,0
20551,0,0,42221520,72904100,30682580,0,102,102,true,0
20552,0,0,42221520,72909250,30687730,0,11,114,false,0
20553,0,0,42221520,72914350,30692830,0,0,102,false,0
20554,0,0,42221520,72919500,30697980,0,31,134,false,0
20555,0,0,42221520,72924300,30702780,0,0,96,false,0
20556,0,0,42221520,72929450,30707930,0,2,105,false,0
20557,0,0,42221520,72934600,30713080,0,9,112,false,0
20558,0,0,42221520,72934600,30713080,0,87,87,true,0
20559,0,0,42221520,72939750,30718230,0,2,105,false,0
20560,0,0,42221520,72944900,30723380,0,9,112,false,0
20561,0,0,42221520,72950050,30728530,0,2,105,false,0
20562,0,0,42221520,72954850,30733330,0,0,96,false,0
20563,0,0,42221520,72959500,30737980,0,0,93,false,0
20564,0,0,42221520,72963750,30742230,0,0,85,false,0
20565,0,0,42221520,72968900,30747380,0,4,107,false,0
20566,0,0,42221520,72973400,30751880,0,0,90,false,0
20567,0,0,42221520,72977550,30756030,0,0,83,false,0
20568,0,0,42221520,72982700,30761180,0,11,114,false,0
20569,0,0,42221520,72987000,30765480,0,0,86,false,0
20570,0,0,42221520,72987000,30765480,0,111,111,true,0
20571,0,0,42221520,72987000,30765480,0,105,105,true,0
20572,0,0,42221520,72990650,30769130,0,0,73,false,0
20573,0,0,42221520,72995650,30774130,0,0,100,false,0
20574,0,0,42221520,73000250,30778730,0,0,92,false,0
20575,0,0,42221520,73005100,30783580,0,0,97,false,0
20576,0,0,42221520,73010000,30788480,0,0,98,false,0
20577,0,0,42221520,73014900,30793380,0,0,98,false,0
20578,0,0,42221520,73014900,30793380,0,94,94,true,0
20579,0,0,42221520,73014900,30793380,0,98,98,true,0
20580,0,0,42221520,73020050,30798530,0,1,104,false,0
20581,0,0,42221520,73025200,30803680,0,4,107,false,0
20582,0,0,42221520,73030350,30808830,0,2,105,false,0
20583,0,0,42221520,73030350,30808830,0,103,103,true,0
20584,0,0,42221520,73034500,30812980,0,0,83,false,0
20585,0,0,42221520,73038750,30817230,0,0,85,false,0
20586,0,0,42221520,73038750,30817230,0,103,103,true,0
20587,0,0,42221520,73038750,30817230,0,114,114,true,0
20588,0,0,42221520,73038750,30817230,0,95,95,true,0
20589,0,0,42221520,73043900,30822380,0,1,104,false,0
20590,0,0,42221520,73049050,30827530,0,0,103,false,0
20591,0,0,42221520,73049050,30827530,0,103,103,true,0
20592,0,0,42328140,73049050,30720910,0,114,114,true,0
20593,0,0,42328140,73053350,30725210,0,0,86,false,0
20594,0,0,42328140,73057850,30729710,0,0,90,false,0
20595,0,0,42328140,73057850,30729710,0,108,108,true,0
20596,0,0,42328140,73063000,30734860,0,13,116,false,0
20597,0,0,42328140,73068150,30740010,0,8,111,false,0
20598,0,0,42328140,73073300,30745160,0,2,105,false,0
20599,0,0,42328140,73078450,30750310,0,21,124,false,0
20600,0,0,42328140,73083600,30755460,0,2,105,false,0
20601,0,0,42328140,73088750,30760610,0,8,111,false,0
20602,0,0,42328140,73093900,30765760,0,10,113,false,0
20603,0,0,42328140,73099050,30770910,0,5,108,false,0
20604,0,0,42328140,73104150,30776010,0,0,102,false,0
20605,0,0,42328140,73109150,30781010,0,0,100,false,0
20606,0,0,42328140,73109150,30781010,0,97,97,true,0
20607,0,0,42328140,73114150,30786010,0,0,100,false,0
20608,0,0,42328140,73119250,30791110,0,0,102,false,0
20609,0,0,42328140,73124050,30795910,0,0,96,false,0
20610,0,0,42328140,73128850,30800710,0,0,96,false,0
20611,0,0,42328140,73133900,30805760,0,0,101,false,0
20612,0,0,42328140,73139050,30810910,0,1,104,false,0
20613,0,0,42328140,73144200,30816060,0,6,109,false,0
20614,0,0,42328140,73149350,30821210,0,9,112,false,0
20615,0,0,42328140,73154500,30826360,0,3,106,false,0
20616,0,0,42328140,73159650,30831510,0,2,105,false,0
20617,0,0,42328140,73164700,30836560,0,0,101,false,0
20618,0,0,42328140,73169800,30841660,0,0,102,false,0
20619,0,0,42328140,73174900,30846760,0,0,102,false,0
20620,0,0,42328140,73179750,30851610,0,0,97,false,0
20621,0,0,42328140,73182950,30854810,0,0,64,false,0
20622,0,0,42328140,73188100,30859960,0,2,105,false,0
20623,0,0,42328140,73193200,30865060,0,0,102,false,0
20624,0,0,42328140,73193200,30865060,0,107,107,true,0
20625,0,0,42328140,73193200,30865060,0,89,89,true,0
20626,0,0,42328140,73197750,30869610,0,0,91,false,0
20627,0,0,42328140,73202900,30874760,0,5,108,false,0
20628,0,0,42328140,73208050,30879910,0,6,109,false,0
20629,0,0,42328140,73212450,30884310,0,0,88,false,0
20630,0,0,42328140,73216650,30888510,0,0,84,false,0
20631,0,0,42328140,73221650,30893510,0,0,100,false,0
20632,0,0,42328140,73226600,30898460,0,0,99,false,0
20633,0,0,42328140,73226600,30898460,0,91,91,true,0
20634,0,0,42328140,73226600,30898460,0,112,112,true,0
20635,0,0,42328140,73231750,30903610,0,8,111,false,0
20636,0,0,42328140,73236000,30907860,0,0,85,false,0
20637,0,0,42328140,73240250,30912110,0,0,85,false,0
20638,0,0,42328140,73245050,30916910,0,0,96,false,0
20639,0,0,42328140,73249450,30921310,0,0,88,false,0
20640,0,0,42328140,73249450,30921310,0,114,114,true,0
20641,0,0,42328140,73249450,30921310,0,130,130,true,0
20642,0,0,42328140,73249450,30921310,0,96,96,true,0
20643,0,0,42328140,73254200,30926060,0,0,95,false,0
20644,0,0,42434760,73259350,30824590,0,5,108,false,0
20645,0,0,42434760,73264100,30829340,0,0,95,false,0
20646,0,0,42434760,73269100,30834340,0,0,100,false,0
20647,0,0,42434760,73274250,30839490,0,1,104,false,0
20648,0,0,42434760,73279100,30844340,0,0,97,false,0
20649,0,0,42434760,73279100,30844340,0,101,101,true,0
20650,0,0,42434760,73284250,30849490,0,15,118,false,0
20651,0,0,42434760,73288450,30853690,0,0,84,false,0
20652,0,0,42434760,73288450,30853690,0,70,70,true,0
20653,0,0,42434760,73288450,30853690,0,111,111,true,0
20654,0,0,42434760,73293150,30858390,0,0,94,false,0
20655,0,0,42434760,73298300,30863540,0,1,104,false,0
20656,0,0,42434760,73303100,30868340,0,0,96,false,0
20657,0,0,42434760,73308250,30873490,0,9,112,false,0
20658,0,0,42434760,73312900,30878140,0,0,93,false,0
20659,0,0,42434760,73312900,30878140,0,94,94,true,0
20660,0,0,42434760,73317050,30882290,0,0,83,false,0
20661,0,0,42434760,73320850,30886090,0,0,76,false,0
20662,0,0,42434760,73325450,30890690,0,0,92,false,0
20663,0,0,42434760,73330600,30895840,0,9,112,false,0
20664,0,0,42434760,73335000,30900240,0,0,88,false,0
20665,0,0,42434760,73340150,30905390,0,5,108,false,0
20666,0,0,42434760,73344850,30910090,0,0,94,false,0
20667,0,0,42434760,73349800,30915040,0,0,99,false,0
20668,0,0,42434760,73354950,30920190,0,6,109,false,0
20669,0,0,42434760,73354950,30920190,0,110,110,true,0
20670,0,0,42434760,73358400,30923640,0,0,69,false,0
20671,0,0,42434760,73363550,30928790,0,2,105,false,0
20672,0,0,42434760,73363550,30928790,0,111,111,true,0
20673,0,0,42434760,73368300,30933540,0,0,95,false,0
20674,0,0,42434760,73373450,30938690,0,3,106,false,0
20675,0,0,42434760,73373450,30938690,0,94,94,true,0
20676,0,0,42434760,73373450,30938690,0,113,113,true,0
20677,0,0,42434760,73373450,30938690,0,102,102,true,0
20678,0,0,42434760,73377600,30942840,0,0,83,false,0
20679,0,0,42434760,73382650,30947890,0,0,101,false,0
20680,0,0,42434760,73387800,30953040,0,21,124,false,0
20681,0,0,42434760,73392450,30957690,0,0,93,false,0
20682,0,0,42434760,73392450,30957690,0,93,93,true,0
20683,0,0,42434760,73392450,30957690,0,98,98,true,0
20684,0,0,42434760,73392450,30957690,0,98,98,true,0
20685,0,0,42434760,73397450,30962690,0,0,100,false,0
20686,0,0,42434760,73402600,30967840,0,5,108,false,0
20687,0,0,42434760,73406800,30972040,0,0,84,false,0
20688,0,0,42434760,73411950,30977190,0,1,104,false,0
20689,0,0,42434760,73411950,30977190,0,102,102,true,0
20690,0,0,42434760,73417050,30982290,0,0,102,false,0
20691,0,0,42434760,73421650,30986890,0,0,92,false,0
20692,0,0,42434760,73426800,30992040,0,6,109,false,0
20693,0,0,42434760,73431950,30997190,0,1,104,false,0
20694,0,0,42434760,73436650,31001890,0,0,94,false,0
20695,0,0,42434760,73441800,31007040,0,11,114,false,0
20696,0,0,42541380,73446900,30905520,0,0,102,false,0
20697,0,0,42541380,73451600,30910220,0,0,94,false,0
20698,0,0,42541380,73456500,30915120,0,0,98,false,0
20699,0,0,42541380,73461650,30920270,0,5,108,false,0
20700,0,0,42541380,73466800,30925420,0,26,129,false,0
20701,0,0,42541380,73471250,30929870,0,0,89,false,0
20702,0,0,42541380,73475550,30934170,0,0,86,false,0
20703,0,0,42541380,73480500,30939120,0,0,99,false,0
20704,0,0,42541380,73485400,30944020,0,0,98,false,0
20705,0,0,42541380,73490550,30949170,0,9,112,false,0
20706,0,0,42541380,73495400,30954020,0,0,97,false,0
20707,0,0,42541380,73500550,30959170,0,0,103,false,0
20708,0,0,42541380,73500550,30959170,0,95,95,true,0
20709,0,0,42541380,73500550,30959170,0,107,107,true,0
20710,0,0,42541380,73505700,30964320,0,11,114,false,0
20711,0,0,42541380,73509650,30968270,0,0,79,false,0
20712,0,0,42541380,73514800,30973420,0,5,108,false,0
20713,0,0,42541380,73519950,30978570,0,3,106,false,0
20714,0,0,42541380,73524850,30983470,0,0,98,false,0
20715,0,0,42541380,73530000,30988620,0,17,120,false,0
20716,0,0,42541380,73534750,30993370,0,0,95,false,0
20717,0,0,42541380,73539900,30998520,0,4,107,false,0
20718,0,0,42541380,73544800,31003420,0,0,98,false,0
20719,0,0,42541380,73549700,31008320,0,0,98,false,0
20720,0,0,42541380,73554850,31013470,0,13,116,false,0
20721,0,0,42541380,73554850,31013470,0,101,101,true,0
20722,0,0,42541380,73554850,31013470,0,100,100,true,0
20723,0,0,42541380,73560000,31018620,0,5,108,false,0
20724,0,0,42541380,73565150,31023770,0,1,104,false,0
20725,0,0,42541380,73570300,31028920,0,4,107,false,0
20726,0,0,42541380,73575300,31033920,0,0,100,false,0
20727,0,0,42541380,73580450,31039070,0,10,113,false,0
20728,0,0,42541380,73585050,31043670,0,0,92,false,0
20729,0,0,42541380,73590200,31048820,0,6,109,false,0
20730,0,0,42541380,73595350,31053970,0,8,111,false,0
20731,0,0,42541380,73600450,31059070,0,0,102,false,0
20732,0,0,42541380,73600450,31059070,0,100,100,true,0
20733,0,0,42541380,73600450,31059070,0,107,107,true,0
20734,0,0,42541380,73605200,31063820,0,0,95,false,0
20735,0,0,42541380,73610000,31068620,0,0,96,false,0
20736,0,0,42541380,73614650,31073270,0,0,93,false,0
20737,0,0,42541380,73619000,31077620,0,0,87,false,0
20738,0,0,42541380,73619000,31077620,0,97,97,true,0
20739,0,0,42541380,73619000,31077620,0,86,86,true,0
20740,0,0,42541380,73623250,31081870,0,0,85,false,0
20741,0,0,42541380,73628400,31087020,0,9,112,false,0
20742,0,0,42541380,73633300,31091920,0,0,98,false,0
20743,0,0,42541380,73638150,31096770,0,0,97,false,0
20744,0,0,42541380,73643300,31101920,0,6,109,false,0
20745,0,0,42541380,73648050,31106670,0,0,95,false,0
20746,0,0,42541380,73652850,31111470,0,0,96,false,0
20747,0,0,42541380,73657400,31116020,0,0,91,false,0
20748,0,0,42648000,73661900,31013900,0,0,90,false,0
20749,0,0,42648000,73667050,31019050,0,0,103,false,0
20750,0,0,42648000,73671800,31023800,0,0,95,false,0
20751,0,0,42648000,73676900,31028900,0,0,102,false,0
20752,0,0,42648000,73676900,31028900,0,112,112,true,0
20753,0,0,42648000,73681100,31033100,0,0,84,false,0
20754,0,0,42648000,73685800,31037800,0,0,94,false,0
20755,0,0,42648000,73685800,31037800,0,90,90,true,0
20756,0,0,42648000,73690400,31042400,0,0,92,false,0
20757,0,0,42648000,73695050,31047050,0,0,93,false,0
20758,0,0,42648000,73700200,31052200,0,6,109,false,0
20759,0,0,42648000,73704850,31056850,0,0,93,false,0
20760,0,0,42648000,73704850,31056850,0,100,100,true,0
20761,0,0,42648000,73704850,31056850,0,112,112,true,0
20762,0,0,42648000,73704850,31056850,0,96,96,true,0
20763,0,0,42648000,73708450,31060450,0,0,72,false,0
20764,0,0,42648000,73713500,31065500,0,0,101,false,0
20765,0,0,42648000,73718400,31070400,0,0,98,false,0
20766,0,0,42648000,73723150,31075150,0,0,95,false,0
20767,0,0,42648000,73727350,31079350,0,0,84,false,0
20768,0,0,42648000,73732500,31084500,0,18,121,false,0
20769,0,0,42648000,73737200,31089200,0,0,94,false,0
20770,0,0,42648000,73742350,31094350,0,7,110,false,0
20771,0,0,42648000,73747150,31099150,0,0,96,false,0
20772,0,0,42648000,73747150,31099150,0,93,93,true,0
20773,0,0,42648000,73752100,31104100,0,0,99,false,0
20774,0,0,42648000,73757250,31109250,0,14,117,false,0
20775,0,0,42648000,73762400,31114400,0,1,104,false,0
20776,0,0,42648000,73767400,31119400,0,0,100,false,0
20777,0,0,42648000,73772450,31124450,0,0,101,false,0
20778,0,0,42648000,73777600,31129600,0,6,109,false,0
20779,0,0,42648000,73777600,31129600,0,93,93,true,0
20780,0,0,42648000,73777600,31129600,0,115,115,true,0
20781,0,0,42648000,73777600,31129600,0,107,107,true,0
20782,0,0,42648000,73777600,31129600,0,97,97,true,0
20783,0,0,42648000,73777600,31129600,0,97,97,true,0
20784,0,0,42648000,73782750,31134750,0,5,108,false,0
20785,0,0,42648000,73787900,31139900,0,0,103,false,0
20786,0,0,42648000,73792700,31144700,0,0,96,false,0
20787,0,0,42648000,73792700,31144700,0,102,102,true,0
20788,0,0,42648000,73792700,31144700,0,89,89,true,0
20789,0,0,42648000,73792700,31144700,0,89,89,true,0
20790,0,0,42648000,73792700,31144700,0,95,95,true,0
20791,0,0,42648000,73792700,31144700,0,108,108,true,0
20792,0,0,42648000,73792700,31144700,0,85,85,true,0
20793,0,0,42648000,73797150,31149150,0,0,89,false,0
20794,0,0,42648000,73801950,31153950,0,0,96,false,0
20795,0,0,42648000,73806850,31158850,0,0,98,false,0
20796,0,0,42648000,73811900,31163900,0,0,101,false,0
20797,0,0,42648000,73816800,31168800,0,0,98,false,0
20798,0,0,42648000,73821650,31173650,0,0,97,false,0
20799,0,0,42648000,73826750,31178750,0,0,102,false,0
20800,0,0,42754620,73831700,31077080,0,0,99,false,0
20801,0,0,42754620,73836850,31082230,0,13,116,false,0
20802,0,0,42754620,73836850,31082230,0,100,100,true,0
20803,0,0,42754620,73836850,31082230,0,97,97,true,0
20804,0,0,42754620,73836850,31082230,0,86,86,true,0
20805,0,0,42754620,73836850,31082230,0,99,99,true,0
20806,0,0,42754620,73836850,31082230,0,101,101,true,0
20807,0,0,42754620,73836850,31082230,0,91,91,true,0
20808,0,0,42754620,73836850,31082230,0,107,107,true,0
20809,0,0,42754620,73836850,31082230,0,94,94,true,0
20810,0,0,42754620,73836850,31082230,0,98,98,true,0
20811,0,0,42754620,73842000,31087380,0,3,106,false,0
20812,0,0,42754620,73847150,31092530,0,7,110,false,0
20813,0,0,42754620,73847150,31092530,0,101,101,true,0
20814,0,0,42754620,73852200,31097580,0,0,101,false,0
20815,0,0,42754620,73857350,31102730,0,6,109,false,0
20816,0,0,42754620,73862500,31107880,0,20,123,false,0
20817,0,0,42754620,73867650,31113030,0,12,115,false,0
20818,0,0,42754620,73871900,31117280,0,0,85,false,0
20819,0,0,42754620,73871900,31117280,0,85,85,true,0
20820,0,0,42754620,73871900,31117280,0,102,102,true,0
20821,0,0,42754620,73876700,31122080,0,0,96,false,0
20822,0,0,42754620,73881850,31127230,0,16,119,false,0
20823,0,0,42754620,73886500,31131880,0,0,93,false,0
20824,0,0,42754620,73890900,31136280,0,0,88,false,0
20825,0,0,42754620,73896050,31141430,0,10,113,false,0
20826,0,0,42754620,73896050,31141430,0,106,106,true,0
20827,0,0,42754620,73901200,31146580,0,3,106,false,0
20828,0,0,42754620,73905700,31151080,0,0,90,false,0
20829,0,0,42754620,73910450,31155830,0,0,95,false,0
20830,0,0,42754620,73914700,31160080,0,0,85,false,0
20831,0,0,42754620,73919850,31165230,0,1,104,false,0
20832,0,0,42754620,73924400,31169780,0,0,91,false,0
20833,0,0,42754620,73929550,31174930,0,4,107,false,0
20834,0,0,42754620,73934700,31180080,0,28,131,false,0
20835,0,0,42754620,73939850,31185230,0,17,120,false,0
20836,0,0,42754620,73945000,31190380,0,0,103,false,0
20837,0,0,42754620,73945000,31190380,0,94,94,true,0
20838,0,0,42754620,73945000,31190380,0,105,105,true,0
20839,0,0,42754620,73945000,31190380,0,111,111,true,0
20840,0,0,42754620,73950000,31195380,0,0,100,false,0
20841,0,0,42754620,73954550,31199930,0,0,91,false,0
20842,0,0,42754620,73959550,31204930,0,0,100,false,0
20843,0,0,42754620,73964150,31209530,0,0,92,false,0
20844,0,0,42754620,73969150,31214530,0,0,100,false,0
20845,0,0,42754620,73974150,31219530,0,0,100,false,0
20846,0,0,42754620,73978350,31223730,0,0,84,false,0
20847,0,0,42754620,73983000,31228380,0,0,93,false,0
20848,0,0,42754620,73987500,31232880,0,0,90,false,0
20849,0,0,42754620,73987500,31232880,0,105,105,true,0
20850,0,0,42754620,73987500,31232880,0,91,91,true,0
20851,0,0,42754620,73992100,31237480,0,0,92,false,0
20852,0,0,42861240,73997250,31136010,0,15,118,false,0
20853,0,0,42861240,74001600,31140360,0,0,87,false,0
20854,0,0,42861240,74001600,31140360,0,90,90,true,0
20855,0,0,42861240,74006750,31145510,0,0,103,false,0
20856,0,0,42861240,74011750,31150510,0,0,100,false,0
20857,0,0,42861240,74016900,31155660,0,17,120,false,0
20858,0,0,42861240,74022050,31160810,0,16,119,false,0
20859,0,0,42861240,74027200,31165960,0,10,113,false,0
20860,0,0,42861240,74032300,31171060,0,0,102,false,0
20861,0,0,42861240,74037450,31176210,0,1,104,false,0
20862,0,0,42861240,74042600,31181360,0,5,108,false,0
20863,0,0,42861240,74047750,31186510,0,16,119,false,0
20864,0,0,42861240,74047750,31186510,0,102,102,true,0
20865,0,0,42861240,74052400,31191160,0,0,93,false,0
20866,0,0,42861240,74056850,31195610,0,0,89,false,0
20867,0,0,42861240,74060850,31199610,0,0,80,false,0
20868,0,0,42861240,74066000,31204760,0,17,120,false,0
20869,0,0,42861240,74070800,31209560,0,0,96,false,0
20870,0,0,42861240,74075950,31214710,0,5,108,false,0
20871,0,0,42861240,74080850,31219610,0,0,98,false,0
20872,0,0,42861240,74086000,31224760,0,0,103,false,0
20873,0,0,42861240,74090550,31229310,0,0,91,false,0
20874,0,0,42861240,74095700,31234460,0,4,107,false,0
20875,0,0,42861240,74100850,31239610,0,1,104,false,0
20876,0,0,42861240,74105750,31244510,0,0,98,false,0
20877,0,0,42861240,74105750,31244510,0,92,92,true,0
20878,0,0,42861240,74105750,31244510,0,101,101,true,0
20879,0,0,42861240,74109950,31248710,0,0,84,false,0
20880,0,0,42861240,74113550,31252310,0,0,72,false,0
20881,0,0,42861240,74118050,31256810,0,0,90,false,0
20882,0,0,42861240,74123200,31261960,0,4,107,false,0
20883,0,0,42861240,74127650,31266410,0,0,89,false,0
20884,0,0,42861240,74127650,31266410,0,101,101,true,0
20885,0,0,42861240,74127650,31266410,0,106,106,true,0
20886,0,0,42861240,74132050,31270810,0,0,88,false,0
20887,0,0,42861240,74136550,31275310,0,0,90,false,0
20888,0,0,42861240,74141700,31280460,0,0,103,false,0
20889,0,0,42861240,74146850,31285610,0,8,111,false,0
20890,0,0,42861240,74146850,31285610,0,94,94,true,0
20891,0,0,42861240,74152000,31290760,0,3,106,false,0
20892,0,0,42861240,74156650,31295410,0,0,93,false,0
20893,0,0,42861240,74161800,31300560,0,7,110,false,0
20894,0,0,42861240,74166450,31305210,0,0,93,false,0
20895,0,0,42861240,74166450,31305210,0,98,98,true,0
20896,0,0,42861240,74170150,31308910,0,0,74,false,0
20897,0,0,42861240,74175300,31314060,0,0,103,false,0
20898,0,0,42861240,74180050,31318810,0,0,95,false,0
20899,0,0,42861240,74184850,31323610,0,0,96,false,0
20900,0,0,42861240,74189700,31328460,0,0,97,false,0
20901,0,0,42861240,74194850,31333610,0,5,108,false,0
20902,0,0,42861240,74200000,31338760,0,16,119,false,0
20903,0,0,42861240,74205000,31343760,0,0,100,false,0
20904,0,0,42967860,74209750,31241890,0,0,95,false,0
20905,0,0,42967860,74214150,31246290,0,0,88,false,0
20906,0,0,42967860,74219300,31251440,0,5,108,false,0
20907,0,0,42967860,74224100,31256240,0,0,96,false,0
20908,0,0,42967860,74229100,31261240,0,0,100,false,0
20909,0,0,42967860,74233550,31265690,0,0,89,false,0
20910,0,0,42967860,74238000,31270140,0,0,89,false,0
20911,0,0,42967860,74243150,31275290,0,5,108,false,0
20912,0,0,42967860,74243150,31275290,0,105,105,true,0
20913,0,0,42967860,74243150,31275290,0,103,103,true,0
20914,0,0,42967860,74243150,31275290,0,101,101,true,0
20915,0,0,42967860,74243150,31275290,0,100,100,true,0
20916,0,0,42967860,74243150,31275290,0,106,106,true,0
20917,0,0,42967860,74243150,31275290,0,105,105,true,0
20918,0,0,42967860,74248150,31280290,0,0,100,false,0
20919,0,0,42967860,74253300,31285440,0,13,116,false,0
20920,0,0,42967860,74257700,31289840,0,0,88,false,0
20921,0,0,42967860,74257700,31289840,0,90,90,true,0
20922,0,0,42967860,74257700,31289840,0,110,110,true,0
20923,0,0,42967860,74262550,31294690,0,0,97,false,0
20924,0,0,42967860,74267250,31299390,0,0,94,false,0
20925,0,0,42967860,74271500,31303640,0,0,85,false,0
20926,0,0,42967860,74276300,31308440,0,0,96,false,0
20927,0,0,42967860,74280950,31313090,0,0,93,false,0
20928,0,0,42967860,74286100,31318240,0,5,108,false,0
20929,0,0,42967860,74291250,31323390,0,7,110,false,0
20930,0,0,42967860,74291250,31323390,0,106,106,true,0
20931,0,0,42967860,74291250,31323390,0,99,99,true,0
20932,0,0,42967860,74291250,31323390,0,86,86,true,0
20933,0,0,42967860,74291250,31323390,0,101,101,true,0
20934,0,0,42967860,74296400,31328540,0,10,113,false,0
20935,0,0,42967860,74300150,31332290,0,0,75,false,0
20936,0,0,42967860,74304100,31336240,0,0,79,false,0
20937,0,0,42967860,74304100,31336240,0,92,92,true,0
20938,0,0,42967860,74304100,31336240,0,94,94,true,0
20939,0,0,42967860,74304100,31336240,0,99,99,true,0
20940,0,0,42967860,74304100,31336240,0,113,113,true,0
20941,0,0,42967860,74308750,31340890,0,0,93,false,0
20942,0,0,42967860,74313800,31345940,0,0,101,false,0
20943,0,0,42967860,74318150,31350290,0,0,87,false,0
20944,0,0,42967860,74318150,31350290,0,104,104,true,0
20945,0,0,42967860,74318150,31350290,0,100,100,true,0
20946,0,0,42967860,74318150,31350290,0,103,103,true,0
20947,0,0,42967860,74318150,31350290,0,94,94,true,0
20948,0,0,42967860,74318150,31350290,0,104,104,true,0
20949,0,0,42967860,74318150,31350290,0,116,116,true,0
20950,0,0,42967860,74318150,31350290,0,102,102,true,0
20951,0,0,42967860,74323300,31355440,0,8,111,false,0
20952,0,0,42967860,74328450,31360590,0,0,103,false,0
20953,0,0,42967860,74332900,31365040,0,0,89,false,0
20954,0,0,42967860,74338050,31370190,0,2,105,false,0
20955,0,0,42967860,74343200,31375340,0,11,114,false,0
20956,0,0,43074480,74343200,31268720,0,108,108,true,0
20957,0,0,43074480,74348350,31273870,0,3,106,false,0
20958,0,0,43074480,74353300,31278820,0,0,99,false,0
20959,0,0,43074480,74358300,31283820,0,0,100,false,0
20960,0,0,43074480,74363350,31288870,0,0,101,false,0
20961,0,0,43074480,74363350,31288870,0,122,122,true,0
20962,0,0,43074480,74368500,31294020,0,10,113,false,0
20963,0,0,43074480,74373300,31298820,0,0,96,false,0
20964,0,0,43074480,74373300,31298820,0,96,96,true,0
20965,0,0,43074480,74377450,31302970,0,0,83,false,0
20966,0,0,43074480,74382600,31308120,0,2,105,false,0
20967,0,0,43074480,74387750,31313270,0,10,113,false,0
20968,0,0,43074480,74392600,31318120,0,0,97,false,0
20969,0,0,43074480,74396450,31321970,0,0,77,false,0
20970,0,0,43074480,74401400,31326920,0,0,99,false,0
20971,0,0,43074480,74406250,31331770,0,0,97,false,0
20972,0,0,43074480,74410450,31335970,0,0,84,false,0
20973,0,0,43074480,74415350,31340870,0,0,98,false,0
20974,0,0,43074480,74415350,31340870,0,104,104,true,0
20975,0,0,43074480,74415350,31340870,0,115,115,true,0
20976,0,0,43074480,74415350,31340870,0,109,109,true,0
20977,0,0,43074480,74415350,31340870,0,123,123,true,0
20978,0,0,43074480,74415350,31340870,0,109,109,true,0
20979,0,0,43074480,74420500,31346020,0,15,118,false,0
20980,0,0,43074480,74425650,31351170,0,9,112,false,0
20981,0,0,43074480,74430800,31356320,0,3,106,false,0
20982,0,0,43074480,74435600,31361120,0,0,96,false,0
20983,0,0,43074480,74435600,31361120,0,84,84,true,0
20984,0,0,43074480,74435600,31361120,0,103,103,true,0
20985,0,0,43074480,74435600,31361120,0,104,104,true,0
20986,0,0,43074480,74435600,31361120,0,91,91,true,0
20987,0,0,43074480,74435600,31361120,0,104,104,true,0
20988,0,0,43074480,74435600,31361120,0,81,81,true,0
20989,0,0,43074480,74435600,31361120,0,86,86,true,0
20990,0,0,43074480,74440750,31366270,0,7,110,false,0
20991,0,0,43074480,74445700,31371220,0,0,99,false,0
20992,0,0,43074480,74450400,31375920,0,0,94,false,0
20993,0,0,43074480,74455550,31381070,0,3,106,false,0
20994,0,0,43074480,74460700,31386220,0,12,115,false,0
20995,0,0,43074480,74465800,31391320,0,0,102,false,0
20996,0,0,43074480,74470500,31396020,0,0,94,false,0
20997,0,0,43074480,74475650,31401170,0,10,113,false,0
20998,0,0,43074480,74475650,31401170,0,98,98,true,0
20999,0,0,43074480,74480800,31406320,0,5,108,false,0
21000,0,0,43074480,74485950,31411470,0,0,103,false,0
21001,0,0,43074480,74491000,31416520,0,0,101,false,0
21002,0,0,43074480,74496000,31421520,0,0,100,false,0
21003,0,0,43074480,74500900,31426420,0,0,98,false,0
21004,0,0,43074480,74505600,31431120,0,0,94,false,0
21005,0,0,43074480,74510750,31436270,0,11,114,false,0
21006,0,0,43074480,74515900,31441420,0,16,119,false,0
21007,0,0,43074480,74520550,31446070,0,0,93,false,0
21008,0,0,43181100,74525400,31344300,0,0,97,false,0
21009,0,0,43181100,74525400,31344300,0,101,101,true,0
21010,0,0,43181100,74525400,31344300,0,92,92,true,0
21011,0,0,43181100,74525400,31344300,0,96,96,true,0
21012,0,0,43181100,74525400,31344300,0,77,77,true,0
21013,0,0,43181100,74525400,31344300,0,91,91,true,0
21014,0,0,43181100,74525400,31344300,0,102,102,true,0
21015,0,0,43181100,74525400,31344300,0,86,86,true,0
21016,0,0,43181100,74525400,31344300,0,92,92,true,0
21017,0,0,43181100,74525400,31344300,0,100,100,true,0
21018,0,0,43181100,74530150,31349050,0,0,95,false,0
21019,0,0,43181100,74535300,31354200,0,7,110,false,0
21020,0,0,43181100,74540250,31359150,0,0,99,false,0
21021,0,0,43181100,74545200,31364100,0,0,99,false,0
21022,0,0,43181100,74550350,31369250,0,0,103,false,0
21023,0,0,43181100,74555500,31374400,0,8,111,false,0
21024,0,0,43181100,74559550,31378450,0,0,81,false,0
21025,0,0,43181100,74564000,31382900,0,0,89,false,0
21026,0,0,43181100,74568550,31387450,0,0,91,false,0
21027,0,0,43181100,74572750,31391650,0,0,84,false,0
21028,0,0,43181100,74572750,31391650,0,118,118,true,0
21029,0,0,43181100,74572750,31391650,0,118,118,true,0
21030,0,0,43181100,74572750,31391650,0,108,108,true,0
21031,0,0,43181100,74577450,31396350,0,0,94,false,0
21032,0,0,43181100,74582600,31401500,0,1,104,false,0
21033,0,0,43181100,74586950,31405850,0,0,87,false,0
21034,0,0,43181100,74591550,31410450,0,0,92,false,0
21035,0,0,43181100,74596200,31415100,0,0,93,false,0
21036,0,0,43181100,74596200,31415100,0,88,88,true,0
21037,0,0,43181100,74600800,31419700,0,0,92,false,0
21038,0,0,43181100,74605950,31424850,0,12,115,false,0
21039,0,0,43181100,74605950,31424850,0,89,89,true,0
21040,0,0,43181100,74605950,31424850,0,95,95,true,0
21041,0,0,43181100,74605950,31424850,0,86,86,true,0
21042,0,0,43181100,74611100,31430000,0,4,107,false,0
21043,0,0,43181100,74616250,31435150,0,0,103,false,0
21044,0,0,43181100,74616250,31435150,0,98,98,true,0
21045,0,0,43181100,74616250,31435150,0,97,97,true,0
21046,0,0,43181100,74621300,31440200,0,0,101,false,0
21047,0,0,43181100,74626350,31445250,0,0,101,false,0
21048,0,0,43181100,74631500,31450400,0,2,105,false,0
21049,0,0,43181100,74636650,31455550,0,7,110,false,0
21050,0,0,43181100,74641800,31460700,0,12,115,false,0
21051,0,0,43181100,74646900,31465800,0,0,102,false,0
21052,0,0,43181100,74651600,31470500,0,0,94,false,0
21053,0,0,43181100,74656550,31475450,0,0,99,false,0
21054,0,0,43181100,74661700,31480600,0,2,105,false,0
21055,0,0,43181100,74666650,31485550,0,0,99,false,0
21056,0,0,43181100,74671250,31490150,0,0,92,false,0
21057,0,0,43181100,74676250,31495150,0,0,100,false,0
21058,0,0,43181100,74681400,31500300,0,13,116,false,0
21059,0,0,43181100,74685900,31504800,0,0,90,false,0
21060,0,0,43287720,74690700,31402980,0,0,96,false,0
21061,0,0,43287720,74690700,31402980,0,101,101,true,0
21062,0,0,43287720,74690700,31402980,0,101,101,true,0
21063,0,0,43287720,74695850,31408130,0,9,112,false,0
21064,0,0,43287720,74700450,31412730,0,0,92,false,0
21065,0,0,43287720,74705500,31417780,0,0,101,false,0
21066,0,0,43287720,74710650,31422930,0,0,103,false,0
21067,0,0,43287720,74710650,31422930,0,100,100,true,0
21068,0,0,43287720,74710650,31422930,0,96,96,true,0
21069,0,0,43287720,74710650,31422930,0,88,88,true,0
21070,0,0,43287720,74710650,31422930,0,82,82,true,0
21071,0,0,43287720,74710650,31422930,0,82,82,true,0
21072,0,0,43287720,74710650,31422930,0,116,116,true,0
21073,0,0,43287720,74710650,31422930,0,99,99,true,0
21074,0,0,43287720,74715800,31428080,0,13,116,false,0
21075,0,0,43287720,74720950,31433230,0,19,122,false,0
21076,0,0,43287720,74720950,31433230,0,103,103,true,0
21077,0,0,43287720,74720950,31433230,0,106,106,true,0
21078,0,0,43287720,74720950,31433230,0,79,79,true,0
21079,0,0,43287720,74726100,31438380,0,2,105,false,0
21080,0,0,43287720,74731250,31443530,0,6,109,false,0
21081,0,0,43287720,74736400,31448680,0,7,110,false,0
21082,0,0,43287720,74741350,31453630,0,0,99,false,0
21083,0,0,43287720,74746500,31458780,0,9,112,false,0
21084,0,0,43287720,74750800,31463080,0,0,86,false,0
21085,0,0,43287720,74755800,31468080,0,0,100,false,0
21086,0,0,43287720,74760950,31473230,0,11,114,false,0
21087,0,0,43287720,74765300,31477580,0,0,87,false,0
21088,0,0,43287720,74765300,31477580,0,117,117,true,0
21089,0,0,43287720,74765300,31477580,0,121,121,true,0
21090,0,0,43287720,74765300,31477580,0,108,108,true,0
21091,0,0,43287720,74770250,31482530,0,0,99,false,0
21092,0,0,43287720,74775400,31487680,0,5,108,false,0
21093,0,0,43287720,74779650,31491930,0,0,85,false,0
21094,0,0,43287720,74783850,31496130,0,0,84,false,0
21095,0,0,43287720,74783850,31496130,0,108,108,true,0
21096,0,0,43287720,74783850,31496130,0,95,95,true,0
21097,0,0,43287720,74783850,31496130,0,107,107,true,0
21098,0,0,43287720,74783850,31496130,0,101,101,true,0
21099,0,0,43287720,74788900,31501180,0,0,101,false,0
21100,0,0,43287720,74794050,31506330,0,13,116,false,0
21101,0,0,43287720,74794050,31506330,0,107,107,true,0
21102,0,0,43287720,74799200,31511480,0,2,105,false,0
21103,0,0,43287720,74803200,31515480,0,0,80,false,0
21104,0,0,43287720,74808250,31520530,0,0,101,false,0
21105,0,0,43287720,74808250,31520530,0,100,100,true,0
21106,0,0,43287720,74808250,31520530,0,81,81,true,0
21107,0,0,43287720,74808250,31520530,0,105,105,true,0
21108,0,0,43287720,74813150,31525430,0,0,98,false,0
21109,0,0,43287720,74818300,31530580,0,8,111,false,0
21110,0,0,43287720,74823450,31535730,0,3,106,false,0
21111,0,0,43287720,74823450,31535730,0,101,101,true,0
21112,0,0,43394340,74823450,31429110,0,105,105,true,0
21113,0,0,43394340,74823450,31429110,0,86,86,true,0
21114,0,0,43394340,74823450,31429110,0,109,109,true,0
21115,0,0,43394340,74823450,31429110,0,107,107,true,0
21116,0,0,43394340,74823450,31429110,0,98,98,true,0
21117,0,0,43394340,74828600,31434260,0,1,104,false,0
21118,0,0,43394340,74833750,31439410,0,1,104,false,0
21119,0,0,43394340,74838100,31443760,0,0,87,false,0
21120,0,0,43394340,74842800,31448460,0,0,94,false,0
21121,0,0,43394340,74847850,31453510,0,0,101,false,0
21122,0,0,43394340,74847850,31453510,0,91,91,true,0
21123,0,0,43394340,74847850,31453510,0,97,97,true,0
21124,0,0,43394340,74852200,31457860,0,0,87,false,0
21125,0,0,43394340,74857250,31462910,0,0,101,false,0
21126,0,0,43394340,74862400,31468060,0,6,109,false,0
21127,0,0,43394340,74867550,31473210,0,11,114,false,0
21128,0,0,43394340,74872700,31478360,0,1,104,false,0
21129,0,0,43394340,74872700,31478360,0,118,118,true,0
21130,0,0,43394340,74877850,31483510,0,9,112,false,0
21131,0,0,43394340,74883000,31488660,0,0,103,false,0
21132,0,0,43394340,74888150,31493810,0,14,117,false,0
21133,0,0,43394340,74892550,31498210,0,0,88,false,0
21134,0,0,43394340,74897700,31503360,0,13,116,false,0
21135,0,0,43394340,74902750,31508410,0,0,101,false,0
21136,0,0,43394340,74907900,31513560,0,11,114,false,0
21137,0,0,43394340,74913050,31518710,0,4,107,false,0
21138,0,0,43394340,74917950,31523610,0,0,98,false,0
21139,0,0,43394340,74917950,31523610,0,90,90,true,0
21140,0,0,43394340,74917950,31523610,0,101,101,true,0
21141,0,0,43394340,74922350,31528010,0,0,88,false,0
21142,0,0,43394340,74927350,31533010,0,0,100,false,0
21143,0,0,43394340,74927350,31533010,0,114,114,true,0
21144,0,0,43394340,74932200,31537860,0,0,97,false,0
21145,0,0,43394340,74937300,31542960,0,0,102,false,0
21146,0,0,43394340,74942450,31548110,0,11,114,false,0
21147,0,0,43394340,74947600,31553260,0,2,105,false,0
21148,0,0,43394340,74952350,31558010,0,0,95,false,0
21149,0,0,43394340,74957500,31563160,0,13,116,false,0
21150,0,0,43394340,74962550,31568210,0,0,101,false,0
21151,0,0,43394340,74967700,31573360,0,2,105,false,0
21152,0,0,43394340,74972050,31577710,0,0,87,false,0
21153,0,0,43394340,74977050,31582710,0,0,100,false,0
21154,0,0,43394340,74981300,31586960,0,0,85,false,0
21155,0,0,43394340,74981300,31586960,0,100,100,true,0
21156,0,0,43394340,74981300,31586960,0,111,111,true,0
21157,0,0,43394340,74981300,31586960,0,97,97,true,0
21158,0,0,43394340,74981300,31586960,0,99,99,true,0
21159,0,0,43394340,74986400,31592060,0,0,102,false,0
21160,0,0,43394340,74991050,31596710,0,0,93,false,0
21161,0,0,43394340,74996000,31601660,0,0,99,false,0
21162,0,0,43394340,75000300,31605960,0,0,86,false,0
21163,0,0,43394340,75005450,31611110,0,16,119,false,0
21164,0,0,43500960,75010600,31509640,0,2,105,false,0
21165,0,0,43500960,75015050,31514090,0,0,89,false,0
21166,0,0,43500960,75018500,31517540,0,0,69,false,0
21167,0,0,43500960,75023650,31522690,0,4,107,false,0
21168,0,0,43500960,75028250,31527290,0,0,92,false,0
21169,0,0,43500960,75033350,31532390,0,0,102,false,0
21170,0,0,43500960,75037700,31536740,0,0,87,false,0
21171,0,0,43500960,75042600,31541640,0,0,98,false,0
21172,0,0,43500960,75042600,31541640,0,91,91,true,0
21173,0,0,43500960,75047200,31546240,0,0,92,false,0
21174,0,0,43500960,75052350,31551390,0,9,112,false,0
21175,0,0,43500960,75057500,31556540,0,9,112,false,0
21176,0,0,43500960,75057500,31556540,0,101,101,true,0
21177,0,0,43500960,75062050,31561090,0,0,91,false,0
21178,0,0,43500960,75067000,31566040,0,0,99,false,0
21179,0,0,43500960,75071850,31570890,0,0,97,false,0
21180,0,0,43500960,75076500,31575540,0,0,93,false,0
21181,0,0,43500960,75081500,31580540,0,0,100,false,0
21182,0,0,43500960,75086550,31585590,0,0,101,false,0
21183,0,0,43500960,75091700,31590740,0,7,110,false,0
21184,0,0,43500960,75095800,31594840,0,0,82,false,0
21185,0,0,43500960,75100200,31599240,0,0,88,false,0
21186,0,0,43500960,75104950,31603990,0,0,95,false,0
21187,0,0,43500960,75109900,31608940,0,0,99,false,0
21188,0,0,43500960,75114150,31613190,0,0,85,false,0
21189,0,0,43500960,75119300,31618340,0,0,103,false,0
21190,0,0,43500960,75124450,31623490,0,14,117,false,0
21191,0,0,43500960,75129600,31628640,0,10,113,false,0
21192,0,0,43500960,75133850,31632890,0,0,85,false,0
21193,0,0,43500960,75139000,31638040,0,2,105,false,0
21194,0,0,43500960,75139000,31638040,0,95,95,true,0
21195,0,0,43500960,75139000,31638040,0,105,105,true,0
21196,0,0,43500960,75143750,31642790,0,0,95,false,0
21197,0,0,43500960,75148850,31647890,0,0,102,false,0
21198,0,0,43500960,75154000,31653040,0,19,122,false,0
21199,0,0,43500960,75159150,31658190,0,5,108,false,0
21200,0,0,43500960,75164300,31663340,0,4,107,false,0
21201,0,0,43500960,75168450,31667490,0,0,83,false,0
21202,0,0,43500960,75168450,31667490,0,109,109,true,0
21203,0,0,43500960,75168450,31667490,0,97,97,true,0
21204,0,0,43500960,75173600,31672640,0,5,108,false,0
21205,0,0,43500960,75178250,31677290,0,0,93,false,0
21206,0,0,43500960,75178250,31677290,0,100,100,true,0
21207,0,0,43500960,75182250,31681290,0,0,80,false,0
21208,0,0,43500960,75186650,31685690,0,0,88,false,0
21209,0,0,43500960,75191800,31690840,0,2,105,false,0
21210,0,0,43500960,75196550,31695590,0,0,95,false,0
21211,0,0,43500960,75196550,31695590,0,95,95,true,0
21212,0,0,43500960,75200600,31699640,0,0,81,false,0
21213,0,0,43500960,75205600,31704640,0,0,100,false,0
21214,0,0,43500960,75210750,31709790,0,0,103,false,0
21215,0,0,43500960,75215650,31714690,0,0,98,false,0
21216,0,0,43607580,75220800,31613220,0,2,105,false,0
21217,0,0,43607580,75225400,31617820,0,0,92,false,0
21218,0,0,43607580,75225400,31617820,0,80,80,true,0
21219,0,0,43607580,75225400,31617820,0,100,100,true,0
21220,0,0,43607580,75225400,31617820,0,96,96,true,0
21221,0,0,43607580,75225400,31617820,0,111,111,true,0
21222,0,0,43607580,75230550,31622970,0,6,109,false,0
21223,0,0,43607580,75235350,31627770,0,0,96,false,0
21224,0,0,43607580,75235350,31627770,0,108,108,true,0
21225,0,0,43607580,75235350,31627770,0,110,110,true,0
21226,0,0,43607580,75240500,31632920,0,14,117,false,0
21227,0,0,43607580,75245650,31638070,0,9,112,false,0
21228,0,0,43607580,75249850,31642270,0,0,84,false,0
21229,0,0,43607580,75255000,31647420,0,5,108,false,0
21230,0,0,43607580,75259750,31652170,0,0,95,false,0
21231,0,0,43607580,75264600,31657020,0,0,97,false,0
21232,0,0,43607580,75269750,31662170,0,6,109,false,0
21233,0,0,43607580,75269750,31662170,0,107,107,true,0
21234,0,0,43607580,75269750,31662170,0,105,105,true,0
21235,0,0,43607580,75269750,31662170,0,117,117,true,0
21236,0,0,43607580,75269750,31662170,0,98,98,true,0
21237,0,0,43607580,75274700,31667120,0,0,99,false,0
21238,0,0,43607580,75279850,31672270,0,15,118,false,0
21239,0,0,43607580,75284650,31677070,0,0,96,false,0
21240,0,0,43607580,75289800,31682220,0,8,111,false,0
21241,0,0,43607580,75294650,31687070,0,0,97,false,0
21242,0,0,43607580,75299800,31692220,0,6,109,false,0
21243,0,0,43607580,75304950,31697370,0,8,111,false,0
21244,0,0,43607580,75310100,31702520,0,3,106,false,0
21245,0,0,43607580,75315250,31707670,0,2,105,false,0
21246,0,0,43607580,75320400,31712820,0,7,110,false,0
21247,0,0,43607580,75325550,31717970,0,9,112,false,0
21248,0,0,43607580,75329900,31722320,0,0,87,false,0
21249,0,0,43607580,75329900,31722320,0,114,114,true,0
21250,0,0,43607580,75329900,31722320,0,96,96,true,0
21251,0,0,43607580,75329900,31722320,0,94,94,true,0
21252,0,0,43607580,75329900,31722320,0,95,95,true,0
21253,0,0,43607580,75329900,31722320,0,94,94,true,0
21254,0,0,43607580,75334400,31726820,0,0,90,false,0
21255,0,0,43607580,75339550,31731970,0,7,110,false,0
21256,0,0,43607580,75344150,31736570,0,0,92,false,0
21257,0,0,43607580,75348650,31741070,0,0,90,false,0
21258,0,0,43607580,75353650,31746070,0,0,100,false,0
21259,0,0,43607580,75358400,31750820,0,0,95,false,0
21260,0,0,43607580,75363150,31755570,0,0,95,false,0
21261,0,0,43607580,75368300,31760720,0,10,113,false,0
21262,0,0,43607580,75372750,31765170,0,0,89,false,0
21263,0,0,43607580,75377900,31770320,0,5,108,false,0
21264,0,0,43607580,75382800,31775220,0,0,98,false,0
21265,0,0,43607580,75387900,31780320,0,0,102,false,0
21266,0,0,43607580,75392500,31784920,0,0,92,false,0
21267,0,0,43607580,75396800,31789220,0,0,86,false,0
21268,0,0,43714200,75401850,31687650,0,0,101,false,0
21269,0,0,43714200,75406250,31692050,0,0,88,false,0
21270,0,0,43714200,75410750,31696550,0,0,90,false,0
21271,0,0,43714200,75415800,31701600,0,0,101,false,0
21272,0,0,43714200,75420950,31706750,0,4,107,false,0
21273,0,0,43714200,75425650,31711450,0,0,94,false,0
21274,0,0,43714200,75425650,31711450,0,96,96,true,0
21275,0,0,43714200,75430650,31716450,0,0,100,false,0
21276,0,0,43714200,75435600,31721400,0,0,99,false,0
21277,0,0,43714200,75440750,31726550,0,2,105,false,0
21278,0,0,43714200,75444800,31730600,0,0,81,false,0
21279,0,0,43714200,75448600,31734400,0,0,76,false,0
21280,0,0,43714200,75453700,31739500,0,0,102,false,0
21281,0,0,43714200,75458850,31744650,0,14,117,false,0
21282,0,0,43714200,75463800,31749600,0,0,99,false,0
21283,0,0,43714200,75463800,31749600,0,98,98,true,0
21284,0,0,43714200,75463800,31749600,0,88,88,true,0
21285,0,0,43714200,75468850,31754650,0,0,101,false,0
21286,0,0,43714200,75473100,31758900,0,0,85,false,0
21287,0,0,43714200,75477950,31763750,0,0,97,false,0
21288,0,0,43714200,75482550,31768350,0,0,92,false,0
21289,0,0,43714200,75487400,31773200,0,0,97,false,0
21290,0,0,43714200,75491700,31777500,0,0,86,false,0
21291,0,0,43714200,75496850,31782650,0,2,105,false,0
21292,0,0,43714200,75501500,31787300,0,0,93,false,0
21293,0,0,43714200,75501500,31787300,0,96,96,true,0
21294,0,0,43714200,75506550,31792350,0,0,101,false,0
21295,0,0,43714200,75511250,31797050,0,0,94,false,0
21296,0,0,43714200,75516100,31801900,0,0,97,false,0
21297,0,0,43714200,75520500,31806300,0,0,88,false,0
21298,0,0,43714200,75525350,31811150,0,0,97,false,0
21299,0,0,43714200,75530200,31816000,0,0,97,false,0
21300,0,0,43714200,75533950,31819750,0,0,75,false,0
21301,0,0,43714200,75533950,31819750,0,97,97,true,0
21302,0,0,43714200,75539100,31824900,0,35,138,false,0
21303,0,0,43714200,75544250,31830050,0,2,105,false,0
21304,0,0,43714200,75548900,31834700,0,0,93,false,0
21305,0,0,43714200,75548900,31834700,0,116,116,true,0
21306,0,0,43714200,75553650,31839450,0,0,95,false,0
21307,0,0,43714200,75558350,31844150,0,0,94,false,0
21308,0,0,43714200,75563350,31849150,0,0,100,false,0
21309,0,0,43714200,75563350,31849150,0,95,95,true,0
21310,0,0,43714200,75563350,31849150,0,97,97,true,0
21311,0,0,43714200,75568200,31854000,0,0,97,false,0
21312,0,0,43714200,75573350,31859150,0,6,109,false,0
21313,0,0,43714200,75577850,31863650,0,0,90,false,0
21314,0,0,43714200,75583000,31868800,0,11,114,false,0
21315,0,0,43714200,75588150,31873950,0,0,103,false,0
21316,0,0,43714200,75592750,31878550,0,0,92,false,0
21317,0,0,43714200,75597800,31883600,0,0,101,false,0
21318,0,0,43714200,75602350,31888150,0,0,91,false,0
21319,0,0,43714200,75606850,31892650,0,0,90,false,0
21320,0,0,43820820,75611600,31790780,0,0,95,false,0
21321,0,0,43820820,75616250,31795430,0,0,93,false,0
21322,0,0,43820820,75620950,31800130,0,0,94,false,0
21323,0,0,43820820,75625350,31804530,0,0,88,false,0
21324,0,0,43820820,75630500,31809680,0,4,107,false,0
21325,0,0,43820820,75630500,31809680,0,119,119,true,0
21326,0,0,43820820,75630500,31809680,0,110,110,true,0
21327,0,0,43820820,75635650,31814830,0,3,106,false,0
21328,0,0,43820820,75640800,31819980,0,1,104,false,0
21329,0,0,43820820,75644800,31823980,0,0,80,false,0
21330,0,0,43820820,75649950,31829130,0,4,107,false,0
21331,0,0,43820820,75654200,31833380,0,0,85,false,0
21332,0,0,43820820,75654200,31833380,0,100,100,true,0
21333,0,0,43820820,75654200,31833380,0,102,102,true,0
21334,0,0,43820820,75659350,31838530,0,3,106,false,0
21335,0,0,43820820,75664500,31843680,0,15,118,false,0
21336,0,0,43820820,75669650,31848830,0,1,104,false,0
21337,0,0,43820820,75673900,31853080,0,0,85,false,0
21338,0,0,43820820,75673900,31853080,0,88,88,true,0
21339,0,0,43820820,75678600,31857780,0,0,94,false,0
21340,0,0,43820820,75683750,31862930,0,14,117,false,0
21341,0,0,43820820,75688450,31867630,0,0,94,false,0
21342,0,0,43820820,75693600,31872780,0,3,106,false,0
21343,0,0,43820820,75698750,31877930,0,4,107,false,0
21344,0,0,43820820,75698750,31877930,0,98,98,true,0
21345,0,0,43820820,75703800,31882980,0,0,101,false,0
21346,0,0,43820820,75707850,31887030,0,0,81,false,0
21347,0,0,43820820,75713000,31892180,0,19,122,false,0
21348,0,0,43820820,75717550,31896730,0,0,91,false,0
21349,0,0,43820820,75722100,31901280,0,0,91,false,0
21350,0,0,43820820,75727250,31906430,0,15,118,false,0
21351,0,0,43820820,75727250,31906430,0,102,102,true,0
21352,0,0,43820820,75727250,31906430,0,87,87,true,0
21353,0,0,43820820,75732400,31911580,0,0,103,false,0
21354,0,0,43820820,75736650,31915830,0,0,85,false,0
21355,0,0,43820820,75741250,31920430,0,0,92,false,0
21356,0,0,43820820,75746400,31925580,0,2,105,false,0
21357,0,0,43820820,75751550,31930730,0,2,105,false,0
21358,0,0,43820820,75756700,31935880,0,3,106,false,0
21359,0,0,43820820,75761200,31940380,0,0,90,false,0
21360,0,0,43820820,75766100,31945280,0,0,98,false,0
21361,0,0,43820820,75766100,31945280,0,102,102,true,0
21362,0,0,43820820,75770900,31950080,0,0,96,false,0
21363,0,0,43820820,75775900,31955080,0,0,100,false,0
21364,0,0,43820820,75781050,31960230,0,16,119,false,0
21365,0,0,43820820,75781050,31960230,0,106,106,true,0
21366,0,0,43820820,75786200,31965380,0,0,103,false,0
21367,0,0,43820820,75791350,31970530,0,2,105,false,0
21368,0,0,43820820,75796050,31975230,0,0,94,false,0
21369,0,0,43820820,75796050,31975230,0,98,98,true,0
21370,0,0,43820820,75796050,31975230,0,96,96,true,0
21371,0,0,43820820,75801050,31980230,0,0,100,false,0
21372,0,0,43927440,75806200,31878760,0,12,115,false,0
21373,0,0,43927440,75811350,31883910,0,6,109,false,0
21374,0,0,43927440,75816150,31888710,0,0,96,false,0
21375,0,0,43927440,75821200,31893760,0,0,101,false,0
21376,0,0,43927440,75821200,31893760,0,96,96,true,0
21377,0,0,43927440,75826000,31898560,0,0,96,false,0
21378,0,0,43927440,75831150,31903710,0,4,107,false,0
21379,0,0,43927440,75835950,31908510,0,0,96,false,0
21380,0,0,43927440,75841100,31913660,0,3,106,false,0
21381,0,0,43927440,75845400,31917960,0,0,86,false,0
21382,0,0,43927440,75849350,31921910,0,0,79,false,0
21383,0,0,43927440,75854350,31926910,0,0,100,false,0
21384,0,0,43927440,75859500,31932060,0,1,104,false,0
21385,0,0,43927440,75864650,31937210,0,1,104,false,0
21386,0,0,43927440,75869450,31942010,0,0,96,false,0
21387,0,0,43927440,75874400,31946960,0,0,99,false,0
21388,0,0,43927440,75879300,31951860,0,0,98,false,0
21389,0,0,43927440,75884450,31957010,0,10,113,false,0
21390,0,0,43927440,75889600,31962160,0,5,108,false,0
21391,0,0,43927440,75894750,31967310,0,5,108,false,0
21392,0,0,43927440,75899500,31972060,0,0,95,false,0
21393,0,0,43927440,75904550,31977110,0,0,101,false,0
21394,0,0,43927440,75909700,31982260,0,3,106,false,0
21395,0,0,43927440,75914700,31987260,0,0,100,false,0
21396,0,0,43927440,75919850,31992410,0,10,113,false,0
21397,0,0,43927440,75919850,31992410,0,102,102,true,0
21398,0,0,43927440,75919850,31992410,0,98,98,true,0
21399,0,0,43927440,75919850,31992410,0,119,119,true,0
21400,0,0,43927440,75919850,31992410,0,117,117,true,0
21401,0,0,43927440,75919850,31992410,0,97,97,true,0
21402,0,0,43927440,75919850,31992410,0,100,100,true,0
21403,0,0,43927440,75919850,31992410,0,97,97,true,0
21404,0,0,43927440,75924800,31997360,0,0,99,false,0
21405,0,0,43927440,75929600,32002160,0,0,96,false,0
21406,0,0,43927440,75934650,32007210,0,0,101,false,0
21407,0,0,43927440,75939750,32012310,0,0,102,false,0
21408,0,0,43927440,75939750,32012310,0,102,102,true,0
21409,0,0,43927440,75939750,32012310,0,115,115,true,0
21410,0,0,43927440,75939750,32012310,0,103,103,true,0
21411,0,0,43927440,75939750,32012310,0,98,98,true,0
21412,0,0,43927440,75939750,32012310,0,96,96,true,0
21413,0,0,43927440,75939750,32012310,0,106,106,true,0
21414,0,0,43927440,75944550,32017110,0,0,96,false,0
21415,0,0,43927440,75949700,32022260,0,15,118,false,0
21416,0,0,43927440,75949700,32022260,0,101,101,true,0
21417,0,0,43927440,75954850,32027410,0,6,109,false,0
21418,0,0,43927440,75959850,32032410,0,0,100,false,0
21419,0,0,43927440,75964950,32037510,0,0,102,false,0
21420,0,0,43927440,75970100,32042660,0,21,124,false,0
21421,0,0,43927440,75975250,32047810,0,4,107,false,0
21422,0,0,43927440,75975250,32047810,0,111,111,true,0
21423,0,0,43927440,75975250,32047810,0,82,82,true,0
21424,0,0,44034060,75980400,31946340,0,3,106,false,0
21425,0,0,44034060,75984700,31950640,0,0,86,false,0
21426,0,0,44034060,75989100,31955040,0,0,88,false,0
21427,0,0,44034060,75994250,31960190,0,0,103,false,0
21428,0,0,44034060,75998950,31964890,0,0,94,false,0
21429,0,0,44034060,76004100,31970040,0,6,109,false,0
21430,0,0,44034060,76004100,31970040,0,98,98,true,0
21431,0,0,44034060,76008550,31974490,0,0,89,false,0
21432,0,0,44034060,76013200,31979140,0,0,93,false,0
21433,0,0,44034060,76018050,31983990,0,0,97,false,0
21434,0,0,44034060,76022500,31988440,0,0,89,false,0
21435,0,0,44034060,76026900,31992840,0,0,88,false,0
21436,0,0,44034060,76032050,31997990,0,4,107,false,0
21437,0,0,44034060,76037000,32002940,0,0,99,false,0
21438,0,0,44034060,76042150,32008090,0,10,113,false,0
21439,0,0,44034060,76046250,32012190,0,0,82,false,0
21440,0,0,44034060,76051400,32017340,0,5,108,false,0
21441,0,0,44034060,76055800,32021740,0,0,88,false,0
21442,0,0,44034060,76055800,32021740,0,95,95,true,0
21443,0,0,44034060,76055800,32021740,0,100,100,true,0
21444,0,0,44034060,76060800,32026740,0,0,100,false,0
21445,0,0,44034060,76065600,32031540,0,0,96,false,0
21446,0,0,44034060,76070350,32036290,0,0,95,false,0
21447,0,0,44034060,76074850,32040790,0,0,90,false,0
21448,0,0,44034060,76078650,32044590,0,0,76,false,0
21449,0,0,44034060,76083800,32049740,0,16,119,false,0
21450,0,0,44034060,76083800,32049740,0,72,72,true,0
21451,0,0,44034060,76088000,32053940,0,0,84,false,0
21452,0,0,44034060,76092900,32058840,0,0,98,false,0
21453,0,0,44034060,76092900,32058840,0,103,103,true,0
21454,0,0,44034060,76092900,32058840,0,104,104,true,0
21455,0,0,44034060,76092900,32058840,0,102,102,true,0
21456,0,0,44034060,76092900,32058840,0,91,91,true,0
21457,0,0,44034060,76092900,32058840,0,101,101,true,0
21458,0,0,44034060,76092900,32058840,0,105,105,true,0
21459,0,0,44034060,76092900,32058840,0,90,90,true,0
21460,0,0,44034060,76097600,32063540,0,0,94,false,0
21461,0,0,44034060,76102750,32068690,0,12,115,false,0
21462,0,0,44034060,76107600,32073540,0,0,97,false,0
21463,0,0,44034060,76112200,32078140,0,0,92,false,0
21464,0,0,44034060,76117350,32083290,0,6,109,false,0
21465,0,0,44034060,76122500,32088440,0,0,103,false,0
21466,0,0,44034060,76127650,32093590,0,13,116,false,0
21467,0,0,44034060,76132650,32098590,0,0,100,false,0
21468,0,0,44034060,76132650,32098590,0,93,93,true,0
21469,0,0,44034060,76132650,32098590,0,108,108,true,0
21470,0,0,44034060,76132650,32098590,0,109,109,true,0
21471,0,0,44034060,76132650,32098590,0,126,126,true,0
21472,0,0,44034060,76137200,32103140,0,0,91,false,0
21473,0,0,44034060,76142350,32108290,0,0,103,false,0
21474,0,0,44034060,76147500,32113440,0,5,108,false,0
21475,0,0,44034060,76152000,32117940,0,0,90,false,0
21476,0,0,44140680,76157150,32016470,0,3,106,false,0
21477,0,0,44140680,76162150,32021470,0,0,100,false,0
21478,0,0,44140680,76167300,32026620,0,0,103,false,0
21479,0,0,44140680,76172450,32031770,0,0,103,false,0
21480,0,0,44140680,76177600,32036920,0,3,106,false,0
21481,0,0,44140680,76177600,32036920,0,90,90,true,0
21482,0,0,44140680,76182550,32041870,0,0,99,false,0
21483,0,0,44140680,76187650,32046970,0,0,102,false,0
21484,0,0,44140680,76192800,32052120,0,1,104,false,0
21485,0,0,44140680,76197800,32057120,0,0,100,false,0
21486,0,0,44140680,76202650,32061970,0,0,97,false,0
21487,0,0,44140680,76207700,32067020,0,0,101,false,0
21488,0,0,44140680,76212850,32072170,0,0,103,false,0
21489,0,0,44140680,76218000,32077320,0,2,105,false,0
21490,0,0,44140680,76223000,32082320,0,0,100,false,0
21491,0,0,44140680,76228050,32087370,0,0,101,false,0
21492,0,0,44140680,76232600,32091920,0,0,91,false,0
21493,0,0,44140680,76237750,32097070,0,11,114,false,0
21494,0,0,44140680,76242900,32102220,0,13,116,false,0
21495,0,0,44140680,76248050,32107370,0,6,109,false,0
21496,0,0,44140680,76251950,32111270,0,0,78,false,0
21497,0,0,44140680,76251950,32111270,0,95,95,true,0
21498,0,0,44140680,76251950,32111270,0,93,93,true,0
21499,0,0,44140680,76251950,32111270,0,103,103,true,0
21500,0,0,44140680,76251950,32111270,0,92,92,true,0
21501,0,0,44140680,76256950,32116270,0,0,100,false,0
21502,0,0,44140680,76261700,32121020,0,0,95,false,0
21503,0,0,44140680,76261700,32121020,0,95,95,true,0
21504,0,0,44140680,76266100,32125420,0,0,88,false,0
21505,0,0,44140680,76271100,32130420,0,0,100,false,0
21506,0,0,44140680,76274900,32134220,0,0,76,false,0
21507,0,0,44140680,76279500,32138820,0,0,92,false,0
21508,0,0,44140680,76284550,32143870,0,0,101,false,0
21509,0,0,44140680,76289700,32149020,0,8,111,false,0
21510,0,0,44140680,76294850,32154170,0,1,104,false,0
21511,0,0,44140680,76300000,32159320,0,0,103,false,0
21512,0,0,44140680,76305150,32164470,0,11,114,false,0
21513,0,0,44140680,76305150,32164470,0,82,82,true,0
21514,0,0,44140680,76305150,32164470,0,106,106,true,0
21515,0,0,44140680,76310300,32169620,0,4,107,false,0
21516,0,0,44140680,76315050,32174370,0,0,95,false,0
21517,0,0,44140680,76315050,32174370,0,98,98,true,0
21518,0,0,44140680,76320200,32179520,0,5,108,false,0
21519,0,0,44140680,76325350,32184670,0,3,106,false,0
21520,0,0,44140680,76329750,32189070,0,0,88,false,0
21521,0,0,44140680,76329750,32189070,0,78,78,true,0
21522,0,0,44140680,76329750,32189070,0,90,90,true,0
21523,0,0,44140680,76334600,32193920,0,0,97,false,0
21524,0,0,44140680,76339550,32198870,0,0,99,false,0
21525,0,0,44140680,76339550,32198870,0,84,84,true,0
21526,0,0,44140680,76339550,32198870,0,86,86,true,0
21527,0,0,44140680,76343250,32202570,0,0,74,false,0
21528,0,0,44247300,76348000,32100700,0,0,95,false,0
21529,0,0,44247300,76353150,32105850,0,0,103,false,0
21530,0,0,44247300,76357400,32110100,0,0,85,false,0
21531,0,0,44247300,76362100,32114800,0,0,94,false,0
21532,0,0,44247300,76366650,32119350,0,0,91,false,0
21533,0,0,44247300,76370700,32123400,0,0,81,false,0
21534,0,0,44247300,76375850,32128550,0,13,116,false,0
21535,0,0,44247300,76381000,32133700,0,20,123,false,0
21536,0,0,44247300,76381000,32133700,0,88,88,true,0
21537,0,0,44247300,76381000,32133700,0,95,95,true,0
21538,0,0,44247300,76386050,32138750,0,0,101,false,0
21539,0,0,44247300,76391200,32143900,0,2,105,false,0
21540,0,0,44247300,76395800,32148500,0,0,92,false,0
21541,0,0,44247300,76400950,32153650,0,2,105,false,0
21542,0,0,44247300,76405400,32158100,0,0,89,false,0
21543,0,0,44247300,76410000,32162700,0,0,92,false,0
21544,0,0,44247300,76415050,32167750,0,0,101,false,0
21545,0,0,44247300,76420100,32172800,0,0,101,false,0
21546,0,0,44247300,76425250,32177950,0,6,109,false,0
21547,0,0,44247300,76430050,32182750,0,0,96,false,0
21548,0,0,44247300,76430050,32182750,0,91,91,true,0
21549,0,0,44247300,76430050,32182750,0,107,107,true,0
21550,0,0,44247300,76433750,32186450,0,0,74,false,0
21551,0,0,44247300,76438850,32191550,0,0,102,false,0
21552,0,0,44247300,76443850,32196550,0,0,100,false,0
21553,0,0,44247300,76443850,32196550,0,104,104,true,0
21554,0,0,44247300,76443850,32196550,0,104,104,true,0
21555,0,0,44247300,76443850,32196550,0,100,100,true,0
21556,0,0,44247300,76443850,32196550,0,102,102,true,0
21557,0,0,44247300,76443850,32196550,0,93,93,true,0
21558,0,0,44247300,76443850,32196550,0,108,108,true,0
21559,0,0,44247300,76448600,32201300,0,0,95,false,0
21560,0,0,44247300,76453750,32206450,0,3,106,false,0
21561,0,0,44247300,76453750,32206450,0,91,91,true,0
21562,0,0,44247300,76453750,32206450,0,117,117,true,0
21563,0,0,44247300,76458900,32211600,0,6,109,false,0
21564,0,0,44247300,76463600,32216300,0,0,94,false,0
21565,0,0,44247300,76468650,32221350,0,0,101,false,0
21566,0,0,44247300,76473550,32226250,0,0,98,false,0
21567,0,0,44247300,76478700,32231400,0,27,130,false,0
21568,0,0,44247300,76483300,32236000,0,0,92,false,0
21569,0,0,44247300,76488450,32241150,0,0,103,false,0
21570,0,0,44247300,76488450,32241150,0,94,94,true,0
21571,0,0,44247300,76493100,32245800,0,0,93,false,0
21572,0,0,44247300,76498250,32250950,0,0,103,false,0
21573,0,0,44247300,76503250,32255950,0,0,100,false,0
21574,0,0,44247300,76507500,32260200,0,0,85,false,0
21575,0,0,44247300,76512250,32264950,0,0,95,false,0
21576,0,0,44247300,76516550,32269250,0,0,86,false,0
21577,0,0,44247300,76521250,32273950,0,0,94,false,0
21578,0,0,44247300,76526400,32279100,0,5,108,false,0
21579,0,0,44247300,76526400,32279100,0,99,99,true,0
21580,0,0,44353920,76526400,32172480,0,92,92,true,0
21581,0,0,44353920,76526400,32172480,0,102,102,true,0
21582,0,0,44353920,76526400,32172480,0,108,108,true,0
21583,0,0,44353920,76531500,32177580,0,0,102,false,0
21584,0,0,44353920,76535900,32181980,0,0,88,false,0
21585,0,0,44353920,76541050,32187130,0,18,121,false,0
21586,0,0,44353920,76546200,32192280,0,4,107,false,0
21587,0,0,44353920,76546200,32192280,0,119,119,true,0
21588,0,0,44353920,76551350,32197430,0,14,117,false,0
21589,0,0,44353920,76556500,32202580,0,13,116,false,0
21590,0,0,44353920,76561650,32207730,0,11,114,false,0
21591,0,0,44353920,76566450,32212530,0,0,96,false,0
21592,0,0,44353920,76571200,32217280,0,0,95,false,0
21593,0,0,44353920,76576000,32222080,0,0,96,false,0
21594,0,0,44353920,76580850,32226930,0,0,97,false,0
21595,0,0,44353920,76585900,32231980,0,0,101,false,0
21596,0,0,44353920,76590150,32236230,0,0,85,false,0
21597,0,0,44353920,76594350,32240430,0,0,84,false,0
21598,0,0,44353920,76599500,32245580,0,11,114,false,0
21599,0,0,44353920,76604450,32250530,0,0,99,false,0
21600,0,0,44353920,76609600,32255680,0,13,116,false,0
21601,0,0,44353920,76614000,32260080,0,0,88,false,0
21602,0,0,44353920,76614000,32260080,0,126,126,true,0
21603,0,0,44353920,76619150,32265230,0,5,108,false,0
21604,0,0,44353920,76624300,32270380,0,11,114,false,0
21605,0,0,44353920,76629450,32275530,0,15,118,false,0
21606,0,0,44353920,76634150,32280230,0,0,94,false,0
21607,0,0,44353920,76639300,32285380,0,6,109,false,0
21608,0,0,44353920,76643850,32289930,0,0,91,false,0
21609,0,0,44353920,76643850,32289930,0,93,93,true,0
21610,0,0,44353920,76643850,32289930,0,124,124,true,0
21611,0,0,44353920,76643850,32289930,0,101,101,true,0
21612,0,0,44353920,76649000,32295080,0,3,106,false,0
21613,0,0,44353920,76654150,32300230,0,28,131,false,0
21614,0,0,44353920,76659300,32305380,0,1,104,false,0
21615,0,0,44353920,76659300,32305380,0,94,94,true,0
21616,0,0,44353920,76659300,32305380,0,106,106,true,0
21617,0,0,44353920,76659300,32305380,0,113,113,true,0
21618,0,0,44353920,76662700,32308780,0,0,68,false,0
21619,0,0,44353920,76667250,32313330,0,0,91,false,0
21620,0,0,44353920,76672300,32318380,0,0,101,false,0
21621,0,0,44353920,76676950,32323030,0,0,93,false,0
21622,0,0,44353920,76681650,32327730,0,0,94,false,0
21623,0,0,44353920,76686800,32332880,0,2,105,false,0
21624,0,0,44353920,76691550,32337630,0,0,95,false,0
21625,0,0,44353920,76695900,32341980,0,0,87,false,0
21626,0,0,44353920,76700600,32346680,0,0,94,false,0
21627,0,0,44353920,76705750,32351830,0,1,104,false,0
21628,0,0,44353920,76710100,32356180,0,0,87,false,0
21629,0,0,44353920,76715100,32361180,0,0,100,false,0
21630,0,0,44353920,76719750,32365830,0,0,93,false,0
21631,0,0,44353920,76724850,32370930,0,0,102,false,0
21632,0,0,44460540,76729400,32268860,0,0,91,false,0
21633,0,0,44460540,76734500,32273960,0,0,102,false,0
21634,0,0,44460540,76739650,32279110,0,3,106,false,0
21635,0,0,44460540,76744800,32284260,0,1,104,false,0
21636,0,0,44460540,76749750,32289210,0,0,99,false,0
21637,0,0,44460540,76754800,32294260,0,0,101,false,0
21638,0,0,44460540,76759750,32299210,0,0,99,false,0
21639,0,0,44460540,76764300,32303760,0,0,91,false,0
21640,0,0,44460540,76769450,32308910,0,7,110,false,0
21641,0,0,44460540,76774600,32314060,0,6,109,false,0
21642,0,0,44460540,76779750,32319210,0,6,109,false,0
21643,0,0,44460540,76784850,32324310,0,0,102,false,0
21644,0,0,44460540,76790000,32329460,0,21,124,false,0
21645,0,0,44460540,76790000,32329460,0,101,101,true,0
21646,0,0,44460540,76795150,32334610,0,2,105,false,0
21647,0,0,44460540,76800000,32339460,0,0,97,false,0
21648,0,0,44460540,76805150,32344610,0,8,111,false,0
21649,0,0,44460540,76805150,32344610,0,102,102,true,0
21650,0,0,44460540,76805150,32344610,0,119,119,true,0
21651,0,0,44460540,76805150,32344610,0,109,109,true,0
21652,0,0,44460540,76805150,32344610,0,88,88,true,0
21653,0,0,44460540,76805150,32344610,0,117,117,true,0
21654,0,0,44460540,76809900,32349360,0,0,95,false,0
21655,0,0,44460540,76813250,32352710,0,0,67,false,0
21656,0,0,44460540,76817900,32357360,0,0,93,false,0
21657,0,0,44460540,76822850,32362310,0,0,99,false,0
21658,0,0,44460540,76827300,32366760,0,0,89,false,0
21659,0,0,44460540,76832450,32371910,0,1,104,false,0
21660,0,0,44460540,76837600,32377060,0,22,125,false,0
21661,0,0,44460540,76842100,32381560,0,0,90,false,0
21662,0,0,44460540,76846700,32386160,0,0,92,false,0
21663,0,0,44460540,76851850,32391310,0,7,110,false,0
21664,0,0,44460540,76856800,32396260,0,0,99,false,0
21665,0,0,44460540,76861950,32401410,0,10,113,false,0
21666,0,0,44460540,76867100,32406560,0,6,109,false,0
21667,0,0,44460540,76867100,32406560,0,109,109,true,0
21668,0,0,44460540,76867100,32406560,0,104,104,true,0
21669,0,0,44460540,76867100,32406560,0,96,96,true,0
21670,0,0,44460540,76867100,32406560,0,102,102,true,0
21671,0,0,44460540,76872000,32411460,0,0,98,false,0
21672,0,0,44460540,76877150,32416610,0,3,106,false,0
21673,0,0,44460540,76881400,32420860,0,0,85,false,0
21674,0,0,44460540,76886100,32425560,0,0,94,false,0
21675,0,0,44460540,76886100,32425560,0,95,95,true,0
21676,0,0,44460540,76891250,32430710,0,5,108,false,0
21677,0,0,44460540,76896350,32435810,0,0,102,false,0
21678,0,0,44460540,76896350,32435810,0,85,85,true,0
21679,0,0,44460540,76896350,32435810,0,102,102,true,0
21680,0,0,44460540,76901500,32440960,0,9,112,false,0
21681,0,0,44460540,76906650,32446110,0,10,113,false,0
21682,0,0,44460540,76906650,32446110,0,109,109,true,0
21683,0,0,44460540,76911800,32451260,0,4,107,false,0
21684,0,0,44567160,76916900,32349740,0,0,102,false,0
21685,0,0,44567160,76921600,32354440,0,0,94,false,0
21686,0,0,44567160,76926450,32359290,0,0,97,false,0
21687,0,0,44567160,76931350,32364190,0,0,98,false,0
21688,0,0,44567160,76935400,32368240,0,0,81,false,0
21689,0,0,44567160,76935400,32368240,0,105,105,true,0
21690,0,0,44567160,76935400,32368240,0,108,108,true,0
21691,0,0,44567160,76935400,32368240,0,91,91,true,0
21692,0,0,44567160,76940450,32373290,0,0,101,false,0
21693,0,0,44567160,76945600,32378440,0,3,106,false,0
21694,0,0,44567160,76950750,32383590,0,0,103,false,0
21695,0,0,44567160,76955900,32388740,0,6,109,false,0
21696,0,0,44567160,76955900,32388740,0,104,104,true,0
21697,0,0,44567160,76955900,32388740,0,101,101,true,0
21698,0,0,44567160,76955900,32388740,0,96,96,true,0
21699,0,0,44567160,76955900,32388740,0,97,97,true,0
21700,0,0,44567160,76955900,32388740,0,94,94,true,0
21701,0,0,44567160,76961050,32393890,0,2,105,false,0
21702,0,0,44567160,76966000,32398840,0,0,99,false,0
21703,0,0,44567160,76970950,32403790,0,0,99,false,0
21704,0,0,44567160,76970950,32403790,0,73,73,true,0
21705,0,0,44567160,76975450,32408290,0,0,90,false,0
21706,0,0,44567160,76980600,32413440,0,7,110,false,0
21707,0,0,44567160,76984950,32417790,0,0,87,false,0
21708,0,0,44567160,76990100,32422940,0,1,104,false,0
21709,0,0,44567160,76994200,32427040,0,0,82,false,0
21710,0,0,44567160,76999350,32432190,0,5,108,false,0
21711,0,0,44567160,76999350,32432190,0,100,100,true,0
21712,0,0,44567160,76999350,32432190,0,93,93,true,0
21713,0,0,44567160,77004350,32437190,0,0,100,false,0
21714,0,0,44567160,77009500,32442340,0,8,111,false,0
21715,0,0,44567160,77014100,32446940,0,0,92,false,0
21716,0,0,44567160,77019250,32452090,0,11,114,false,0
21717,0,0,44567160,77024150,32456990,0,0,98,false,0
21718,0,0,44567160,77028350,32461190,0,0,84,false,0
21719,0,0,44567160,77033100,32465940,0,0,95,false,0
21720,0,0,44567160,77038250,32471090,0,2,105,false,0
21721,0,0,44567160,77043150,32475990,0,0,98,false,0
21722,0,0,44567160,77043150,32475990,0,86,86,true,0
21723,0,0,44567160,77047250,32480090,0,0,82,false,0
21724,0,0,44567160,77051650,32484490,0,0,88,false,0
21725,0,0,44567160,77056400,32489240,0,0,95,false,0
21726,0,0,44567160,77060400,32493240,0,0,80,false,0
21727,0,0,44567160,77060400,32493240,0,92,92,true,0
21728,0,0,44567160,77060400,32493240,0,106,106,true,0
21729,0,0,44567160,77060400,32493240,0,93,93,true,0
21730,0,0,44567160,77060400,32493240,0,98,98,true,0
21731,0,0,44567160,77065550,32498390,0,21,124,false,0
21732,0,0,44567160,77070500,32503340,0,0,99,false,0
21733,0,0,44567160,77075650,32508490,0,0,103,false,0
21734,0,0,44567160,77080600,32513440,0,0,99,false,0
21735,0,0,44567160,77085750,32518590,0,1,104,false,0
21736,0,0,44673780,77090900,32417120,0,3,106,false,0
21737,0,0,44673780,77095550,32421770,0,0,93,false,0
21738,0,0,44673780,77095550,32421770,0,103,103,true,0
21739,0,0,44673780,77099450,32425670,0,0,78,false,0
21740,0,0,44673780,77104200,32430420,0,0,95,false,0
21741,0,0,44673780,77109150,32435370,0,0,99,false,0
21742,0,0,44673780,77113550,32439770,0,0,88,false,0
21743,0,0,44673780,77118500,32444720,0,0,99,false,0
21744,0,0,44673780,77118500,32444720,0,99,99,true,0
21745,0,0,44673780,77118500,32444720,0,95,95,true,0
21746,0,0,44673780,77118500,32444720,0,98,98,true,0
21747,0,0,44673780,77118500,32444720,0,103,103,true,0
21748,0,0,44673780,77123650,32449870,0,5,108,false,0
21749,0,0,44673780,77128500,32454720,0,0,97,false,0
21750,0,0,44673780,77133600,32459820,0,0,102,false,0
21751,0,0,44673780,77138750,32464970,0,0,103,false,0
21752,0,0,44673780,77143900,32470120,0,7,110,false,0
21753,0,0,44673780,77143900,32470120,0,102,102,true,0
21754,0,0,44673780,77148550,32474770,0,0,93,false,0
21755,0,0,44673780,77153700,32479920,0,12,115,false,0
21756,0,0,44673780,77158500,32484720,0,0,96,false,0
21757,0,0,44673780,77158500,32484720,0,95,95,true,0
21758,0,0,44673780,77162900,32489120,0,0,88,false,0
21759,0,0,44673780,77167000,32493220,0,0,82,false,0
21760,0,0,44673780,77171550,32497770,0,0,91,false,0
21761,0,0,44673780,77176050,32502270,0,0,90,false,0
21762,0,0,44673780,77181200,32507420,0,0,103,false,0
21763,0,0,44673780,77186350,32512570,0,8,111,false,0
21764,0,0,44673780,77190950,32517170,0,0,92,false,0
21765,0,0,44673780,77195850,32522070,0,0,98,false,0
21766,0,0,44673780,77200800,32527020,0,0,99,false,0
21767,0,0,44673780,77205950,32532170,0,5,108,false,0
21768,0,0,44673780,77211000,32537220,0,0,101,false,0
21769,0,0,44673780,77215750,32541970,0,0,95,false,0
21770,0,0,44673780,77220500,32546720,0,0,95,false,0
21771,0,0,44673780,77224900,32551120,0,0,88,false,0
21772,0,0,44673780,77224900,32551120,0,82,82,true,0
21773,0,0,44673780,77224900,32551120,0,110,110,true,0
21774,0,0,44673780,77229550,32555770,0,0,93,false,0
21775,0,0,44673780,77234700,32560920,0,1,104,false,0
21776,0,0,44673780,77239800,32566020,0,0,102,false,0
21777,0,0,44673780,77243750,32569970,0,0,79,false,0
21778,0,0,44673780,77243750,32569970,0,100,100,true,0
21779,0,0,44673780,77243750,32569970,0,106,106,true,0
21780,0,0,44673780,77243750,32569970,0,95,95,true,0
21781,0,0,44673780,77248300,32574520,0,0,91,false,0
21782,0,0,44673780,77252400,32578620,0,0,82,false,0
21783,0,0,44673780,77252400,32578620,0,66,66,true,0
21784,0,0,44673780,77257450,32583670,0,0,101,false,0
21785,0,0,44673780,77262350,32588570,0,0,98,false,0
21786,0,0,44673780,77267500,32593720,0,12,115,false,0
21787,0,0,44673780,77272650,32598870,0,9,112,false,0
21788,0,0,44780400,77277800,32497400,0,4,107,false,0
21789,0,0,44780400,77277800,32497400,0,92,92,true,0
21790,0,0,44780400,77282450,32502050,0,0,93,false,0
21791,0,0,44780400,77287350,32506950,0,0,98,false,0
21792,0,0,44780400,77292150,32511750,0,0,96,false,0
21793,0,0,44780400,77296850,32516450,0,0,94,false,0
21794,0,0,44780400,77302000,32521600,0,7,110,false,0
21795,0,0,44780400,77306600,32526200,0,0,92,false,0
21796,0,0,44780400,77310700,32530300,0,0,82,false,0
21797,0,0,44780400,77315050,32534650,0,0,87,false,0
21798,0,0,44780400,77320200,32539800,0,11,114,false,0
21799,0,0,44780400,77325350,32544950,0,3,106,false,0
21800,0,0,44780400,77330500,32550100,0,4,107,false,0
21801,0,0,44780400,77335450,32555050,0,0,99,false,0
21802,0,0,44780400,77340450,32560050,0,0,100,false,0
21803,0,0,44780400,77345600,32565200,0,4,107,false,0
21804,0,0,44780400,77350750,32570350,0,11,114,false,0
21805,0,0,44780400,77350750,32570350,0,104,104,true,0
21806,0,0,44780400,77350750,32570350,0,93,93,true,0
21807,0,0,44780400,77355750,32575350,0,0,100,false,0
21808,0,0,44780400,77360500,32580100,0,0,95,false,0
21809,0,0,44780400,77365400,32585000,0,0,98,false,0
21810,0,0,44780400,77370250,32589850,0,0,97,false,0
21811,0,0,44780400,77375400,32595000,0,8,111,false,0
21812,0,0,44780400,77380350,32599950,0,0,99,false,0
21813,0,0,44780400,77380350,32599950,0,89,89,true,0
21814,0,0,44780400,77380350,32599950,0,91,91,true,0
21815,0,0,44780400,77380350,32599950,0,91,91,true,0
21816,0,0,44780400,77380350,32599950,0,112,112,true,0
21817,0,0,44780400,77385500,32605100,0,2,105,false,0
21818,0,0,44780400,77390600,32610200,0,0,102,false,0
21819,0,0,44780400,77394950,32614550,0,0,87,false,0
21820,0,0,44780400,77400000,32619600,0,0,101,false,0
21821,0,0,44780400,77405150,32624750,0,13,116,false,0
21822,0,0,44780400,77410300,32629900,0,5,108,false,0
21823,0,0,44780400,77410300,32629900,0,99,99,true,0
21824,0,0,44780400,77410300,32629900,0,101,101,true,0
21825,0,0,44780400,77410300,32629900,0,97,97,true,0
21826,0,0,44780400,77410300,32629900,0,87,87,true,0
21827,0,0,44780400,77415100,32634700,0,0,96,false,0
21828,0,0,44780400,77420150,32639750,0,0,101,false,0
21829,0,0,44780400,77425300,32644900,0,6,109,false,0
21830,0,0,44780400,77425300,32644900,0,113,113,true,0
21831,0,0,44780400,77430450,32650050,0,7,110,false,0
21832,0,0,44780400,77435350,32654950,0,0,98,false,0
21833,0,0,44780400,77435350,32654950,0,99,99,true,0
21834,0,0,44780400,77440250,32659850,0,0,98,false,0
21835,0,0,44780400,77445400,32665000,0,3,106,false,0
21836,0,0,44780400,77450550,32670150,0,1,104,false,0
21837,0,0,44780400,77455700,32675300,0,13,116,false,0
21838,0,0,44780400,77460850,32680450,0,1,104,false,0
21839,0,0,44780400,77460850,32680450,0,99,99,true,0
21840,0,0,44887020,77460850,32573830,0,99,99,true,0
21841,0,0,44887020,77460850,32573830,0,108,108,true,0
21842,0,0,44887020,77465000,32577980,0,0,83,false,0
21843,0,0,44887020,77469450,32582430,0,0,89,false,0
21844,0,0,44887020,77473700,32586680,0,0,85,false,0
21845,0,0,44887020,77478850,32591830,0,1,104,false,0
21846,0,0,44887020,77478850,32591830,0,97,97,true,0
21847,0,0,44887020,77478850,32591830,0,98,98,true,0
21848,0,0,44887020,77478850,32591830,0,108,108,true,0
21849,0,0,44887020,77484000,32596980,0,2,105,false,0
21850,0,0,44887020,77489150,32602130,0,11,114,false,0
21851,0,0,44887020,77493900,32606880,0,0,95,false,0
21852,0,0,44887020,77498500,32611480,0,0,92,false,0
21853,0,0,44887020,77503650,32616630,0,13,116,false,0
21854,0,0,44887020,77508800,32621780,0,5,108,false,0
21855,0,0,44887020,77513950,32626930,0,6,109,false,0
21856,0,0,44887020,77513950,32626930,0,107,107,true,0
21857,0,0,44887020,77513950,32626930,0,89,89,true,0
21858,0,0,44887020,77513950,32626930,0,95,95,true,0
21859,0,0,44887020,77513950,32626930,0,102,102,true,0
21860,0,0,44887020,77518500,32631480,0,0,91,false,0
21861,0,0,44887020,77523400,32636380,0,0,98,false,0
21862,0,0,44887020,77528500,32641480,0,0,102,false,0
21863,0,0,44887020,77528500,32641480,0,91,91,true,0
21864,0,0,44887020,77528500,32641480,0,113,113,true,0
21865,0,0,44887020,77532900,32645880,0,0,88,false,0
21866,0,0,44887020,77536900,32649880,0,0,80,false,0
21867,0,0,44887020,77542050,32655030,0,9,112,false,0
21868,0,0,44887020,77546800,32659780,0,0,95,false,0
21869,0,0,44887020,77551250,32664230,0,0,89,false,0
21870,0,0,44887020,77556050,32669030,0,0,96,false,0
21871,0,0,44887020,77561200,32674180,0,6,109,false,0
21872,0,0,44887020,77561200,32674180,0,80,80,true,0
21873,0,0,44887020,77561200,32674180,0,103,103,true,0
21874,0,0,44887020,77566050,32679030,0,0,97,false,0
21875,0,0,44887020,77570350,32683330,0,0,86,false,0
21876,0,0,44887020,77575500,32688480,0,6,109,false,0
21877,0,0,44887020,77579850,32692830,0,0,87,false,0
21878,0,0,44887020,77584900,32697880,0,0,101,false,0
21879,0,0,44887020,77590000,32702980,0,0,102,false,0
21880,0,0,44887020,77590000,32702980,0,105,105,true,0
21881,0,0,44887020,77595150,32708130,0,6,109,false,0
21882,0,0,44887020,77599950,32712930,0,0,96,false,0
21883,0,0,44887020,77604700,32717680,0,0,95,false,0
21884,0,0,44887020,77609850,32722830,0,3,106,false,0
21885,0,0,44887020,77613800,32726780,0,0,79,false,0
21886,0,0,44887020,77618450,32731430,0,0,93,false,0
21887,0,0,44887020,77623350,32736330,0,0,98,false,0
21888,0,0,44887020,77628500,32741480,0,12,115,false,0
21889,0,0,44887020,77633450,32746430,0,0,99,false,0
21890,0,0,44887020,77638600,32751580,0,6,109,false,0
21891,0,0,44887020,77638600,32751580,0,120,120,true,0
21892,0,0,44993640,77643750,32650110,0,8,111,false,0
21893,0,0,44993640,77648900,32655260,0,5,108,false,0
21894,0,0,44993640,77654050,32660410,0,8,111,false,0
21895,0,0,44993640,77659200,32665560,0,4,107,false,0
21896,0,0,44993640,77664350,32670710,0,7,110,false,0
21897,0,0,44993640,77668350,32674710,0,0,80,false,0
21898,0,0,44993640,77673500,32679860,0,10,113,false,0
21899,0,0,44993640,77673500,32679860,0,84,84,true,0
21900,0,0,44993640,77678650,32685010,0,10,113,false,0
21901,0,0,44993640,77683800,32690160,0,9,112,false,0
21902,0,0,44993640,77688900,32695260,0,0,102,false,0
21903,0,0,44993640,77688900,32695260,0,83,83,true,0
21904,0,0,44993640,77688900,32695260,0,101,101,true,0
21905,0,0,44993640,77693050,32699410,0,0,83,false,0
21906,0,0,44993640,77697950,32704310,0,0,98,false,0
21907,0,0,44993640,77703000,32709360,0,0,101,false,0
21908,0,0,44993640,77707750,32714110,0,0,95,false,0
21909,0,0,44993640,77712900,32719260,0,0,103,false,0
21910,0,0,44993640,77712900,32719260,0,117,117,true,0
21911,0,0,44993640,77712900,32719260,0,103,103,true,0
21912,0,0,44993640,77712900,32719260,0,112,112,true,0
21913,0,0,44993640,77712900,32719260,0,116,116,true,0
21914,0,0,44993640,77712900,32719260,0,100,100,true,0
21915,0,0,44993640,77718000,32724360,0,0,102,false,0
21916,0,0,44993640,77723150,32729510,0,0,103,false,0
21917,0,0,44993640,77723150,32729510,0,97,97,true,0
21918,0,0,44993640,77723150,32729510,0,113,113,true,0
21919,0,0,44993640,77723150,32729510,0,106,106,true,0
21920,0,0,44993640,77723150,32729510,0,94,94,true,0
21921,0,0,44993640,77728100,32734460,0,0,99,false,0
21922,0,0,44993640,77732700,32739060,0,0,92,false,0
21923,0,0,44993640,77737800,32744160,0,0,102,false,0
21924,0,0,44993640,77742050,32748410,0,0,85,false,0
21925,0,0,44993640,77747200,32753560,0,0,103,false,0
21926,0,0,44993640,77747200,32753560,0,98,98,true,0
21927,0,0,44993640,77752350,32758710,0,0,103,false,0
21928,0,0,44993640,77757300,32763660,0,0,99,false,0
21929,0,0,44993640,77761750,32768110,0,0,89,false,0
21930,0,0,44993640,77766000,32772360,0,0,85,false,0
21931,0,0,44993640,77770700,32777060,0,0,94,false,0
21932,0,0,44993640,77775100,32781460,0,0,88,false,0
21933,0,0,44993640,77775100,32781460,0,106,106,true,0
21934,0,0,44993640,77780000,32786360,0,0,98,false,0
21935,0,0,44993640,77785150,32791510,0,5,108,false,0
21936,0,0,44993640,77790150,32796510,0,0,100,false,0
21937,0,0,44993640,77790150,32796510,0,96,96,true,0
21938,0,0,44993640,77790150,32796510,0,115,115,true,0
21939,0,0,44993640,77790150,32796510,0,104,104,true,0
21940,0,0,44993640,77790150,32796510,0,111,111,true,0
21941,0,0,44993640,77790150,32796510,0,99,99,true,0
21942,0,0,44993640,77795300,32801660,0,2,105,false,0
21943,0,0,44993640,77799550,32805910,0,0,85,false,0
21944,0,0,45100260,77799550,32699290,0,78,78,true,0
21945,0,0,45100260,77799550,32699290,0,95,95,true,0
21946,0,0,45100260,77804700,32704440,0,13,116,false,0
21947,0,0,45100260,77809850,32709590,0,4,107,false,0
21948,0,0,45100260,77814600,32714340,0,0,95,false,0
21949,0,0,45100260,77819500,32719240,0,0,98,false,0
21950,0,0,45100260,77824450,32724190,0,0,99,false,0
21951,0,0,45100260,77829400,32729140,0,0,99,false,0
21952,0,0,45100260,77829400,32729140,0,103,103,true,0
21953,0,0,45100260,77834350,32734090,0,0,99,false,0
21954,0,0,45100260,77839500,32739240,0,10,113,false,0
21955,0,0,45100260,77844200,32743940,0,0,94,false,0
21956,0,0,45100260,77849350,32749090,0,10,113,false,0
21957,0,0,45100260,77854000,32753740,0,0,93,false,0
21958,0,0,45100260,77859150,32758890,0,13,116,false,0
21959,0,0,45100260,77863600,32763340,0,0,89,false,0
21960,0,0,45100260,77867900,32767640,0,0,86,false,0
21961,0,0,45100260,77867900,32767640,0,104,104,true,0
21962,0,0,45100260,77867900,32767640,0,87,87,true,0
21963,0,0,45100260,77867900,32767640,0,95,95,true,0
21964,0,0,45100260,77867900,32767640,0,80,80,true,0
21965,0,0,45100260,77872750,32772490,0,0,97,false,0
21966,0,0,45100260,77877700,32777440,0,0,99,false,0
21967,0,0,45100260,77882750,32782490,0,0,101,false,0
21968,0,0,45100260,77887900,32787640,0,0,103,false,0
21969,0,0,45100260,77887900,32787640,0,88,88,true,0
21970,0,0,45100260,77887900,32787640,0,95,95,true,0
21971,0,0,45100260,77887900,32787640,0,94,94,true,0
21972,0,0,45100260,77893000,32792740,0,0,102,false,0
21973,0,0,45100260,77898150,32797890,0,6,109,false,0
21974,0,0,45100260,77903300,32803040,0,7,110,false,0
21975,0,0,45100260,77908450,32808190,0,1,104,false,0
21976,0,0,45100260,77913600,32813340,0,5,108,false,0
21977,0,0,45100260,77918750,32818490,0,6,109,false,0
21978,0,0,45100260,77923900,32823640,0,9,112,false,0
21979,0,0,45100260,77923900,32823640,0,102,102,true,0
21980,0,0,45100260,77928800,32828540,0,0,98,false,0
21981,0,0,45100260,77933500,32833240,0,0,94,false,0
21982,0,0,45100260,77938650,32838390,0,5,108,false,0
21983,0,0,45100260,77938650,32838390,0,87,87,true,0
21984,0,0,45100260,77943800,32843540,0,1,104,false,0
21985,0,0,45100260,77948650,32848390,0,0,97,false,0
21986,0,0,45100260,77953400,32853140,0,0,95,false,0
21987,0,0,45100260,77958550,32858290,0,13,116,false,0
21988,0,0,45100260,77958550,32858290,0,102,102,true,0
21989,0,0,45100260,77958550,32858290,0,98,98,true,0
21990,0,0,45100260,77958550,32858290,0,81,81,true,0
21991,0,0,45100260,77958550,32858290,0,108,108,true,0
21992,0,0,45100260,77958550,32858290,0,103,103,true,0
21993,0,0,45100260,77963700,32863440,0,1,104,false,0
21994,0,0,45100260,77968200,32867940,0,0,90,false,0
21995,0,0,45100260,77972750,32872490,0,0,91,false,0
21996,0,0,45206880,77977150,32770270,0,0,88,false,0
21997,0,0,45206880,77977150,32770270,0,97,97,true,0
21998,0,0,45206880,77977150,32770270,0,100,100,true,0
21999,0,0,45206880,77977150,32770270,0,75,75,true,0
22000,0,0,45206880,77977150,32770270,0,95,95,true,0
22001,0,0,45206880,77982200,32775320,0,0,101,false,0
22002,0,0,45206880,77987000,32780120,0,0,96,false,0
22003,0,0,45206880,77987000,32780120,0,97,97,true,0
22004,0,0,45206880,77987000,32780120,0,111,111,true,0
22005,0,0,45206880,77987000,32780120,0,88,88,true,0
22006,0,0,45206880,77987000,32780120,0,106,106,true,0
22007,0,0,45206880,77987000,32780120,0,106,106,true,0
22008,0,0,45206880,77987000,32780120,0,75,75,true,0
22009,0,0,45206880,77992150,32785270,0,1,104,false,0
22010,0,0,45206880,77997300,32790420,0,0,103,false,0
22011,0,0,45206880,78002450,32795570,0,5,108,false,0
22012,0,0,45206880,78007050,32800170,0,0,92,false,0
22013,0,0,45206880,78012200,32805320,0,5,108,false,0
22014,0,0,45206880,78017300,32810420,0,0,102,false,0
22015,0,0,45206880,78022450,32815570,0,9,112,false,0
22016,0,0,45206880,78027000,32820120,0,0,91,false,0
22017,0,0,45206880,78032150,32825270,0,6,109,false,0
22018,0,0,45206880,78037200,32830320,0,0,101,false,0
22019,0,0,45206880,78042250,32835370,0,0,101,false,0
22020,0,0,45206880,78047200,32840320,0,0,99,false,0
22021,0,0,45206880,78052350,32845470,0,5,108,false,0
22022,0,0,45206880,78057350,32850470,0,0,100,false,0
22023,0,0,45206880,78061800,32854920,0,0,89,false,0
22024,0,0,45206880,78066950,32860070,0,1,104,false,0
22025,0,0,45206880,78071400,32864520,0,0,89,false,0
22026,0,0,45206880,78075450,32868570,0,0,81,false,0
22027,0,0,45206880,78080600,32873720,0,21,124,false,0
22028,0,0,45206880,78085700,32878820,0,0,102,false,0
22029,0,0,45206880,78089800,32882920,0,0,82,false,0
22030,0,0,45206880,78089800,32882920,0,106,106,true,0
22031,0,0,45206880,78094950,32888070,0,0,103,false,0
22032,0,0,45206880,78100100,32893220,0,12,115,false,0
22033,0,0,45206880,78100100,32893220,0,75,75,true,0
22034,0,0,45206880,78100100,32893220,0,100,100,true,0
22035,0,0,45206880,78100100,32893220,0,93,93,true,0
22036,0,0,45206880,78104600,32897720,0,0,90,false,0
22037,0,0,45206880,78109750,32902870,0,2,105,false,0
22038,0,0,45206880,78114500,32907620,0,0,95,false,0
22039,0,0,45206880,78119350,32912470,0,0,97,false,0
22040,0,0,45206880,78124500,32917620,0,8,111,false,0
22041,0,0,45206880,78129600,32922720,0,0,102,false,0
22042,0,0,45206880,78134500,32927620,0,0,98,false,0
22043,0,0,45206880,78139250,32932370,0,0,95,false,0
22044,0,0,45206880,78143600,32936720,0,0,87,false,0
22045,0,0,45206880,78148750,32941870,0,1,104,false,0
22046,0,0,45206880,78153150,32946270,0,0,88,false,0
22047,0,0,45206880,78157750,32950870,0,0,92,false,0
22048,0,0,45313500,78162700,32849200,0,0,99,false,0
22049,0,0,45313500,78167850,32854350,0,13,116,false,0
22050,0,0,45313500,78172800,32859300,0,0,99,false,0
22051,0,0,45313500,78177750,32864250,0,0,99,false,0
22052,0,0,45313500,78177750,32864250,0,87,87,true,0
22053,0,0,45313500,78177750,32864250,0,105,105,true,0
22054,0,0,45313500,78182900,32869400,0,6,109,false,0
22055,0,0,45313500,78188050,32874550,0,11,114,false,0
22056,0,0,45313500,78193200,32879700,0,1,104,false,0
22057,0,0,45313500,78198350,32884850,0,23,126,false,0
22058,0,0,45313500,78203500,32890000,0,4,107,false,0
22059,0,0,45313500,78208600,32895100,0,0,102,false,0
22060,0,0,45313500,78213700,32900200,0,0,102,false,0
22061,0,0,45313500,78218600,32905100,0,0,98,false,0
22062,0,0,45313500,78223750,32910250,0,8,111,false,0
22063,0,0,45313500,78228450,32914950,0,0,94,false,0
22064,0,0,45313500,78233500,32920000,0,0,101,false,0
22065,0,0,45313500,78233500,32920000,0,100,100,true,0
22066,0,0,45313500,78233500,32920000,0,84,84,true,0
22067,0,0,45313500,78233500,32920000,0,104,104,true,0
22068,0,0,45313500,78233500,32920000,0,114,114,true,0
22069,0,0,45313500,78238650,32925150,0,10,113,false,0
22070,0,0,45313500,78243500,32930000,0,0,97,false,0
22071,0,0,45313500,78248650,32935150,0,6,109,false,0
22072,0,0,45313500,78253600,32940100,0,0,99,false,0
22073,0,0,45313500,78258400,32944900,0,0,96,false,0
22074,0,0,45313500,78263550,32950050,0,4,107,false,0
22075,0,0,45313500,78268700,32955200,0,4,107,false,0
22076,0,0,45313500,78273850,32960350,0,6,109,false,0
22077,0,0,45313500,78279000,32965500,0,4,107,false,0
22078,0,0,45313500,78283450,32969950,0,0,89,false,0
22079,0,0,45313500,78283450,32969950,0,123,123,true,0
22080,0,0,45313500,78288550,32975050,0,0,102,false,0
22081,0,0,45313500,78293600,32980100,0,0,101,false,0
22082,0,0,45313500,78298750,32985250,0,7,110,false,0
22083,0,0,45313500,78303900,32990400,0,1,104,false,0
22084,0,0,45313500,78308250,32994750,0,0,87,false,0
22085,0,0,45313500,78313400,32999900,0,6,109,false,0
22086,0,0,45313500,78318550,33005050,0,3,106,false,0
22087,0,0,45313500,78318550,33005050,0,92,92,true,0
22088,0,0,45313500,78323400,33009900,0,0,97,false,0
22089,0,0,45313500,78328200,33014700,0,0,96,false,0
22090,0,0,45313500,78333350,33019850,0,2,105,false,0
22091,0,0,45313500,78338450,33024950,0,0,102,false,0
22092,0,0,45313500,78343600,33030100,0,0,103,false,0
22093,0,0,45313500,78348750,33035250,0,7,110,false,0
22094,0,0,45313500,78353300,33039800,0,0,91,false,0
22095,0,0,45313500,78358250,33044750,0,0,99,false,0
22096,0,0,45313500,78358250,33044750,0,85,85,true,0
22097,0,0,45313500,78358250,33044750,0,87,87,true,0
22098,0,0,45313500,78358250,33044750,0,104,104,true,0
22099,0,0,45313500,78358250,33044750,0,85,85,true,0
22100,0,0,45420120,78358250,32938130,0,115,115,true,0
22101,0,0,45420120,78363400,32943280,0,1,104,false,0
22102,0,0,45420120,78368250,32948130,0,0,97,false,0
22103,0,0,45420120,78373400,32953280,0,11,114,false,0
22104,0,0,45420120,78373400,32953280,0,79,79,true,0
22105,0,0,45420120,78378550,32958430,0,2,105,false,0
22106,0,0,45420120,78383700,32963580,0,3,106,false,0
22107,0,0,45420120,78388850,32968730,0,3,106,false,0
22108,0,0,45420120,78394000,32973880,0,8,111,false,0
22109,0,0,45420120,78398600,32978480,0,0,92,false,0
22110,0,0,45420120,78402350,32982230,0,0,75,false,0
22111,0,0,45420120,78407350,32987230,0,0,100,false,0
22112,0,0,45420120,78412500,32992380,0,8,111,false,0
22113,0,0,45420120,78416900,32996780,0,0,88,false,0
22114,0,0,45420120,78421200,33001080,0,0,86,false,0
22115,0,0,45420120,78426350,33006230,0,1,104,false,0
22116,0,0,45420120,78431500,33011380,0,19,122,false,0
22117,0,0,45420120,78436300,33016180,0,0,96,false,0
22118,0,0,45420120,78441450,33021330,0,2,105,false,0
22119,0,0,45420120,78446300,33026180,0,0,97,false,0
22120,0,0,45420120,78450850,33030730,0,0,91,false,0
22121,0,0,45420120,78455550,33035430,0,0,94,false,0
22122,0,0,45420120,78460350,33040230,0,0,96,false,0
22123,0,0,45420120,78465500,33045380,0,4,107,false,0
22124,0,0,45420120,78469950,33049830,0,0,89,false,0
22125,0,0,45420120,78475100,33054980,0,1,104,false,0
22126,0,0,45420120,78479850,33059730,0,0,95,false,0
22127,0,0,45420120,78485000,33064880,0,7,110,false,0
22128,0,0,45420120,78490050,33069930,0,0,101,false,0
22129,0,0,45420120,78490050,33069930,0,101,101,true,0
22130,0,0,45420120,78490050,33069930,0,115,115,true,0
22131,0,0,45420120,78490050,33069930,0,101,101,true,0
22132,0,0,45420120,78490050,33069930,0,118,118,true,0
22133,0,0,45420120,78490050,33069930,0,95,95,true,0
22134,0,0,45420120,78494450,33074330,0,0,88,false,0
22135,0,0,45420120,78499050,33078930,0,0,92,false,0
22136,0,0,45420120,78499050,33078930,0,87,87,true,0
22137,0,0,45420120,78499050,33078930,0,108,108,true,0
22138,0,0,45420120,78499050,33078930,0,119,119,true,0
22139,0,0,45420120,78504200,33084080,0,4,107,false,0
22140,0,0,45420120,78509350,33089230,0,2,105,false,0
22141,0,0,45420120,78509350,33089230,0,93,93,true,0
22142,0,0,45420120,78509350,33089230,0,83,83,true,0
22143,0,0,45420120,78509350,33089230,0,108,108,true,0
22144,0,0,45420120,78509350,33089230,0,121,121,true,0
22145,0,0,45420120,78509350,33089230,0,99,99,true,0
22146,0,0,45420120,78509350,33089230,0,94,94,true,0
22147,0,0,45420120,78514500,33094380,0,8,111,false,0
22148,0,0,45420120,78518650,33098530,0,0,83,false,0
22149,0,0,45420120,78523350,33103230,0,0,94,false,0
22150,0,0,45420120,78528500,33108380,0,3,106,false,0
22151,0,0,45420120,78532800,33112680,0,0,86,false,0
22152,0,0,45526740,78537950,33011210,0,4,107,false,0
22153,0,0,45526740,78542150,33015410,0,0,84,false,0
22154,0,0,45526740,78547200,33020460,0,0,101,false,0
22155,0,0,45526740,78550650,33023910,0,0,69,false,0
22156,0,0,45526740,78550650,33023910,0,87,87,true,0
22157,0,0,45526740,78550650,33023910,0,106,106,true,0
22158,0,0,45526740,78555750,33029010,0,0,102,false,0
22159,0,0,45526740,78560500,33033760,0,0,95,false,0
22160,0,0,45526740,78565200,33038460,0,0,94,false,0
22161,0,0,45526740,78570200,33043460,0,0,100,false,0
22162,0,0,45526740,78570200,33043460,0,111,111,true,0
22163,0,0,45526740,78575350,33048610,0,2,105,false,0
22164,0,0,45526740,78579450,33052710,0,0,82,false,0
22165,0,0,45526740,78583350,33056610,0,0,78,false,0
22166,0,0,45526740,78583350,33056610,0,111,111,true,0
22167,0,0,45526740,78588500,33061760,0,1,104,false,0
22168,0,0,45526740,78593250,33066510,0,0,95,false,0
22169,0,0,45526740,78593250,33066510,0,115,115,true,0
22170,0,0,45526740,78593250,33066510,0,93,93,true,0
22171,0,0,45526740,78597800,33071060,0,0,91,false,0
22172,0,0,45526740,78602550,33075810,0,0,95,false,0
22173,0,0,45526740,78606800,33080060,0,0,85,false,0
22174,0,0,45526740,78611950,33085210,0,5,108,false,0
22175,0,0,45526740,78616800,33090060,0,0,97,false,0
22176,0,0,45526740,78616800,33090060,0,107,107,true,0
22177,0,0,45526740,78621750,33095010,0,0,99,false,0
22178,0,0,45526740,78626400,33099660,0,0,93,false,0
22179,0,0,45526740,78626400,33099660,0,100,100,true,0
22180,0,0,45526740,78626400,33099660,0,100,100,true,0
22181,0,0,45526740,78626400,33099660,0,109,109,true,0
22182,0,0,45526740,78631350,33104610,0,0,99,false,0
22183,0,0,45526740,78636450,33109710,0,0,102,false,0
22184,0,0,45526740,78640750,33114010,0,0,86,false,0
22185,0,0,45526740,78645150,33118410,0,0,88,false,0
22186,0,0,45526740,78645150,33118410,0,104,104,true,0
22187,0,0,45526740,78645150,33118410,0,106,106,true,0
22188,0,0,45526740,78645150,33118410,0,92,92,true,0
22189,0,0,45526740,78645150,33118410,0,98,98,true,0
22190,0,0,45526740,78645150,33118410,0,102,102,true,0
22191,0,0,45526740,78649950,33123210,0,0,96,false,0
22192,0,0,45526740,78655050,33128310,0,0,102,false,0
22193,0,0,45526740,78659800,33133060,0,0,95,false,0
22194,0,0,45526740,78664100,33137360,0,0,86,false,0
22195,0,0,45526740,78669050,33142310,0,0,99,false,0
22196,0,0,45526740,78669050,33142310,0,111,111,true,0
22197,0,0,45526740,78669050,33142310,0,102,102,true,0
22198,0,0,45526740,78669050,33142310,0,101,101,true,0
22199,0,0,45526740,78669050,33142310,0,90,90,true,0
22200,0,0,45526740,78673300,33146560,0,0,85,false,0
22201,0,0,45526740,78677850,33151110,0,0,91,false,0
22202,0,0,45526740,78682350,33155610,0,0,90,false,0
22203,0,0,45526740,78687250,33160510,0,0,98,false,0
22204,0,0,45633360,78692050,33058690,0,0,96,false,0
22205,0,0,45633360,78697050,33063690,0,0,100,false,0
22206,0,0,45633360,78702200,33068840,0,3,106,false,0
22207,0,0,45633360,78707250,33073890,0,0,101,false,0
22208,0,0,45633360,78707250,33073890,0,116,116,true,0
22209,0,0,45633360,78712400,33079040,0,2,105,false,0
22210,0,0,45633360,78717550,33084190,0,0,103,false,0
22211,0,0,45633360,78722400,33089040,0,0,97,false,0
22212,0,0,45633360,78727550,33094190,0,2,105,false,0
22213,0,0,45633360,78732700,33099340,0,3,106,false,0
22214,0,0,45633360,78737600,33104240,0,0,98,false,0
22215,0,0,45633360,78742550,33109190,0,0,99,false,0
22216,0,0,45633360,78747350,33113990,0,0,96,false,0
22217,0,0,45633360,78752200,33118840,0,0,97,false,0
22218,0,0,45633360,78757350,33123990,0,24,127,false,0
22219,0,0,45633360,78757350,33123990,0,104,104,true,0
22220,0,0,45633360,78757350,33123990,0,90,90,true,0
22221,0,0,45633360,78761950,33128590,0,0,92,false,0
22222,0,0,45633360,78766700,33133340,0,0,95,false,0
22223,0,0,45633360,78771850,33138490,0,8,111,false,0
22224,0,0,45633360,78776700,33143340,0,0,97,false,0
22225,0,0,45633360,78781750,33148390,0,0,101,false,0
22226,0,0,45633360,78786900,33153540,0,5,108,false,0
22227,0,0,45633360,78791050,33157690,0,0,83,false,0
22228,0,0,45633360,78796200,33162840,0,0,103,false,0
22229,0,0,45633360,78801250,33167890,0,0,101,false,0
22230,0,0,45633360,78805850,33172490,0,0,92,false,0
22231,0,0,45633360,78805850,33172490,0,108,108,true,0
22232,0,0,45633360,78805850,33172490,0,116,116,true,0
22233,0,0,45633360,78810700,33177340,0,0,97,false,0
22234,0,0,45633360,78815850,33182490,0,0,103,false,0
22235,0,0,45633360,78820850,33187490,0,0,100,false,0
22236,0,0,45633360,78820850,33187490,0,101,101,true,0
22237,0,0,45633360,78820850,33187490,0,97,97,true,0
22238,0,0,45633360,78820850,33187490,0,105,105,true,0
22239,0,0,45633360,78820850,33187490,0,105,105,true,0
22240,0,0,45633360,78826000,33192640,0,3,106,false,0
22241,0,0,45633360,78831150,33197790,0,6,109,false,0
22242,0,0,45633360,78835900,33202540,0,0,95,false,0
22243,0,0,45633360,78840800,33207440,0,0,98,false,0
22244,0,0,45633360,78845450,33212090,0,0,93,false,0
22245,0,0,45633360,78850550,33217190,0,0,102,false,0
22246,0,0,45633360,78855500,33222140,0,0,99,false,0
22247,0,0,45633360,78860250,33226890,0,0,95,false,0
22248,0,0,45633360,78865150,33231790,0,0,98,false,0
22249,0,0,45633360,78869750,33236390,0,0,92,false,0
22250,0,0,45633360,78874300,33240940,0,0,91,false,0
22251,0,0,45633360,78879450,33246090,0,1,104,false,0
22252,0,0,45633360,78883900,33250540,0,0,89,false,0
22253,0,0,45633360,78883900,33250540,0,101,101,true,0
22254,0,0,45633360,78883900,33250540,0,88,88,true,0
22255,0,0,45633360,78888650,33255290,0,0,95,false,0
22256,0,0,45739980,78893750,33153770,0,0,102,false,0
22257,0,0,45739980,78893750,33153770,0,91,91,true,0
22258,0,0,45739980,78893750,33153770,0,84,84,true,0
22259,0,0,45739980,78893750,33153770,0,99,99,true,0
22260,0,0,45739980,78898900,33158920,0,0,103,false,0
22261,0,0,45739980,78903100,33163120,0,0,84,false,0
22262,0,0,45739980,78907700,33167720,0,0,92,false,0
22263,0,0,45739980,78907700,33167720,0,107,107,true,0
22264,0,0,45739980,78912650,33172670,0,0,99,false,0
22265,0,0,45739980,78917800,33177820,0,4,107,false,0
22266,0,0,45739980,78922900,33182920,0,0,102,false,0
22267,0,0,45739980,78928050,33188070,0,6,109,false,0
22268,0,0,45739980,78932550,33192570,0,0,90,false,0
22269,0,0,45739980,78936900,33196920,0,0,87,false,0
22270,0,0,45739980,78936900,33196920,0,90,90,true,0
22271,0,0,45739980,78936900,33196920,0,94,94,true,0
22272,0,0,45739980,78941950,33201970,0,0,101,false,0
22273,0,0,45739980,78947050,33207070,0,0,102,false,0
22274,0,0,45739980,78951600,33211620,0,0,91,false,0
22275,0,0,45739980,78956500,33216520,0,0,98,false,0
22276,0,0,45739980,78961400,33221420,0,0,98,false,0
22277,0,0,45739980,78961400,33221420,0,91,91,true,0
22278,0,0,45739980,78961400,33221420,0,91,91,true,0
22279,0,0,45739980,78961400,33221420,0,98,98,true,0
22280,0,0,45739980,78961400,33221420,0,113,113,true,0
22281,0,0,45739980,78966300,33226320,0,0,98,false,0
22282,0,0,45739980,78971000,33231020,0,0,94,false,0
22283,0,0,45739980,78976150,33236170,0,12,115,false,0
22284,0,0,45739980,78976150,33236170,0,112,112,true,0
22285,0,0,45739980,78980500,33240520,0,0,87,false,0
22286,0,0,45739980,78985500,33245520,0,0,100,false,0
22287,0,0,45739980,78989950,33249970,0,0,89,false,0
22288,0,0,45739980,78994800,33254820,0,0,97,false,0
22289,0,0,45739980,78999950,33259970,0,5,108,false,0
22290,0,0,45739980,79004650,33264670,0,0,94,false,0
22291,0,0,45739980,79009050,33269070,0,0,88,false,0
22292,0,0,45739980,79013250,33273270,0,0,84,false,0
22293,0,0,45739980,79018050,33278070,0,0,96,false,0
22294,0,0,45739980,79018050,33278070,0,97,97,true,0
22295,0,0,45739980,79018050,33278070,0,83,83,true,0
22296,0,0,45739980,79018050,33278070,0,72,72,true,0
22297,0,0,45739980,79018050,33278070,0,100,100,true,0
22298,0,0,45739980,79018050,33278070,0,95,95,true,0
22299,0,0,45739980,79018050,33278070,0,128,128,true,0
22300,0,0,45739980,79018050,33278070,0,88,88,true,0
22301,0,0,45739980,79018050,33278070,0,103,103,true,0
22302,0,0,45739980,79018050,33278070,0,116,116,true,0
22303,0,0,45739980,79018050,33278070,0,85,85,true,0
22304,0,0,45739980,79018050,33278070,0,117,117,true,0
22305,0,0,45739980,79023200,33283220,0,3,106,false,0
22306,0,0,45739980,79028350,33288370,0,10,113,false,0
22307,0,0,45739980,79033300,33293320,0,0,99,false,0
22308,0,0,45846600,79038150,33191550,0,0,97,false,0
22309,0,0,45846600,79041950,33195350,0,0,76,false,0
22310,0,0,45846600,79047100,33200500,0,14,117,false,0
22311,0,0,45846600,79052200,33205600,0,0,102,false,0
22312,0,0,45846600,79057350,33210750,0,2,105,false,0
22313,0,0,45846600,79062300,33215700,0,0,99,false,0
22314,0,0,45846600,79067250,33220650,0,0,99,false,0
22315,0,0,45846600,79071600,33225000,0,0,87,false,0
22316,0,0,45846600,79075850,33229250,0,0,85,false,0
22317,0,0,45846600,79080650,33234050,0,0,96,false,0
22318,0,0,45846600,79085800,33239200,0,8,111,false,0
22319,0,0,45846600,79090300,33243700,0,0,90,false,0
22320,0,0,45846600,79094550,33247950,0,0,85,false,0
22321,0,0,45846600,79098750,33252150,0,0,84,false,0
22322,0,0,45846600,79098750,33252150,0,90,90,true,0
22323,0,0,45846600,79098750,33252150,0,105,105,true,0
22324,0,0,45846600,79103350,33256750,0,0,92,false,0
22325,0,0,45846600,79108500,33261900,0,4,107,false,0
22326,0,0,45846600,79113650,33267050,0,5,108,false,0
22327,0,0,45846600,79118800,33272200,0,18,121,false,0
22328,0,0,45846600,79123350,33276750,0,0,91,false,0
22329,0,0,45846600,79128500,33281900,0,7,110,false,0
22330,0,0,45846600,79133000,33286400,0,0,90,false,0
22331,0,0,45846600,79138000,33291400,0,0,100,false,0
22332,0,0,45846600,79143150,33296550,0,7,110,false,0
22333,0,0,45846600,79148050,33301450,0,0,98,false,0
22334,0,0,45846600,79152750,33306150,0,0,94,false,0
22335,0,0,45846600,79157900,33311300,0,12,115,false,0
22336,0,0,45846600,79162800,33316200,0,0,98,false,0
22337,0,0,45846600,79162800,33316200,0,101,101,true,0
22338,0,0,45846600,79162800,33316200,0,87,87,true,0
22339,0,0,45846600,79162800,33316200,0,91,91,true,0
22340,0,0,45846600,79162800,33316200,0,100,100,true,0
22341,0,0,45846600,79162800,33316200,0,96,96,true,0
22342,0,0,45846600,79166500,33319900,0,0,74,false,0
22343,0,0,45846600,79170650,33324050,0,0,83,false,0
22344,0,0,45846600,79175450,33328850,0,0,96,false,0
22345,0,0,45846600,79180450,33333850,0,0,100,false,0
22346,0,0,45846600,79185600,33339000,0,8,111,false,0
22347,0,0,45846600,79190050,33343450,0,0,89,false,0
22348,0,0,45846600,79194800,33348200,0,0,95,false,0
22349,0,0,45846600,79199200,33352600,0,0,88,false,0
22350,0,0,45846600,79204350,33357750,0,7,110,false,0
22351,0,0,45846600,79209300,33362700,0,0,99,false,0
22352,0,0,45846600,79214450,33367850,0,3,106,false,0
22353,0,0,45846600,79218600,33372000,0,0,83,false,0
22354,0,0,45846600,79223750,33377150,0,11,114,false,0
22355,0,0,45846600,79228200,33381600,0,0,89,false,0
22356,0,0,45846600,79232900,33386300,0,0,94,false,0
22357,0,0,45846600,79238050,33391450,0,4,107,false,0
22358,0,0,45846600,79242400,33395800,0,0,87,false,0
22359,0,0,45846600,79242400,33395800,0,78,78,true,0
22360,0,0,45953220,79247500,33294280,0,0,102,false,0
22361,0,0,45953220,79252300,33299080,0,0,96,false,0
22362,0,0,45953220,79257400,33304180,0,0,102,false,0
22363,0,0,45953220,79262250,33309030,0,0,97,false,0
22364,0,0,45953220,79266350,33313130,0,0,82,false,0
22365,0,0,45953220,79271200,33317980,0,0,97,false,0
22366,0,0,45953220,79276200,33322980,0,0,100,false,0
22367,0,0,45953220,79276200,33322980,0,97,97,true,0
22368,0,0,45953220,79276200,33322980,0,121,121,true,0
22369,0,0,45953220,79280700,33327480,0,0,90,false,0
22370,0,0,45953220,79285850,33332630,0,3,106,false,0
22371,0,0,45953220,79290750,33337530,0,0,98,false,0
22372,0,0,45953220,79295700,33342480,0,0,99,false,0
22373,0,0,45953220,79300850,33347630,0,6,109,false,0
22374,0,0,45953220,79306000,33352780,0,0,103,false,0
22375,0,0,45953220,79306000,33352780,0,106,106,true,0
22376,0,0,45953220,79306000,33352780,0,116,116,true,0
22377,0,0,45953220,79306000,33352780,0,103,103,true,0
22378,0,0,45953220,79306000,33352780,0,91,91,true,0
22379,0,0,45953220,79310900,33357680,0,0,98,false,0
22380,0,0,45953220,79316050,33362830,0,1,104,false,0
22381,0,0,45953220,79320500,33367280,0,0,89,false,0
22382,0,0,45953220,79325650,33372430,0,16,119,false,0
22383,0,0,45953220,79330800,33377580,0,1,104,false,0
22384,0,0,45953220,79335950,33382730,0,0,103,false,0
22385,0,0,45953220,79341100,33387880,0,6,109,false,0
22386,0,0,45953220,79345900,33392680,0,0,96,false,0
22387,0,0,45953220,79351050,33397830,0,7,110,false,0
22388,0,0,45953220,79355650,33402430,0,0,92,false,0
22389,0,0,45953220,79355650,33402430,0,95,95,true,0
22390,0,0,45953220,79360550,33407330,0,0,98,false,0
22391,0,0,45953220,79364650,33411430,0,0,82,false,0
22392,0,0,45953220,79369500,33416280,0,0,97,false,0
22393,0,0,45953220,79374650,33421430,0,11,114,false,0
22394,0,0,45953220,79379250,33426030,0,0,92,false,0
22395,0,0,45953220,79379250,33426030,0,97,97,true,0
22396,0,0,45953220,79379250,33426030,0,91,91,true,0
22397,0,0,45953220,79383400,33430180,0,0,83,false,0
22398,0,0,45953220,79388100,33434880,0,0,94,false,0
22399,0,0,45953220,79392500,33439280,0,0,88,false,0
22400,0,0,45953220,79397600,33444380,0,0,102,false,0
22401,0,0,45953220,79397600,33444380,0,89,89,true,0
22402,0,0,45953220,79397600,33444380,0,98,98,true,0
22403,0,0,45953220,79397600,33444380,0,83,83,true,0
22404,0,0,45953220,79397600,33444380,0,107,107,true,0
22405,0,0,45953220,79397600,33444380,0,98,98,true,0
22406,0,0,45953220,79402000,33448780,0,0,88,false,0
22407,0,0,45953220,79407050,33453830,0,0,101,false,0
22408,0,0,45953220,79412100,33458880,0,0,101,false,0
22409,0,0,45953220,79417250,33464030,0,19,122,false,0
22410,0,0,45953220,79422000,33468780,0,0,95,false,0
22411,0,0,45953220,79426450,33473230,0,0,89,false,0
22412,0,0,46059840,79430650,33370810,0,0,84,false,0
22413,0,0,46059840,79435800,33375960,0,10,113,false,0
22414,0,0,46059840,79440700,33380860,0,0,98,false,0
22415,0,0,46059840,79444600,33384760,0,0,78,false,0
22416,0,0,46059840,79449650,33389810,0,0,101,false,0
22417,0,0,46059840,79454250,33394410,0,0,92,false,0
22418,0,0,46059840,79454250,33394410,0,92,92,true,0
22419,0,0,46059840,79454250,33394410,0,96,96,true,0
22420,0,0,46059840,79454250,33394410,0,108,108,true,0
22421,0,0,46059840,79454250,33394410,0,110,110,true,0
22422,0,0,46059840,79459200,33399360,0,0,99,false,0
22423,0,0,46059840,79464350,33404510,0,16,119,false,0
22424,0,0,46059840,79469000,33409160,0,0,93,false,0
22425,0,0,46059840,79474150,33414310,0,9,112,false,0
22426,0,0,46059840,79479300,33419460,0,10,113,false,0
22427,0,0,46059840,79484450,33424610,0,12,115,false,0
22428,0,0,46059840,79489500,33429660,0,0,101,false,0
22429,0,0,46059840,79494650,33434810,0,5,108,false,0
22430,0,0,46059840,79499600,33439760,0,0,99,false,0
22431,0,0,46059840,79504150,33444310,0,0,91,false,0
22432,0,0,46059840,79509300,33449460,0,5,108,false,0
22433,0,0,46059840,79514450,33454610,0,13,116,false,0
22434,0,0,46059840,79514450,33454610,0,108,108,true,0
22435,0,0,46059840,79519050,33459210,0,0,92,false,0
22436,0,0,46059840,79523950,33464110,0,0,98,false,0
22437,0,0,46059840,79528900,33469060,0,0,99,false,0
22438,0,0,46059840,79533550,33473710,0,0,93,false,0
22439,0,0,46059840,79538700,33478860,0,5,108,false,0
22440,0,0,46059840,79543850,33484010,0,4,107,false,0
22441,0,0,46059840,79548350,33488510,0,0,90,false,0
22442,0,0,46059840,79552650,33492810,0,0,86,false,0
22443,0,0,46059840,79557800,33497960,0,1,104,false,0
22444,0,0,46059840,79557800,33497960,0,82,82,true,0
22445,0,0,46059840,79557800,33497960,0,121,121,true,0
22446,0,0,46059840,79562950,33503110,0,2,105,false,0
22447,0,0,46059840,79567750,33507910,0,0,96,false,0
22448,0,0,46059840,79567750,33507910,0,97,97,true,0
22449,0,0,46059840,79567750,33507910,0,105,105,true,0
22450,0,0,46059840,79572500,33512660,0,0,95,false,0
22451,0,0,46059840,79577650,33517810,0,6,109,false,0
22452,0,0,46059840,79582250,33522410,0,0,92,false,0
22453,0,0,46059840,79587300,33527460,0,0,101,false,0
22454,0,0,46059840,79587300,33527460,0,115,115,true,0
22455,0,0,46059840,79592300,33532460,0,0,100,false,0
22456,0,0,46059840,79597450,33537610,0,0,103,false,0
22457,0,0,46059840,79597450,33537610,0,103,103,true,0
22458,0,0,46059840,79597450,33537610,0,116,116,true,0
22459,0,0,46059840,79597450,33537610,0,88,88,true,0
22460,0,0,46059840,79601500,33541660,0,0,81,false,0
22461,0,0,46059840,79605750,33545910,0,0,85,false,0
22462,0,0,46059840,79610450,33550610,0,0,94,false,0
22463,0,0,46059840,79615000,33555160,0,0,91,false,0
22464,0,0,46166460,79619800,33453340,0,0,96,false,0
22465,0,0,46166460,79624650,33458190,0,0,97,false,0
22466,0,0,46166460,79628950,33462490,0,0,86,false,0
22467,0,0,46166460,79633450,33466990,0,0,90,false,0
22468,0,0,46166460,79638450,33471990,0,0,100,false,0
22469,0,0,46166460,79643600,33477140,0,11,114,false,0
22470,0,0,46166460,79648550,33482090,0,0,99,false,0
22471,0,0,46166460,79653700,33487240,0,5,108,false,0
22472,0,0,46166460,79658750,33492290,0,0,101,false,0
22473,0,0,46166460,79658750,33492290,0,112,112,true,0
22474,0,0,46166460,79658750,33492290,0,96,96,true,0
22475,0,0,46166460,79663150,33496690,0,0,88,false,0
22476,0,0,46166460,79668300,33501840,0,1,104,false,0
22477,0,0,46166460,79672000,33505540,0,0,74,false,0
22478,0,0,46166460,79677150,33510690,0,8,111,false,0
22479,0,0,46166460,79682200,33515740,0,0,101,false,0
22480,0,0,46166460,79687150,33520690,0,0,99,false,0
22481,0,0,46166460,79690900,33524440,0,0,75,false,0
22482,0,0,46166460,79696050,33529590,0,0,103,false,0
22483,0,0,46166460,79701200,33534740,0,11,114,false,0
22484,0,0,46166460,79706350,33539890,0,12,115,false,0
22485,0,0,46166460,79711500,33545040,0,8,111,false,0
22486,0,0,46166460,79716500,33550040,0,0,100,false,0
22487,0,0,46166460,79721050,33554590,0,0,91,false,0
22488,0,0,46166460,79726050,33559590,0,0,100,false,0
22489,0,0,46166460,79731200,33564740,0,5,108,false,0
22490,0,0,46166460,79731200,33564740,0,91,91,true,0
22491,0,0,46166460,79731200,33564740,0,110,110,true,0
22492,0,0,46166460,79736200,33569740,0,0,100,false,0
22493,0,0,46166460,79740650,33574190,0,0,89,false,0
22494,0,0,46166460,79745800,33579340,0,0,103,false,0
22495,0,0,46166460,79750950,33584490,0,2,105,false,0
22496,0,0,46166460,79754650,33588190,0,0,74,false,0
22497,0,0,46166460,79754650,33588190,0,98,98,true,0
22498,0,0,46166460,79758800,33592340,0,0,83,false,0
22499,0,0,46166460,79763000,33596540,0,0,84,false,0
22500,0,0,46166460,79768150,33601690,0,3,106,false,0
22501,0,0,46166460,79773150,33606690,0,0,100,false,0
22502,0,0,46166460,79777650,33611190,0,0,90,false,0
22503,0,0,46166460,79782800,33616340,0,7,110,false,0
22504,0,0,46166460,79787800,33621340,0,0,100,false,0
22505,0,0,46166460,79792600,33626140,0,0,96,false,0
22506,0,0,46166460,79797750,33631290,0,8,111,false,0
22507,0,0,46166460,79797750,33631290,0,94,94,true,0
22508,0,0,46166460,79797750,33631290,0,95,95,true,0
22509,0,0,46166460,79797750,33631290,0,117,117,true,0
22510,0,0,46166460,79797750,33631290,0,108,108,true,0
22511,0,0,46166460,79797750,33631290,0,129,129,true,0
22512,0,0,46166460,79797750,33631290,0,85,85,true,0
22513,0,0,46166460,79802900,33636440,0,6,109,false,0
22514,0,0,46166460,79807900,33641440,0,0,100,false,0
22515,0,0,46166460,79812300,33645840,0,0,88,false,0
22516,0,0,46273080,79817450,33544370,0,1,104,false,0
22517,0,0,46273080,79822600,33549520,0,7,110,false,0
22518,0,0,46273080,79827100,33554020,0,0,90,false,0
22519,0,0,46273080,79831900,33558820,0,0,96,false,0
22520,0,0,46273080,79837050,33563970,0,6,109,false,0
22521,0,0,46273080,79841600,33568520,0,0,91,false,0
22522,0,0,46273080,79846750,33573670,0,4,107,false,0
22523,0,0,46273080,79846750,33573670,0,92,92,true,0
22524,0,0,46273080,79846750,33573670,0,103,103,true,0
22525,0,0,46273080,79851900,33578820,0,4,107,false,0
22526,0,0,46273080,79857050,33583970,0,12,115,false,0
22527,0,0,46273080,79857050,33583970,0,96,96,true,0
22528,0,0,46273080,79857050,33583970,0,102,102,true,0
22529,0,0,46273080,79857050,33583970,0,108,108,true,0
22530,0,0,46273080,79861950,33588870,0,0,98,false,0
22531,0,0,46273080,79866750,33593670,0,0,96,false,0
22532,0,0,46273080,79871200,33598120,0,0,89,false,0
22533,0,0,46273080,79876200,33603120,0,0,100,false,0
22534,0,0,46273080,79881350,33608270,0,4,107,false,0
22535,0,0,46273080,79881350,33608270,0,108,108,true,0
22536,0,0,46273080,79881350,33608270,0,88,88,true,0
22537,0,0,46273080,79886100,33613020,0,0,95,false,0
22538,0,0,46273080,79891250,33618170,0,3,106,false,0
22539,0,0,46273080,79896250,33623170,0,0,100,false,0
22540,0,0,46273080,79900900,33627820,0,0,93,false,0
22541,0,0,46273080,79905350,33632270,0,0,89,false,0
22542,0,0,46273080,79910500,33637420,0,6,109,false,0
22543,0,0,46273080,79910500,33637420,0,97,97,true,0
22544,0,0,46273080,79910500,33637420,0,103,103,true,0
22545,0,0,46273080,79915650,33642570,0,10,113,false,0
22546,0,0,46273080,79920800,33647720,0,5,108,false,0
22547,0,0,46273080,79920800,33647720,0,86,86,true,0
22548,0,0,46273080,79920800,33647720,0,93,93,true,0
22549,0,0,46273080,79920800,33647720,0,102,102,true,0
22550,0,0,46273080,79920800,33647720,0,107,107,true,0
22551,0,0,46273080,79925950,33652870,0,9,112,false,0
22552,0,0,46273080,79930800,33657720,0,0,97,false,0
22553,0,0,46273080,79935300,33662220,0,0,90,false,0
22554,0,0,46273080,79940450,33667370,0,4,107,false,0
22555,0,0,46273080,79945600,33672520,0,3,106,false,0
22556,0,0,46273080,79950550,33677470,0,0,99,false,0
22557,0,0,46273080,79950550,33677470,0,89,89,true,0
22558,0,0,46273080,79950550,33677470,0,88,88,true,0
22559,0,0,46273080,79950550,33677470,0,102,102,true,0
22560,0,0,46273080,79955700,33682620,0,4,107,false,0
22561,0,0,46273080,79960400,33687320,0,0,94,false,0
22562,0,0,46273080,79965550,33692470,0,18,121,false,0
22563,0,0,46273080,79969950,33696870,0,0,88,false,0
22564,0,0,46273080,79975100,33702020,0,0,103,false,0
22565,0,0,46273080,79979700,33706620,0,0,92,false,0
22566,0,0,46273080,79984700,33711620,0,0,100,false,0
22567,0,0,46273080,79989350,33716270,0,0,93,false,0
22568,0,0,46379700,79994500,33614800,0,2,105,false,0
22569,0,0,46379700,79999650,33619950,0,12,115,false,0
22570,0,0,46379700,80004800,33625100,0,9,112,false,0
22571,0,0,46379700,80009800,33630100,0,0,100,false,0
22572,0,0,46379700,80014200,33634500,0,0,88,false,0
22573,0,0,46379700,80014200,33634500,0,94,94,true,0
22574,0,0,46379700,80014200,33634500,0,100,100,true,0
22575,0,0,46379700,80018850,33639150,0,0,93,false,0
22576,0,0,46379700,80024000,33644300,0,8,111,false,0
22577,0,0,46379700,80024000,33644300,0,93,93,true,0
22578,0,0,46379700,80024000,33644300,0,100,100,true,0
22579,0,0,46379700,80024000,33644300,0,101,101,true,0
22580,0,0,46379700,80029150,33649450,0,10,113,false,0
22581,0,0,46379700,80034300,33654600,0,8,111,false,0
22582,0,0,46379700,80034300,33654600,0,110,110,true,0
22583,0,0,46379700,80039450,33659750,0,0,103,false,0
22584,0,0,46379700,80044600,33664900,0,0,103,false,0
22585,0,0,46379700,80044600,33664900,0,90,90,true,0
22586,0,0,46379700,80049750,33670050,0,16,119,false,0
22587,0,0,46379700,80054900,33675200,0,12,115,false,0
22588,0,0,46379700,80054900,33675200,0,107,107,true,0
22589,0,0,46379700,80060050,33680350,0,1,104,false,0
22590,0,0,46379700,80065150,33685450,0,0,102,false,0
22591,0,0,46379700,80069450,33689750,0,0,86,false,0
22592,0,0,46379700,80074250,33694550,0,0,96,false,0
22593,0,0,46379700,80079400,33699700,0,6,109,false,0
22594,0,0,46379700,80084250,33704550,0,0,97,false,0
22595,0,0,46379700,80089400,33709700,0,4,107,false,0
22596,0,0,46379700,80089400,33709700,0,107,107,true,0
22597,0,0,46379700,80089400,33709700,0,94,94,true,0
22598,0,0,46379700,80094050,33714350,0,0,93,false,0
22599,0,0,46379700,80098500,33718800,0,0,89,false,0
22600,0,0,46379700,80103650,33723950,0,4,107,false,0
22601,0,0,46379700,80103650,33723950,0,110,110,true,0
22602,0,0,46379700,80103650,33723950,0,84,84,true,0
22603,0,0,46379700,80103650,33723950,0,113,113,true,0
22604,0,0,46379700,80103650,33723950,0,131,131,true,0
22605,0,0,46379700,80108300,33728600,0,0,93,false,0
22606,0,0,46379700,80113450,33733750,0,4,107,false,0
22607,0,0,46379700,80118450,33738750,0,0,100,false,0
22608,0,0,46379700,80123300,33743600,0,0,97,false,0
22609,0,0,46379700,80128450,33748750,0,2,105,false,0
22610,0,0,46379700,80132750,33753050,0,0,86,false,0
22611,0,0,46379700,80137550,33757850,0,0,96,false,0
22612,0,0,46379700,80142600,33762900,0,0,101,false,0
22613,0,0,46379700,80147500,33767800,0,0,98,false,0
22614,0,0,46379700,80147500,33767800,0,94,94,true,0
22615,0,0,46379700,80152400,33772700,0,0,98,false,0
22616,0,0,46379700,80156500,33776800,0,0,82,false,0
22617,0,0,46379700,80156500,33776800,0,88,88,true,0
22618,0,0,46379700,80156500,33776800,0,107,107,true,0
22619,0,0,46379700,80160850,33781150,0,0,87,false,0
22620,0,0,46486320,80166000,33679680,0,1,104,false,0
22621,0,0,46486320,80170850,33684530,0,0,97,false,0
22622,0,0,46486320,80175950,33689630,0,0,102,false,0
22623,0,0,46486320,80180700,33694380,0,0,95,false,0
22624,0,0,46486320,80184150,33697830,0,0,69,false,0
22625,0,0,46486320,80188900,33702580,0,0,95,false,0
22626,0,0,46486320,80193600,33707280,0,0,94,false,0
22627,0,0,46486320,80198750,33712430,0,1,104,false,0
22628,0,0,46486320,80203900,33717580,0,19,122,false,0
22629,0,0,46486320,80209050,33722730,0,6,109,false,0
22630,0,0,46486320,80209050,33722730,0,80,80,true,0
22631,0,0,46486320,80209050,33722730,0,85,85,true,0
22632,0,0,46486320,80213450,33727130,0,0,88,false,0
22633,0,0,46486320,80218600,33732280,0,5,108,false,0
22634,0,0,46486320,80218600,33732280,0,74,74,true,0
22635,0,0,46486320,80222650,33736330,0,0,81,false,0
22636,0,0,46486320,80227800,33741480,0,0,103,false,0
22637,0,0,46486320,80232900,33746580,0,0,102,false,0
22638,0,0,46486320,80237700,33751380,0,0,96,false,0
22639,0,0,46486320,80241850,33755530,0,0,83,false,0
22640,0,0,46486320,80247000,33760680,0,5,108,false,0
22641,0,0,46486320,80251500,33765180,0,0,90,false,0
22642,0,0,46486320,80251500,33765180,0,83,83,true,0
22643,0,0,46486320,80251500,33765180,0,105,105,true,0
22644,0,0,46486320,80251500,33765180,0,105,105,true,0
22645,0,0,46486320,80251500,33765180,0,101,101,true,0
22646,0,0,46486320,80251500,33765180,0,117,117,true,0
22647,0,0,46486320,80251500,33765180,0,103,103,true,0
22648,0,0,46486320,80255700,33769380,0,0,84,false,0
22649,0,0,46486320,80260200,33773880,0,0,90,false,0
22650,0,0,46486320,80260200,33773880,0,98,98,true,0
22651,0,0,46486320,80260200,33773880,0,79,79,true,0
22652,0,0,46486320,80260200,33773880,0,114,114,true,0
22653,0,0,46486320,80265350,33779030,0,7,110,false,0
22654,0,0,46486320,80270500,33784180,0,20,123,false,0
22655,0,0,46486320,80275050,33788730,0,0,91,false,0
22656,0,0,46486320,80280200,33793880,0,2,105,false,0
22657,0,0,46486320,80285000,33798680,0,0,96,false,0
22658,0,0,46486320,80289850,33803530,0,0,97,false,0
22659,0,0,46486320,80295000,33808680,0,5,108,false,0
22660,0,0,46486320,80299450,33813130,0,0,89,false,0
22661,0,0,46486320,80304300,33817980,0,0,97,false,0
22662,0,0,46486320,80309450,33823130,0,18,121,false,0
22663,0,0,46486320,80314000,33827680,0,0,91,false,0
22664,0,0,46486320,80319150,33832830,0,9,112,false,0
22665,0,0,46486320,80323550,33837230,0,0,88,false,0
22666,0,0,46486320,80328450,33842130,0,0,98,false,0
22667,0,0,46486320,80333600,33847280,0,6,109,false,0
22668,0,0,46486320,80337850,33851530,0,0,85,false,0
22669,0,0,46486320,80342250,33855930,0,0,88,false,0
22670,0,0,46486320,80342250,33855930,0,98,98,true,0
22671,0,0,46486320,80347400,33861080,0,4,107,false,0
22672,0,0,46592940,80352300,33759360,0,0,98,false,0
22673,0,0,46592940,80357000,33764060,0,0,94,false,0
22674,0,0,46592940,80362150,33769210,0,12,115,false,0
22675,0,0,46592940,80367000,33774060,0,0,97,false,0
22676,0,0,46592940,80372150,33779210,0,1,104,false,0
22677,0,0,46592940,80377300,33784360,0,10,113,false,0
22678,0,0,46592940,80377300,33784360,0,104,104,true,0
22679,0,0,46592940,80377300,33784360,0,95,95,true,0
22680,0,0,46592940,80382400,33789460,0,0,102,false,0
22681,0,0,46592940,80387150,33794210,0,0,95,false,0
22682,0,0,46592940,80392200,33799260,0,0,101,false,0
22683,0,0,46592940,80396600,33803660,0,0,88,false,0
22684,0,0,46592940,80396600,33803660,0,105,105,true,0
22685,0,0,46592940,80401750,33808810,0,3,106,false,0
22686,0,0,46592940,80406900,33813960,0,6,109,false,0
22687,0,0,46592940,80411850,33818910,0,0,99,false,0
22688,0,0,46592940,80411850,33818910,0,101,101,true,0
22689,0,0,46592940,80411850,33818910,0,99,99,true,0
22690,0,0,46592940,80411850,33818910,0,85,85,true,0
22691,0,0,46592940,80411850,33818910,0,101,101,true,0
22692,0,0,46592940,80416850,33823910,0,0,100,false,0
22693,0,0,46592940,80421800,33828860,0,0,99,false,0
22694,0,0,46592940,80421800,33828860,0,107,107,true,0
22695,0,0,46592940,80421800,33828860,0,94,94,true,0
22696,0,0,46592940,80421800,33828860,0,80,80,true,0
22697,0,0,46592940,80421800,33828860,0,105,105,true,0
22698,0,0,46592940,80425500,33832560,0,0,74,false,0
22699,0,0,46592940,80430350,33837410,0,0,97,false,0
22700,0,0,46592940,80435500,33842560,0,7,110,false,0
22701,0,0,46592940,80440200,33847260,0,0,94,false,0
22702,0,0,46592940,80440200,33847260,0,118,118,true,0
22703,0,0,46592940,80444600,33851660,0,0,88,false,0
22704,0,0,46592940,80449750,33856810,0,3,106,false,0
22705,0,0,46592940,80453450,33860510,0,0,74,false,0
22706,0,0,46592940,80457850,33864910,0,0,88,false,0
22707,0,0,46592940,80462350,33869410,0,0,90,false,0
22708,0,0,46592940,80466950,33874010,0,0,92,false,0
22709,0,0,46592940,80472100,33879160,0,3,106,false,0
22710,0,0,46592940,80472100,33879160,0,103,103,true,0
22711,0,0,46592940,80477250,33884310,0,6,109,false,0
22712,0,0,46592940,80481750,33888810,0,0,90,false,0
22713,0,0,46592940,80486900,33893960,0,12,115,false,0
22714,0,0,46592940,80491850,33898910,0,0,99,false,0
22715,0,0,46592940,80496550,33903610,0,0,94,false,0
22716,0,0,46592940,80496550,33903610,0,103,103,true,0
22717,0,0,46592940,80501300,33908360,0,0,95,false,0
22718,0,0,46592940,80506450,33913510,0,10,113,false,0
22719,0,0,46592940,80511500,33918560,0,0,101,false,0
22720,0,0,46592940,80516100,33923160,0,0,92,false,0
22721,0,0,46592940,80520500,33927560,0,0,88,false,0
22722,0,0,46592940,80520500,33927560,0,103,103,true,0
22723,0,0,46592940,80525650,33932710,0,2,105,false,0
22724,0,0,46699560,80530800,33831240,0,11,114,false,0
22725,0,0,46699560,80535850,33836290,0,0,101,false,0
22726,0,0,46699560,80540800,33841240,0,0,99,false,0
22727,0,0,46699560,80544900,33845340,0,0,82,false,0
22728,0,0,46699560,80544900,33845340,0,102,102,true,0
22729,0,0,46699560,80549100,33849540,0,0,84,false,0
22730,0,0,46699560,80554250,33854690,0,1,104,false,0
22731,0,0,46699560,80559400,33859840,0,0,103,false,0
22732,0,0,46699560,80563950,33864390,0,0,91,false,0
22733,0,0,46699560,80568100,33868540,0,0,83,false,0
22734,0,0,46699560,80572900,33873340,0,0,96,false,0
22735,0,0,46699560,80578050,33878490,0,2,105,false,0
22736,0,0,46699560,80578050,33878490,0,116,116,true,0
22737,0,0,46699560,80578050,33878490,0,107,107,true,0
22738,0,0,46699560,80578050,33878490,0,97,97,true,0
22739,0,0,46699560,80583200,33883640,0,18,121,false,0
22740,0,0,46699560,80588150,33888590,0,0,99,false,0
22741,0,0,46699560,80593000,33893440,0,0,97,false,0
22742,0,0,46699560,80593000,33893440,0,116,116,true,0
22743,0,0,46699560,80593000,33893440,0,115,115,true,0
22744,0,0,46699560,80596950,33897390,0,0,79,false,0
22745,0,0,46699560,80602100,33902540,0,4,107,false,0
22746,0,0,46699560,80607250,33907690,0,6,109,false,0
22747,0,0,46699560,80612000,33912440,0,0,95,false,0
22748,0,0,46699560,80616950,33917390,0,0,99,false,0
22749,0,0,46699560,80621150,33921590,0,0,84,false,0
22750,0,0,46699560,80625900,33926340,0,0,95,false,0
22751,0,0,46699560,80625900,33926340,0,77,77,true,0
22752,0,0,46699560,80630700,33931140,0,0,96,false,0
22753,0,0,46699560,80635850,33936290,0,4,107,false,0
22754,0,0,46699560,80635850,33936290,0,100,100,true,0
22755,0,0,46699560,80641000,33941440,0,10,113,false,0
22756,0,0,46699560,80646000,33946440,0,0,100,false,0
22757,0,0,46699560,80651150,33951590,0,4,107,false,0
22758,0,0,46699560,80651150,33951590,0,104,104,true,0
22759,0,0,46699560,80656000,33956440,0,0,97,false,0
22760,0,0,46699560,80661150,33961590,0,5,108,false,0
22761,0,0,46699560,80665400,33965840,0,0,85,false,0
22762,0,0,46699560,80665400,33965840,0,116,116,true,0
22763,0,0,46699560,80665400,33965840,0,100,100,true,0
22764,0,0,46699560,80670550,33970990,0,8,111,false,0
22765,0,0,46699560,80675650,33976090,0,0,102,false,0
22766,0,0,46699560,80680400,33980840,0,0,95,false,0
22767,0,0,46699560,80685550,33985990,0,4,107,false,0
22768,0,0,46699560,80690700,33991140,0,11,114,false,0
22769,0,0,46699560,80694500,33994940,0,0,76,false,0
22770,0,0,46699560,80699050,33999490,0,0,91,false,0
22771,0,0,46699560,80704200,34004640,0,6,109,false,0
22772,0,0,46699560,80709050,34009490,0,0,97,false,0
22773,0,0,46699560,80714200,34014640,0,6,109,false,0
22774,0,0,46699560,80718100,34018540,0,0,78,false,0
22775,0,0,46699560,80723250,34023690,0,3,106,false,0
22776,0,0,46806180,80727700,33921520,0,0,89,false,0
22777,0,0,46806180,80727700,33921520,0,107,107,true,0
22778,0,0,46806180,80727700,33921520,0,97,97,true,0
22779,0,0,46806180,80727700,33921520,0,92,92,true,0
22780,0,0,46806180,80732750,33926570,0,0,101,false,0
22781,0,0,46806180,80736950,33930770,0,0,84,false,0
22782,0,0,46806180,80742100,33935920,0,3,106,false,0
22783,0,0,46806180,80746400,33940220,0,0,86,false,0
22784,0,0,46806180,80751550,33945370,0,5,108,false,0
22785,0,0,46806180,80756050,33949870,0,0,90,false,0
22786,0,0,46806180,80761200,33955020,0,0,103,false,0
22787,0,0,46806180,80766350,33960170,0,9,112,false,0
22788,0,0,46806180,80771500,33965320,0,3,106,false,0
22789,0,0,46806180,80775650,33969470,0,0,83,false,0
22790,0,0,46806180,80779950,33973770,0,0,86,false,0
22791,0,0,46806180,80779950,33973770,0,85,85,true,0
22792,0,0,46806180,80785100,33978920,0,5,108,false,0
22793,0,0,46806180,80790250,33984070,0,4,107,false,0
22794,0,0,46806180,80795400,33989220,0,13,116,false,0
22795,0,0,46806180,80800300,33994120,0,0,98,false,0
22796,0,0,46806180,80805450,33999270,0,8,111,false,0
22797,0,0,46806180,80810100,34003920,0,0,93,false,0
22798,0,0,46806180,80814100,34007920,0,0,80,false,0
22799,0,0,46806180,80819250,34013070,0,6,109,false,0
22800,0,0,46806180,80823900,34017720,0,0,93,false,0
22801,0,0,46806180,80828400,34022220,0,0,90,false,0
22802,0,0,46806180,80833400,34027220,0,0,100,false,0
22803,0,0,46806180,80838550,34032370,0,10,113,false,0
22804,0,0,46806180,80843450,34037270,0,0,98,false,0
22805,0,0,46806180,80847600,34041420,0,0,83,false,0
22806,0,0,46806180,80847600,34041420,0,102,102,true,0
22807,0,0,46806180,80852550,34046370,0,0,99,false,0
22808,0,0,46806180,80857200,34051020,0,0,93,false,0
22809,0,0,46806180,80862350,34056170,0,0,103,false,0
22810,0,0,46806180,80866850,34060670,0,0,90,false,0
22811,0,0,46806180,80872000,34065820,0,6,109,false,0
22812,0,0,46806180,80876750,34070570,0,0,95,false,0
22813,0,0,46806180,80881450,34075270,0,0,94,false,0
22814,0,0,46806180,80885700,34079520,0,0,85,false,0
22815,0,0,46806180,80889700,34083520,0,0,80,false,0
22816,0,0,46806180,80889700,34083520,0,97,97,true,0
22817,0,0,46806180,80894850,34088670,0,6,109,false,0
22818,0,0,46806180,80900000,34093820,0,0,103,false,0
22819,0,0,46806180,80900000,34093820,0,97,97,true,0
22820,0,0,46806180,80900000,34093820,0,82,82,true,0
22821,0,0,46806180,80904700,34098520,0,0,94,false,0
22822,0,0,46806180,80909600,34103420,0,0,98,false,0
22823,0,0,46806180,80914500,34108320,0,0,98,false,0
22824,0,0,46806180,80918800,34112620,0,0,86,false,0
22825,0,0,46806180,80918800,34112620,0,101,101,true,0
22826,0,0,46806180,80918800,34112620,0,110,110,true,0
22827,0,0,46806180,80918800,34112620,0,102,102,true,0
22828,0,0,46912800,80923700,34010900,0,0,98,false,0
22829,0,0,46912800,80927750,34014950,0,0,81,false,0
22830,0,0,46912800,80932450,34019650,0,0,94,false,0
22831,0,0,46912800,80937450,34024650,0,0,100,false,0
22832,0,0,46912800,80942600,34029800,0,0,103,false,0
22833,0,0,46912800,80947200,34034400,0,0,92,false,0
22834,0,0,46912800,80947200,34034400,0,104,104,true,0
22835,0,0,46912800,80952350,34039550,0,1,104,false,0
22836,0,0,46912800,80957400,34044600,0,0,101,false,0
22837,0,0,46912800,80961800,34049000,0,0,88,false,0
22838,0,0,46912800,80966650,34053850,0,0,97,false,0
22839,0,0,46912800,80971750,34058950,0,0,102,false,0
22840,0,0,46912800,80976900,34064100,0,0,103,false,0
22841,0,0,46912800,80982050,34069250,0,3,106,false,0
22842,0,0,46912800,80982050,34069250,0,97,97,true,0
22843,0,0,46912800,80982050,34069250,0,103,103,true,0
22844,0,0,46912800,80982050,34069250,0,109,109,true,0
22845,0,0,46912800,80982050,34069250,0,104,104,true,0
22846,0,0,46912800,80987000,34074200,0,0,99,false,0
22847,0,0,46912800,80992150,34079350,0,2,105,false,0
22848,0,0,46912800,80997300,34084500,0,2,105,false,0
22849,0,0,46912800,81002450,34089650,0,3,106,false,0
22850,0,0,46912800,81007600,34094800,0,20,123,false,0
22851,0,0,46912800,81012200,34099400,0,0,92,false,0
22852,0,0,46912800,81017350,34104550,0,1,104,false,0
22853,0,0,46912800,81022350,34109550,0,0,100,false,0
22854,0,0,46912800,81027400,34114600,0,0,101,false,0
22855,0,0,46912800,81032000,34119200,0,0,92,false,0
22856,0,0,46912800,81032000,34119200,0,107,107,true,0
22857,0,0,46912800,81032000,34119200,0,101,101,true,0
22858,0,0,46912800,81032000,34119200,0,113,113,true,0
22859,0,0,46912800,81036650,34123850,0,0,93,false,0
22860,0,0,46912800,81041800,34129000,0,0,103,false,0
22861,0,0,46912800,81046400,34133600,0,0,92,false,0
22862,0,0,46912800,81050950,34138150,0,0,91,false,0
22863,0,0,46912800,81055650,34142850,0,0,94,false,0
22864,0,0,46912800,81059750,34146950,0,0,82,false,0
22865,0,0,46912800,81064900,34152100,0,4,107,false,0
22866,0,0,46912800,81069500,34156700,0,0,92,false,0
22867,0,0,46912800,81074650,34161850,0,8,111,false,0
22868,0,0,46912800,81079800,34167000,0,2,105,false,0
22869,0,0,46912800,81079800,34167000,0,123,123,true,0
22870,0,0,46912800,81084600,34171800,0,0,96,false,0
22871,0,0,46912800,81089450,34176650,0,0,97,false,0
22872,0,0,46912800,81094250,34181450,0,0,96,false,0
22873,0,0,46912800,81094250,34181450,0,80,80,true,0
22874,0,0,46912800,81094250,34181450,0,92,92,true,0
22875,0,0,46912800,81099400,34186600,0,9,112,false,0
22876,0,0,46912800,81104550,34191750,0,4,107,false,0
22877,0,0,46912800,81104550,34191750,0,102,102,true,0
22878,0,0,46912800,81109000,34196200,0,0,89,false,0
22879,0,0,46912800,81114150,34201350,0,4,107,false,0
22880,0,0,47019420,81119300,34099880,0,3,106,false,0
22881,0,0,47019420,81124350,34104930,0,0,101,false,0
22882,0,0,47019420,81128950,34109530,0,0,92,false,0
22883,0,0,47019420,81134100,34114680,0,1,104,false,0
22884,0,0,47019420,81139250,34119830,0,3,106,false,0
22885,0,0,47019420,81144400,34124980,0,15,118,false,0
22886,0,0,47019420,81149550,34130130,0,3,106,false,0
22887,0,0,47019420,81154150,34134730,0,0,92,false,0
22888,0,0,47019420,81159300,34139880,0,10,113,false,0
22889,0,0,47019420,81159300,34139880,0,103,103,true,0
22890,0,0,47019420,81159300,34139880,0,100,100,true,0
22891,0,0,47019420,81163750,34144330,0,0,89,false,0
22892,0,0,47019420,81168900,34149480,0,19,122,false,0
22893,0,0,47019420,81173750,34154330,0,0,97,false,0
22894,0,0,47019420,81178800,34159380,0,0,101,false,0
22895,0,0,47019420,81183800,34164380,0,0,100,false,0
22896,0,0,47019420,81188950,34169530,0,10,113,false,0
22897,0,0,47019420,81194100,34174680,0,17,120,false,0
22898,0,0,47019420,81198600,34179180,0,0,90,false,0
22899,0,0,47019420,81203750,34184330,0,8,111,false,0
22900,0,0,47019420,81208900,34189480,0,11,114,false,0
22901,0,0,47019420,81213550,34194130,0,0,93,false,0
22902,0,0,47019420,81218250,34198830,0,0,94,false,0
22903,0,0,47019420,81223350,34203930,0,0,102,false,0
22904,0,0,47019420,81223350,34203930,0,104,104,true,0
22905,0,0,47019420,81228500,34209080,0,3,106,false,0
22906,0,0,47019420,81233300,34213880,0,0,96,false,0
22907,0,0,47019420,81238200,34218780,0,0,98,false,0
22908,0,0,47019420,81243150,34223730,0,0,99,false,0
22909,0,0,47019420,81248300,34228880,0,25,128,false,0
22910,0,0,47019420,81253300,34233880,0,0,100,false,0
22911,0,0,47019420,81253300,34233880,0,96,96,true,0
22912,0,0,47019420,81258150,34238730,0,0,97,false,0
22913,0,0,47019420,81263000,34243580,0,0,97,false,0
22914,0,0,47019420,81267600,34248180,0,0,92,false,0
22915,0,0,47019420,81272750,34253330,0,1,104,false,0
22916,0,0,47019420,81272750,34253330,0,94,94,true,0
22917,0,0,47019420,81272750,34253330,0,122,122,true,0
22918,0,0,47019420,81272750,34253330,0,100,100,true,0
22919,0,0,47019420,81272750,34253330,0,90,90,true,0
22920,0,0,47019420,81277900,34258480,0,12,115,false,0
22921,0,0,47019420,81283050,34263630,0,11,114,false,0
22922,0,0,47019420,81283050,34263630,0,90,90,true,0
22923,0,0,47019420,81283050,34263630,0,99,99,true,0
22924,0,0,47019420,81283050,34263630,0,94,94,true,0
22925,0,0,47019420,81288200,34268780,0,5,108,false,0
22926,0,0,47019420,81293100,34273680,0,0,98,false,0
22927,0,0,47019420,81297750,34278330,0,0,93,false,0
22928,0,0,47019420,81302150,34282730,0,0,88,false,0
22929,0,0,47019420,81307100,34287680,0,0,99,false,0
22930,0,0,47019420,81307100,34287680,0,90,90,true,0
22931,0,0,47019420,81307100,34287680,0,94,94,true,0
22932,0,0,47126040,81307100,34181060,0,85,85,true,0
22933,0,0,47126040,81312250,34186210,0,13,116,false,0
22934,0,0,47126040,81317400,34191360,0,13,116,false,0
22935,0,0,47126040,81317400,34191360,0,95,95,true,0
22936,0,0,47126040,81317400,34191360,0,93,93,true,0
22937,0,0,47126040,81321900,34195860,0,0,90,false,0
22938,0,0,47126040,81326950,34200910,0,0,101,false,0
22939,0,0,47126040,81331350,34205310,0,0,88,false,0
22940,0,0,47126040,81336500,34210460,0,1,104,false,0
22941,0,0,47126040,81340950,34214910,0,0,89,false,0
22942,0,0,47126040,81346100,34220060,0,11,114,false,0
22943,0,0,47126040,81351000,34224960,0,0,98,false,0
22944,0,0,47126040,81355850,34229810,0,0,97,false,0
22945,0,0,47126040,81360800,34234760,0,0,99,false,0
22946,0,0,47126040,81365950,34239910,0,0,103,false,0
22947,0,0,47126040,81365950,34239910,0,76,76,true,0
22948,0,0,47126040,81365950,34239910,0,95,95,true,0
22949,0,0,47126040,81365950,34239910,0,110,110,true,0
22950,0,0,47126040,81365950,34239910,0,98,98,true,0
22951,0,0,47126040,81370650,34244610,0,0,94,false,0
22952,0,0,47126040,81374900,34248860,0,0,85,false,0
22953,0,0,47126040,81379200,34253160,0,0,86,false,0
22954,0,0,47126040,81384300,34258260,0,0,102,false,0
22955,0,0,47126040,81388600,34262560,0,0,86,false,0
22956,0,0,47126040,81393300,34267260,0,0,94,false,0
22957,0,0,47126040,81398450,34272410,0,0,103,false,0
22958,0,0,47126040,81403400,34277360,0,0,99,false,0
22959,0,0,47126040,81407700,34281660,0,0,86,false,0
22960,0,0,47126040,81412850,34286810,0,1,104,false,0
22961,0,0,47126040,81417800,34291760,0,0,99,false,0
22962,0,0,47126040,81417800,34291760,0,92,92,true,0
22963,0,0,47126040,81417800,34291760,0,82,82,true,0
22964,0,0,47126040,81422650,34296610,0,0,97,false,0
22965,0,0,47126040,81426650,34300610,0,0,80,false,0
22966,0,0,47126040,81431650,34305610,0,0,100,false,0
22967,0,0,47126040,81436800,34310760,0,2,105,false,0
22968,0,0,47126040,81441750,34315710,0,0,99,false,0
22969,0,0,47126040,81446100,34320060,0,0,87,false,0
22970,0,0,47126040,81450800,34324760,0,0,94,false,0
22971,0,0,47126040,81455950,34329910,0,11,114,false,0
22972,0,0,47126040,81461100,34335060,0,14,117,false,0
22973,0,0,47126040,81466250,34340210,0,7,110,false,0
22974,0,0,47126040,81470650,34344610,0,0,88,false,0
22975,0,0,47126040,81475800,34349760,0,10,113,false,0
22976,0,0,47126040,81475800,34349760,0,103,103,true,0
22977,0,0,47126040,81475800,34349760,0,100,100,true,0
22978,0,0,47126040,81475800,34349760,0,85,85,true,0
22979,0,0,47126040,81475800,34349760,0,94,94,true,0
22980,0,0,47126040,81475800,34349760,0,103,103,true,0
22981,0,0,47126040,81480400,34354360,0,0,92,false,0
22982,0,0,47126040,81485500,34359460,0,0,102,false,0
22983,0,0,47126040,81485500,34359460,0,99,99,true,0
22984,0,0,47232660,81485500,34252840,0,93,93,true,0
22985,0,0,47232660,81490550,34257890,0,0,101,false,0
22986,0,0,47232660,81495150,34262490,0,0,92,false,0
22987,0,0,47232660,81499650,34266990,0,0,90,false,0
22988,0,0,47232660,81503400,34270740,0,0,75,false,0
22989,0,0,47232660,81508450,34275790,0,0,101,false,0
22990,0,0,47232660,81513600,34280940,0,5,108,false,0
22991,0,0,47232660,81518550,34285890,0,0,99,false,0
22992,0,0,47232660,81523550,34290890,0,0,100,false,0
22993,0,0,47232660,81528700,34296040,0,0,103,false,0
22994,0,0,47232660,81533050,34300390,0,0,87,false,0
22995,0,0,47232660,81538050,34305390,0,0,100,false,0
22996,0,0,47232660,81543200,34310540,0,9,112,false,0
22997,0,0,47232660,81548300,34315640,0,0,102,false,0
22998,0,0,47232660,81553450,34320790,0,14,117,false,0
22999,0,0,47232660,81553450,34320790,0,93,93,true,0
23000,0,0,47232660,81553450,34320790,0,119,119,true,0
23001,0,0,47232660,81553450,34320790,0,99,99,true,0
23002,0,0,47232660,81553450,34320790,0,94,94,true,0
23003,0,0,47232660,81553450,34320790,0,101,101,true,0
23004,0,0,47232660,81553450,34320790,0,91,91,true,0
23005,0,0,47232660,81553450,34320790,0,101,101,true,0
23006,0,0,47232660,81553450,34320790,0,89,89,true,0
23007,0,0,47232660,81553450,34320790,0,99,99,true,0
23008,0,0,47232660,81553450,34320790,0,100,100,true,0
23009,0,0,47232660,81558500,34325840,0,0,101,false,0
23010,0,0,47232660,81563650,34330990,0,6,109,false,0
23011,0,0,47232660,81568800,34336140,0,4,107,false,0
23012,0,0,47232660,81573100,34340440,0,0,86,false,0
23013,0,0,47232660,81577850,34345190,0,0,95,false,0
23014,0,0,47232660,81583000,34350340,0,13,116,false,0
23015,0,0,47232660,81588150,34355490,0,5,108,false,0
23016,0,0,47232660,81593300,34360640,0,0,103,false,0
23017,0,0,47232660,81597550,34364890,0,0,85,false,0
23018,0,0,47232660,81602350,34369690,0,0,96,false,0
23019,0,0,47232660,81607500,34374840,0,1,104,false,0
23020,0,0,47232660,81607500,34374840,0,79,79,true,0
23021,0,0,47232660,81607500,34374840,0,97,97,true,0
23022,0,0,47232660,81612650,34379990,0,9,112,false,0
23023,0,0,47232660,81617800,34385140,0,5,108,false,0
23024,0,0,47232660,81622950,34390290,0,7,110,false,0
23025,0,0,47232660,81628100,34395440,0,1,104,false,0
23026,0,0,47232660,81628100,34395440,0,88,88,true,0
23027,0,0,47232660,81628100,34395440,0,89,89,true,0
23028,0,0,47232660,81628100,34395440,0,80,80,true,0
23029,0,0,47232660,81633250,34400590,0,5,108,false,0
23030,0,0,47232660,81638400,34405740,0,5,108,false,0
23031,0,0,47232660,81643550,34410890,0,8,111,false,0
23032,0,0,47232660,81643550,34410890,0,113,113,true,0
23033,0,0,47232660,81643550,34410890,0,108,108,true,0
23034,0,0,47232660,81643550,34410890,0,97,97,true,0
23035,0,0,47232660,81648700,34416040,0,7,110,false,0
23036,0,0,47339280,81653200,34313920,0,0,90,false,0
23037,0,0,47339280,81657950,34318670,0,0,95,false,0
23038,0,0,47339280,81663100,34323820,0,13,116,false,0
23039,0,0,47339280,81667900,34328620,0,0,96,false,0
23040,0,0,47339280,81672800,34333520,0,0,98,false,0
23041,0,0,47339280,81677950,34338670,0,9,112,false,0
23042,0,0,47339280,81683100,34343820,0,12,115,false,0
23043,0,0,47339280,81687850,34348570,0,0,95,false,0
23044,0,0,47339280,81692850,34353570,0,0,100,false,0
23045,0,0,47339280,81697400,34358120,0,0,91,false,0
23046,0,0,47339280,81702550,34363270,0,23,126,false,0
23047,0,0,47339280,81707700,34368420,0,3,106,false,0
23048,0,0,47339280,81712700,34373420,0,0,100,false,0
23049,0,0,47339280,81717850,34378570,0,3,106,false,0
23050,0,0,47339280,81723000,34383720,0,9,112,false,0
23051,0,0,47339280,81728150,34388870,0,12,115,false,0
23052,0,0,47339280,81728150,34388870,0,101,101,true,0
23053,0,0,47339280,81728150,34388870,0,115,115,true,0
23054,0,0,47339280,81733000,34393720,0,0,97,false,0
23055,0,0,47339280,81736950,34397670,0,0,79,false,0
23056,0,0,47339280,81742100,34402820,0,5,108,false,0
23057,0,0,47339280,81747200,34407920,0,0,102,false,0
23058,0,0,47339280,81751650,34412370,0,0,89,false,0
23059,0,0,47339280,81756150,34416870,0,0,90,false,0
23060,0,0,47339280,81761100,34421820,0,0,99,false,0
23061,0,0,47339280,81766050,34426770,0,0,99,false,0
23062,0,0,47339280,81771000,34431720,0,0,99,false,0
23063,0,0,47339280,81776150,34436870,0,1,104,false,0
23064,0,0,47339280,81781300,34442020,0,15,118,false,0
23065,0,0,47339280,81786450,34447170,0,7,110,false,0
23066,0,0,47339280,81790800,34451520,0,0,87,false,0
23067,0,0,47339280,81795950,34456670,0,1,104,false,0
23068,0,0,47339280,81795950,34456670,0,95,95,true,0
23069,0,0,47339280,81795950,34456670,0,123,123,true,0
23070,0,0,47339280,81801100,34461820,0,7,110,false,0
23071,0,0,47339280,81806200,34466920,0,0,102,false,0
23072,0,0,47339280,81810750,34471470,0,0,91,false,0
23073,0,0,47339280,81815900,34476620,0,15,118,false,0
23074,0,0,47339280,81820900,34481620,0,0,100,false,0
23075,0,0,47339280,81820900,34481620,0,103,103,true,0
23076,0,0,47339280,81820900,34481620,0,95,95,true,0
23077,0,0,47339280,81825100,34485820,0,0,84,false,0
23078,0,0,47339280,81830250,34490970,0,0,103,false,0
23079,0,0,47339280,81834950,34495670,0,0,94,false,0
23080,0,0,47339280,81839700,34500420,0,0,95,false,0
23081,0,0,47339280,81844600,34505320,0,0,98,false,0
23082,0,0,47339280,81849750,34510470,0,7,110,false,0
23083,0,0,47339280,81854900,34515620,0,1,104,false,0
23084,0,0,47339280,81860050,34520770,0,9,112,false,0
23085,0,0,47339280,81865200,34525920,0,1,104,false,0
23086,0,0,47339280,81869900,34530620,0,0,94,false,0
23087,0,0,47339280,81874300,34535020,0,0,88,false,0
23088,0,0,47445900,81879450,34433550,0,13,116,false,0
23089,0,0,47445900,81879450,34433550,0,107,107,true,0
23090,0,0,47445900,81884500,34438600,0,0,101,false,0
23091,0,0,47445900,81889250,34443350,0,0,95,false,0
23092,0,0,47445900,81894400,34448500,0,1,104,false,0
23093,0,0,47445900,81894400,34448500,0,106,106,true,0
23094,0,0,47445900,81894400,34448500,0,84,84,true,0
23095,0,0,47445900,81898300,34452400,0,0,78,false,0
23096,0,0,47445900,81903000,34457100,0,0,94,false,0
23097,0,0,47445900,81908150,34462250,0,1,104,false,0
23098,0,0,47445900,81912300,34466400,0,0,83,false,0
23099,0,0,47445900,81917450,34471550,0,3,106,false,0
23100,0,0,47445900,81921550,34475650,0,0,82,false,0
23101,0,0,47445900,81926700,34480800,0,0,103,false,0
23102,0,0,47445900,81931850,34485950,0,9,112,false,0
23103,0,0,47445900,81931850,34485950,0,99,99,true,0
23104,0,0,47445900,81931850,34485950,0,87,87,true,0
23105,0,0,47445900,81931850,34485950,0,122,122,true,0
23106,0,0,47445900,81936300,34490400,0,0,89,false,0
23107,0,0,47445900,81941100,34495200,0,0,96,false,0
23108,0,0,47445900,81945850,34499950,0,0,95,false,0
23109,0,0,47445900,81951000,34505100,0,8,111,false,0
23110,0,0,47445900,81951000,34505100,0,91,91,true,0
23111,0,0,47445900,81955750,34509850,0,0,95,false,0
23112,0,0,47445900,81960000,34514100,0,0,85,false,0
23113,0,0,47445900,81965150,34519250,0,12,115,false,0
23114,0,0,47445900,81970100,34524200,0,0,99,false,0
23115,0,0,47445900,81970100,34524200,0,108,108,true,0
23116,0,0,47445900,81974500,34528600,0,0,88,false,0
23117,0,0,47445900,81979650,34533750,0,0,103,false,0
23118,0,0,47445900,81984800,34538900,0,8,111,false,0
23119,0,0,47445900,81989950,34544050,0,19,122,false,0
23120,0,0,47445900,81994800,34548900,0,0,97,false,0
23121,0,0,47445900,81999950,34554050,0,5,108,false,0
23122,0,0,47445900,81999950,34554050,0,113,113,true,0
23123,0,0,47445900,81999950,34554050,0,88,88,true,0
23124,0,0,47445900,81999950,34554050,0,93,93,true,0
23125,0,0,47445900,82004650,34558750,0,0,94,false,0
23126,0,0,47445900,82009550,34563650,0,0,98,false,0
23127,0,0,47445900,82014250,34568350,0,0,94,false,0
23128,0,0,47445900,82019100,34573200,0,0,97,false,0
23129,0,0,47445900,82024250,34578350,0,0,103,false,0
23130,0,0,47445900,82029400,34583500,0,3,106,false,0
23131,0,0,47445900,82034500,34588600,0,0,102,false,0
23132,0,0,47445900,82038900,34593000,0,0,88,false,0
23133,0,0,47445900,82043850,34597950,0,0,99,false,0
23134,0,0,47445900,82048700,34602800,0,0,97,false,0
23135,0,0,47445900,82053850,34607950,0,15,118,false,0
23136,0,0,47445900,82058350,34612450,0,0,90,false,0
23137,0,0,47445900,82058350,34612450,0,103,103,true,0
23138,0,0,47445900,82058350,34612450,0,92,92,true,0
23139,0,0,47445900,82063150,34617250,0,0,96,false,0
23140,0,0,47552520,82068300,34515780,0,3,106,false,0
23141,0,0,47552520,82072750,34520230,0,0,89,false,0
23142,0,0,47552520,82077450,34524930,0,0,94,false,0
23143,0,0,47552520,82077450,34524930,0,99,99,true,0
23144,0,0,47552520,82081800,34529280,0,0,87,false,0
23145,0,0,47552520,82086950,34534430,0,4,107,false,0
23146,0,0,47552520,82091700,34539180,0,0,95,false,0
23147,0,0,47552520,82096300,34543780,0,0,92,false,0
23148,0,0,47552520,82101450,34548930,0,21,124,false,0
23149,0,0,47552520,82101450,34548930,0,92,92,true,0
23150,0,0,47552520,82101450,34548930,0,92,92,true,0
23151,0,0,47552520,82101450,34548930,0,119,119,true,0
23152,0,0,47552520,82101450,34548930,0,107,107,true,0
23153,0,0,47552520,82106600,34554080,0,9,112,false,0
23154,0,0,47552520,82111750,34559230,0,3,106,false,0
23155,0,0,47552520,82111750,34559230,0,118,118,true,0
23156,0,0,47552520,82116900,34564380,0,0,103,false,0
23157,0,0,47552520,82122050,34569530,0,10,113,false,0
23158,0,0,47552520,82126550,34574030,0,0,90,false,0
23159,0,0,47552520,82131300,34578780,0,0,95,false,0
23160,0,0,47552520,82136150,34583630,0,0,97,false,0
23161,0,0,47552520,82141300,34588780,0,5,108,false,0
23162,0,0,47552520,82145600,34593080,0,0,86,false,0
23163,0,0,47552520,82149700,34597180,0,0,82,false,0
23164,0,0,47552520,82154250,34601730,0,0,91,false,0
23165,0,0,47552520,82154250,34601730,0,96,96,true,0
23166,0,0,47552520,82154250,34601730,0,97,97,true,0
23167,0,0,47552520,82158700,34606180,0,0,89,false,0
23168,0,0,47552520,82163150,34610630,0,0,89,false,0
23169,0,0,47552520,82167250,34614730,0,0,82,false,0
23170,0,0,47552520,82171700,34619180,0,0,89,false,0
23171,0,0,47552520,82176850,34624330,0,12,115,false,0
23172,0,0,47552520,82182000,34629480,0,4,107,false,0
23173,0,0,47552520,82186700,34634180,0,0,94,false,0
23174,0,0,47552520,82191850,34639330,0,8,111,false,0
23175,0,0,47552520,82196650,34644130,0,0,96,false,0
23176,0,0,47552520,82201800,34649280,0,15,118,false,0
23177,0,0,47552520,82206950,34654430,0,3,106,false,0
23178,0,0,47552520,82211650,34659130,0,0,94,false,0
23179,0,0,47552520,82216800,34664280,0,0,103,false,0
23180,0,0,47552520,82221950,34669430,0,4,107,false,0
23181,0,0,47552520,82227100,34674580,0,10,113,false,0
23182,0,0,47552520,82232250,34679730,0,0,103,false,0
23183,0,0,47552520,82237400,34684880,0,1,104,false,0
23184,0,0,47552520,82237400,34684880,0,99,99,true,0
23185,0,0,47552520,82242100,34689580,0,0,94,false,0
23186,0,0,47552520,82246350,34693830,0,0,85,false,0
23187,0,0,47552520,82251250,34698730,0,0,98,false,0
23188,0,0,47552520,82256400,34703880,0,0,103,false,0
23189,0,0,47552520,82261550,34709030,0,10,113,false,0
23190,0,0,47552520,82266700,34714180,0,17,120,false,0
23191,0,0,47552520,82271850,34719330,0,18,121,false,0
23192,0,0,47659140,82277000,34617860,0,17,120,false,0
23193,0,0,47659140,82282150,34623010,0,6,109,false,0
23194,0,0,47659140,82286800,34627660,0,0,93,false,0
23195,0,0,47659140,82291550,34632410,0,0,95,false,0
23196,0,0,47659140,82296700,34637560,0,8,111,false,0
23197,0,0,47659140,82301250,34642110,0,0,91,false,0
23198,0,0,47659140,82305950,34646810,0,0,94,false,0
23199,0,0,47659140,82310200,34651060,0,0,85,false,0
23200,0,0,47659140,82315350,34656210,0,0,103,false,0
23201,0,0,47659140,82320500,34661360,0,14,117,false,0
23202,0,0,47659140,82325200,34666060,0,0,94,false,0
23203,0,0,47659140,82330250,34671110,0,0,101,false,0
23204,0,0,47659140,82335350,34676210,0,0,102,false,0
23205,0,0,47659140,82339850,34680710,0,0,90,false,0
23206,0,0,47659140,82345000,34685860,0,7,110,false,0
23207,0,0,47659140,82350150,34691010,0,0,103,false,0
23208,0,0,47659140,82355100,34695960,0,0,99,false,0
23209,0,0,47659140,82355100,34695960,0,101,101,true,0
23210,0,0,47659140,82355100,34695960,0,115,115,true,0
23211,0,0,47659140,82355100,34695960,0,86,86,true,0
23212,0,0,47659140,82359800,34700660,0,0,94,false,0
23213,0,0,47659140,82364650,34705510,0,0,97,false,0
23214,0,0,47659140,82364650,34705510,0,104,104,true,0
23215,0,0,47659140,82364650,34705510,0,94,94,true,0
23216,0,0,47659140,82369400,34710260,0,0,95,false,0
23217,0,0,47659140,82374550,34715410,0,6,109,false,0
23218,0,0,47659140,82374550,34715410,0,116,116,true,0
23219,0,0,47659140,82374550,34715410,0,122,122,true,0
23220,0,0,47659140,82379700,34720560,0,2,105,false,0
23221,0,0,47659140,82384350,34725210,0,0,93,false,0
23222,0,0,47659140,82389200,34730060,0,0,97,false,0
23223,0,0,47659140,82393800,34734660,0,0,92,false,0
23224,0,0,47659140,82393800,34734660,0,113,113,true,0
23225,0,0,47659140,82393800,34734660,0,106,106,true,0
23226,0,0,47659140,82393800,34734660,0,94,94,true,0
23227,0,0,47659140,82393800,34734660,0,103,103,true,0
23228,0,0,47659140,82398950,34739810,0,8,111,false,0
23229,0,0,47659140,82403850,34744710,0,0,98,false,0
23230,0,0,47659140,82409000,34749860,0,13,116,false,0
23231,0,0,47659140,82414150,34755010,0,22,125,false,0
23232,0,0,47659140,82414150,34755010,0,114,114,true,0
23233,0,0,47659140,82414150,34755010,0,94,94,true,0
23234,0,0,47659140,82414150,34755010,0,100,100,true,0
23235,0,0,47659140,82414150,34755010,0,85,85,true,0
23236,0,0,47659140,82418250,34759110,0,0,82,false,0
23237,0,0,47659140,82423400,34764260,0,18,121,false,0
23238,0,0,47659140,82428550,34769410,0,0,103,false,0
23239,0,0,47659140,82433650,34774510,0,0,102,false,0
23240,0,0,47659140,82438450,34779310,0,0,96,false,0
23241,0,0,47659140,82443350,34784210,0,0,98,false,0
23242,0,0,47659140,82448450,34789310,0,0,102,false,0
23243,0,0,47659140,82453300,34794160,0,0,97,false,0
23244,0,0,47765760,82458000,34692240,0,0,94,false,0
23245,0,0,47765760,82463150,34697390,0,5,108,false,0
23246,0,0,47765760,82468300,34702540,0,0,103,false,0
23247,0,0,47765760,82468300,34702540,0,107,107,true,0
23248,0,0,47765760,82468300,34702540,0,101,101,true,0
23249,0,0,47765760,82468300,34702540,0,85,85,true,0
23250,0,0,47765760,82472750,34706990,0,0,89,false,0
23251,0,0,47765760,82477550,34711790,0,0,96,false,0
23252,0,0,47765760,82482550,34716790,0,0,100,false,0
23253,0,0,47765760,82482550,34716790,0,105,105,true,0
23254,0,0,47765760,82487700,34721940,0,2,105,false,0
23255,0,0,47765760,82492400,34726640,0,0,94,false,0
23256,0,0,47765760,82497550,34731790,0,0,103,false,0
23257,0,0,47765760,82502350,34736590,0,0,96,false,0
23258,0,0,47765760,82507500,34741740,0,13,116,false,0
23259,0,0,47765760,82512650,34746890,0,2,105,false,0
23260,0,0,47765760,82517550,34751790,0,0,98,false,0
23261,0,0,47765760,82522350,34756590,0,0,96,false,0
23262,0,0,47765760,82527250,34761490,0,0,98,false,0
23263,0,0,47765760,82532400,34766640,0,6,109,false,0
23264,0,0,47765760,82537200,34771440,0,0,96,false,0
23265,0,0,47765760,82541950,34776190,0,0,95,false,0
23266,0,0,47765760,82546750,34780990,0,0,96,false,0
23267,0,0,47765760,82551350,34785590,0,0,92,false,0
23268,0,0,47765760,82555700,34789940,0,0,87,false,0
23269,0,0,47765760,82555700,34789940,0,106,106,true,0
23270,0,0,47765760,82555700,34789940,0,95,95,true,0
23271,0,0,47765760,82560700,34794940,0,0,100,false,0
23272,0,0,47765760,82565850,34800090,0,7,110,false,0
23273,0,0,47765760,82570600,34804840,0,0,95,false,0
23274,0,0,47765760,82575150,34809390,0,0,91,false,0
23275,0,0,47765760,82575150,34809390,0,92,92,true,0
23276,0,0,47765760,82575150,34809390,0,105,105,true,0
23277,0,0,47765760,82579900,34814140,0,0,95,false,0
23278,0,0,47765760,82585050,34819290,0,7,110,false,0
23279,0,0,47765760,82590200,34824440,0,10,113,false,0
23280,0,0,47765760,82593850,34828090,0,0,73,false,0
23281,0,0,47765760,82598650,34832890,0,0,96,false,0
23282,0,0,47765760,82603250,34837490,0,0,92,false,0
23283,0,0,47765760,82607600,34841840,0,0,87,false,0
23284,0,0,47765760,82612750,34846990,0,7,110,false,0
23285,0,0,47765760,82617100,34851340,0,0,87,false,0
23286,0,0,47765760,82621750,34855990,0,0,93,false,0
23287,0,0,47765760,82626900,34861140,0,5,108,false,0
23288,0,0,47765760,82626900,34861140,0,113,113,true,0
23289,0,0,47765760,82632050,34866290,0,1,104,false,0
23290,0,0,47765760,82637200,34871440,0,3,106,false,0
23291,0,0,47765760,82637200,34871440,0,109,109,true,0
23292,0,0,47765760,82637200,34871440,0,102,102,true,0
23293,0,0,47765760,82637200,34871440,0,94,94,true,0
23294,0,0,47765760,82642300,34876540,0,0,102,false,0
23295,0,0,47765760,82647250,34881490,0,0,99,false,0
23296,0,0,47872380,82651300,34778920,0,0,81,false,0
23297,0,0,47872380,82656000,34783620,0,0,94,false,0
23298,0,0,47872380,82661150,34788770,0,7,110,false,0
23299,0,0,47872380,82665300,34792920,0,0,83,false,0
23300,0,0,47872380,82670450,34798070,0,6,109,false,0
23301,0,0,47872380,82670450,34798070,0,94,94,true,0
23302,0,0,47872380,82675600,34803220,0,0,103,false,0
23303,0,0,47872380,82680750,34808370,0,4,107,false,0
23304,0,0,47872380,82685300,34812920,0,0,91,false,0
23305,0,0,47872380,82690200,34817820,0,0,98,false,0
23306,0,0,47872380,82690200,34817820,0,110,110,true,0
23307,0,0,47872380,82690200,34817820,0,101,101,true,0
23308,0,0,47872380,82690200,34817820,0,96,96,true,0
23309,0,0,47872380,82690200,34817820,0,85,85,true,0
23310,0,0,47872380,82695350,34822970,0,2,105,false,0
23311,0,0,47872380,82700150,34827770,0,0,96,false,0
23312,0,0,47872380,82705300,34832920,0,6,109,false,0
23313,0,0,47872380,82710350,34837970,0,0,101,false,0
23314,0,0,47872380,82715500,34843120,0,3,106,false,0
23315,0,0,47872380,82720650,34848270,0,2,105,false,0
23316,0,0,47872380,82725800,34853420,0,4,107,false,0
23317,0,0,47872380,82730650,34858270,0,0,97,false,0
23318,0,0,47872380,82735750,34863370,0,0,102,false,0
23319,0,0,47872380,82740900,34868520,0,0,103,false,0
23320,0,0,47872380,82746050,34873670,0,11,114,false,0
23321,0,0,47872380,82750700,34878320,0,0,93,false,0
23322,0,0,47872380,82755600,34883220,0,0,98,false,0
23323,0,0,47872380,82759850,34887470,0,0,85,false,0
23324,0,0,47872380,82765000,34892620,0,4,107,false,0
23325,0,0,47872380,82769450,34897070,0,0,89,false,0
23326,0,0,47872380,82774600,34902220,0,6,109,false,0
23327,0,0,47872380,82779300,34906920,0,0,94,false,0
23328,0,0,47872380,82784450,34912070,0,11,114,false,0
23329,0,0,47872380,82789150,34916770,0,0,94,false,0
23330,0,0,47872380,82794300,34921920,0,14,117,false,0
23331,0,0,47872380,82799250,34926870,0,0,99,false,0
23332,0,0,47872380,82803800,34931420,0,0,91,false,0
23333,0,0,47872380,82808950,34936570,0,2,105,false,0
23334,0,0,47872380,82814050,34941670,0,0,102,false,0
23335,0,0,47872380,82818650,34946270,0,0,92,false,0
23336,0,0,47872380,82823550,34951170,0,0,98,false,0
23337,0,0,47872380,82823550,34951170,0,86,86,true,0
23338,0,0,47872380,82823550,34951170,0,100,100,true,0
23339,0,0,47872380,82823550,34951170,0,111,111,true,0
23340,0,0,47872380,82823550,34951170,0,112,112,true,0
23341,0,0,47872380,82823550,34951170,0,95,95,true,0
23342,0,0,47872380,82823550,34951170,0,106,106,true,0
23343,0,0,47872380,82823550,34951170,0,111,111,true,0
23344,0,0,47872380,82823550,34951170,0,98,98,true,0
23345,0,0,47872380,82823550,34951170,0,103,103,true,0
23346,0,0,47872380,82823550,34951170,0,101,101,true,0
23347,0,0,47872380,82823550,34951170,0,96,96,true,0
23348,0,0,47979000,82828050,34849050,0,0,90,false,0
23349,0,0,47979000,82832400,34853400,0,0,87,false,0
23350,0,0,47979000,82832400,34853400,0,96,96,true,0
23351,0,0,47979000,82832400,34853400,0,73,73,true,0
23352,0,0,47979000,82836450,34857450,0,0,81,false,0
23353,0,0,47979000,82841050,34862050,0,0,92,false,0
23354,0,0,47979000,82845650,34866650,0,0,92,false,0
23355,0,0,47979000,82850650,34871650,0,0,100,false,0
23356,0,0,47979000,82855400,34876400,0,0,95,false,0
23357,0,0,47979000,82860350,34881350,0,0,99,false,0
23358,0,0,47979000,82863950,34884950,0,0,72,false,0
23359,0,0,47979000,82869100,34890100,0,4,107,false,0
23360,0,0,47979000,82874150,34895150,0,0,101,false,0
23361,0,0,47979000,82879250,34900250,0,0,102,false,0
23362,0,0,47979000,82884200,34905200,0,0,99,false,0
23363,0,0,47979000,82889150,34910150,0,0,99,false,0
23364,0,0,47979000,82893950,34914950,0,0,96,false,0
23365,0,0,47979000,82899050,34920050,0,0,102,false,0
23366,0,0,47979000,82899050,34920050,0,97,97,true,0
23367,0,0,47979000,82899050,34920050,0,97,97,true,0
23368,0,0,47979000,82903700,34924700,0,0,93,false,0
23369,0,0,47979000,82908150,34929150,0,0,89,false,0
23370,0,0,47979000,82912450,34933450,0,0,86,false,0
23371,0,0,47979000,82917600,34938600,0,15,118,false,0
23372,0,0,47979000,82922750,34943750,0,1,104,false,0
23373,0,0,47979000,82927600,34948600,0,0,97,false,0
23374,0,0,47979000,82932750,34953750,0,1,104,false,0
23375,0,0,47979000,82937500,34958500,0,0,95,false,0
23376,0,0,47979000,82942650,34963650,0,13,116,false,0
23377,0,0,47979000,82946750,34967750,0,0,82,false,0
23378,0,0,47979000,82951700,34972700,0,0,99,false,0
23379,0,0,47979000,82956850,34977850,0,1,104,false,0
23380,0,0,47979000,82961850,34982850,0,0,100,false,0
23381,0,0,47979000,82966900,34987900,0,0,101,false,0
23382,0,0,47979000,82972050,34993050,0,11,114,false,0
23383,0,0,47979000,82976650,34997650,0,0,92,false,0
23384,0,0,47979000,82981500,35002500,0,0,97,false,0
23385,0,0,47979000,82981500,35002500,0,100,100,true,0
23386,0,0,47979000,82986650,35007650,0,0,103,false,0
23387,0,0,47979000,82991300,35012300,0,0,93,false,0
23388,0,0,47979000,82991300,35012300,0,99,99,true,0
23389,0,0,47979000,82991300,35012300,0,89,89,true,0
23390,0,0,47979000,82991300,35012300,0,93,93,true,0
23391,0,0,47979000,82991300,35012300,0,90,90,true,0
23392,0,0,47979000,82991300,35012300,0,84,84,true,0
23393,0,0,47979000,82996200,35017200,0,0,98,false,0
23394,0,0,47979000,83001150,35022150,0,0,99,false,0
23395,0,0,47979000,83006100,35027100,0,0,99,false,0
23396,0,0,47979000,83010650,35031650,0,0,91,false,0
23397,0,0,47979000,83010650,35031650,0,108,108,true,0
23398,0,0,47979000,83015800,35036800,0,15,118,false,0
23399,0,0,47979000,83020950,35041950,0,8,111,false,0
23400,0,0,48085620,83026100,34940480,0,19,122,false,0
23401,0,0,48085620,83030600,34944980,0,0,90,false,0
23402,0,0,48085620,83035550,34949930,0,0,99,false,0
23403,0,0,48085620,83040450,34954830,0,0,98,false,0
23404,0,0,48085620,83040450,34954830,0,97,97,true,0
23405,0,0,48085620,83045400,34959780,0,0,99,false,0
23406,0,0,48085620,83049300,34963680,0,0,78,false,0
23407,0,0,48085620,83054050,34968430,0,0,95,false,0
23408,0,0,48085620,83058850,34973230,0,0,96,false,0
23409,0,0,48085620,83063950,34978330,0,0,102,false,0
23410,0,0,48085620,83069100,34983480,0,3,106,false,0
23411,0,0,48085620,83074250,34988630,0,15,118,false,0
23412,0,0,48085620,83079100,34993480,0,0,97,false,0
23413,0,0,48085620,83084250,34998630,0,6,109,false,0
23414,0,0,48085620,83084250,34998630,0,111,111,true,0
23415,0,0,48085620,83084250,34998630,0,96,96,true,0
23416,0,0,48085620,83089400,35003780,0,3,106,false,0
23417,0,0,48085620,83093850,35008230,0,0,89,false,0
23418,0,0,48085620,83098500,35012880,0,0,93,false,0
23419,0,0,48085620,83103450,35017830,0,0,99,false,0
23420,0,0,48085620,83108150,35022530,0,0,94,false,0
23421,0,0,48085620,83113100,35027480,0,0,99,false,0
23422,0,0,48085620,83117550,35031930,0,0,89,false,0
23423,0,0,48085620,83117550,35031930,0,81,81,true,0
23424,0,0,48085620,83117550,35031930,0,103,103,true,0
23425,0,0,48085620,83122050,35036430,0,0,90,false,0
23426,0,0,48085620,83125400,35039780,0,0,67,false,0
23427,0,0,48085620,83129700,35044080,0,0,86,false,0
23428,0,0,48085620,83134300,35048680,0,0,92,false,0
23429,0,0,48085620,83138550,35052930,0,0,85,false,0
23430,0,0,48085620,83143700,35058080,0,4,107,false,0
23431,0,0,48085620,83143700,35058080,0,86,86,true,0
23432,0,0,48085620,83143700,35058080,0,102,102,true,0
23433,0,0,48085620,83148100,35062480,0,0,88,false,0
23434,0,0,48085620,83152650,35067030,0,0,91,false,0
23435,0,0,48085620,83157800,35072180,0,7,110,false,0
23436,0,0,48085620,83162250,35076630,0,0,89,false,0
23437,0,0,48085620,83167400,35081780,0,2,105,false,0
23438,0,0,48085620,83172200,35086580,0,0,96,false,0
23439,0,0,48085620,83177350,35091730,0,8,111,false,0
23440,0,0,48085620,83182500,35096880,0,2,105,false,0
23441,0,0,48085620,83182500,35096880,0,100,100,true,0
23442,0,0,48085620,83182500,35096880,0,93,93,true,0
23443,0,0,48085620,83187650,35102030,0,2,105,false,0
23444,0,0,48085620,83192250,35106630,0,0,92,false,0
23445,0,0,48085620,83196850,35111230,0,0,92,false,0
23446,0,0,48085620,83201500,35115880,0,0,93,false,0
23447,0,0,48085620,83205900,35120280,0,0,88,false,0
23448,0,0,48085620,83210650,35125030,0,0,95,false,0
23449,0,0,48085620,83210650,35125030,0,113,113,true,0
23450,0,0,48085620,83210650,35125030,0,88,88,true,0
23451,0,0,48085620,83215750,35130130,0,0,102,false,0
23452,0,0,48192240,83220750,35028510,0,0,100,false,0
23453,0,0,48192240,83225900,35033660,0,3,106,false,0
23454,0,0,48192240,83225900,35033660,0,88,88,true,0
23455,0,0,48192240,83225900,35033660,0,88,88,true,0
23456,0,0,48192240,83225900,35033660,0,100,100,true,0
23457,0,0,48192240,83231000,35038760,0,0,102,false,0
23458,0,0,48192240,83236150,35043910,0,4,107,false,0
23459,0,0,48192240,83240650,35048410,0,0,90,false,0
23460,0,0,48192240,83245300,35053060,0,0,93,false,0
23461,0,0,48192240,83250400,35058160,0,0,102,false,0
23462,0,0,48192240,83254800,35062560,0,0,88,false,0
23463,0,0,48192240,83259900,35067660,0,0,102,false,0
23464,0,0,48192240,83265050,35072810,0,0,103,false,0
23465,0,0,48192240,83269200,35076960,0,0,83,false,0
23466,0,0,48192240,83273900,35081660,0,0,94,false,0
23467,0,0,48192240,83278700,35086460,0,0,96,false,0
23468,0,0,48192240,83283800,35091560,0,0,102,false,0
23469,0,0,48192240,83288950,35096710,0,3,106,false,0
23470,0,0,48192240,83294100,35101860,0,3,106,false,0
23471,0,0,48192240,83299250,35107010,0,3,106,false,0
23472,0,0,48192240,83304400,35112160,0,3,106,false,0
23473,0,0,48192240,83304400,35112160,0,104,104,true,0
23474,0,0,48192240,83309100,35116860,0,0,94,false,0
23475,0,0,48192240,83314250,35122010,0,6,109,false,0
23476,0,0,48192240,83319050,35126810,0,0,96,false,0
23477,0,0,48192240,83323350,35131110,0,0,86,false,0
23478,0,0,48192240,83328300,35136060,0,0,99,false,0
23479,0,0,48192240,83333450,35141210,0,11,114,false,0
23480,0,0,48192240,83338600,35146360,0,10,113,false,0
23481,0,0,48192240,83338600,35146360,0,95,95,true,0
23482,0,0,48192240,83343750,35151510,0,7,110,false,0
23483,0,0,48192240,83348100,35155860,0,0,87,false,0
23484,0,0,48192240,83352350,35160110,0,0,85,false,0
23485,0,0,48192240,83356100,35163860,0,0,75,false,0
23486,0,0,48192240,83361050,35168810,0,0,99,false,0
23487,0,0,48192240,83361050,35168810,0,88,88,true,0
23488,0,0,48192240,83361050,35168810,0,101,101,true,0
23489,0,0,48192240,83361050,35168810,0,94,94,true,0
23490,0,0,48192240,83361050,35168810,0,90,90,true,0
23491,0,0,48192240,83361050,35168810,0,101,101,true,0
23492,0,0,48192240,83366200,35173960,0,13,116,false,0
23493,0,0,48192240,83371200,35178960,0,0,100,false,0
23494,0,0,48192240,83376000,35183760,0,0,96,false,0
23495,0,0,48192240,83380550,35188310,0,0,91,false,0
23496,0,0,48192240,83385250,35193010,0,0,94,false,0
23497,0,0,48192240,83390400,35198160,0,7,110,false,0
23498,0,0,48192240,83395500,35203260,0,0,102,false,0
23499,0,0,48192240,83400350,35208110,0,0,97,false,0
23500,0,0,48192240,83400350,35208110,0,104,104,true,0
23501,0,0,48192240,83405500,35213260,0,1,104,false,0
23502,0,0,48192240,83410200,35217960,0,0,94,false,0
23503,0,0,48192240,83415350,35223110,0,8,111,false,0
23504,0,0,48298860,83420500,35121640,0,3,106,false,0
23505,0,0,48298860,83420500,35121640,0,113,113,true,0
23506,0,0,48298860,83425050,35126190,0,0,91,false,0
23507,0,0,48298860,83430150,35131290,0,0,102,false,0
23508,0,0,48298860,83435300,35136440,0,2,105,false,0
23509,0,0,48298860,83440450,35141590,0,4,107,false,0
23510,0,0,48298860,83445000,35146140,0,0,91,false,0
23511,0,0,48298860,83445000,35146140,0,90,90,true,0
23512,0,0,48298860,83445000,35146140,0,88,88,true,0
23513,0,0,48298860,83445000,35146140,0,108,108,true,0
23514,0,0,48298860,83445000,35146140,0,101,101,true,0
23515,0,0,48298860,83445000,35146140,0,89,89,true,0
23516,0,0,48298860,83450150,35151290,0,1,104,false,0
23517,0,0,48298860,83455300,35156440,0,1,104,false,0
23518,0,0,48298860,83460050,35161190,0,0,95,false,0
23519,0,0,48298860,83465200,35166340,0,10,113,false,0
23520,0,0,48298860,83469650,35170790,0,0,89,false,0
23521,0,0,48298860,83469650,35170790,0,87,87,true,0
23522,0,0,48298860,83469650,35170790,0,100,100,true,0
23523,0,0,48298860,83474550,35175690,0,0,98,false,0
23524,0,0,48298860,83479700,35180840,0,7,110,false,0
23525,0,0,48298860,83484850,35185990,0,2,105,false,0
23526,0,0,48298860,83489900,35191040,0,0,101,false,0
23527,0,0,48298860,83494850,35195990,0,0,99,false,0
23528,0,0,48298860,83494850,35195990,0,116,116,true,0
23529,0,0,48298860,83494850,35195990,0,104,104,true,0
23530,0,0,48298860,83494850,35195990,0,110,110,true,0
23531,0,0,48298860,83499800,35200940,0,0,99,false,0
23532,0,0,48298860,83503900,35205040,0,0,82,false,0
23533,0,0,48298860,83503900,35205040,0,96,96,true,0
23534,0,0,48298860,83503900,35205040,0,97,97,true,0
23535,0,0,48298860,83508650,35209790,0,0,95,false,0
23536,0,0,48298860,83513100,35214240,0,0,89,false,0
23537,0,0,48298860,83518250,35219390,0,2,105,false,0
23538,0,0,48298860,83523150,35224290,0,0,98,false,0
23539,0,0,48298860,83528300,35229440,0,2,105,false,0
23540,0,0,48298860,83533100,35234240,0,0,96,false,0
23541,0,0,48298860,83537950,35239090,0,0,97,false,0
23542,0,0,48298860,83543100,35244240,0,7,110,false,0
23543,0,0,48298860,83548000,35249140,0,0,98,false,0
23544,0,0,48298860,83552250,35253390,0,0,85,false,0
23545,0,0,48298860,83557350,35258490,0,0,102,false,0
23546,0,0,48298860,83562500,35263640,0,0,103,false,0
23547,0,0,48298860,83567650,35268790,0,0,103,false,0
23548,0,0,48298860,83572300,35273440,0,0,93,false,0
23549,0,0,48298860,83577450,35278590,0,17,120,false,0
23550,0,0,48298860,83582050,35283190,0,0,92,false,0
23551,0,0,48298860,83586350,35287490,0,0,86,false,0
23552,0,0,48298860,83586350,35287490,0,88,88,true,0
23553,0,0,48298860,83586350,35287490,0,96,96,true,0
23554,0,0,48298860,83586350,35287490,0,88,88,true,0
23555,0,0,48298860,83586350,35287490,0,94,94,true,0
23556,0,0,48405480,83586350,35180870,0,83,83,true,0
23557,0,0,48405480,83586350,35180870,0,100,100,true,0
23558,0,0,48405480,83591400,35185920,0,0,101,false,0
23559,0,0,48405480,83596550,35191070,0,6,109,false,0
23560,0,0,48405480,83596550,35191070,0,98,98,true,0
23561,0,0,48405480,83596550,35191070,0,89,89,true,0
23562,0,0,48405480,83601150,35195670,0,0,92,false,0
23563,0,0,48405480,83605650,35200170,0,0,90,false,0
23564,0,0,48405480,83610400,35204920,0,0,95,false,0
23565,0,0,48405480,83615400,35209920,0,0,100,false,0
23566,0,0,48405480,83619750,35214270,0,0,87,false,0
23567,0,0,48405480,83624900,35219420,0,12,115,false,0
23568,0,0,48405480,83629650,35224170,0,0,95,false,0
23569,0,0,48405480,83634800,35229320,0,5,108,false,0
23570,0,0,48405480,83639500,35234020,0,0,94,false,0
23571,0,0,48405480,83644650,35239170,0,4,107,false,0
23572,0,0,48405480,83649800,35244320,0,7,110,false,0
23573,0,0,48405480,83654700,35249220,0,0,98,false,0
23574,0,0,48405480,83659850,35254370,0,7,110,false,0
23575,0,0,48405480,83665000,35259520,0,14,117,false,0
23576,0,0,48405480,83670150,35264670,0,8,111,false,0
23577,0,0,48405480,83675200,35269720,0,0,101,false,0
23578,0,0,48405480,83679400,35273920,0,0,84,false,0
23579,0,0,48405480,83679400,35273920,0,89,89,true,0
23580,0,0,48405480,83679400,35273920,0,100,100,true,0
23581,0,0,48405480,83679400,35273920,0,118,118,true,0
23582,0,0,48405480,83679400,35273920,0,99,99,true,0
23583,0,0,48405480,83684500,35279020,0,0,102,false,0
23584,0,0,48405480,83688600,35283120,0,0,82,false,0
23585,0,0,48405480,83688600,35283120,0,111,111,true,0
23586,0,0,48405480,83688600,35283120,0,83,83,true,0
23587,0,0,48405480,83693150,35287670,0,0,91,false,0
23588,0,0,48405480,83698300,35292820,0,17,120,false,0
23589,0,0,48405480,83702500,35297020,0,0,84,false,0
23590,0,0,48405480,83707650,35302170,0,6,109,false,0
23591,0,0,48405480,83712800,35307320,0,5,108,false,0
23592,0,0,48405480,83717050,35311570,0,0,85,false,0
23593,0,0,48405480,83722100,35316620,0,0,101,false,0
23594,0,0,48405480,83726700,35321220,0,0,92,false,0
23595,0,0,48405480,83726700,35321220,0,98,98,true,0
23596,0,0,48405480,83726700,35321220,0,98,98,true,0
23597,0,0,48405480,83731850,35326370,0,8,111,false,0
23598,0,0,48405480,83736750,35331270,0,0,98,false,0
23599,0,0,48405480,83741900,35336420,0,3,106,false,0
23600,0,0,48405480,83746900,35341420,0,0,100,false,0
23601,0,0,48405480,83746900,35341420,0,87,87,true,0
23602,0,0,48405480,83751550,35346070,0,0,93,false,0
23603,0,0,48405480,83755900,35350420,0,0,87,false,0
23604,0,0,48405480,83760850,35355370,0,0,99,false,0
23605,0,0,48405480,83766000,35360520,0,4,107,false,0
23606,0,0,48405480,83771150,35365670,0,0,103,false,0
23607,0,0,48405480,83776050,35370570,0,0,98,false,0
23608,0,0,48512100,83781050,35268950,0,0,100,false,0
23609,0,0,48512100,83786200,35274100,0,1,104,false,0
23610,0,0,48512100,83786200,35274100,0,106,106,true,0
23611,0,0,48512100,83786200,35274100,0,102,102,true,0
23612,0,0,48512100,83791250,35279150,0,0,101,false,0
23613,0,0,48512100,83795950,35283850,0,0,94,false,0
23614,0,0,48512100,83801100,35289000,0,8,111,false,0
23615,0,0,48512100,83801100,35289000,0,114,114,true,0
23616,0,0,48512100,83806250,35294150,0,2,105,false,0
23617,0,0,48512100,83811400,35299300,0,9,112,false,0
23618,0,0,48512100,83816550,35304450,0,11,114,false,0
23619,0,0,48512100,83821200,35309100,0,0,93,false,0
23620,0,0,48512100,83826350,35314250,0,4,107,false,0
23621,0,0,48512100,83831500,35319400,0,0,103,false,0
23622,0,0,48512100,83836450,35324350,0,0,99,false,0
23623,0,0,48512100,83841600,35329500,0,3,106,false,0
23624,0,0,48512100,83846650,35334550,0,0,101,false,0
23625,0,0,48512100,83851550,35339450,0,0,98,false,0
23626,0,0,48512100,83856300,35344200,0,0,95,false,0
23627,0,0,48512100,83861050,35348950,0,0,95,false,0
23628,0,0,48512100,83866100,35354000,0,0,101,false,0
23629,0,0,48512100,83871000,35358900,0,0,98,false,0
23630,0,0,48512100,83876150,35364050,0,14,117,false,0
23631,0,0,48512100,83881300,35369200,0,1,104,false,0
23632,0,0,48512100,83886450,35374350,0,0,103,false,0
23633,0,0,48512100,83891200,35379100,0,0,95,false,0
23634,0,0,48512100,83896350,35384250,0,8,111,false,0
23635,0,0,48512100,83901500,35389400,0,7,110,false,0
23636,0,0,48512100,83906550,35394450,0,0,101,false,0
23637,0,0,48512100,83911500,35399400,0,0,99,false,0
23638,0,0,48512100,83916400,35404300,0,0,98,false,0
23639,0,0,48512100,83921550,35409450,0,9,112,false,0
23640,0,0,48512100,83926300,35414200,0,0,95,false,0
23641,0,0,48512100,83931450,35419350,0,3,106,false,0
23642,0,0,48512100,83931450,35419350,0,92,92,true,0
23643,0,0,48512100,83936150,35424050,0,0,94,false,0
23644,0,0,48512100,83941300,35429200,0,3,106,false,0
23645,0,0,48512100,83941300,35429200,0,101,101,true,0
23646,0,0,48512100,83941300,35429200,0,96,96,true,0
23647,0,0,48512100,83941300,35429200,0,100,100,true,0
23648,0,0,48512100,83941300,35429200,0,90,90,true,0
23649,0,0,48512100,83941300,35429200,0,104,104,true,0
23650,0,0,48512100,83941300,35429200,0,110,110,true,0
23651,0,0,48512100,83941300,35429200,0,94,94,true,0
23652,0,0,48512100,83945800,35433700,0,0,90,false,0
23653,0,0,48512100,83950750,35438650,0,0,99,false,0
23654,0,0,48512100,83955900,35443800,0,0,103,false,0
23655,0,0,48512100,83960500,35448400,0,0,92,false,0
23656,0,0,48512100,83965200,35453100,0,0,94,false,0
23657,0,0,48512100,83965200,35453100,0,113,113,true,0
23658,0,0,48512100,83965200,35453100,0,79,79,true,0
23659,0,0,48512100,83965200,35453100,0,102,102,true,0
23660,0,0,48618720,83965200,35346480,0,106,106,true,0
23661,0,0,48618720,83970000,35351280,0,0,96,false,0
23662,0,0,48618720,83974700,35355980,0,0,94,false,0
23663,0,0,48618720,83979100,35360380,0,0,88,false,0
23664,0,0,48618720,83984200,35365480,0,0,102,false,0
23665,0,0,48618720,83988900,35370180,0,0,94,false,0
23666,0,0,48618720,83993650,35374930,0,0,95,false,0
23667,0,0,48618720,83997850,35379130,0,0,84,false,0
23668,0,0,48618720,84002050,35383330,0,0,84,false,0
23669,0,0,48618720,84006850,35388130,0,0,96,false,0
23670,0,0,48618720,84006850,35388130,0,82,82,true,0
23671,0,0,48618720,84011250,35392530,0,0,88,false,0
23672,0,0,48618720,84015950,35397230,0,0,94,false,0
23673,0,0,48618720,84021100,35402380,0,10,113,false,0
23674,0,0,48618720,84025800,35407080,0,0,94,false,0
23675,0,0,48618720,84025800,35407080,0,104,104,true,0
23676,0,0,48618720,84030500,35411780,0,0,94,false,0
23677,0,0,48618720,84035200,35416480,0,0,94,false,0
23678,0,0,48618720,84040200,35421480,0,0,100,false,0
23679,0,0,48618720,84044050,35425330,0,0,77,false,0
23680,0,0,48618720,84049200,35430480,0,10,113,false,0
23681,0,0,48618720,84049200,35430480,0,94,94,true,0
23682,0,0,48618720,84053600,35434880,0,0,88,false,0
23683,0,0,48618720,84058400,35439680,0,0,96,false,0
23684,0,0,48618720,84058400,35439680,0,99,99,true,0
23685,0,0,48618720,84058400,35439680,0,111,111,true,0
23686,0,0,48618720,84063550,35444830,0,5,108,false,0
23687,0,0,48618720,84068700,35449980,0,7,110,false,0
23688,0,0,48618720,84073500,35454780,0,0,96,false,0
23689,0,0,48618720,84078650,35459930,0,3,106,false,0
23690,0,0,48618720,84078650,35459930,0,89,89,true,0
23691,0,0,48618720,84078650,35459930,0,92,92,true,0
23692,0,0,48618720,84083600,35464880,0,0,99,false,0
23693,0,0,48618720,84088100,35469380,0,0,90,false,0
23694,0,0,48618720,84092050,35473330,0,0,79,false,0
23695,0,0,48618720,84097200,35478480,0,9,112,false,0
23696,0,0,48618720,84102000,35483280,0,0,96,false,0
23697,0,0,48618720,84107150,35488430,0,6,109,false,0
23698,0,0,48618720,84111450,35492730,0,0,86,false,0
23699,0,0,48618720,84116600,35497880,0,0,103,false,0
23700,0,0,48618720,84116600,35497880,0,126,126,true,0
23701,0,0,48618720,84116600,35497880,0,101,101,true,0
23702,0,0,48618720,84116600,35497880,0,127,127,true,0
23703,0,0,48618720,84116600,35497880,0,79,79,true,0
23704,0,0,48618720,84120600,35501880,0,0,80,false,0
23705,0,0,48618720,84125400,35506680,0,0,96,false,0
23706,0,0,48618720,84130550,35511830,0,2,105,false,0
23707,0,0,48618720,84135600,35516880,0,0,101,false,0
23708,0,0,48618720,84135600,35516880,0,96,96,true,0
23709,0,0,48618720,84135600,35516880,0,86,86,true,0
23710,0,0,48618720,84135600,35516880,0,100,100,true,0
23711,0,0,48618720,84135600,35516880,0,102,102,true,0
23712,0,0,48725340,84135600,35410260,0,97,97,true,0
23713,0,0,48725340,84139950,35414610,0,0,87,false,0
23714,0,0,48725340,84144800,35419460,0,0,97,false,0
23715,0,0,48725340,84149950,35424610,0,14,117,false,0
23716,0,0,48725340,84153550,35428210,0,0,72,false,0
23717,0,0,48725340,84158700,35433360,0,1,104,false,0
23718,0,0,48725340,84163500,35438160,0,0,96,false,0
23719,0,0,48725340,84168650,35443310,0,12,115,false,0
23720,0,0,48725340,84173800,35448460,0,17,120,false,0
23721,0,0,48725340,84178600,35453260,0,0,96,false,0
23722,0,0,48725340,84183150,35457810,0,0,91,false,0
23723,0,0,48725340,84183150,35457810,0,86,86,true,0
23724,0,0,48725340,84188300,35462960,0,10,113,false,0
23725,0,0,48725340,84193450,35468110,0,0,103,false,0
23726,0,0,48725340,84197650,35472310,0,0,84,false,0
23727,0,0,48725340,84202400,35477060,0,0,95,false,0
23728,0,0,48725340,84206850,35481510,0,0,89,false,0
23729,0,0,48725340,84211150,35485810,0,0,86,false,0
23730,0,0,48725340,84216250,35490910,0,0,102,false,0
23731,0,0,48725340,84221400,35496060,0,0,103,false,0
23732,0,0,48725340,84221400,35496060,0,87,87,true,0
23733,0,0,48725340,84221400,35496060,0,98,98,true,0
23734,0,0,48725340,84221400,35496060,0,105,105,true,0
23735,0,0,48725340,84221400,35496060,0,122,122,true,0
23736,0,0,48725340,84221400,35496060,0,99,99,true,0
23737,0,0,48725340,84221400,35496060,0,97,97,true,0
23738,0,0,48725340,84226550,35501210,0,9,112,false,0
23739,0,0,48725340,84231350,35506010,0,0,96,false,0
23740,0,0,48725340,84235950,35510610,0,0,92,false,0
23741,0,0,48725340,84240450,35515110,0,0,90,false,0
23742,0,0,48725340,84245000,35519660,0,0,91,false,0
23743,0,0,48725340,84245000,35519660,0,109,109,true,0
23744,0,0,48725340,84245000,35519660,0,98,98,true,0
23745,0,0,48725340,84249950,35524610,0,0,99,false,0
23746,0,0,48725340,84255000,35529660,0,0,101,false,0
23747,0,0,48725340,84260150,35534810,0,8,111,false,0
23748,0,0,48725340,84264900,35539560,0,0,95,false,0
23749,0,0,48725340,84269850,35544510,0,0,99,false,0
23750,0,0,48725340,84274850,35549510,0,0,100,false,0
23751,0,0,48725340,84280000,35554660,0,9,112,false,0
23752,0,0,48725340,84284750,35559410,0,0,95,false,0
23753,0,0,48725340,84289900,35564560,0,3,106,false,0
23754,0,0,48725340,84295050,35569710,0,0,103,false,0
23755,0,0,48725340,84300200,35574860,0,9,112,false,0
23756,0,0,48725340,84305350,35580010,0,22,125,false,0
23757,0,0,48725340,84310050,35584710,0,0,94,false,0
23758,0,0,48725340,84310050,35584710,0,77,77,true,0
23759,0,0,48725340,84310050,35584710,0,103,103,true,0
23760,0,0,48725340,84314450,35589110,0,0,88,false,0
23761,0,0,48725340,84319450,35594110,0,0,100,false,0
23762,0,0,48725340,84324600,35599260,0,10,113,false,0
23763,0,0,48725340,84329600,35604260,0,0,100,false,0
23764,0,0,48831960,84334300,35502340,0,0,94,false,0
23765,0,0,48831960,84334300,35502340,0,86,86,true,0
23766,0,0,48831960,84339100,35507140,0,0,96,false,0
23767,0,0,48831960,84344200,35512240,0,0,102,false,0
23768,0,0,48831960,84349350,35517390,0,6,109,false,0
23769,0,0,48831960,84349350,35517390,0,105,105,true,0
23770,0,0,48831960,84349350,35517390,0,99,99,true,0
23771,0,0,48831960,84349350,35517390,0,97,97,true,0
23772,0,0,48831960,84349350,35517390,0,106,106,true,0
23773,0,0,48831960,84353050,35521090,0,0,74,false,0
23774,0,0,48831960,84357950,35525990,0,0,98,false,0
23775,0,0,48831960,84363050,35531090,0,0,102,false,0
23776,0,0,48831960,84368200,35536240,0,4,107,false,0
23777,0,0,48831960,84373350,35541390,0,8,111,false,0
23778,0,0,48831960,84378200,35546240,0,0,97,false,0
23779,0,0,48831960,84383000,35551040,0,0,96,false,0
23780,0,0,48831960,84383000,35551040,0,109,109,true,0
23781,0,0,48831960,84388150,35556190,0,2,105,false,0
23782,0,0,48831960,84392600,35560640,0,0,89,false,0
23783,0,0,48831960,84397650,35565690,0,0,101,false,0
23784,0,0,48831960,84402350,35570390,0,0,94,false,0
23785,0,0,48831960,84406450,35574490,0,0,82,false,0
23786,0,0,48831960,84411600,35579640,0,6,109,false,0
23787,0,0,48831960,84416700,35584740,0,0,102,false,0
23788,0,0,48831960,84421850,35589890,0,1,104,false,0
23789,0,0,48831960,84427000,35595040,0,6,109,false,0
23790,0,0,48831960,84432150,35600190,0,14,117,false,0
23791,0,0,48831960,84436800,35604840,0,0,93,false,0
23792,0,0,48831960,84441950,35609990,0,11,114,false,0
23793,0,0,48831960,84446950,35614990,0,0,100,false,0
23794,0,0,48831960,84446950,35614990,0,113,113,true,0
23795,0,0,48831960,84452100,35620140,0,2,105,false,0
23796,0,0,48831960,84456650,35624690,0,0,91,false,0
23797,0,0,48831960,84461600,35629640,0,0,99,false,0
23798,0,0,48831960,84461600,35629640,0,97,97,true,0
23799,0,0,48831960,84461600,35629640,0,110,110,true,0
23800,0,0,48831960,84465750,35633790,0,0,83,false,0
23801,0,0,48831960,84469350,35637390,0,0,72,false,0
23802,0,0,48831960,84474500,35642540,0,7,110,false,0
23803,0,0,48831960,84479650,35647690,0,1,104,false,0
23804,0,0,48831960,84484800,35652840,0,2,105,false,0
23805,0,0,48831960,84489250,35657290,0,0,89,false,0
23806,0,0,48831960,84494400,35662440,0,7,110,false,0
23807,0,0,48831960,84494400,35662440,0,97,97,true,0
23808,0,0,48831960,84494400,35662440,0,109,109,true,0
23809,0,0,48831960,84498950,35666990,0,0,91,false,0
23810,0,0,48831960,84502600,35670640,0,0,73,false,0
23811,0,0,48831960,84507750,35675790,0,7,110,false,0
23812,0,0,48831960,84511950,35679990,0,0,84,false,0
23813,0,0,48831960,84516750,35684790,0,0,96,false,0
23814,0,0,48831960,84521600,35689640,0,0,97,false,0
23815,0,0,48831960,84526700,35694740,0,0,102,false,0
23816,0,0,48938580,84531850,35593270,0,0,103,false,0
23817,0,0,48938580,84536600,35598020,0,0,95,false,0
23818,0,0,48938580,84541750,35603170,0,3,106,false,0
23819,0,0,48938580,84546000,35607420,0,0,85,false,0
23820,0,0,48938580,84551150,35612570,0,1,104,false,0
23821,0,0,48938580,84556300,35617720,0,10,113,false,0
23822,0,0,48938580,84556300,35617720,0,104,104,true,0
23823,0,0,48938580,84556300,35617720,0,113,113,true,0
23824,0,0,48938580,84556300,35617720,0,106,106,true,0
23825,0,0,48938580,84556300,35617720,0,105,105,true,0
23826,0,0,48938580,84556300,35617720,0,107,107,true,0
23827,0,0,48938580,84556300,35617720,0,94,94,true,0
23828,0,0,48938580,84556300,35617720,0,87,87,true,0
23829,0,0,48938580,84561250,35622670,0,0,99,false,0
23830,0,0,48938580,84566400,35627820,0,8,111,false,0
23831,0,0,48938580,84571300,35632720,0,0,98,false,0
23832,0,0,48938580,84575950,35637370,0,0,93,false,0
23833,0,0,48938580,84581100,35642520,0,1,104,false,0
23834,0,0,48938580,84581100,35642520,0,81,81,true,0
23835,0,0,48938580,84581100,35642520,0,86,86,true,0
23836,0,0,48938580,84581100,35642520,0,100,100,true,0
23837,0,0,48938580,84581100,35642520,0,98,98,true,0
23838,0,0,48938580,84581100,35642520,0,84,84,true,0
23839,0,0,48938580,84581100,35642520,0,112,112,true,0
23840,0,0,48938580,84581100,35642520,0,104,104,true,0
23841,0,0,48938580,84581100,35642520,0,96,96,true,0
23842,0,0,48938580,84581100,35642520,0,105,105,true,0
23843,0,0,48938580,84586250,35647670,0,14,117,false,0
23844,0,0,48938580,84591400,35652820,0,4,107,false,0
23845,0,0,48938580,84596550,35657970,0,1,104,false,0
23846,0,0,48938580,84601700,35663120,0,6,109,false,0
23847,0,0,48938580,84605950,35667370,0,0,85,false,0
23848,0,0,48938580,84610800,35672220,0,0,97,false,0
23849,0,0,48938580,84615950,35677370,0,7,110,false,0
23850,0,0,48938580,84621100,35682520,0,13,116,false,0
23851,0,0,48938580,84625800,35687220,0,0,94,false,0
23852,0,0,48938580,84630950,35692370,0,0,103,false,0
23853,0,0,48938580,84635250,35696670,0,0,86,false,0
23854,0,0,48938580,84635250,35696670,0,91,91,true,0
23855,0,0,48938580,84635250,35696670,0,124,124,true,0
23856,0,0,48938580,84635250,35696670,0,90,90,true,0
23857,0,0,48938580,84639700,35701120,0,0,89,false,0
23858,0,0,48938580,84644850,35706270,0,5,108,false,0
23859,0,0,48938580,84649700,35711120,0,0,97,false,0
23860,0,0,48938580,84654850,35716270,0,17,120,false,0
23861,0,0,48938580,84659150,35720570,0,0,86,false,0
23862,0,0,48938580,84664300,35725720,0,7,110,false,0
23863,0,0,48938580,84664300,35725720,0,100,100,true,0
23864,0,0,48938580,84664300,35725720,0,111,111,true,0
23865,0,0,48938580,84664300,35725720,0,120,120,true,0
23866,0,0,48938580,84664300,35725720,0,99,99,true,0
23867,0,0,48938580,84664300,35725720,0,89,89,true,0
23868,0,0,49045200,84664300,35619100,0,94,94,true,0
23869,0,0,49045200,84664300,35619100,0,111,111,true,0
23870,0,0,49045200,84664300,35619100,0,114,114,true,0
23871,0,0,49045200,84664300,35619100,0,109,109,true,0
23872,0,0,49045200,84669450,35624250,0,8,111,false,0
23873,0,0,49045200,84674300,35629100,0,0,97,false,0
23874,0,0,49045200,84674300,35629100,0,95,95,true,0
23875,0,0,49045200,84674300,35629100,0,88,88,true,0
23876,0,0,49045200,84679450,35634250,0,3,106,false,0
23877,0,0,49045200,84683350,35638150,0,0,78,false,0
23878,0,0,49045200,84683350,35638150,0,118,118,true,0
23879,0,0,49045200,84683350,35638150,0,105,105,true,0
23880,0,0,49045200,84687750,35642550,0,0,88,false,0
23881,0,0,49045200,84692850,35647650,0,0,102,false,0
23882,0,0,49045200,84698000,35652800,0,4,107,false,0
23883,0,0,49045200,84702200,35657000,0,0,84,false,0
23884,0,0,49045200,84702200,35657000,0,104,104,true,0
23885,0,0,49045200,84702200,35657000,0,108,108,true,0
23886,0,0,49045200,84702200,35657000,0,86,86,true,0
23887,0,0,49045200,84707350,35662150,0,1,104,false,0
23888,0,0,49045200,84711650,35666450,0,0,86,false,0
23889,0,0,49045200,84716700,35671500,0,0,101,false,0
23890,0,0,49045200,84721650,35676450,0,0,99,false,0
23891,0,0,49045200,84726800,35681600,0,8,111,false,0
23892,0,0,49045200,84731450,35686250,0,0,93,false,0
23893,0,0,49045200,84736600,35691400,0,12,115,false,0
23894,0,0,49045200,84741750,35696550,0,7,110,false,0
23895,0,0,49045200,84746900,35701700,0,3,106,false,0
23896,0,0,49045200,84752050,35706850,0,2,105,false,0
23897,0,0,49045200,84752050,35706850,0,109,109,true,0
23898,0,0,49045200,84752050,35706850,0,116,116,true,0
23899,0,0,49045200,84752050,35706850,0,120,120,true,0
23900,0,0,49045200,84756600,35711400,0,0,91,false,0
23901,0,0,49045200,84761550,35716350,0,0,99,false,0
23902,0,0,49045200,84766450,35721250,0,0,98,false,0
23903,0,0,49045200,84771450,35726250,0,0,100,false,0
23904,0,0,49045200,84776250,35731050,0,0,96,false,0
23905,0,0,49045200,84781300,35736100,0,0,101,false,0
23906,0,0,49045200,84786400,35741200,0,0,102,false,0
23907,0,0,49045200,84791050,35745850,0,0,93,false,0
23908,0,0,49045200,84791050,35745850,0,119,119,true,0
23909,0,0,49045200,84795800,35750600,0,0,95,false,0
23910,0,0,49045200,84800900,35755700,0,0,102,false,0
23911,0,0,49045200,84800900,35755700,0,93,93,true,0
23912,0,0,49045200,84805200,35760000,0,0,86,false,0
23913,0,0,49045200,84810350,35765150,0,2,105,false,0
23914,0,0,49045200,84815150,35769950,0,0,96,false,0
23915,0,0,49045200,84815150,35769950,0,110,110,true,0
23916,0,0,49045200,84820150,35774950,0,0,100,false,0
23917,0,0,49045200,84825200,35780000,0,0,101,false,0
23918,0,0,49045200,84830350,35785150,0,5,108,false,0
23919,0,0,49045200,84835150,35789950,0,0,96,false,0
23920,0,0,49151820,84840300,35688480,0,4,107,false,0
23921,0,0,49151820,84845350,35693530,0,0,101,false,0
23922,0,0,49151820,84850500,35698680,0,2,105,false,0
23923,0,0,49151820,84855650,35703830,0,11,114,false,0
23924,0,0,49151820,84860600,35708780,0,0,99,false,0
23925,0,0,49151820,84860600,35708780,0,102,102,true,0
23926,0,0,49151820,84860600,35708780,0,99,99,true,0
23927,0,0,49151820,84860600,35708780,0,94,94,true,0
23928,0,0,49151820,84865650,35713830,0,0,101,false,0
23929,0,0,49151820,84870800,35718980,0,6,109,false,0
23930,0,0,49151820,84875600,35723780,0,0,96,false,0
23931,0,0,49151820,84880400,35728580,0,0,96,false,0
23932,0,0,49151820,84885550,35733730,0,4,107,false,0
23933,0,0,49151820,84890200,35738380,0,0,93,false,0
23934,0,0,49151820,84895350,35743530,0,0,103,false,0
23935,0,0,49151820,84900100,35748280,0,0,95,false,0
23936,0,0,49151820,84904800,35752980,0,0,94,false,0
23937,0,0,49151820,84904800,35752980,0,105,105,true,0
23938,0,0,49151820,84904800,35752980,0,95,95,true,0
23939,0,0,49151820,84904800,35752980,0,86,86,true,0
23940,0,0,49151820,84904800,35752980,0,108,108,true,0
23941,0,0,49151820,84909950,35758130,0,2,105,false,0
23942,0,0,49151820,84915100,35763280,0,15,118,false,0
23943,0,0,49151820,84920250,35768430,0,2,105,false,0
23944,0,0,49151820,84925400,35773580,0,9,112,false,0
23945,0,0,49151820,84925400,35773580,0,100,100,true,0
23946,0,0,49151820,84925400,35773580,0,108,108,true,0
23947,0,0,49151820,84930350,35778530,0,0,99,false,0
23948,0,0,49151820,84935300,35783480,0,0,99,false,0
23949,0,0,49151820,84935300,35783480,0,80,80,true,0
23950,0,0,49151820,84935300,35783480,0,114,114,true,0
23951,0,0,49151820,84935300,35783480,0,105,105,true,0
23952,0,0,49151820,84940450,35788630,0,1,104,false,0
23953,0,0,49151820,84944700,35792880,0,0,85,false,0
23954,0,0,49151820,84949350,35797530,0,0,93,false,0
23955,0,0,49151820,84954300,35802480,0,0,99,false,0
23956,0,0,49151820,84954300,35802480,0,107,107,true,0
23957,0,0,49151820,84959050,35807230,0,0,95,false,0
23958,0,0,49151820,84963500,35811680,0,0,89,false,0
23959,0,0,49151820,84968000,35816180,0,0,90,false,0
23960,0,0,49151820,84972350,35820530,0,0,87,false,0
23961,0,0,49151820,84977050,35825230,0,0,94,false,0
23962,0,0,49151820,84981650,35829830,0,0,92,false,0
23963,0,0,49151820,84981650,35829830,0,97,97,true,0
23964,0,0,49151820,84986600,35834780,0,0,99,false,0
23965,0,0,49151820,84991750,35839930,0,8,111,false,0
23966,0,0,49151820,84996800,35844980,0,0,101,false,0
23967,0,0,49151820,85001950,35850130,0,2,105,false,0
23968,0,0,49151820,85006500,35854680,0,0,91,false,0
23969,0,0,49151820,85011050,35859230,0,0,91,false,0
23970,0,0,49151820,85016200,35864380,0,21,124,false,0
23971,0,0,49151820,85016200,35864380,0,112,112,true,0
23972,0,0,49258440,85021000,35762560,0,0,96,false,0
23973,0,0,49258440,85026150,35767710,0,7,110,false,0
23974,0,0,49258440,85030900,35772460,0,0,95,false,0
23975,0,0,49258440,85030900,35772460,0,96,96,true,0
23976,0,0,49258440,85035000,35776560,0,0,82,false,0
23977,0,0,49258440,85039100,35780660,0,0,82,false,0
23978,0,0,49258440,85043750,35785310,0,0,93,false,0
23979,0,0,49258440,85047850,35789410,0,0,82,false,0
23980,0,0,49258440,85052050,35793610,0,0,84,false,0
23981,0,0,49258440,85057200,35798760,0,9,112,false,0
23982,0,0,49258440,85062350,35803910,0,7,110,false,0
23983,0,0,49258440,85067500,35809060,0,2,105,false,0
23984,0,0,49258440,85072300,35813860,0,0,96,false,0
23985,0,0,49258440,85076850,35818410,0,0,91,false,0
23986,0,0,49258440,85076850,35818410,0,85,85,true,0
23987,0,0,49258440,85081250,35822810,0,0,88,false,0
23988,0,0,49258440,85085900,35827460,0,0,93,false,0
23989,0,0,49258440,85085900,35827460,0,107,107,true,0
23990,0,0,49258440,85085900,35827460,0,110,110,true,0
23991,0,0,49258440,85091050,35832610,0,4,107,false,0
23992,0,0,49258440,85096200,35837760,0,0,103,false,0
23993,0,0,49258440,85100600,35842160,0,0,88,false,0
23994,0,0,49258440,85105300,35846860,0,0,94,false,0
23995,0,0,49258440,85110400,35851960,0,0,102,false,0
23996,0,0,49258440,85115550,35857110,0,21,124,false,0
23997,0,0,49258440,85120050,35861610,0,0,90,false,0
23998,0,0,49258440,85120050,35861610,0,118,118,true,0
23999,0,0,49258440,85120050,35861610,0,107,107,true,0
24000,0,0,49258440,85125200,35866760,0,0,103,false,0
24001,0,0,49258440,85130350,35871910,0,10,113,false,0
24002,0,0,49258440,85135500,35877060,0,7,110,false,0
24003,0,0,49258440,85140650,35882210,0,4,107,false,0
24004,0,0,49258440,85145300,35886860,0,0,93,false,0
24005,0,0,49258440,85149550,35891110,0,0,85,false,0
24006,0,0,49258440,85154700,35896260,0,0,103,false,0
24007,0,0,49258440,85159600,35901160,0,0,98,false,0
24008,0,0,49258440,85159600,35901160,0,108,108,true,0
24009,0,0,49258440,85164700,35906260,0,0,102,false,0
24010,0,0,49258440,85169850,35911410,0,14,117,false,0
24011,0,0,49258440,85174650,35916210,0,0,96,false,0
24012,0,0,49258440,85179800,35921360,0,2,105,false,0
24013,0,0,49258440,85184350,35925910,0,0,91,false,0
24014,0,0,49258440,85189500,35931060,0,9,112,false,0
24015,0,0,49258440,85193700,35935260,0,0,84,false,0
24016,0,0,49258440,85198450,35940010,0,0,95,false,0
24017,0,0,49258440,85202600,35944160,0,0,83,false,0
24018,0,0,49258440,85207450,35949010,0,0,97,false,0
24019,0,0,49258440,85212500,35954060,0,0,101,false,0
24020,0,0,49258440,85217650,35959210,0,1,104,false,0
24021,0,0,49258440,85221800,35963360,0,0,83,false,0
24022,0,0,49258440,85226950,35968510,0,7,110,false,0
24023,0,0,49258440,85231950,35973510,0,0,100,false,0
24024,0,0,49365060,85231950,35866890,0,75,75,true,0
24025,0,0,49365060,85231950,35866890,0,119,119,true,0
24026,0,0,49365060,85231950,35866890,0,108,108,true,0
24027,0,0,49365060,85236550,35871490,0,0,92,false,0
24028,0,0,49365060,85241400,35876340,0,0,97,false,0
24029,0,0,49365060,85246550,35881490,0,7,110,false,0
24030,0,0,49365060,85251350,35886290,0,0,96,false,0
24031,0,0,49365060,85251350,35886290,0,110,110,true,0
24032,0,0,49365060,85255850,35890790,0,0,90,false,0
24033,0,0,49365060,85261000,35895940,0,0,103,false,0
24034,0,0,49365060,85265650,35900590,0,0,93,false,0
24035,0,0,49365060,85270650,35905590,0,0,100,false,0
24036,0,0,49365060,85275750,35910690,0,0,102,false,0
24037,0,0,49365060,85280250,35915190,0,0,90,false,0
24038,0,0,49365060,85284550,35919490,0,0,86,false,0
24039,0,0,49365060,85289700,35924640,0,10,113,false,0
24040,0,0,49365060,85294650,35929590,0,0,99,false,0
24041,0,0,49365060,85299800,35934740,0,7,110,false,0
24042,0,0,49365060,85304800,35939740,0,0,100,false,0
24043,0,0,49365060,85309450,35944390,0,0,93,false,0
24044,0,0,49365060,85314600,35949540,0,0,103,false,0
24045,0,0,49365060,85319100,35954040,0,0,90,false,0
24046,0,0,49365060,85319100,35954040,0,114,114,true,0
24047,0,0,49365060,85319100,35954040,0,79,79,true,0
24048,0,0,49365060,85319100,35954040,0,107,107,true,0
24049,0,0,49365060,85323700,35958640,0,0,92,false,0
24050,0,0,49365060,85328800,35963740,0,0,102,false,0
24051,0,0,49365060,85333400,35968340,0,0,92,false,0
24052,0,0,49365060,85338550,35973490,0,0,103,false,0
24053,0,0,49365060,85338550,35973490,0,97,97,true,0
24054,0,0,49365060,85338550,35973490,0,100,100,true,0
24055,0,0,49365060,85338550,35973490,0,102,102,true,0
24056,0,0,49365060,85343450,35978390,0,0,98,false,0
24057,0,0,49365060,85348250,35983190,0,0,96,false,0
24058,0,0,49365060,85352400,35987340,0,0,83,false,0
24059,0,0,49365060,85357200,35992140,0,0,96,false,0
24060,0,0,49365060,85362000,35996940,0,0,96,false,0
24061,0,0,49365060,85367150,36002090,0,2,105,false,0
24062,0,0,49365060,85372300,36007240,0,0,103,false,0
24063,0,0,49365060,85377250,36012190,0,0,99,false,0
24064,0,0,49365060,85381650,36016590,0,0,88,false,0
24065,0,0,49365060,85386150,36021090,0,0,90,false,0
24066,0,0,49365060,85391050,36025990,0,0,98,false,0
24067,0,0,49365060,85395550,36030490,0,0,90,false,0
24068,0,0,49365060,85400700,36035640,0,9,112,false,0
24069,0,0,49365060,85405850,36040790,0,1,104,false,0
24070,0,0,49365060,85410650,36045590,0,0,96,false,0
24071,0,0,49365060,85415400,36050340,0,0,95,false,0
24072,0,0,49365060,85420150,36055090,0,0,95,false,0
24073,0,0,49365060,85425150,36060090,0,0,100,false,0
24074,0,0,49365060,85425150,36060090,0,85,85,true,0
24075,0,0,49365060,85425150,36060090,0,101,101,true,0
24076,0,0,49471680,85430300,35958620,0,2,105,false,0
24077,0,0,49471680,85434900,35963220,0,0,92,false,0
24078,0,0,49471680,85439250,35967570,0,0,87,false,0
24079,0,0,49471680,85444400,35972720,0,5,108,false,0
24080,0,0,49471680,85449550,35977870,0,9,112,false,0
24081,0,0,49471680,85454700,35983020,0,8,111,false,0
24082,0,0,49471680,85454700,35983020,0,88,88,true,0
24083,0,0,49471680,85454700,35983020,0,93,93,true,0
24084,0,0,49471680,85454700,35983020,0,106,106,true,0
24085,0,0,49471680,85454700,35983020,0,100,100,true,0
24086,0,0,49471680,85459850,35988170,0,0,103,false,0
24087,0,0,49471680,85465000,35993320,0,4,107,false,0
24088,0,0,49471680,85470150,35998470,0,7,110,false,0
24089,0,0,49471680,85474800,36003120,0,0,93,false,0
24090,0,0,49471680,85474800,36003120,0,104,104,true,0
24091,0,0,49471680,85479950,36008270,0,8,111,false,0
24092,0,0,49471680,85484750,36013070,0,0,96,false,0
24093,0,0,49471680,85489750,36018070,0,0,100,false,0
24094,0,0,49471680,85494700,36023020,0,0,99,false,0
24095,0,0,49471680,85499150,36027470,0,0,89,false,0
24096,0,0,49471680,85504300,36032620,0,4,107,false,0
24097,0,0,49471680,85509400,36037720,0,0,102,false,0
24098,0,0,49471680,85514450,36042770,0,0,101,false,0
24099,0,0,49471680,85519500,36047820,0,0,101,false,0
24100,0,0,49471680,85524500,36052820,0,0,100,false,0
24101,0,0,49471680,85528650,36056970,0,0,83,false,0
24102,0,0,49471680,85533800,36062120,0,13,116,false,0
24103,0,0,49471680,85538050,36066370,0,0,85,false,0
24104,0,0,49471680,85542900,36071220,0,0,97,false,0
24105,0,0,49471680,85547800,36076120,0,0,98,false,0
24106,0,0,49471680,85552450,36080770,0,0,93,false,0
24107,0,0,49471680,85557600,36085920,0,5,108,false,0
24108,0,0,49471680,85557600,36085920,0,85,85,true,0
24109,0,0,49471680,85562750,36091070,0,6,109,false,0
24110,0,0,49471680,85567700,36096020,0,0,99,false,0
24111,0,0,49471680,85572700,36101020,0,0,100,false,0
24112,0,0,49471680,85577550,36105870,0,0,97,false,0
24113,0,0,49471680,85582700,36111020,0,5,108,false,0
24114,0,0,49471680,85587550,36115870,0,0,97,false,0
24115,0,0,49471680,85592700,36121020,0,11,114,false,0
24116,0,0,49471680,85596950,36125270,0,0,85,false,0
24117,0,0,49471680,85601350,36129670,0,0,88,false,0
24118,0,0,49471680,85606500,36134820,0,3,106,false,0
24119,0,0,49471680,85606500,36134820,0,103,103,true,0
24120,0,0,49471680,85606500,36134820,0,107,107,true,0
24121,0,0,49471680,85606500,36134820,0,101,101,true,0
24122,0,0,49471680,85611200,36139520,0,0,94,false,0
24123,0,0,49471680,85616050,36144370,0,0,97,false,0
24124,0,0,49471680,85621200,36149520,0,4,107,false,0
24125,0,0,49471680,85625350,36153670,0,0,83,false,0
24126,0,0,49471680,85630500,36158820,0,16,119,false,0
24127,0,0,49471680,85635500,36163820,0,0,100,false,0
24128,0,0,49578300,85640650,36062350,0,6,109,false,0
24129,0,0,49578300,85640650,36062350,0,105,105,true,0
24130,0,0,49578300,85640650,36062350,0,110,110,true,0
24131,0,0,49578300,85640650,36062350,0,94,94,true,0
24132,0,0,49578300,85640650,36062350,0,94,94,true,0
24133,0,0,49578300,85640650,36062350,0,109,109,true,0
24134,0,0,49578300,85640650,36062350,0,99,99,true,0
24135,0,0,49578300,85640650,36062350,0,102,102,true,0
24136,0,0,49578300,85640650,36062350,0,100,100,true,0
24137,0,0,49578300,85645800,36067500,0,2,105,false,0
24138,0,0,49578300,85650800,36072500,0,0,100,false,0
24139,0,0,49578300,85650800,36072500,0,103,103,true,0
24140,0,0,49578300,85650800,36072500,0,116,116,true,0
24141,0,0,49578300,85650800,36072500,0,89,89,true,0
24142,0,0,49578300,85650800,36072500,0,97,97,true,0
24143,0,0,49578300,85655950,36077650,0,4,107,false,0
24144,0,0,49578300,85661100,36082800,0,5,108,false,0
24145,0,0,49578300,85666250,36087950,0,10,113,false,0
24146,0,0,49578300,85671400,36093100,0,1,104,false,0
24147,0,0,49578300,85676550,36098250,0,6,109,false,0
24148,0,0,49578300,85676550,36098250,0,108,108,true,0
24149,0,0,49578300,85681050,36102750,0,0,90,false,0
24150,0,0,49578300,85686200,36107900,0,19,122,false,0
24151,0,0,49578300,85691350,36113050,0,4,107,false,0
24152,0,0,49578300,85696500,36118200,0,1,104,false,0
24153,0,0,49578300,85701550,36123250,0,0,101,false,0
24154,0,0,49578300,85706300,36128000,0,0,95,false,0
24155,0,0,49578300,85711000,36132700,0,0,94,false,0
24156,0,0,49578300,85716150,36137850,0,4,107,false,0
24157,0,0,49578300,85720700,36142400,0,0,91,false,0
24158,0,0,49578300,85725750,36147450,0,0,101,false,0
24159,0,0,49578300,85730050,36151750,0,0,86,false,0
24160,0,0,49578300,85734450,36156150,0,0,88,false,0
24161,0,0,49578300,85739050,36160750,0,0,92,false,0
24162,0,0,49578300,85743800,36165500,0,0,95,false,0
24163,0,0,49578300,85743800,36165500,0,105,105,true,0
24164,0,0,49578300,85748950,36170650,0,2,105,false,0
24165,0,0,49578300,85754050,36175750,0,0,102,false,0
24166,0,0,49578300,85754050,36175750,0,97,97,true,0
24167,0,0,49578300,85754050,36175750,0,95,95,true,0
24168,0,0,49578300,85754050,36175750,0,92,92,true,0
24169,0,0,49578300,85754050,36175750,0,83,83,true,0
24170,0,0,49578300,85759100,36180800,0,0,101,false,0
24171,0,0,49578300,85762900,36184600,0,0,76,false,0
24172,0,0,49578300,85762900,36184600,0,105,105,true,0
24173,0,0,49578300,85762900,36184600,0,102,102,true,0
24174,0,0,49578300,85766650,36188350,0,0,75,false,0
24175,0,0,49578300,85771750,36193450,0,0,102,false,0
24176,0,0,49578300,85775550,36197250,0,0,76,false,0
24177,0,0,49578300,85780700,36202400,0,5,108,false,0
24178,0,0,49578300,85785700,36207400,0,0,100,false,0
24179,0,0,49578300,85790850,36212550,0,6,109,false,0
24180,0,0,49684920,85796000,36111080,0,13,116,false,0
24181,0,0,49684920,85800600,36115680,0,0,92,false,0
24182,0,0,49684920,85804950,36120030,0,0,87,false,0
24183,0,0,49684920,85809700,36124780,0,0,95,false,0
24184,0,0,49684920,85809700,36124780,0,112,112,true,0
24185,0,0,49684920,85814850,36129930,0,2,105,false,0
24186,0,0,49684920,85820000,36135080,0,2,105,false,0
24187,0,0,49684920,85825150,36140230,0,4,107,false,0
24188,0,0,49684920,85829950,36145030,0,0,96,false,0
24189,0,0,49684920,85835100,36150180,0,10,113,false,0
24190,0,0,49684920,85835100,36150180,0,105,105,true,0
24191,0,0,49684920,85835100,36150180,0,91,91,true,0
24192,0,0,49684920,85835100,36150180,0,107,107,true,0
24193,0,0,49684920,85835100,36150180,0,108,108,true,0
24194,0,0,49684920,85835100,36150180,0,108,108,true,0
24195,0,0,49684920,85840250,36155330,0,6,109,false,0
24196,0,0,49684920,85845250,36160330,0,0,100,false,0
24197,0,0,49684920,85850400,36165480,0,6,109,false,0
24198,0,0,49684920,85850400,36165480,0,109,109,true,0
24199,0,0,49684920,85850400,36165480,0,97,97,true,0
24200,0,0,49684920,85855150,36170230,0,0,95,false,0
24201,0,0,49684920,85859400,36174480,0,0,85,false,0
24202,0,0,49684920,85859400,36174480,0,124,124,true,0
24203,0,0,49684920,85864100,36179180,0,0,94,false,0
24204,0,0,49684920,85868850,36183930,0,0,95,false,0
24205,0,0,49684920,85868850,36183930,0,115,115,true,0
24206,0,0,49684920,85874000,36189080,0,14,117,false,0
24207,0,0,49684920,85878650,36193730,0,0,93,false,0
24208,0,0,49684920,85882850,36197930,0,0,84,false,0
24209,0,0,49684920,85888000,36203080,0,11,114,false,0
24210,0,0,49684920,85892850,36207930,0,0,97,false,0
24211,0,0,49684920,85897600,36212680,0,0,95,false,0
24212,0,0,49684920,85902150,36217230,0,0,91,false,0
24213,0,0,49684920,85907250,36222330,0,0,102,false,0
24214,0,0,49684920,85912400,36227480,0,12,115,false,0
24215,0,0,49684920,85917550,36232630,0,16,119,false,0
24216,0,0,49684920,85917550,36232630,0,91,91,true,0
24217,0,0,49684920,85917550,36232630,0,100,100,true,0
24218,0,0,49684920,85917550,36232630,0,110,110,true,0
24219,0,0,49684920,85917550,36232630,0,97,97,true,0
24220,0,0,49684920,85917550,36232630,0,102,102,true,0
24221,0,0,49684920,85917550,36232630,0,101,101,true,0
24222,0,0,49684920,85917550,36232630,0,88,88,true,0
24223,0,0,49684920,85922700,36237780,0,8,111,false,0
24224,0,0,49684920,85927850,36242930,0,4,107,false,0
24225,0,0,49684920,85933000,36248080,0,14,117,false,0
24226,0,0,49684920,85937600,36252680,0,0,92,false,0
24227,0,0,49684920,85942450,36257530,0,0,97,false,0
24228,0,0,49684920,85947600,36262680,0,3,106,false,0
24229,0,0,49684920,85952750,36267830,0,14,117,false,0
24230,0,0,49684920,85957700,36272780,0,0,99,false,0
24231,0,0,49684920,85957700,36272780,0,106,106,true,0
24232,0,0,49791540,85957700,36166160,0,103,103,true,0
24233,0,0,49791540,85962850,36171310,0,7,110,false,0
24234,0,0,49791540,85967250,36175710,0,0,88,false,0
24235,0,0,49791540,85972400,36180860,0,5,108,false,0
24236,0,0,49791540,85977400,36185860,0,0,100,false,0
24237,0,0,49791540,85982100,36190560,0,0,94,false,0
24238,0,0,49791540,85987250,36195710,0,8,111,false,0
24239,0,0,49791540,85992400,36200860,0,13,116,false,0
24240,0,0,49791540,85997100,36205560,0,0,94,false,0
24241,0,0,49791540,86002250,36210710,0,5,108,false,0
24242,0,0,49791540,86007250,36215710,0,0,100,false,0
24243,0,0,49791540,86012350,36220810,0,0,102,false,0
24244,0,0,49791540,86017500,36225960,0,5,108,false,0
24245,0,0,49791540,86022650,36231110,0,5,108,false,0
24246,0,0,49791540,86027300,36235760,0,0,93,false,0
24247,0,0,49791540,86032450,36240910,0,1,104,false,0
24248,0,0,49791540,86037600,36246060,0,19,122,false,0
24249,0,0,49791540,86041650,36250110,0,0,81,false,0
24250,0,0,49791540,86046800,36255260,0,4,107,false,0
24251,0,0,49791540,86051950,36260410,0,0,103,false,0
24252,0,0,49791540,86057100,36265560,0,4,107,false,0
24253,0,0,49791540,86057100,36265560,0,110,110,true,0
24254,0,0,49791540,86062100,36270560,0,0,100,false,0
24255,0,0,49791540,86067250,36275710,0,5,108,false,0
24256,0,0,49791540,86072400,36280860,0,9,112,false,0
24257,0,0,49791540,86077550,36286010,0,0,103,false,0
24258,0,0,49791540,86081350,36289810,0,0,76,false,0
24259,0,0,49791540,86086500,36294960,0,9,112,false,0
24260,0,0,49791540,86090450,36298910,0,0,79,false,0
24261,0,0,49791540,86095600,36304060,0,8,111,false,0
24262,0,0,49791540,86099850,36308310,0,0,85,false,0
24263,0,0,49791540,86104350,36312810,0,0,90,false,0
24264,0,0,49791540,86108900,36317360,0,0,91,false,0
24265,0,0,49791540,86108900,36317360,0,110,110,true,0
24266,0,0,49791540,86113550,36322010,0,0,93,false,0
24267,0,0,49791540,86118700,36327160,0,22,125,false,0
24268,0,0,49791540,86123250,36331710,0,0,91,false,0
24269,0,0,49791540,86128400,36336860,0,9,112,false,0
24270,0,0,49791540,86128400,36336860,0,103,103,true,0
24271,0,0,49791540,86128400,36336860,0,91,91,true,0
24272,0,0,49791540,86128400,36336860,0,93,93,true,0
24273,0,0,49791540,86132900,36341360,0,0,90,false,0
24274,0,0,49791540,86137600,36346060,0,0,94,false,0
24275,0,0,49791540,86142750,36351210,0,7,110,false,0
24276,0,0,49791540,86147900,36356360,0,6,109,false,0
24277,0,0,49791540,86152700,36361160,0,0,96,false,0
24278,0,0,49791540,86157800,36366260,0,0,102,false,0
24279,0,0,49791540,86157800,36366260,0,82,82,true,0
24280,0,0,49791540,86157800,36366260,0,102,102,true,0
24281,0,0,49791540,86162650,36371110,0,0,97,false,0
24282,0,0,49791540,86167650,36376110,0,0,100,false,0
24283,0,0,49791540,86172100,36380560,0,0,89,false,0
24284,0,0,49898160,86177000,36278840,0,0,98,false,0
24285,0,0,49898160,86182000,36283840,0,0,100,false,0
24286,0,0,49898160,86187150,36288990,0,1,104,false,0
24287,0,0,49898160,86191700,36293540,0,0,91,false,0
24288,0,0,49898160,86196700,36298540,0,0,100,false,0
24289,0,0,49898160,86201850,36303690,0,3,106,false,0
24290,0,0,49898160,86206300,36308140,0,0,89,false,0
24291,0,0,49898160,86211450,36313290,0,2,105,false,0
24292,0,0,49898160,86216600,36318440,0,8,111,false,0
24293,0,0,49898160,86221750,36323590,0,6,109,false,0
24294,0,0,49898160,86226450,36328290,0,0,94,false,0
24295,0,0,49898160,86231500,36333340,0,0,101,false,0
24296,0,0,49898160,86235900,36337740,0,0,88,false,0
24297,0,0,49898160,86240300,36342140,0,0,88,false,0
24298,0,0,49898160,86245450,36347290,0,3,106,false,0
24299,0,0,49898160,86250600,36352440,0,12,115,false,0
24300,0,0,49898160,86255350,36357190,0,0,95,false,0
24301,0,0,49898160,86260450,36362290,0,0,102,false,0
24302,0,0,49898160,86265600,36367440,0,7,110,false,0
24303,0,0,49898160,86270750,36372590,0,9,112,false,0
24304,0,0,49898160,86274950,36376790,0,0,84,false,0
24305,0,0,49898160,86279600,36381440,0,0,93,false,0
24306,0,0,49898160,86284350,36386190,0,0,95,false,0
24307,0,0,49898160,86289350,36391190,0,0,100,false,0
24308,0,0,49898160,86293850,36395690,0,0,90,false,0
24309,0,0,49898160,86298900,36400740,0,0,101,false,0
24310,0,0,49898160,86303650,36405490,0,0,95,false,0
24311,0,0,49898160,86307650,36409490,0,0,80,false,0
24312,0,0,49898160,86312800,36414640,0,2,105,false,0
24313,0,0,49898160,86317950,36419790,0,10,113,false,0
24314,0,0,49898160,86322850,36424690,0,0,98,false,0
24315,0,0,49898160,86328000,36429840,0,16,119,false,0
24316,0,0,49898160,86332600,36434440,0,0,92,false,0
24317,0,0,49898160,86332600,36434440,0,90,90,true,0
24318,0,0,49898160,86332600,36434440,0,99,99,true,0
24319,0,0,49898160,86337750,36439590,0,7,110,false,0
24320,0,0,49898160,86342100,36443940,0,0,87,false,0
24321,0,0,49898160,86346750,36448590,0,0,93,false,0
24322,0,0,49898160,86351500,36453340,0,0,95,false,0
24323,0,0,49898160,86356650,36458490,0,1,104,false,0
24324,0,0,49898160,86361700,36463540,0,0,101,false,0
24325,0,0,49898160,86366650,36468490,0,0,99,false,0
24326,0,0,49898160,86371050,36472890,0,0,88,false,0
24327,0,0,49898160,86375400,36477240,0,0,87,false,0
24328,0,0,49898160,86380550,36482390,0,14,117,false,0
24329,0,0,49898160,86385300,36487140,0,0,95,false,0
24330,0,0,49898160,86390450,36492290,0,0,103,false,0
24331,0,0,49898160,86394600,36496440,0,0,83,false,0
24332,0,0,49898160,86399750,36501590,0,0,103,false,0
24333,0,0,49898160,86404800,36506640,0,0,101,false,0
24334,0,0,49898160,86409750,36511590,0,0,99,false,0
24335,0,0,49898160,86414900,36516740,0,0,103,false,0
24336,0,0,50004780,86420050,36415270,0,10,113,false,0
24337,0,0,50004780,86425000,36420220,0,0,99,false,0
24338,0,0,50004780,86429850,36425070,0,0,97,false,0
24339,0,0,50004780,86435000,36430220,0,5,108,false,0
24340,0,0,50004780,86440150,36435370,0,0,103,false,0
24341,0,0,50004780,86444600,36439820,0,0,89,false,0
24342,0,0,50004780,86444600,36439820,0,88,88,true,0
24343,0,0,50004780,86444600,36439820,0,95,95,true,0
24344,0,0,50004780,86449700,36444920,0,0,102,false,0
24345,0,0,50004780,86454800,36450020,0,0,102,false,0
24346,0,0,50004780,86458500,36453720,0,0,74,false,0
24347,0,0,50004780,86462900,36458120,0,0,88,false,0
24348,0,0,50004780,86466750,36461970,0,0,77,false,0
24349,0,0,50004780,86471900,36467120,0,10,113,false,0
24350,0,0,50004780,86471900,36467120,0,107,107,true,0
24351,0,0,50004780,86476400,36471620,0,0,90,false,0
24352,0,0,50004780,86481550,36476770,0,12,115,false,0
24353,0,0,50004780,86486000,36481220,0,0,89,false,0
24354,0,0,50004780,86490950,36486170,0,0,99,false,0
24355,0,0,50004780,86496100,36491320,0,0,103,false,0
24356,0,0,50004780,86496100,36491320,0,126,126,true,0
24357,0,0,50004780,86496100,36491320,0,107,107,true,0
24358,0,0,50004780,86496100,36491320,0,98,98,true,0
24359,0,0,50004780,86496100,36491320,0,90,90,true,0
24360,0,0,50004780,86496100,36491320,0,90,90,true,0
24361,0,0,50004780,86496100,36491320,0,109,109,true,0
24362,0,0,50004780,86496100,36491320,0,84,84,true,0
24363,0,0,50004780,86496100,36491320,0,89,89,true,0
24364,0,0,50004780,86501250,36496470,0,8,111,false,0
24365,0,0,50004780,86506050,36501270,0,0,96,false,0
24366,0,0,50004780,86506050,36501270,0,96,96,true,0
24367,0,0,50004780,86506050,36501270,0,95,95,true,0
24368,0,0,50004780,86511200,36506420,0,9,112,false,0
24369,0,0,50004780,86516000,36511220,0,0,96,false,0
24370,0,0,50004780,86520300,36515520,0,0,86,false,0
24371,0,0,50004780,86524550,36519770,0,0,85,false,0
24372,0,0,50004780,86529650,36524870,0,0,102,false,0
24373,0,0,50004780,86533650,36528870,0,0,80,false,0
24374,0,0,50004780,86538150,36533370,0,0,90,false,0
24375,0,0,50004780,86543250,36538470,0,0,102,false,0
24376,0,0,50004780,86547350,36542570,0,0,82,false,0
24377,0,0,50004780,86552450,36547670,0,0,102,false,0
24378,0,0,50004780,86556900,36552120,0,0,89,false,0
24379,0,0,50004780,86561250,36556470,0,0,87,false,0
24380,0,0,50004780,86565350,36560570,0,0,82,false,0
24381,0,0,50004780,86570500,36565720,0,18,121,false,0
24382,0,0,50004780,86575400,36570620,0,0,98,false,0
24383,0,0,50004780,86580250,36575470,0,0,97,false,0
24384,0,0,50004780,86580250,36575470,0,95,95,true,0
24385,0,0,50004780,86580250,36575470,0,108,108,true,0
24386,0,0,50004780,86585250,36580470,0,0,100,false,0
24387,0,0,50004780,86590400,36585620,0,18,121,false,0
24388,0,0,50111400,86595550,36484150,0,7,110,false,0
24389,0,0,50111400,86600700,36489300,0,19,122,false,0
24390,0,0,50111400,86600700,36489300,0,98,98,true,0
24391,0,0,50111400,86605850,36494450,0,4,107,false,0
24392,0,0,50111400,86609600,36498200,0,0,75,false,0
24393,0,0,50111400,86614000,36502600,0,0,88,false,0
24394,0,0,50111400,86618800,36507400,0,0,96,false,0
24395,0,0,50111400,86623500,36512100,0,0,94,false,0
24396,0,0,50111400,86628200,36516800,0,0,94,false,0
24397,0,0,50111400,86633350,36521950,0,3,106,false,0
24398,0,0,50111400,86638150,36526750,0,0,96,false,0
24399,0,0,50111400,86642850,36531450,0,0,94,false,0
24400,0,0,50111400,86648000,36536600,0,6,109,false,0
24401,0,0,50111400,86653150,36541750,0,9,112,false,0
24402,0,0,50111400,86653150,36541750,0,95,95,true,0
24403,0,0,50111400,86653150,36541750,0,99,99,true,0
24404,0,0,50111400,86653150,36541750,0,118,118,true,0
24405,0,0,50111400,86653150,36541750,0,101,101,true,0
24406,0,0,50111400,86657900,36546500,0,0,95,false,0
24407,0,0,50111400,86662950,36551550,0,0,101,false,0
24408,0,0,50111400,86668100,36556700,0,11,114,false,0
24409,0,0,50111400,86668100,36556700,0,104,104,true,0
24410,0,0,50111400,86673250,36561850,0,11,114,false,0
24411,0,0,50111400,86678000,36566600,0,0,95,false,0
24412,0,0,50111400,86682600,36571200,0,0,92,false,0
24413,0,0,50111400,86687550,36576150,0,0,99,false,0
24414,0,0,50111400,86687550,36576150,0,96,96,true,0
24415,0,0,50111400,86687550,36576150,0,109,109,true,0
24416,0,0,50111400,86687550,36576150,0,98,98,true,0
24417,0,0,50111400,86692650,36581250,0,0,102,false,0
24418,0,0,50111400,86697050,36585650,0,0,88,false,0
24419,0,0,50111400,86701550,36590150,0,0,90,false,0
24420,0,0,50111400,86701550,36590150,0,100,100,true,0
24421,0,0,50111400,86701550,36590150,0,110,110,true,0
24422,0,0,50111400,86706700,36595300,0,15,118,false,0
24423,0,0,50111400,86711850,36600450,0,3,106,false,0
24424,0,0,50111400,86717000,36605600,0,14,117,false,0
24425,0,0,50111400,86722150,36610750,0,0,103,false,0
24426,0,0,50111400,86726800,36615400,0,0,93,false,0
24427,0,0,50111400,86731150,36619750,0,0,87,false,0
24428,0,0,50111400,86731150,36619750,0,99,99,true,0
24429,0,0,50111400,86731150,36619750,0,99,99,true,0
24430,0,0,50111400,86736200,36624800,0,0,101,false,0
24431,0,0,50111400,86741350,36629950,0,5,108,false,0
24432,0,0,50111400,86745500,36634100,0,0,83,false,0
24433,0,0,50111400,86750650,36639250,0,3,106,false,0
24434,0,0,50111400,86755800,36644400,0,13,116,false,0
24435,0,0,50111400,86760500,36649100,0,0,94,false,0
24436,0,0,50111400,86765650,36654250,0,19,122,false,0
24437,0,0,50111400,86770800,36659400,0,4,107,false,0
24438,0,0,50111400,86775750,36664350,0,0,99,false,0
24439,0,0,50111400,86780350,36668950,0,0,92,false,0
24440,0,0,50218020,86785250,36567230,0,0,98,false,0
24441,0,0,50218020,86789900,36571880,0,0,93,false,0
24442,0,0,50218020,86789900,36571880,0,110,110,true,0
24443,0,0,50218020,86789900,36571880,0,81,81,true,0
24444,0,0,50218020,86789900,36571880,0,91,91,true,0
24445,0,0,50218020,86789900,36571880,0,81,81,true,0
24446,0,0,50218020,86789900,36571880,0,97,97,true,0
24447,0,0,50218020,86789900,36571880,0,105,105,true,0
24448,0,0,50218020,86789900,36571880,0,104,104,true,0
24449,0,0,50218020,86789900,36571880,0,104,104,true,0
24450,0,0,50218020,86794550,36576530,0,0,93,false,0
24451,0,0,50218020,86799500,36581480,0,0,99,false,0
24452,0,0,50218020,86804650,36586630,0,4,107,false,0
24453,0,0,50218020,86804650,36586630,0,102,102,true,0
24454,0,0,50218020,86804650,36586630,0,99,99,true,0
24455,0,0,50218020,86804650,36586630,0,104,104,true,0
24456,0,0,50218020,86804650,36586630,0,92,92,true,0
24457,0,0,50218020,86804650,36586630,0,112,112,true,0
24458,0,0,50218020,86809250,36591230,0,0,92,false,0
24459,0,0,50218020,86813650,36595630,0,0,88,false,0
24460,0,0,50218020,86818800,36600780,0,8,111,false,0
24461,0,0,50218020,86823350,36605330,0,0,91,false,0
24462,0,0,50218020,86828400,36610380,0,0,101,false,0
24463,0,0,50218020,86832850,36614830,0,0,89,false,0
24464,0,0,50218020,86837150,36619130,0,0,86,false,0
24465,0,0,50218020,86842000,36623980,0,0,97,false,0
24466,0,0,50218020,86846700,36628680,0,0,94,false,0
24467,0,0,50218020,86851550,36633530,0,0,97,false,0
24468,0,0,50218020,86856700,36638680,0,5,108,false,0
24469,0,0,50218020,86861600,36643580,0,0,98,false,0
24470,0,0,50218020,86866750,36648730,0,8,111,false,0
24471,0,0,50218020,86871900,36653880,0,12,115,false,0
24472,0,0,50218020,86877050,36659030,0,0,103,false,0
24473,0,0,50218020,86882200,36664180,0,4,107,false,0
24474,0,0,50218020,86887150,36669130,0,0,99,false,0
24475,0,0,50218020,86887150,36669130,0,111,111,true,0
24476,0,0,50218020,86892100,36674080,0,0,99,false,0
24477,0,0,50218020,86897100,36679080,0,0,100,false,0
24478,0,0,50218020,86901850,36683830,0,0,95,false,0
24479,0,0,50218020,86901850,36683830,0,82,82,true,0
24480,0,0,50218020,86907000,36688980,0,13,116,false,0
24481,0,0,50218020,86912150,36694130,0,5,108,false,0
24482,0,0,50218020,86916650,36698630,0,0,90,false,0
24483,0,0,50218020,86921800,36703780,0,2,105,false,0
24484,0,0,50218020,86926950,36708930,0,8,111,false,0
24485,0,0,50218020,86931950,36713930,0,0,100,false,0
24486,0,0,50218020,86937050,36719030,0,0,102,false,0
24487,0,0,50218020,86941600,36723580,0,0,91,false,0
24488,0,0,50218020,86941600,36723580,0,89,89,true,0
24489,0,0,50218020,86946750,36728730,0,6,109,false,0
24490,0,0,50218020,86951550,36733530,0,0,96,false,0
24491,0,0,50218020,86956700,36738680,0,9,112,false,0
24492,0,0,50324640,86961850,36637210,0,2,105,false,0
24493,0,0,50324640,86961850,36637210,0,96,96,true,0
24494,0,0,50324640,86966850,36642210,0,0,100,false,0
24495,0,0,50324640,86970750,36646110,0,0,78,false,0
24496,0,0,50324640,86970750,36646110,0,114,114,true,0
24497,0,0,50324640,86970750,36646110,0,105,105,true,0
24498,0,0,50324640,86975150,36650510,0,0,88,false,0
24499,0,0,50324640,86980050,36655410,0,0,98,false,0
24500,0,0,50324640,86985200,36660560,0,5,108,false,0
24501,0,0,50324640,86985200,36660560,0,105,105,true,0
24502,0,0,50324640,86985200,36660560,0,98,98,true,0
24503,0,0,50324640,86990350,36665710,0,4,107,false,0
24504,0,0,50324640,86995050,36670410,0,0,94,false,0
24505,0,0,50324640,86999750,36675110,0,0,94,false,0
24506,0,0,50324640,86999750,36675110,0,103,103,true,0
24507,0,0,50324640,86999750,36675110,0,120,120,true,0
24508,0,0,50324640,87004350,36679710,0,0,92,false,0
24509,0,0,50324640,87008450,36683810,0,0,82,false,0
24510,0,0,50324640,87013600,36688960,0,3,106,false,0
24511,0,0,50324640,87018250,36693610,0,0,93,false,0
24512,0,0,50324640,87022000,36697360,0,0,75,false,0
24513,0,0,50324640,87026850,36702210,0,0,97,false,0
24514,0,0,50324640,87026850,36702210,0,88,88,true,0
24515,0,0,50324640,87026850,36702210,0,99,99,true,0
24516,0,0,50324640,87026850,36702210,0,120,120,true,0
24517,0,0,50324640,87031750,36707110,0,0,98,false,0
24518,0,0,50324640,87035800,36711160,0,0,81,false,0
24519,0,0,50324640,87035800,36711160,0,99,99,true,0
24520,0,0,50324640,87040950,36716310,0,5,108,false,0
24521,0,0,50324640,87046100,36721460,0,4,107,false,0
24522,0,0,50324640,87050200,36725560,0,0,82,false,0
24523,0,0,50324640,87055350,36730710,0,5,108,false,0
24524,0,0,50324640,87060500,36735860,0,6,109,false,0
24525,0,0,50324640,87065650,36741010,0,2,105,false,0
24526,0,0,50324640,87070000,36745360,0,0,87,false,0
24527,0,0,50324640,87075150,36750510,0,4,107,false,0
24528,0,0,50324640,87080300,36755660,0,13,116,false,0
24529,0,0,50324640,87085150,36760510,0,0,97,false,0
24530,0,0,50324640,87090200,36765560,0,0,101,false,0
24531,0,0,50324640,87095350,36770710,0,2,105,false,0
24532,0,0,50324640,87100250,36775610,0,0,98,false,0
24533,0,0,50324640,87105300,36780660,0,0,101,false,0
24534,0,0,50324640,87110150,36785510,0,0,97,false,0
24535,0,0,50324640,87110150,36785510,0,118,118,true,0
24536,0,0,50324640,87115300,36790660,0,1,104,false,0
24537,0,0,50324640,87119800,36795160,0,0,90,false,0
24538,0,0,50324640,87119800,36795160,0,100,100,true,0
24539,0,0,50324640,87124950,36800310,0,4,107,false,0
24540,0,0,50324640,87130100,36805460,0,6,109,false,0
24541,0,0,50324640,87134750,36810110,0,0,93,false,0
24542,0,0,50324640,87138750,36814110,0,0,80,false,0
24543,0,0,50324640,87138750,36814110,0,95,95,true,0
24544,0,0,50431260,87138750,36707490,0,97,97,true,0
24545,0,0,50431260,87143900,36712640,0,5,108,false,0
24546,0,0,50431260,87148150,36716890,0,0,85,false,0
24547,0,0,50431260,87153300,36722040,0,8,111,false,0
24548,0,0,50431260,87158150,36726890,0,0,97,false,0
24549,0,0,50431260,87163300,36732040,0,0,103,false,0
24550,0,0,50431260,87168350,36737090,0,0,101,false,0
24551,0,0,50431260,87173500,36742240,0,2,105,false,0
24552,0,0,50431260,87178300,36747040,0,0,96,false,0
24553,0,0,50431260,87182850,36751590,0,0,91,false,0
24554,0,0,50431260,87187850,36756590,0,0,100,false,0
24555,0,0,50431260,87193000,36761740,0,1,104,false,0
24556,0,0,50431260,87193000,36761740,0,94,94,true,0
24557,0,0,50431260,87197350,36766090,0,0,87,false,0
24558,0,0,50431260,87202500,36771240,0,7,110,false,0
24559,0,0,50431260,87207500,36776240,0,0,100,false,0
24560,0,0,50431260,87212350,36781090,0,0,97,false,0
24561,0,0,50431260,87217050,36785790,0,0,94,false,0
24562,0,0,50431260,87222200,36790940,0,24,127,false,0
24563,0,0,50431260,87227350,36796090,0,12,115,false,0
24564,0,0,50431260,87232350,36801090,0,0,100,false,0
24565,0,0,50431260,87236500,36805240,0,0,83,false,0
24566,0,0,50431260,87236500,36805240,0,108,108,true,0
24567,0,0,50431260,87240750,36809490,0,0,85,false,0
24568,0,0,50431260,87245750,36814490,0,0,100,false,0
24569,0,0,50431260,87250600,36819340,0,0,97,false,0
24570,0,0,50431260,87255250,36823990,0,0,93,false,0
24571,0,0,50431260,87260250,36828990,0,0,100,false,0
24572,0,0,50431260,87260250,36828990,0,104,104,true,0
24573,0,0,50431260,87265000,36833740,0,0,95,false,0
24574,0,0,50431260,87270150,36838890,0,0,103,false,0
24575,0,0,50431260,87275300,36844040,0,3,106,false,0
24576,0,0,50431260,87275300,36844040,0,92,92,true,0
24577,0,0,50431260,87280250,36848990,0,0,99,false,0
24578,0,0,50431260,87284550,36853290,0,0,86,false,0
24579,0,0,50431260,87289150,36857890,0,0,92,false,0
24580,0,0,50431260,87289150,36857890,0,117,117,true,0
24581,0,0,50431260,87294300,36863040,0,4,107,false,0
24582,0,0,50431260,87299100,36867840,0,0,96,false,0
24583,0,0,50431260,87299100,36867840,0,100,100,true,0
24584,0,0,50431260,87304250,36872990,0,5,108,false,0
24585,0,0,50431260,87309400,36878140,0,7,110,false,0
24586,0,0,50431260,87313800,36882540,0,0,88,false,0
24587,0,0,50431260,87313800,36882540,0,103,103,true,0
24588,0,0,50431260,87318450,36887190,0,0,93,false,0
24589,0,0,50431260,87323550,36892290,0,0,102,false,0
24590,0,0,50431260,87323550,36892290,0,96,96,true,0
24591,0,0,50431260,87328700,36897440,0,4,107,false,0
24592,0,0,50431260,87333300,36902040,0,0,92,false,0
24593,0,0,50431260,87338450,36907190,0,3,106,false,0
24594,0,0,50431260,87338450,36907190,0,92,92,true,0
24595,0,0,50431260,87338450,36907190,0,108,108,true,0
24596,0,0,50537880,87338450,36800570,0,124,124,true,0
24597,0,0,50537880,87343600,36805720,0,0,103,false,0
24598,0,0,50537880,87348400,36810520,0,0,96,false,0
24599,0,0,50537880,87353000,36815120,0,0,92,false,0
24600,0,0,50537880,87358150,36820270,0,3,106,false,0
24601,0,0,50537880,87363150,36825270,0,0,100,false,0
24602,0,0,50537880,87368300,36830420,0,7,110,false,0
24603,0,0,50537880,87373100,36835220,0,0,96,false,0
24604,0,0,50537880,87378150,36840270,0,0,101,false,0
24605,0,0,50537880,87382600,36844720,0,0,89,false,0
24606,0,0,50537880,87387750,36849870,0,6,109,false,0
24607,0,0,50537880,87392900,36855020,0,6,109,false,0
24608,0,0,50537880,87397150,36859270,0,0,85,false,0
24609,0,0,50537880,87401750,36863870,0,0,92,false,0
24610,0,0,50537880,87406050,36868170,0,0,86,false,0
24611,0,0,50537880,87410850,36872970,0,0,96,false,0
24612,0,0,50537880,87415850,36877970,0,0,100,false,0
24613,0,0,50537880,87420300,36882420,0,0,89,false,0
24614,0,0,50537880,87425400,36887520,0,0,102,false,0
24615,0,0,50537880,87430150,36892270,0,0,95,false,0
24616,0,0,50537880,87435300,36897420,0,9,112,false,0
24617,0,0,50537880,87439850,36901970,0,0,91,false,0
24618,0,0,50537880,87439850,36901970,0,90,90,true,0
24619,0,0,50537880,87444700,36906820,0,0,97,false,0
24620,0,0,50537880,87449850,36911970,0,2,105,false,0
24621,0,0,50537880,87454100,36916220,0,0,85,false,0
24622,0,0,50537880,87459000,36921120,0,0,98,false,0
24623,0,0,50537880,87464150,36926270,0,9,112,false,0
24624,0,0,50537880,87468500,36930620,0,0,87,false,0
24625,0,0,50537880,87473450,36935570,0,0,99,false,0
24626,0,0,50537880,87477850,36939970,0,0,88,false,0
24627,0,0,50537880,87477850,36939970,0,97,97,true,0
24628,0,0,50537880,87482100,36944220,0,0,85,false,0
24629,0,0,50537880,87486950,36949070,0,0,97,false,0
24630,0,0,50537880,87490950,36953070,0,0,80,false,0
24631,0,0,50537880,87495450,36957570,0,0,90,false,0
24632,0,0,50537880,87500600,36962720,0,8,111,false,0
24633,0,0,50537880,87505650,36967770,0,0,101,false,0
24634,0,0,50537880,87510600,36972720,0,0,99,false,0
24635,0,0,50537880,87515600,36977720,0,0,100,false,0
24636,0,0,50537880,87520750,36982870,0,14,117,false,0
24637,0,0,50537880,87525650,36987770,0,0,98,false,0
24638,0,0,50537880,87530800,36992920,0,7,110,false,0
24639,0,0,50537880,87535150,36997270,0,0,87,false,0
24640,0,0,50537880,87539800,37001920,0,0,93,false,0
24641,0,0,50537880,87544950,37007070,0,7,110,false,0
24642,0,0,50537880,87550000,37012120,0,0,101,false,0
24643,0,0,50537880,87555150,37017270,0,10,113,false,0
24644,0,0,50537880,87560200,37022320,0,0,101,false,0
24645,0,0,50537880,87564650,37026770,0,0,89,false,0
24646,0,0,50537880,87569700,37031820,0,0,101,false,0
24647,0,0,50537880,87574450,37036570,0,0,95,false,0
24648,0,0,50644500,87574450,36929950,0,103,103,true,0
24649,0,0,50644500,87574450,36929950,0,98,98,true,0
24650,0,0,50644500,87574450,36929950,0,101,101,true,0
24651,0,0,50644500,87574450,36929950,0,109,109,true,0
24652,0,0,50644500,87574450,36929950,0,119,119,true,0
24653,0,0,50644500,87574450,36929950,0,104,104,true,0
24654,0,0,50644500,87579600,36935100,0,2,105,false,0
24655,0,0,50644500,87584400,36939900,0,0,96,false,0
24656,0,0,50644500,87589300,36944800,0,0,98,false,0
24657,0,0,50644500,87594450,36949950,0,12,115,false,0
24658,0,0,50644500,87599550,36955050,0,0,102,false,0
24659,0,0,50644500,87603550,36959050,0,0,80,false,0
24660,0,0,50644500,87607850,36963350,0,0,86,false,0
24661,0,0,50644500,87612000,36967500,0,0,83,false,0
24662,0,0,50644500,87616950,36972450,0,0,99,false,0
24663,0,0,50644500,87621450,36976950,0,0,90,false,0
24664,0,0,50644500,87621450,36976950,0,106,106,true,0
24665,0,0,50644500,87621450,36976950,0,117,117,true,0
24666,0,0,50644500,87626400,36981900,0,0,99,false,0
24667,0,0,50644500,87631300,36986800,0,0,98,false,0
24668,0,0,50644500,87636450,36991950,0,1,104,false,0
24669,0,0,50644500,87641600,36997100,0,3,106,false,0
24670,0,0,50644500,87646750,37002250,0,9,112,false,0
24671,0,0,50644500,87651100,37006600,0,0,87,false,0
24672,0,0,50644500,87656200,37011700,0,0,102,false,0
24673,0,0,50644500,87656200,37011700,0,102,102,true,0
24674,0,0,50644500,87656200,37011700,0,86,86,true,0
24675,0,0,50644500,87656200,37011700,0,114,114,true,0
24676,0,0,50644500,87656200,37011700,0,106,106,true,0
24677,0,0,50644500,87656200,37011700,0,102,102,true,0
24678,0,0,50644500,87656200,37011700,0,94,94,true,0
24679,0,0,50644500,87656200,37011700,0,97,97,true,0
24680,0,0,50644500,87656200,37011700,0,98,98,true,0
24681,0,0,50644500,87661350,37016850,0,10,113,false,0
24682,0,0,50644500,87666400,37021900,0,0,101,false,0
24683,0,0,50644500,87671550,37027050,0,11,114,false,0
24684,0,0,50644500,87676700,37032200,0,3,106,false,0
24685,0,0,50644500,87680600,37036100,0,0,78,false,0
24686,0,0,50644500,87685250,37040750,0,0,93,false,0
24687,0,0,50644500,87689750,37045250,0,0,90,false,0
24688,0,0,50644500,87694550,37050050,0,0,96,false,0
24689,0,0,50644500,87699700,37055200,0,9,112,false,0
24690,0,0,50644500,87704800,37060300,0,0,102,false,0
24691,0,0,50644500,87709200,37064700,0,0,88,false,0
24692,0,0,50644500,87714350,37069850,0,13,116,false,0
24693,0,0,50644500,87719500,37075000,0,6,109,false,0
24694,0,0,50644500,87724650,37080150,0,4,107,false,0
24695,0,0,50644500,87729550,37085050,0,0,98,false,0
24696,0,0,50644500,87733500,37089000,0,0,79,false,0
24697,0,0,50644500,87738550,37094050,0,0,101,false,0
24698,0,0,50644500,87743700,37099200,0,0,103,false,0
24699,0,0,50644500,87743700,37099200,0,98,98,true,0
24700,0,0,50751120,87748300,36997180,0,0,92,false,0
24701,0,0,50751120,87752750,37001630,0,0,89,false,0
24702,0,0,50751120,87756950,37005830,0,0,84,false,0
24703,0,0,50751120,87761500,37010380,0,0,91,false,0
24704,0,0,50751120,87765900,37014780,0,0,88,false,0
24705,0,0,50751120,87771050,37019930,0,17,120,false,0
24706,0,0,50751120,87776200,37025080,0,13,116,false,0
24707,0,0,50751120,87780950,37029830,0,0,95,false,0
24708,0,0,50751120,87786100,37034980,0,11,114,false,0
24709,0,0,50751120,87790550,37039430,0,0,89,false,0
24710,0,0,50751120,87795700,37044580,0,10,113,false,0
24711,0,0,50751120,87795700,37044580,0,115,115,true,0
24712,0,0,50751120,87800850,37049730,0,13,116,false,0
24713,0,0,50751120,87805600,37054480,0,0,95,false,0
24714,0,0,50751120,87810750,37059630,0,4,107,false,0
24715,0,0,50751120,87815050,37063930,0,0,86,false,0
24716,0,0,50751120,87819850,37068730,0,0,96,false,0
24717,0,0,50751120,87819850,37068730,0,88,88,true,0
24718,0,0,50751120,87819850,37068730,0,99,99,true,0
24719,0,0,50751120,87819850,37068730,0,106,106,true,0
24720,0,0,50751120,87819850,37068730,0,103,103,true,0
24721,0,0,50751120,87824850,37073730,0,0,100,false,0
24722,0,0,50751120,87829600,37078480,0,0,95,false,0
24723,0,0,50751120,87834700,37083580,0,0,102,false,0
24724,0,0,50751120,87839400,37088280,0,0,94,false,0
24725,0,0,50751120,87844500,37093380,0,0,102,false,0
24726,0,0,50751120,87849650,37098530,0,4,107,false,0
24727,0,0,50751120,87854800,37103680,0,1,104,false,0
24728,0,0,50751120,87859050,37107930,0,0,85,false,0
24729,0,0,50751120,87864200,37113080,0,3,106,false,0
24730,0,0,50751120,87868450,37117330,0,0,85,false,0
24731,0,0,50751120,87873600,37122480,0,4,107,false,0
24732,0,0,50751120,87878600,37127480,0,0,100,false,0
24733,0,0,50751120,87878600,37127480,0,80,80,true,0
24734,0,0,50751120,87883600,37132480,0,0,100,false,0
24735,0,0,50751120,87888750,37137630,0,1,104,false,0
24736,0,0,50751120,87893750,37142630,0,0,100,false,0
24737,0,0,50751120,87898900,37147780,0,6,109,false,0
24738,0,0,50751120,87903750,37152630,0,0,97,false,0
24739,0,0,50751120,87903750,37152630,0,95,95,true,0
24740,0,0,50751120,87908900,37157780,0,1,104,false,0
24741,0,0,50751120,87914050,37162930,0,13,116,false,0
24742,0,0,50751120,87919200,37168080,0,10,113,false,0
24743,0,0,50751120,87924350,37173230,0,0,103,false,0
24744,0,0,50751120,87929500,37178380,0,21,124,false,0
24745,0,0,50751120,87934650,37183530,0,7,110,false,0
24746,0,0,50751120,87939800,37188680,0,8,111,false,0
24747,0,0,50751120,87944950,37193830,0,2,105,false,0
24748,0,0,50751120,87950100,37198980,0,12,115,false,0
24749,0,0,50751120,87955250,37204130,0,1,104,false,0
24750,0,0,50751120,87960050,37208930,0,0,96,false,0
24751,0,0,50751120,87964800,37213680,0,0,95,false,0
24752,0,0,50857740,87969950,37112210,0,11,114,false,0
24753,0,0,50857740,87974600,37116860,0,0,93,false,0
24754,0,0,50857740,87979700,37121960,0,0,102,false,0
24755,0,0,50857740,87984750,37127010,0,0,101,false,0
24756,0,0,50857740,87989900,37132160,0,4,107,false,0
24757,0,0,50857740,87994900,37137160,0,0,100,false,0
24758,0,0,50857740,87994900,37137160,0,104,104,true,0
24759,0,0,50857740,87994900,37137160,0,114,114,true,0
24760,0,0,50857740,87994900,37137160,0,106,106,true,0
24761,0,0,50857740,87994900,37137160,0,100,100,true,0
24762,0,0,50857740,87994900,37137160,0,96,96,true,0
24763,0,0,50857740,87999150,37141410,0,0,85,false,0
24764,0,0,50857740,88004100,37146360,0,0,99,false,0
24765,0,0,50857740,88009200,37151460,0,0,102,false,0
24766,0,0,50857740,88014200,37156460,0,0,100,false,0
24767,0,0,50857740,88019350,37161610,0,20,123,false,0
24768,0,0,50857740,88024400,37166660,0,0,101,false,0
24769,0,0,50857740,88029250,37171510,0,0,97,false,0
24770,0,0,50857740,88034400,37176660,0,3,106,false,0
24771,0,0,50857740,88039300,37181560,0,0,98,false,0
24772,0,0,50857740,88044150,37186410,0,0,97,false,0
24773,0,0,50857740,88049200,37191460,0,0,101,false,0
24774,0,0,50857740,88053850,37196110,0,0,93,false,0
24775,0,0,50857740,88059000,37201260,0,4,107,false,0
24776,0,0,50857740,88064050,37206310,0,0,101,false,0
24777,0,0,50857740,88068700,37210960,0,0,93,false,0
24778,0,0,50857740,88073450,37215710,0,0,95,false,0
24779,0,0,50857740,88078250,37220510,0,0,96,false,0
24780,0,0,50857740,88078250,37220510,0,97,97,true,0
24781,0,0,50857740,88078250,37220510,0,97,97,true,0
24782,0,0,50857740,88083000,37225260,0,0,95,false,0
24783,0,0,50857740,88088150,37230410,0,2,105,false,0
24784,0,0,50857740,88093300,37235560,0,4,107,false,0
24785,0,0,50857740,88093300,37235560,0,105,105,true,0
24786,0,0,50857740,88093300,37235560,0,113,113,true,0
24787,0,0,50857740,88093300,37235560,0,104,104,true,0
24788,0,0,50857740,88098450,37240710,0,3,106,false,0
24789,0,0,50857740,88103500,37245760,0,0,101,false,0
24790,0,0,50857740,88108350,37250610,0,0,97,false,0
24791,0,0,50857740,88108350,37250610,0,129,129,true,0
24792,0,0,50857740,88108350,37250610,0,121,121,true,0
24793,0,0,50857740,88108350,37250610,0,105,105,true,0
24794,0,0,50857740,88113250,37255510,0,0,98,false,0
24795,0,0,50857740,88117100,37259360,0,0,77,false,0
24796,0,0,50857740,88121800,37264060,0,0,94,false,0
24797,0,0,50857740,88126400,37268660,0,0,92,false,0
24798,0,0,50857740,88130550,37272810,0,0,83,false,0
24799,0,0,50857740,88134850,37277110,0,0,86,false,0
24800,0,0,50857740,88138850,37281110,0,0,80,false,0
24801,0,0,50857740,88143150,37285410,0,0,86,false,0
24802,0,0,50857740,88143150,37285410,0,96,96,true,0
24803,0,0,50857740,88143150,37285410,0,102,102,true,0
24804,0,0,50964360,88143150,37178790,0,91,91,true,0
24805,0,0,50964360,88143150,37178790,0,98,98,true,0
24806,0,0,50964360,88148050,37183690,0,0,98,false,0
24807,0,0,50964360,88152750,37188390,0,0,94,false,0
24808,0,0,50964360,88157900,37193540,0,3,106,false,0
24809,0,0,50964360,88162900,37198540,0,0,100,false,0
24810,0,0,50964360,88167400,37203040,0,0,90,false,0
24811,0,0,50964360,88172200,37207840,0,0,96,false,0
24812,0,0,50964360,88177350,37212990,0,1,104,false,0
24813,0,0,50964360,88182100,37217740,0,0,95,false,0
24814,0,0,50964360,88186100,37221740,0,0,80,false,0
24815,0,0,50964360,88191050,37226690,0,0,99,false,0
24816,0,0,50964360,88196200,37231840,0,0,103,false,0
24817,0,0,50964360,88196200,37231840,0,96,96,true,0
24818,0,0,50964360,88201100,37236740,0,0,98,false,0
24819,0,0,50964360,88206050,37241690,0,0,99,false,0
24820,0,0,50964360,88211000,37246640,0,0,99,false,0
24821,0,0,50964360,88216150,37251790,0,13,116,false,0
24822,0,0,50964360,88221250,37256890,0,0,102,false,0
24823,0,0,50964360,88221250,37256890,0,98,98,true,0
24824,0,0,50964360,88225950,37261590,0,0,94,false,0
24825,0,0,50964360,88230850,37266490,0,0,98,false,0
24826,0,0,50964360,88236000,37271640,0,2,105,false,0
24827,0,0,50964360,88239950,37275590,0,0,79,false,0
24828,0,0,50964360,88244650,37280290,0,0,94,false,0
24829,0,0,50964360,88249600,37285240,0,0,99,false,0
24830,0,0,50964360,88249600,37285240,0,113,113,true,0
24831,0,0,50964360,88249600,37285240,0,120,120,true,0
24832,0,0,50964360,88254750,37290390,0,2,105,false,0
24833,0,0,50964360,88259900,37295540,0,5,108,false,0
24834,0,0,50964360,88264700,37300340,0,0,96,false,0
24835,0,0,50964360,88269550,37305190,0,0,97,false,0
24836,0,0,50964360,88269550,37305190,0,103,103,true,0
24837,0,0,50964360,88269550,37305190,0,101,101,true,0
24838,0,0,50964360,88269550,37305190,0,108,108,true,0
24839,0,0,50964360,88269550,37305190,0,82,82,true,0
24840,0,0,50964360,88269550,37305190,0,107,107,true,0
24841,0,0,50964360,88269550,37305190,0,119,119,true,0
24842,0,0,50964360,88274700,37310340,0,1,104,false,0
24843,0,0,50964360,88279800,37315440,0,0,102,false,0
24844,0,0,50964360,88284950,37320590,0,12,115,false,0
24845,0,0,50964360,88290100,37325740,0,15,118,false,0
24846,0,0,50964360,88294600,37330240,0,0,90,false,0
24847,0,0,50964360,88299750,37335390,0,9,112,false,0
24848,0,0,50964360,88304750,37340390,0,0,100,false,0
24849,0,0,50964360,88304750,37340390,0,95,95,true,0
24850,0,0,50964360,88304750,37340390,0,93,93,true,0
24851,0,0,50964360,88304750,37340390,0,102,102,true,0
24852,0,0,50964360,88309500,37345140,0,0,95,false,0
24853,0,0,50964360,88314650,37350290,0,2,105,false,0
24854,0,0,50964360,88314650,37350290,0,105,105,true,0
24855,0,0,50964360,88319550,37355190,0,0,98,false,0
24856,0,0,51070980,88324350,37253370,0,0,96,false,0
24857,0,0,51070980,88329500,37258520,0,11,114,false,0
24858,0,0,51070980,88334300,37263320,0,0,96,false,0
24859,0,0,51070980,88338900,37267920,0,0,92,false,0
24860,0,0,51070980,88343350,37272370,0,0,89,false,0
24861,0,0,51070980,88348350,37277370,0,0,100,false,0
24862,0,0,51070980,88352700,37281720,0,0,87,false,0
24863,0,0,51070980,88357800,37286820,0,0,102,false,0
24864,0,0,51070980,88362500,37291520,0,0,94,false,0
24865,0,0,51070980,88367400,37296420,0,0,98,false,0
24866,0,0,51070980,88372550,37301570,0,4,107,false,0
24867,0,0,51070980,88372550,37301570,0,73,73,true,0
24868,0,0,51070980,88377700,37306720,0,4,107,false,0
24869,0,0,51070980,88382700,37311720,0,0,100,false,0
24870,0,0,51070980,88387850,37316870,0,5,108,false,0
24871,0,0,51070980,88392150,37321170,0,0,86,false,0
24872,0,0,51070980,88397300,37326320,0,5,108,false,0
24873,0,0,51070980,88397300,37326320,0,94,94,true,0
24874,0,0,51070980,88402100,37331120,0,0,96,false,0
24875,0,0,51070980,88406700,37335720,0,0,92,false,0
24876,0,0,51070980,88411650,37340670,0,0,99,false,0
24877,0,0,51070980,88416800,37345820,0,5,108,false,0
24878,0,0,51070980,88421100,37350120,0,0,86,false,0
24879,0,0,51070980,88426250,37355270,0,5,108,false,0
24880,0,0,51070980,88431100,37360120,0,0,97,false,0
24881,0,0,51070980,88431100,37360120,0,89,89,true,0
24882,0,0,51070980,88431100,37360120,0,101,101,true,0
24883,0,0,51070980,88431100,37360120,0,84,84,true,0
24884,0,0,51070980,88435900,37364920,0,0,96,false,0
24885,0,0,51070980,88441050,37370070,0,7,110,false,0
24886,0,0,51070980,88446150,37375170,0,0,102,false,0
24887,0,0,51070980,88451300,37380320,0,4,107,false,0
24888,0,0,51070980,88455950,37384970,0,0,93,false,0
24889,0,0,51070980,88461100,37390120,0,1,104,false,0
24890,0,0,51070980,88465150,37394170,0,0,81,false,0
24891,0,0,51070980,88470250,37399270,0,0,102,false,0
24892,0,0,51070980,88475000,37404020,0,0,95,false,0
24893,0,0,51070980,88480150,37409170,0,5,108,false,0
24894,0,0,51070980,88485050,37414070,0,0,98,false,0
24895,0,0,51070980,88489150,37418170,0,0,82,false,0
24896,0,0,51070980,88489150,37418170,0,98,98,true,0
24897,0,0,51070980,88494300,37423320,0,0,103,false,0
24898,0,0,51070980,88498750,37427770,0,0,89,false,0
24899,0,0,51070980,88503900,37432920,0,1,104,false,0
24900,0,0,51070980,88509050,37438070,0,6,109,false,0
24901,0,0,51070980,88514200,37443220,0,7,110,false,0
24902,0,0,51070980,88518750,37447770,0,0,91,false,0
24903,0,0,51070980,88518750,37447770,0,92,92,true,0
24904,0,0,51070980,88518750,37447770,0,114,114,true,0
24905,0,0,51070980,88518750,37447770,0,101,101,true,0
24906,0,0,51070980,88518750,37447770,0,108,108,true,0
24907,0,0,51070980,88523550,37452570,0,0,96,false,0
24908,0,0,51177600,88528650,37351050,0,0,102,false,0
24909,0,0,51177600,88533600,37356000,0,0,99,false,0
24910,0,0,51177600,88538000,37360400,0,0,88,false,0
24911,0,0,51177600,88543150,37365550,0,0,103,false,0
24912,0,0,51177600,88548200,37370600,0,0,101,false,0
24913,0,0,51177600,88553350,37375750,0,13,116,false,0
24914,0,0,51177600,88558500,37380900,0,4,107,false,0
24915,0,0,51177600,88563400,37385800,0,0,98,false,0
24916,0,0,51177600,88567850,37390250,0,0,89,false,0
24917,0,0,51177600,88567850,37390250,0,103,103,true,0
24918,0,0,51177600,88573000,37395400,0,3,106,false,0
24919,0,0,51177600,88577800,37400200,0,0,96,false,0
24920,0,0,51177600,88582550,37404950,0,0,95,false,0
24921,0,0,51177600,88582550,37404950,0,97,97,true,0
24922,0,0,51177600,88582550,37404950,0,106,106,true,0
24923,0,0,51177600,88582550,37404950,0,93,93,true,0
24924,0,0,51177600,88582550,37404950,0,98,98,true,0
24925,0,0,51177600,88587700,37410100,0,2,105,false,0
24926,0,0,51177600,88592850,37415250,0,2,105,false,0
24927,0,0,51177600,88592850,37415250,0,85,85,true,0
24928,0,0,51177600,88592850,37415250,0,106,106,true,0
24929,0,0,51177600,88592850,37415250,0,86,86,true,0
24930,0,0,51177600,88592850,37415250,0,91,91,true,0
24931,0,0,51177600,88598000,37420400,0,1,104,false,0
24932,0,0,51177600,88603150,37425550,0,9,112,false,0
24933,0,0,51177600,88603150,37425550,0,112,112,true,0
24934,0,0,51177600,88603150,37425550,0,92,92,true,0
24935,0,0,51177600,88607550,37429950,0,0,88,false,0
24936,0,0,51177600,88612700,37435100,0,4,107,false,0
24937,0,0,51177600,88612700,37435100,0,91,91,true,0
24938,0,0,51177600,88612700,37435100,0,100,100,true,0
24939,0,0,51177600,88612700,37435100,0,104,104,true,0
24940,0,0,51177600,88612700,37435100,0,94,94,true,0
24941,0,0,51177600,88612700,37435100,0,106,106,true,0
24942,0,0,51177600,88612700,37435100,0,96,96,true,0
24943,0,0,51177600,88617600,37440000,0,0,98,false,0
24944,0,0,51177600,88622500,37444900,0,0,98,false,0
24945,0,0,51177600,88627650,37450050,0,3,106,false,0
24946,0,0,51177600,88632800,37455200,0,11,114,false,0
24947,0,0,51177600,88637700,37460100,0,0,98,false,0
24948,0,0,51177600,88642000,37464400,0,0,86,false,0
24949,0,0,51177600,88646750,37469150,0,0,95,false,0
24950,0,0,51177600,88651800,37474200,0,0,101,false,0
24951,0,0,51177600,88656850,37479250,0,0,101,false,0
24952,0,0,51177600,88662000,37484400,0,2,105,false,0
24953,0,0,51177600,88667150,37489550,0,11,114,false,0
24954,0,0,51177600,88671600,37494000,0,0,89,false,0
24955,0,0,51177600,88676750,37499150,0,17,120,false,0
24956,0,0,51177600,88681900,37504300,0,14,117,false,0
24957,0,0,51177600,88686800,37509200,0,0,98,false,0
24958,0,0,51177600,88691850,37514250,0,0,101,false,0
24959,0,0,51177600,88696900,37519300,0,0,101,false,0
24960,0,0,51284220,88702050,37417830,0,0,103,false,0
24961,0,0,51284220,88707200,37422980,0,6,109,false,0
24962,0,0,51284220,88712350,37428130,0,5,108,false,0
24963,0,0,51284220,88717500,37433280,0,0,103,false,0
24964,0,0,51284220,88721250,37437030,0,0,75,false,0
24965,0,0,51284220,88726400,37442180,0,1,104,false,0
24966,0,0,51284220,88730300,37446080,0,0,78,false,0
24967,0,0,51284220,88734800,37450580,0,0,90,false,0
24968,0,0,51284220,88739250,37455030,0,0,89,false,0
24969,0,0,51284220,88743800,37459580,0,0,91,false,0
24970,0,0,51284220,88748300,37464080,0,0,90,false,0
24971,0,0,51284220,88753450,37469230,0,6,109,false,0
24972,0,0,51284220,88758600,37474380,0,4,107,false,0
24973,0,0,51284220,88763750,37479530,0,2,105,false,0
24974,0,0,51284220,88768650,37484430,0,0,98,false,0
24975,0,0,51284220,88773400,37489180,0,0,95,false,0
24976,0,0,51284220,88778400,37494180,0,0,100,false,0
24977,0,0,51284220,88783550,37499330,0,0,103,false,0
24978,0,0,51284220,88788300,37504080,0,0,95,false,0
24979,0,0,51284220,88788300,37504080,0,90,90,true,0
24980,0,0,51284220,88793100,37508880,0,0,96,false,0
24981,0,0,51284220,88797900,37513680,0,0,96,false,0
24982,0,0,51284220,88803050,37518830,0,0,103,false,0
24983,0,0,51284220,88808200,37523980,0,4,107,false,0
24984,0,0,51284220,88813300,37529080,0,0,102,false,0
24985,0,0,51284220,88813300,37529080,0,98,98,true,0
24986,0,0,51284220,88813300,37529080,0,101,101,true,0
24987,0,0,51284220,88813300,37529080,0,104,104,true,0
24988,0,0,51284220,88813300,37529080,0,97,97,true,0
24989,0,0,51284220,88813300,37529080,0,113,113,true,0
24990,0,0,51284220,88813300,37529080,0,89,89,true,0
24991,0,0,51284220,88813300,37529080,0,103,103,true,0
24992,0,0,51284220,88818200,37533980,0,0,98,false,0
24993,0,0,51284220,88822600,37538380,0,0,88,false,0
24994,0,0,51284220,88827500,37543280,0,0,98,false,0
24995,0,0,51284220,88832400,37548180,0,0,98,false,0
24996,0,0,51284220,88832400,37548180,0,93,93,true,0
24997,0,0,51284220,88832400,37548180,0,108,108,true,0
24998,0,0,51284220,88837550,37553330,0,0,103,false,0
24999,0,0,51284220,88842700,37558480,0,2,105,false,0
25000,0,0,51284220,88846900,37562680,0,0,84,false,0
25001,0,0,51284220,88846900,37562680,0,96,96,true,0
25002,0,0,51284220,88852050,37567830,0,0,103,false,0
25003,0,0,51284220,88857200,37572980,0,0,103,false,0
25004,0,0,51284220,88862350,37578130,0,3,106,false,0
25005,0,0,51284220,88867500,37583280,0,4,107,false,0
25006,0,0,51284220,88872150,37587930,0,0,93,false,0
25007,0,0,51284220,88876800,37592580,0,0,93,false,0
25008,0,0,51284220,88881600,37597380,0,0,96,false,0
25009,0,0,51284220,88886700,37602480,0,0,102,false,0
25010,0,0,51284220,88891350,37607130,0,0,93,false,0
25011,0,0,51284220,88896500,37612280,0,11,114,false,0
25012,0,0,51390840,88896500,37505660,0,120,120,true,0
25013,0,0,51390840,88896500,37505660,0,91,91,true,0
25014,0,0,51390840,88896500,37505660,0,101,101,true,0
25015,0,0,51390840,88896500,37505660,0,107,107,true,0
25016,0,0,51390840,88896500,37505660,0,91,91,true,0
25017,0,0,51390840,88896500,37505660,0,102,102,true,0
25018,0,0,51390840,88896500,37505660,0,108,108,true,0
25019,0,0,51390840,88896500,37505660,0,89,89,true,0
25020,0,0,51390840,88901650,37510810,0,3,106,false,0
25021,0,0,51390840,88906800,37515960,0,1,104,false,0
25022,0,0,51390840,88906800,37515960,0,104,104,true,0
25023,0,0,51390840,88911950,37521110,0,10,113,false,0
25024,0,0,51390840,88917100,37526260,0,1,104,false,0
25025,0,0,51390840,88921850,37531010,0,0,95,false,0
25026,0,0,51390840,88921850,37531010,0,114,114,true,0
25027,0,0,51390840,88927000,37536160,0,1,104,false,0
25028,0,0,51390840,88932150,37541310,0,7,110,false,0
25029,0,0,51390840,88937150,37546310,0,0,100,false,0
25030,0,0,51390840,88942100,37551260,0,0,99,false,0
25031,0,0,51390840,88947150,37556310,0,0,101,false,0
25032,0,0,51390840,88952150,37561310,0,0,100,false,0
25033,0,0,51390840,88957250,37566410,0,0,102,false,0
25034,0,0,51390840,88962000,37571160,0,0,95,false,0
25035,0,0,51390840,88967050,37576210,0,0,101,false,0
25036,0,0,51390840,88971400,37580560,0,0,87,false,0
25037,0,0,51390840,88976500,37585660,0,0,102,false,0
25038,0,0,51390840,88981650,37590810,0,12,115,false,0
25039,0,0,51390840,88986800,37595960,0,3,106,false,0
25040,0,0,51390840,88991900,37601060,0,0,102,false,0
25041,0,0,51390840,88991900,37601060,0,116,116,true,0
25042,0,0,51390840,88991900,37601060,0,106,106,true,0
25043,0,0,51390840,88991900,37601060,0,97,97,true,0
25044,0,0,51390840,88991900,37601060,0,98,98,true,0
25045,0,0,51390840,88996750,37605910,0,0,97,false,0
25046,0,0,51390840,89001350,37610510,0,0,92,false,0
25047,0,0,51390840,89006500,37615660,0,1,104,false,0
25048,0,0,51390840,89010850,37620010,0,0,87,false,0
25049,0,0,51390840,89016000,37625160,0,4,107,false,0
25050,0,0,51390840,89021050,37630210,0,0,101,false,0
25051,0,0,51390840,89026200,37635360,0,5,108,false,0
25052,0,0,51390840,89031350,37640510,0,2,105,false,0
25053,0,0,51390840,89036500,37645660,0,1,104,false,0
25054,0,0,51390840,89040800,37649960,0,0,86,false,0
25055,0,0,51390840,89044850,37654010,0,0,81,false,0
25056,0,0,51390840,89044850,37654010,0,101,101,true,0
25057,0,0,51390840,89050000,37659160,0,11,114,false,0
25058,0,0,51390840,89055150,37664310,0,2,105,false,0
25059,0,0,51390840,89059900,37669060,0,0,95,false,0
25060,0,0,51390840,89065050,37674210,0,1,104,false,0
25061,0,0,51390840,89070150,37679310,0,0,102,false,0
25062,0,0,51390840,89075300,37684460,0,1,104,false,0
25063,0,0,51390840,89080350,37689510,0,0,101,false,0
25064,0,0,51497460,89080350,37582890,0,117,117,true,0
25065,0,0,51497460,89080350,37582890,0,96,96,true,0
25066,0,0,51497460,89080350,37582890,0,118,118,true,0
25067,0,0,51497460,89085500,37588040,0,1,104,false,0
25068,0,0,51497460,89089350,37591890,0,0,77,false,0
25069,0,0,51497460,89094450,37596990,0,0,102,false,0
25070,0,0,51497460,89099400,37601940,0,0,99,false,0
25071,0,0,51497460,89104050,37606590,0,0,93,false,0
25072,0,0,51497460,89109200,37611740,0,12,115,false,0
25073,0,0,51497460,89114350,37616890,0,4,107,false,0
25074,0,0,51497460,89114350,37616890,0,109,109,true,0
25075,0,0,51497460,89119500,37622040,0,5,108,false,0
25076,0,0,51497460,89124100,37626640,0,0,92,false,0
25077,0,0,51497460,89129250,37631790,0,13,116,false,0
25078,0,0,51497460,89134400,37636940,0,3,106,false,0
25079,0,0,51497460,89134400,37636940,0,95,95,true,0
25080,0,0,51497460,89134400,37636940,0,78,78,true,0
25081,0,0,51497460,89134400,37636940,0,81,81,true,0
25082,0,0,51497460,89139150,37641690,0,0,95,false,0
25083,0,0,51497460,89143350,37645890,0,0,84,false,0
25084,0,0,51497460,89148500,37651040,0,5,108,false,0
25085,0,0,51497460,89153050,37655590,0,0,91,false,0
25086,0,0,51497460,89158200,37660740,0,0,103,false,0
25087,0,0,51497460,89158200,37660740,0,121,121,true,0
25088,0,0,51497460,89158200,37660740,0,111,111,true,0
25089,0,0,51497460,89158200,37660740,0,99,99,true,0
25090,0,0,51497460,89158200,37660740,0,115,115,true,0
25091,0,0,51497460,89163350,37665890,0,2,105,false,0
25092,0,0,51497460,89168350,37670890,0,0,100,false,0
25093,0,0,51497460,89173400,37675940,0,0,101,false,0
25094,0,0,51497460,89178550,37681090,0,3,106,false,0
25095,0,0,51497460,89183700,37686240,0,11,114,false,0
25096,0,0,51497460,89188800,37691340,0,0,102,false,0
25097,0,0,51497460,89193700,37696240,0,0,98,false,0
25098,0,0,51497460,89198850,37701390,0,10,113,false,0
25099,0,0,51497460,89203650,37706190,0,0,96,false,0
25100,0,0,51497460,89203650,37706190,0,94,94,true,0
25101,0,0,51497460,89203650,37706190,0,103,103,true,0
25102,0,0,51497460,89203650,37706190,0,99,99,true,0
25103,0,0,51497460,89203650,37706190,0,119,119,true,0
25104,0,0,51497460,89208800,37711340,0,1,104,false,0
25105,0,0,51497460,89213950,37716490,0,15,118,false,0
25106,0,0,51497460,89218850,37721390,0,0,98,false,0
25107,0,0,51497460,89223850,37726390,0,0,100,false,0
25108,0,0,51497460,89228500,37731040,0,0,93,false,0
25109,0,0,51497460,89233650,37736190,0,4,107,false,0
25110,0,0,51497460,89237850,37740390,0,0,84,false,0
25111,0,0,51497460,89243000,37745540,0,21,124,false,0
25112,0,0,51497460,89248150,37750690,0,8,111,false,0
25113,0,0,51497460,89253150,37755690,0,0,100,false,0
25114,0,0,51497460,89258250,37760790,0,0,102,false,0
25115,0,0,51497460,89262600,37765140,0,0,87,false,0
25116,0,0,51604080,89267750,37663670,0,2,105,false,0
25117,0,0,51604080,89272250,37668170,0,0,90,false,0
25118,0,0,51604080,89277150,37673070,0,0,98,false,0
25119,0,0,51604080,89281350,37677270,0,0,84,false,0
25120,0,0,51604080,89286500,37682420,0,5,108,false,0
25121,0,0,51604080,89291050,37686970,0,0,91,false,0
25122,0,0,51604080,89295650,37691570,0,0,92,false,0
25123,0,0,51604080,89300800,37696720,0,0,103,false,0
25124,0,0,51604080,89305300,37701220,0,0,90,false,0
25125,0,0,51604080,89310150,37706070,0,0,97,false,0
25126,0,0,51604080,89314400,37710320,0,0,85,false,0
25127,0,0,51604080,89318700,37714620,0,0,86,false,0
25128,0,0,51604080,89318700,37714620,0,111,111,true,0
25129,0,0,51604080,89318700,37714620,0,89,89,true,0
25130,0,0,51604080,89318700,37714620,0,99,99,true,0
25131,0,0,51604080,89323750,37719670,0,0,101,false,0
25132,0,0,51604080,89328900,37724820,0,3,106,false,0
25133,0,0,51604080,89334050,37729970,0,6,109,false,0
25134,0,0,51604080,89338750,37734670,0,0,94,false,0
25135,0,0,51604080,89343700,37739620,0,0,99,false,0
25136,0,0,51604080,89348400,37744320,0,0,94,false,0
25137,0,0,51604080,89353100,37749020,0,0,94,false,0
25138,0,0,51604080,89357800,37753720,0,0,94,false,0
25139,0,0,51604080,89362950,37758870,0,6,109,false,0
25140,0,0,51604080,89362950,37758870,0,106,106,true,0
25141,0,0,51604080,89362950,37758870,0,106,106,true,0
25142,0,0,51604080,89367700,37763620,0,0,95,false,0
25143,0,0,51604080,89372850,37768770,0,4,107,false,0
25144,0,0,51604080,89377850,37773770,0,0,100,false,0
25145,0,0,51604080,89382850,37778770,0,0,100,false,0
25146,0,0,51604080,89387900,37783820,0,0,101,false,0
25147,0,0,51604080,89393050,37788970,0,11,114,false,0
25148,0,0,51604080,89397000,37792920,0,0,79,false,0
25149,0,0,51604080,89402000,37797920,0,0,100,false,0
25150,0,0,51604080,89407150,37803070,0,2,105,false,0
25151,0,0,51604080,89411200,37807120,0,0,81,false,0
25152,0,0,51604080,89416150,37812070,0,0,99,false,0
25153,0,0,51604080,89421300,37817220,0,4,107,false,0
25154,0,0,51604080,89426450,37822370,0,15,118,false,0
25155,0,0,51604080,89426450,37822370,0,94,94,true,0
25156,0,0,51604080,89426450,37822370,0,106,106,true,0
25157,0,0,51604080,89426450,37822370,0,121,121,true,0
25158,0,0,51604080,89426450,37822370,0,95,95,true,0
25159,0,0,51604080,89426450,37822370,0,104,104,true,0
25160,0,0,51604080,89431050,37826970,0,0,92,false,0
25161,0,0,51604080,89436200,37832120,0,3,106,false,0
25162,0,0,51604080,89440900,37836820,0,0,94,false,0
25163,0,0,51604080,89445500,37841420,0,0,92,false,0
25164,0,0,51604080,89450350,37846270,0,0,97,false,0
25165,0,0,51604080,89454600,37850520,0,0,85,false,0
25166,0,0,51604080,89459200,37855120,0,0,92,false,0
25167,0,0,51604080,89464350,37860270,0,19,122,false,0
25168,0,0,51710700,89469500,37758800,0,4,107,false,0
25169,0,0,51710700,89469500,37758800,0,103,103,true,0
25170,0,0,51710700,89469500,37758800,0,106,106,true,0
25171,0,0,51710700,89469500,37758800,0,88,88,true,0
25172,0,0,51710700,89469500,37758800,0,90,90,true,0
25173,0,0,51710700,89474300,37763600,0,0,96,false,0
25174,0,0,51710700,89478350,37767650,0,0,81,false,0
25175,0,0,51710700,89483500,37772800,0,11,114,false,0
25176,0,0,51710700,89488500,37777800,0,0,100,false,0
25177,0,0,51710700,89493650,37782950,0,5,108,false,0
25178,0,0,51710700,89498450,37787750,0,0,96,false,0
25179,0,0,51710700,89503600,37792900,0,1,104,false,0
25180,0,0,51710700,89508350,37797650,0,0,95,false,0
25181,0,0,51710700,89513500,37802800,0,1,104,false,0
25182,0,0,51710700,89518400,37807700,0,0,98,false,0
25183,0,0,51710700,89523550,37812850,0,5,108,false,0
25184,0,0,51710700,89527550,37816850,0,0,80,false,0
25185,0,0,51710700,89532250,37821550,0,0,94,false,0
25186,0,0,51710700,89532250,37821550,0,94,94,true,0
25187,0,0,51710700,89537300,37826600,0,0,101,false,0
25188,0,0,51710700,89542450,37831750,0,8,111,false,0
25189,0,0,51710700,89547600,37836900,0,12,115,false,0
25190,0,0,51710700,89552400,37841700,0,0,96,false,0
25191,0,0,51710700,89557550,37846850,0,13,116,false,0
25192,0,0,51710700,89557550,37846850,0,85,85,true,0
25193,0,0,51710700,89557550,37846850,0,93,93,true,0
25194,0,0,51710700,89562300,37851600,0,0,95,false,0
25195,0,0,51710700,89567450,37856750,0,9,112,false,0
25196,0,0,51710700,89572150,37861450,0,0,94,false,0
25197,0,0,51710700,89572150,37861450,0,87,87,true,0
25198,0,0,51710700,89577300,37866600,0,4,107,false,0
25199,0,0,51710700,89582350,37871650,0,0,101,false,0
25200,0,0,51710700,89586550,37875850,0,0,84,false,0
25201,0,0,51710700,89591700,37881000,0,5,108,false,0
25202,0,0,51710700,89595600,37884900,0,0,78,false,0
25203,0,0,51710700,89595600,37884900,0,96,96,true,0
25204,0,0,51710700,89595600,37884900,0,90,90,true,0
25205,0,0,51710700,89595600,37884900,0,123,123,true,0
25206,0,0,51710700,89600750,37890050,0,6,109,false,0
25207,0,0,51710700,89605450,37894750,0,0,94,false,0
25208,0,0,51710700,89610600,37899900,0,2,105,false,0
25209,0,0,51710700,89614800,37904100,0,0,84,false,0
25210,0,0,51710700,89614800,37904100,0,119,119,true,0
25211,0,0,51710700,89614800,37904100,0,103,103,true,0
25212,0,0,51710700,89619950,37909250,0,0,103,false,0
25213,0,0,51710700,89624700,37914000,0,0,95,false,0
25214,0,0,51710700,89629850,37919150,0,4,107,false,0
25215,0,0,51710700,89629850,37919150,0,97,97,true,0
25216,0,0,51710700,89634200,37923500,0,0,87,false,0
25217,0,0,51710700,89638500,37927800,0,0,86,false,0
25218,0,0,51710700,89642500,37931800,0,0,80,false,0
25219,0,0,51710700,89642500,37931800,0,115,115,true,0
25220,0,0,51817320,89647100,37829780,0,0,92,false,0
25221,0,0,51817320,89652250,37834930,0,7,110,false,0
25222,0,0,51817320,89657400,37840080,0,0,103,false,0
25223,0,0,51817320,89661700,37844380,0,0,86,false,0
25224,0,0,51817320,89666200,37848880,0,0,90,false,0
25225,0,0,51817320,89671250,37853930,0,0,101,false,0
25226,0,0,51817320,89676400,37859080,0,7,110,false,0
25227,0,0,51817320,89681500,37864180,0,0,102,false,0
25228,0,0,51817320,89686650,37869330,0,0,103,false,0
25229,0,0,51817320,89691450,37874130,0,0,96,false,0
25230,0,0,51817320,89696600,37879280,0,0,103,false,0
25231,0,0,51817320,89701750,37884430,0,17,120,false,0
25232,0,0,51817320,89706200,37888880,0,0,89,false,0
25233,0,0,51817320,89711350,37894030,0,8,111,false,0
25234,0,0,51817320,89716500,37899180,0,0,103,false,0
25235,0,0,51817320,89720750,37903430,0,0,85,false,0
25236,0,0,51817320,89725900,37908580,0,3,106,false,0
25237,0,0,51817320,89729950,37912630,0,0,81,false,0
25238,0,0,51817320,89735100,37917780,0,6,109,false,0
25239,0,0,51817320,89740250,37922930,0,4,107,false,0
25240,0,0,51817320,89745000,37927680,0,0,95,false,0
25241,0,0,51817320,89749300,37931980,0,0,86,false,0
25242,0,0,51817320,89754450,37937130,0,2,105,false,0
25243,0,0,51817320,89759600,37942280,0,5,108,false,0
25244,0,0,51817320,89764750,37947430,0,2,105,false,0
25245,0,0,51817320,89769900,37952580,0,4,107,false,0
25246,0,0,51817320,89774800,37957480,0,0,98,false,0
25247,0,0,51817320,89778200,37960880,0,0,68,false,0
25248,0,0,51817320,89783350,37966030,0,2,105,false,0
25249,0,0,51817320,89788400,37971080,0,0,101,false,0
25250,0,0,51817320,89792350,37975030,0,0,79,false,0
25251,0,0,51817320,89797500,37980180,0,7,110,false,0
25252,0,0,51817320,89802650,37985330,0,1,104,false,0
25253,0,0,51817320,89802650,37985330,0,87,87,true,0
25254,0,0,51817320,89807800,37990480,0,3,106,false,0
25255,0,0,51817320,89812900,37995580,0,0,102,false,0
25256,0,0,51817320,89818000,38000680,0,0,102,false,0
25257,0,0,51817320,89822750,38005430,0,0,95,false,0
25258,0,0,51817320,89827900,38010580,0,0,103,false,0
25259,0,0,51817320,89832650,38015330,0,0,95,false,0
25260,0,0,51817320,89837650,38020330,0,0,100,false,0
25261,0,0,51817320,89842800,38025480,0,6,109,false,0
25262,0,0,51817320,89847050,38029730,0,0,85,false,0
25263,0,0,51817320,89852200,38034880,0,4,107,false,0
25264,0,0,51817320,89857000,38039680,0,0,96,false,0
25265,0,0,51817320,89861850,38044530,0,0,97,false,0
25266,0,0,51817320,89861850,38044530,0,104,104,true,0
25267,0,0,51817320,89861850,38044530,0,95,95,true,0
25268,0,0,51817320,89861850,38044530,0,101,101,true,0
25269,0,0,51817320,89867000,38049680,0,10,113,false,0
25270,0,0,51817320,89872150,38054830,0,7,110,false,0
25271,0,0,51817320,89876550,38059230,0,0,88,false,0
25272,0,0,51923940,89881250,37957310,0,0,94,false,0
25273,0,0,51923940,89885500,37961560,0,0,85,false,0
25274,0,0,51923940,89890650,37966710,0,3,106,false,0
25275,0,0,51923940,89895800,37971860,0,3,106,false,0
25276,0,0,51923940,89900550,37976610,0,0,95,false,0
25277,0,0,51923940,89904650,37980710,0,0,82,false,0
25278,0,0,51923940,89909800,37985860,0,11,114,false,0
25279,0,0,51923940,89914400,37990460,0,0,92,false,0
25280,0,0,51923940,89919150,37995210,0,0,95,false,0
25281,0,0,51923940,89923850,37999910,0,0,94,false,0
25282,0,0,51923940,89923850,37999910,0,92,92,true,0
25283,0,0,51923940,89923850,37999910,0,104,104,true,0
25284,0,0,51923940,89923850,37999910,0,86,86,true,0
25285,0,0,51923940,89923850,37999910,0,103,103,true,0
25286,0,0,51923940,89928600,38004660,0,0,95,false,0
25287,0,0,51923940,89932700,38008760,0,0,82,false,0
25288,0,0,51923940,89937850,38013910,0,6,109,false,0
25289,0,0,51923940,89942500,38018560,0,0,93,false,0
25290,0,0,51923940,89946700,38022760,0,0,84,false,0
25291,0,0,51923940,89951350,38027410,0,0,93,false,0
25292,0,0,51923940,89956500,38032560,0,4,107,false,0
25293,0,0,51923940,89960950,38037010,0,0,89,false,0
25294,0,0,51923940,89960950,38037010,0,93,93,true,0
25295,0,0,51923940,89960950,38037010,0,78,78,true,0
25296,0,0,51923940,89965450,38041510,0,0,90,false,0
25297,0,0,51923940,89969900,38045960,0,0,89,false,0
25298,0,0,51923940,89974800,38050860,0,0,98,false,0
25299,0,0,51923940,89979050,38055110,0,0,85,false,0
25300,0,0,51923940,89979050,38055110,0,89,89,true,0
25301,0,0,51923940,89983850,38059910,0,0,96,false,0
25302,0,0,51923940,89988800,38064860,0,0,99,false,0
25303,0,0,51923940,89988800,38064860,0,93,93,true,0
25304,0,0,51923940,89993850,38069910,0,0,101,false,0
25305,0,0,51923940,89999000,38075060,0,26,129,false,0
25306,0,0,51923940,90004150,38080210,0,17,120,false,0
25307,0,0,51923940,90008650,38084710,0,0,90,false,0
25308,0,0,51923940,90013550,38089610,0,0,98,false,0
25309,0,0,51923940,90018550,38094610,0,0,100,false,0
25310,0,0,51923940,90023050,38099110,0,0,90,false,0
25311,0,0,51923940,90023050,38099110,0,99,99,true,0
25312,0,0,51923940,90023050,38099110,0,89,89,true,0
25313,0,0,51923940,90023050,38099110,0,104,104,true,0
25314,0,0,51923940,90027700,38103760,0,0,93,false,0
25315,0,0,51923940,90032850,38108910,0,2,105,false,0
25316,0,0,51923940,90037350,38113410,0,0,90,false,0
25317,0,0,51923940,90037350,38113410,0,91,91,true,0
25318,0,0,51923940,90041500,38117560,0,0,83,false,0
25319,0,0,51923940,90046650,38122710,0,1,104,false,0
25320,0,0,51923940,90051800,38127860,0,4,107,false,0
25321,0,0,51923940,90056950,38133010,0,22,125,false,0
25322,0,0,51923940,90062100,38138160,0,6,109,false,0
25323,0,0,51923940,90066400,38142460,0,0,86,false,0
25324,0,0,52030560,90070850,38040290,0,0,89,false,0
25325,0,0,52030560,90075650,38045090,0,0,96,false,0
25326,0,0,52030560,90080150,38049590,0,0,90,false,0
25327,0,0,52030560,90084750,38054190,0,0,92,false,0
25328,0,0,52030560,90089400,38058840,0,0,93,false,0
25329,0,0,52030560,90089400,38058840,0,69,69,true,0
25330,0,0,52030560,90089400,38058840,0,107,107,true,0
25331,0,0,52030560,90094500,38063940,0,0,102,false,0
25332,0,0,52030560,90099650,38069090,0,13,116,false,0
25333,0,0,52030560,90104600,38074040,0,0,99,false,0
25334,0,0,52030560,90109750,38079190,0,6,109,false,0
25335,0,0,52030560,90114250,38083690,0,0,90,false,0
25336,0,0,52030560,90119400,38088840,0,0,103,false,0
25337,0,0,52030560,90124550,38093990,0,15,118,false,0
25338,0,0,52030560,90129700,38099140,0,1,104,false,0
25339,0,0,52030560,90129700,38099140,0,93,93,true,0
25340,0,0,52030560,90129700,38099140,0,99,99,true,0
25341,0,0,52030560,90129700,38099140,0,107,107,true,0
25342,0,0,52030560,90134850,38104290,0,6,109,false,0
25343,0,0,52030560,90140000,38109440,0,11,114,false,0
25344,0,0,52030560,90140000,38109440,0,99,99,true,0
25345,0,0,52030560,90145100,38114540,0,0,102,false,0
25346,0,0,52030560,90150000,38119440,0,0,98,false,0
25347,0,0,52030560,90155150,38124590,0,14,117,false,0
25348,0,0,52030560,90159450,38128890,0,0,86,false,0
25349,0,0,52030560,90159450,38128890,0,84,84,true,0
25350,0,0,52030560,90159450,38128890,0,95,95,true,0
25351,0,0,52030560,90159450,38128890,0,108,108,true,0
25352,0,0,52030560,90159450,38128890,0,82,82,true,0
25353,0,0,52030560,90164600,38134040,0,4,107,false,0
25354,0,0,52030560,90168700,38138140,0,0,82,false,0
25355,0,0,52030560,90173850,38143290,0,3,106,false,0
25356,0,0,52030560,90173850,38143290,0,87,87,true,0
25357,0,0,52030560,90178350,38147790,0,0,90,false,0
25358,0,0,52030560,90182900,38152340,0,0,91,false,0
25359,0,0,52030560,90188050,38157490,0,18,121,false,0
25360,0,0,52030560,90193150,38162590,0,0,102,false,0
25361,0,0,52030560,90197550,38166990,0,0,88,false,0
25362,0,0,52030560,90197550,38166990,0,94,94,true,0
25363,0,0,52030560,90197550,38166990,0,109,109,true,0
25364,0,0,52030560,90197550,38166990,0,105,105,true,0
25365,0,0,52030560,90202700,38172140,0,2,105,false,0
25366,0,0,52030560,90207850,38177290,0,6,109,false,0
25367,0,0,52030560,90213000,38182440,0,6,109,false,0
25368,0,0,52030560,90218150,38187590,0,7,110,false,0
25369,0,0,52030560,90223300,38192740,0,7,110,false,0
25370,0,0,52030560,90223300,38192740,0,91,91,true,0
25371,0,0,52030560,90228450,38197890,0,11,114,false,0
25372,0,0,52030560,90233000,38202440,0,0,91,false,0
25373,0,0,52030560,90237850,38207290,0,0,97,false,0
25374,0,0,52030560,90243000,38212440,0,6,109,false,0
25375,0,0,52030560,90247600,38217040,0,0,92,false,0
25376,0,0,52137180,90252400,38115220,0,0,96,false,0
25377,0,0,52137180,90257550,38120370,0,4,107,false,0
25378,0,0,52137180,90262450,38125270,0,0,98,false,0
25379,0,0,52137180,90267600,38130420,0,2,105,false,0
25380,0,0,52137180,90272550,38135370,0,0,99,false,0
25381,0,0,52137180,90277550,38140370,0,0,100,false,0
25382,0,0,52137180,90282400,38145220,0,0,97,false,0
25383,0,0,52137180,90287050,38149870,0,0,93,false,0
25384,0,0,52137180,90287050,38149870,0,114,114,true,0
25385,0,0,52137180,90287050,38149870,0,91,91,true,0
25386,0,0,52137180,90291400,38154220,0,0,87,false,0
25387,0,0,52137180,90296350,38159170,0,0,99,false,0
25388,0,0,52137180,90301000,38163820,0,0,93,false,0
25389,0,0,52137180,90306100,38168920,0,0,102,false,0
25390,0,0,52137180,90310900,38173720,0,0,96,false,0
25391,0,0,52137180,90310900,38173720,0,112,112,true,0
25392,0,0,52137180,90315600,38178420,0,0,94,false,0
25393,0,0,52137180,90320700,38183520,0,0,102,false,0
25394,0,0,52137180,90324900,38187720,0,0,84,false,0
25395,0,0,52137180,90329450,38192270,0,0,91,false,0
25396,0,0,52137180,90334450,38197270,0,0,100,false,0
25397,0,0,52137180,90338900,38201720,0,0,89,false,0
25398,0,0,52137180,90344050,38206870,0,19,122,false,0
25399,0,0,52137180,90348450,38211270,0,0,88,false,0
25400,0,0,52137180,90353600,38216420,0,1,104,false,0
25401,0,0,52137180,90358750,38221570,0,1,104,false,0
25402,0,0,52137180,90363900,38226720,0,9,112,false,0
25403,0,0,52137180,90369050,38231870,0,7,110,false,0
25404,0,0,52137180,90374000,38236820,0,0,99,false,0
25405,0,0,52137180,90377850,38240670,0,0,77,false,0
25406,0,0,52137180,90383000,38245820,0,2,105,false,0
25407,0,0,52137180,90387300,38250120,0,0,86,false,0
25408,0,0,52137180,90391800,38254620,0,0,90,false,0
25409,0,0,52137180,90396950,38259770,0,4,107,false,0
25410,0,0,52137180,90401900,38264720,0,0,99,false,0
25411,0,0,52137180,90406550,38269370,0,0,93,false,0
25412,0,0,52137180,90411700,38274520,0,3,106,false,0
25413,0,0,52137180,90416850,38279670,0,6,109,false,0
25414,0,0,52137180,90416850,38279670,0,114,114,true,0
25415,0,0,52137180,90416850,38279670,0,103,103,true,0
25416,0,0,52137180,90416850,38279670,0,112,112,true,0
25417,0,0,52137180,90416850,38279670,0,103,103,true,0
25418,0,0,52137180,90416850,38279670,0,98,98,true,0
25419,0,0,52137180,90416850,38279670,0,105,105,true,0
25420,0,0,52137180,90421650,38284470,0,0,96,false,0
25421,0,0,52137180,90426800,38289620,0,5,108,false,0
25422,0,0,52137180,90431800,38294620,0,0,100,false,0
25423,0,0,52137180,90431800,38294620,0,106,106,true,0
25424,0,0,52137180,90436900,38299720,0,0,102,false,0
25425,0,0,52137180,90442050,38304870,0,1,104,false,0
25426,0,0,52137180,90447200,38310020,0,1,104,false,0
25427,0,0,52137180,90452350,38315170,0,0,103,false,0
25428,0,0,52243800,90457400,38213600,0,0,101,false,0
25429,0,0,52243800,90462150,38218350,0,0,95,false,0
25430,0,0,52243800,90467250,38223450,0,0,102,false,0
25431,0,0,52243800,90471850,38228050,0,0,92,false,0
25432,0,0,52243800,90477000,38233200,0,6,109,false,0
25433,0,0,52243800,90482150,38238350,0,3,106,false,0
25434,0,0,52243800,90482150,38238350,0,118,118,true,0
25435,0,0,52243800,90482150,38238350,0,101,101,true,0
25436,0,0,52243800,90487000,38243200,0,0,97,false,0
25437,0,0,52243800,90492150,38248350,0,2,105,false,0
25438,0,0,52243800,90492150,38248350,0,105,105,true,0
25439,0,0,52243800,90492150,38248350,0,103,103,true,0
25440,0,0,52243800,90497300,38253500,0,11,114,false,0
25441,0,0,52243800,90502400,38258600,0,0,102,false,0
25442,0,0,52243800,90502400,38258600,0,100,100,true,0
25443,0,0,52243800,90502400,38258600,0,101,101,true,0
25444,0,0,52243800,90502400,38258600,0,108,108,true,0
25445,0,0,52243800,90502400,38258600,0,89,89,true,0
25446,0,0,52243800,90507400,38263600,0,0,100,false,0
25447,0,0,52243800,90512150,38268350,0,0,95,false,0
25448,0,0,52243800,90517300,38273500,0,4,107,false,0
25449,0,0,52243800,90521800,38278000,0,0,90,false,0
25450,0,0,52243800,90526650,38282850,0,0,97,false,0
25451,0,0,52243800,90531350,38287550,0,0,94,false,0
25452,0,0,52243800,90536350,38292550,0,0,100,false,0
25453,0,0,52243800,90541500,38297700,0,5,108,false,0
25454,0,0,52243800,90541500,38297700,0,85,85,true,0
25455,0,0,52243800,90541500,38297700,0,94,94,true,0
25456,0,0,52243800,90546650,38302850,0,5,108,false,0
25457,0,0,52243800,90551450,38307650,0,0,96,false,0
25458,0,0,52243800,90556300,38312500,0,0,97,false,0
25459,0,0,52243800,90561450,38317650,0,8,111,false,0
25460,0,0,52243800,90566300,38322500,0,0,97,false,0
25461,0,0,52243800,90571450,38327650,0,11,114,false,0
25462,0,0,52243800,90576600,38332800,0,4,107,false,0
25463,0,0,52243800,90580800,38337000,0,0,84,false,0
25464,0,0,52243800,90580800,38337000,0,105,105,true,0
25465,0,0,52243800,90580800,38337000,0,92,92,true,0
25466,0,0,52243800,90580800,38337000,0,106,106,true,0
25467,0,0,52243800,90580800,38337000,0,84,84,true,0
25468,0,0,52243800,90580800,38337000,0,116,116,true,0
25469,0,0,52243800,90580800,38337000,0,102,102,true,0
25470,0,0,52243800,90580800,38337000,0,99,99,true,0
25471,0,0,52243800,90585950,38342150,0,12,115,false,0
25472,0,0,52243800,90591100,38347300,0,9,112,false,0
25473,0,0,52243800,90596250,38352450,0,1,104,false,0
25474,0,0,52243800,90600750,38356950,0,0,90,false,0
25475,0,0,52243800,90605900,38362100,0,5,108,false,0
25476,0,0,52243800,90610400,38366600,0,0,90,false,0
25477,0,0,52243800,90615200,38371400,0,0,96,false,0
25478,0,0,52243800,90620350,38376550,0,1,104,false,0
25479,0,0,52243800,90625250,38381450,0,0,98,false,0
25480,0,0,52350420,90629600,38279180,0,0,87,false,0
25481,0,0,52350420,90634300,38283880,0,0,94,false,0
25482,0,0,52350420,90634300,38283880,0,92,92,true,0
25483,0,0,52350420,90634300,38283880,0,114,114,true,0
25484,0,0,52350420,90639400,38288980,0,0,102,false,0
25485,0,0,52350420,90644550,38294130,0,4,107,false,0
25486,0,0,52350420,90649600,38299180,0,0,101,false,0
25487,0,0,52350420,90649600,38299180,0,109,109,true,0
25488,0,0,52350420,90649600,38299180,0,82,82,true,0
25489,0,0,52350420,90649600,38299180,0,120,120,true,0
25490,0,0,52350420,90649600,38299180,0,94,94,true,0
25491,0,0,52350420,90649600,38299180,0,115,115,true,0
25492,0,0,52350420,90654150,38303730,0,0,91,false,0
25493,0,0,52350420,90658650,38308230,0,0,90,false,0
25494,0,0,52350420,90658650,38308230,0,93,93,true,0
25495,0,0,52350420,90658650,38308230,0,94,94,true,0
25496,0,0,52350420,90658650,38308230,0,104,104,true,0
25497,0,0,52350420,90663200,38312780,0,0,91,false,0
25498,0,0,52350420,90668350,38317930,0,4,107,false,0
25499,0,0,52350420,90668350,38317930,0,107,107,true,0
25500,0,0,52350420,90668350,38317930,0,106,106,true,0
25501,0,0,52350420,90668350,38317930,0,83,83,true,0
25502,0,0,52350420,90668350,38317930,0,90,90,true,0
25503,0,0,52350420,90668350,38317930,0,100,100,true,0
25504,0,0,52350420,90668350,38317930,0,90,90,true,0
25505,0,0,52350420,90673500,38323080,0,2,105,false,0
25506,0,0,52350420,90678650,38328230,0,4,107,false,0
25507,0,0,52350420,90682800,38332380,0,0,83,false,0
25508,0,0,52350420,90687850,38337430,0,0,101,false,0
25509,0,0,52350420,90692900,38342480,0,0,101,false,0
25510,0,0,52350420,90697500,38347080,0,0,92,false,0
25511,0,0,52350420,90702650,38352230,0,17,120,false,0
25512,0,0,52350420,90706700,38356280,0,0,81,false,0
25513,0,0,52350420,90711850,38361430,0,9,112,false,0
25514,0,0,52350420,90711850,38361430,0,94,94,true,0
25515,0,0,52350420,90711850,38361430,0,93,93,true,0
25516,0,0,52350420,90711850,38361430,0,84,84,true,0
25517,0,0,52350420,90711850,38361430,0,94,94,true,0
25518,0,0,52350420,90716200,38365780,0,0,87,false,0
25519,0,0,52350420,90720750,38370330,0,0,91,false,0
25520,0,0,52350420,90720750,38370330,0,90,90,true,0
25521,0,0,52350420,90720750,38370330,0,94,94,true,0
25522,0,0,52350420,90720750,38370330,0,93,93,true,0
25523,0,0,52350420,90720750,38370330,0,101,101,true,0
25524,0,0,52350420,90725400,38374980,0,0,93,false,0
25525,0,0,52350420,90730400,38379980,0,0,100,false,0
25526,0,0,52350420,90735550,38385130,0,1,104,false,0
25527,0,0,52350420,90740700,38390280,0,15,118,false,0
25528,0,0,52350420,90744650,38394230,0,0,79,false,0
25529,0,0,52350420,90749800,38399380,0,2,105,false,0
25530,0,0,52350420,90754750,38404330,0,0,99,false,0
25531,0,0,52350420,90759900,38409480,0,2,105,false,0
25532,0,0,52457040,90765050,38308010,0,10,113,false,0
25533,0,0,52457040,90769800,38312760,0,0,95,false,0
25534,0,0,52457040,90774850,38317810,0,0,101,false,0
25535,0,0,52457040,90780000,38322960,0,3,106,false,0
25536,0,0,52457040,90785150,38328110,0,4,107,false,0
25537,0,0,52457040,90785150,38328110,0,96,96,true,0
25538,0,0,52457040,90789700,38332660,0,0,91,false,0
25539,0,0,52457040,90794100,38337060,0,0,88,false,0
25540,0,0,52457040,90794100,38337060,0,87,87,true,0
25541,0,0,52457040,90794100,38337060,0,103,103,true,0
25542,0,0,52457040,90799200,38342160,0,0,102,false,0
25543,0,0,52457040,90803750,38346710,0,0,91,false,0
25544,0,0,52457040,90808200,38351160,0,0,89,false,0
25545,0,0,52457040,90812900,38355860,0,0,94,false,0
25546,0,0,52457040,90818000,38360960,0,0,102,false,0
25547,0,0,52457040,90823150,38366110,0,7,110,false,0
25548,0,0,52457040,90828300,38371260,0,1,104,false,0
25549,0,0,52457040,90833450,38376410,0,15,118,false,0
25550,0,0,52457040,90837950,38380910,0,0,90,false,0
25551,0,0,52457040,90843100,38386060,0,7,110,false,0
25552,0,0,52457040,90848250,38391210,0,3,106,false,0
25553,0,0,52457040,90853150,38396110,0,0,98,false,0
25554,0,0,52457040,90853150,38396110,0,103,103,true,0
25555,0,0,52457040,90858300,38401260,0,0,103,false,0
25556,0,0,52457040,90862900,38405860,0,0,92,false,0
25557,0,0,52457040,90868050,38411010,0,5,108,false,0
25558,0,0,52457040,90873200,38416160,0,0,103,false,0
25559,0,0,52457040,90877750,38420710,0,0,91,false,0
25560,0,0,52457040,90882900,38425860,0,14,117,false,0
25561,0,0,52457040,90887400,38430360,0,0,90,false,0
25562,0,0,52457040,90887400,38430360,0,104,104,true,0
25563,0,0,52457040,90887400,38430360,0,122,122,true,0
25564,0,0,52457040,90892000,38434960,0,0,92,false,0
25565,0,0,52457040,90896650,38439610,0,0,93,false,0
25566,0,0,52457040,90901800,38444760,0,5,108,false,0
25567,0,0,52457040,90905700,38448660,0,0,78,false,0
25568,0,0,52457040,90910450,38453410,0,0,95,false,0
25569,0,0,52457040,90915400,38458360,0,0,99,false,0
25570,0,0,52457040,90920250,38463210,0,0,97,false,0
25571,0,0,52457040,90925150,38468110,0,0,98,false,0
25572,0,0,52457040,90930250,38473210,0,0,102,false,0
25573,0,0,52457040,90935400,38478360,0,8,111,false,0
25574,0,0,52457040,90940550,38483510,0,10,113,false,0
25575,0,0,52457040,90945700,38488660,0,7,110,false,0
25576,0,0,52457040,90950850,38493810,0,3,106,false,0
25577,0,0,52457040,90955100,38498060,0,0,85,false,0
25578,0,0,52457040,90959600,38502560,0,0,90,false,0
25579,0,0,52457040,90964750,38507710,0,1,104,false,0
25580,0,0,52457040,90969600,38512560,0,0,97,false,0
25581,0,0,52457040,90969600,38512560,0,86,86,true,0
25582,0,0,52457040,90969600,38512560,0,95,95,true,0
25583,0,0,52457040,90969600,38512560,0,104,104,true,0
25584,0,0,52563660,90969600,38405940,0,99,99,true,0
25585,0,0,52563660,90974050,38410390,0,0,89,false,0
25586,0,0,52563660,90978850,38415190,0,0,96,false,0
25587,0,0,52563660,90984000,38420340,0,3,106,false,0
25588,0,0,52563660,90989150,38425490,0,0,103,false,0
25589,0,0,52563660,90993450,38429790,0,0,86,false,0
25590,0,0,52563660,90998550,38434890,0,0,102,false,0
25591,0,0,52563660,91003700,38440040,0,1,104,false,0
25592,0,0,52563660,91008450,38444790,0,0,95,false,0
25593,0,0,52563660,91013600,38449940,0,1,104,false,0
25594,0,0,52563660,91018750,38455090,0,18,121,false,0
25595,0,0,52563660,91023400,38459740,0,0,93,false,0
25596,0,0,52563660,91028550,38464890,0,3,106,false,0
25597,0,0,52563660,91033550,38469890,0,0,100,false,0
25598,0,0,52563660,91038350,38474690,0,0,96,false,0
25599,0,0,52563660,91043300,38479640,0,0,99,false,0
25600,0,0,52563660,91048050,38484390,0,0,95,false,0
25601,0,0,52563660,91052650,38488990,0,0,92,false,0
25602,0,0,52563660,91052650,38488990,0,85,85,true,0
25603,0,0,52563660,91052650,38488990,0,105,105,true,0
25604,0,0,52563660,91052650,38488990,0,105,105,true,0
25605,0,0,52563660,91057800,38494140,0,13,116,false,0
25606,0,0,52563660,91062650,38498990,0,0,97,false,0
25607,0,0,52563660,91067800,38504140,0,3,106,false,0
25608,0,0,52563660,91072550,38508890,0,0,95,false,0
25609,0,0,52563660,91077700,38514040,0,2,105,false,0
25610,0,0,52563660,91082550,38518890,0,0,97,false,0
25611,0,0,52563660,91087600,38523940,0,0,101,false,0
25612,0,0,52563660,91092750,38529090,0,8,111,false,0
25613,0,0,52563660,91092750,38529090,0,103,103,true,0
25614,0,0,52563660,91097650,38533990,0,0,98,false,0
25615,0,0,52563660,91102750,38539090,0,0,102,false,0
25616,0,0,52563660,91107900,38544240,0,22,125,false,0
25617,0,0,52563660,91112950,38549290,0,0,101,false,0
25618,0,0,52563660,91112950,38549290,0,100,100,true,0
25619,0,0,52563660,91117350,38553690,0,0,88,false,0
25620,0,0,52563660,91122500,38558840,0,1,104,false,0
25621,0,0,52563660,91127100,38563440,0,0,92,false,0
25622,0,0,52563660,91132050,38568390,0,0,99,false,0
25623,0,0,52563660,91132050,38568390,0,98,98,true,0
25624,0,0,52563660,91137200,38573540,0,2,105,false,0
25625,0,0,52563660,91142350,38578690,0,0,103,false,0
25626,0,0,52563660,91147500,38583840,0,0,103,false,0
25627,0,0,52563660,91147500,38583840,0,82,82,true,0
25628,0,0,52563660,91147500,38583840,0,93,93,true,0
25629,0,0,52563660,91147500,38583840,0,109,109,true,0
25630,0,0,52563660,91147500,38583840,0,101,101,true,0
25631,0,0,52563660,91152650,38588990,0,12,115,false,0
25632,0,0,52563660,91156950,38593290,0,0,86,false,0
25633,0,0,52563660,91156950,38593290,0,101,101,true,0
25634,0,0,52563660,91156950,38593290,0,101,101,true,0
25635,0,0,52563660,91156950,38593290,0,89,89,true,0
25636,0,0,52670280,91156950,38486670,0,100,100,true,0
25637,0,0,52670280,91156950,38486670,0,94,94,true,0
25638,0,0,52670280,91156950,38486670,0,115,115,true,0
25639,0,0,52670280,91156950,38486670,0,91,91,true,0
25640,0,0,52670280,91156950,38486670,0,123,123,true,0
25641,0,0,52670280,91156950,38486670,0,99,99,true,0
25642,0,0,52670280,91162000,38491720,0,0,101,false,0
25643,0,0,52670280,91166700,38496420,0,0,94,false,0
25644,0,0,52670280,91166700,38496420,0,105,105,true,0
25645,0,0,52670280,91170550,38500270,0,0,77,false,0
25646,0,0,52670280,91175550,38505270,0,0,100,false,0
25647,0,0,52670280,91180350,38510070,0,0,96,false,0
25648,0,0,52670280,91185500,38515220,0,13,116,false,0
25649,0,0,52670280,91185500,38515220,0,89,89,true,0
25650,0,0,52670280,91185500,38515220,0,92,92,true,0
25651,0,0,52670280,91185500,38515220,0,89,89,true,0
25652,0,0,52670280,91190650,38520370,0,11,114,false,0
25653,0,0,52670280,91195800,38525520,0,8,111,false,0
25654,0,0,52670280,91199900,38529620,0,0,82,false,0
25655,0,0,52670280,91205050,38534770,0,5,108,false,0
25656,0,0,52670280,91205050,38534770,0,97,97,true,0
25657,0,0,52670280,91210200,38539920,0,6,109,false,0
25658,0,0,52670280,91215350,38545070,0,13,116,false,0
25659,0,0,52670280,91220500,38550220,0,2,105,false,0
25660,0,0,52670280,91225500,38555220,0,0,100,false,0
25661,0,0,52670280,91229200,38558920,0,0,74,false,0
25662,0,0,52670280,91233550,38563270,0,0,87,false,0
25663,0,0,52670280,91233550,38563270,0,106,106,true,0
25664,0,0,52670280,91237550,38567270,0,0,80,false,0
25665,0,0,52670280,91242050,38571770,0,0,90,false,0
25666,0,0,52670280,91247000,38576720,0,0,99,false,0
25667,0,0,52670280,91252150,38581870,0,1,104,false,0
25668,0,0,52670280,91257300,38587020,0,10,113,false,0
25669,0,0,52670280,91261850,38591570,0,0,91,false,0
25670,0,0,52670280,91267000,38596720,0,3,106,false,0
25671,0,0,52670280,91271500,38601220,0,0,90,false,0
25672,0,0,52670280,91276500,38606220,0,0,100,false,0
25673,0,0,52670280,91280950,38610670,0,0,89,false,0
25674,0,0,52670280,91280950,38610670,0,99,99,true,0
25675,0,0,52670280,91280950,38610670,0,91,91,true,0
25676,0,0,52670280,91280950,38610670,0,107,107,true,0
25677,0,0,52670280,91286100,38615820,0,1,104,false,0
25678,0,0,52670280,91290900,38620620,0,0,96,false,0
25679,0,0,52670280,91295050,38624770,0,0,83,false,0
25680,0,0,52670280,91299900,38629620,0,0,97,false,0
25681,0,0,52670280,91305050,38634770,0,18,121,false,0
25682,0,0,52670280,91310200,38639920,0,16,119,false,0
25683,0,0,52670280,91314550,38644270,0,0,87,false,0
25684,0,0,52670280,91314550,38644270,0,104,104,true,0
25685,0,0,52670280,91319550,38649270,0,0,100,false,0
25686,0,0,52670280,91324150,38653870,0,0,92,false,0
25687,0,0,52670280,91329000,38658720,0,0,97,false,0
25688,0,0,52776900,91334150,38557250,0,8,111,false,0
25689,0,0,52776900,91339300,38562400,0,1,104,false,0
25690,0,0,52776900,91344450,38567550,0,3,106,false,0
25691,0,0,52776900,91349600,38572700,0,8,111,false,0
25692,0,0,52776900,91354650,38577750,0,0,101,false,0
25693,0,0,52776900,91359100,38582200,0,0,89,false,0
25694,0,0,52776900,91364000,38587100,0,0,98,false,0
25695,0,0,52776900,91369150,38592250,0,1,104,false,0
25696,0,0,52776900,91373100,38596200,0,0,79,false,0
25697,0,0,52776900,91378250,38601350,0,8,111,false,0
25698,0,0,52776900,91382800,38605900,0,0,91,false,0
25699,0,0,52776900,91382800,38605900,0,73,73,true,0
25700,0,0,52776900,91382800,38605900,0,94,94,true,0
25701,0,0,52776900,91382800,38605900,0,81,81,true,0
25702,0,0,52776900,91382800,38605900,0,97,97,true,0
25703,0,0,52776900,91382800,38605900,0,100,100,true,0
25704,0,0,52776900,91387950,38611050,0,0,103,false,0
25705,0,0,52776900,91392500,38615600,0,0,91,false,0
25706,0,0,52776900,91397450,38620550,0,0,99,false,0
25707,0,0,52776900,91401900,38625000,0,0,89,false,0
25708,0,0,52776900,91407050,38630150,0,5,108,false,0
25709,0,0,52776900,91411600,38634700,0,0,91,false,0
25710,0,0,52776900,91416750,38639850,0,16,119,false,0
25711,0,0,52776900,91421900,38645000,0,4,107,false,0
25712,0,0,52776900,91425850,38648950,0,0,79,false,0
25713,0,0,52776900,91431000,38654100,0,10,113,false,0
25714,0,0,52776900,91436100,38659200,0,0,102,false,0
25715,0,0,52776900,91436100,38659200,0,107,107,true,0
25716,0,0,52776900,91436100,38659200,0,86,86,true,0
25717,0,0,52776900,91436100,38659200,0,90,90,true,0
25718,0,0,52776900,91436100,38659200,0,116,116,true,0
25719,0,0,52776900,91441250,38664350,0,9,112,false,0
25720,0,0,52776900,91446400,38669500,0,14,117,false,0
25721,0,0,52776900,91446400,38669500,0,99,99,true,0
25722,0,0,52776900,91446400,38669500,0,118,118,true,0
25723,0,0,52776900,91446400,38669500,0,102,102,true,0
25724,0,0,52776900,91451200,38674300,0,0,96,false,0
25725,0,0,52776900,91456300,38679400,0,0,102,false,0
25726,0,0,52776900,91461250,38684350,0,0,99,false,0
25727,0,0,52776900,91461250,38684350,0,111,111,true,0
25728,0,0,52776900,91461250,38684350,0,92,92,true,0
25729,0,0,52776900,91466300,38689400,0,0,101,false,0
25730,0,0,52776900,91471450,38694550,0,13,116,false,0
25731,0,0,52776900,91476600,38699700,0,1,104,false,0
25732,0,0,52776900,91476600,38699700,0,91,91,true,0
25733,0,0,52776900,91481750,38704850,0,22,125,false,0
25734,0,0,52776900,91485550,38708650,0,0,76,false,0
25735,0,0,52776900,91485550,38708650,0,88,88,true,0
25736,0,0,52776900,91490700,38713800,0,4,107,false,0
25737,0,0,52776900,91495850,38718950,0,12,115,false,0
25738,0,0,52776900,91499900,38723000,0,0,81,false,0
25739,0,0,52776900,91504950,38728050,0,0,101,false,0
25740,0,0,52883520,91510000,38626480,0,0,101,false,0
25741,0,0,52883520,91514800,38631280,0,0,96,false,0
25742,0,0,52883520,91519350,38635830,0,0,91,false,0
25743,0,0,52883520,91524100,38640580,0,0,95,false,0
25744,0,0,52883520,91528850,38645330,0,0,95,false,0
25745,0,0,52883520,91528850,38645330,0,105,105,true,0
25746,0,0,52883520,91528850,38645330,0,94,94,true,0
25747,0,0,52883520,91528850,38645330,0,83,83,true,0
25748,0,0,52883520,91528850,38645330,0,82,82,true,0
25749,0,0,52883520,91528850,38645330,0,86,86,true,0
25750,0,0,52883520,91533650,38650130,0,0,96,false,0
25751,0,0,52883520,91538700,38655180,0,0,101,false,0
25752,0,0,52883520,91543200,38659680,0,0,90,false,0
25753,0,0,52883520,91543200,38659680,0,96,96,true,0
25754,0,0,52883520,91543200,38659680,0,101,101,true,0
25755,0,0,52883520,91543200,38659680,0,101,101,true,0
25756,0,0,52883520,91543200,38659680,0,100,100,true,0
25757,0,0,52883520,91543200,38659680,0,80,80,true,0
25758,0,0,52883520,91548300,38664780,0,0,102,false,0
25759,0,0,52883520,91552750,38669230,0,0,89,false,0
25760,0,0,52883520,91557450,38673930,0,0,94,false,0
25761,0,0,52883520,91562600,38679080,0,12,115,false,0
25762,0,0,52883520,91567600,38684080,0,0,100,false,0
25763,0,0,52883520,91572400,38688880,0,0,96,false,0
25764,0,0,52883520,91577550,38694030,0,3,106,false,0
25765,0,0,52883520,91582350,38698830,0,0,96,false,0
25766,0,0,52883520,91582350,38698830,0,88,88,true,0
25767,0,0,52883520,91586750,38703230,0,0,88,false,0
25768,0,0,52883520,91591900,38708380,0,6,109,false,0
25769,0,0,52883520,91597050,38713530,0,9,112,false,0
25770,0,0,52883520,91597050,38713530,0,114,114,true,0
25771,0,0,52883520,91597050,38713530,0,94,94,true,0
25772,0,0,52883520,91601250,38717730,0,0,84,false,0
25773,0,0,52883520,91606150,38722630,0,0,98,false,0
25774,0,0,52883520,91606150,38722630,0,126,126,true,0
25775,0,0,52883520,91611050,38727530,0,0,98,false,0
25776,0,0,52883520,91616200,38732680,0,5,108,false,0
25777,0,0,52883520,91620700,38737180,0,0,90,false,0
25778,0,0,52883520,91625850,38742330,0,8,111,false,0
25779,0,0,52883520,91630250,38746730,0,0,88,false,0
25780,0,0,52883520,91630250,38746730,0,85,85,true,0
25781,0,0,52883520,91635300,38751780,0,0,101,false,0
25782,0,0,52883520,91640450,38756930,0,15,118,false,0
25783,0,0,52883520,91645600,38762080,0,7,110,false,0
25784,0,0,52883520,91650750,38767230,0,0,103,false,0
25785,0,0,52883520,91655650,38772130,0,0,98,false,0
25786,0,0,52883520,91660800,38777280,0,5,108,false,0
25787,0,0,52883520,91665000,38781480,0,0,84,false,0
25788,0,0,52883520,91670150,38786630,0,0,103,false,0
25789,0,0,52883520,91674950,38791430,0,0,96,false,0
25790,0,0,52883520,91680100,38796580,0,4,107,false,0
25791,0,0,52883520,91684850,38801330,0,0,95,false,0
25792,0,0,52990140,91690000,38699860,0,2,105,false,0
25793,0,0,52990140,91694500,38704360,0,0,90,false,0
25794,0,0,52990140,91694500,38704360,0,90,90,true,0
25795,0,0,52990140,91698750,38708610,0,0,85,false,0
25796,0,0,52990140,91702550,38712410,0,0,76,false,0
25797,0,0,52990140,91707700,38717560,0,19,122,false,0
25798,0,0,52990140,91712850,38722710,0,6,109,false,0
25799,0,0,52990140,91717600,38727460,0,0,95,false,0
25800,0,0,52990140,91717600,38727460,0,79,79,true,0
25801,0,0,52990140,91717600,38727460,0,97,97,true,0
25802,0,0,52990140,91717600,38727460,0,100,100,true,0
25803,0,0,52990140,91722750,38732610,0,2,105,false,0
25804,0,0,52990140,91727450,38737310,0,0,94,false,0
25805,0,0,52990140,91727450,38737310,0,82,82,true,0
25806,0,0,52990140,91727450,38737310,0,115,115,true,0
25807,0,0,52990140,91727450,38737310,0,108,108,true,0
25808,0,0,52990140,91732500,38742360,0,0,101,false,0
25809,0,0,52990140,91737550,38747410,0,0,101,false,0
25810,0,0,52990140,91742700,38752560,0,0,103,false,0
25811,0,0,52990140,91747050,38756910,0,0,87,false,0
25812,0,0,52990140,91747050,38756910,0,85,85,true,0
25813,0,0,52990140,91747050,38756910,0,88,88,true,0
25814,0,0,52990140,91747050,38756910,0,93,93,true,0
25815,0,0,52990140,91752150,38762010,0,0,102,false,0
25816,0,0,52990140,91757300,38767160,0,7,110,false,0
25817,0,0,52990140,91762450,38772310,0,2,105,false,0
25818,0,0,52990140,91766900,38776760,0,0,89,false,0
25819,0,0,52990140,91766900,38776760,0,108,108,true,0
25820,0,0,52990140,91766900,38776760,0,109,109,true,0
25821,0,0,52990140,91766900,38776760,0,102,102,true,0
25822,0,0,52990140,91772050,38781910,0,21,124,false,0
25823,0,0,52990140,91777200,38787060,0,4,107,false,0
25824,0,0,52990140,91782250,38792110,0,0,101,false,0
25825,0,0,52990140,91787400,38797260,0,6,109,false,0
25826,0,0,52990140,91787400,38797260,0,101,101,true,0
25827,0,0,52990140,91787400,38797260,0,99,99,true,0
25828,0,0,52990140,91792550,38802410,0,0,103,false,0
25829,0,0,52990140,91796900,38806760,0,0,87,false,0
25830,0,0,52990140,91802050,38811910,0,0,103,false,0
25831,0,0,52990140,91806800,38816660,0,0,95,false,0
25832,0,0,52990140,91811050,38820910,0,0,85,false,0
25833,0,0,52990140,91815200,38825060,0,0,83,false,0
25834,0,0,52990140,91820350,38830210,0,3,106,false,0
25835,0,0,52990140,91820350,38830210,0,102,102,true,0
25836,0,0,52990140,91824900,38834760,0,0,91,false,0
25837,0,0,52990140,91830050,38839910,0,12,115,false,0
25838,0,0,52990140,91830050,38839910,0,103,103,true,0
25839,0,0,52990140,91835200,38845060,0,1,104,false,0
25840,0,0,52990140,91840350,38850210,0,15,118,false,0
25841,0,0,52990140,91845500,38855360,0,16,119,false,0
25842,0,0,52990140,91850150,38860010,0,0,93,false,0
25843,0,0,52990140,91855300,38865160,0,14,117,false,0
25844,0,0,53096760,91860450,38763690,0,10,113,false,0
25845,0,0,53096760,91865600,38768840,0,2,105,false,0
25846,0,0,53096760,91870700,38773940,0,0,102,false,0
25847,0,0,53096760,91875050,38778290,0,0,87,false,0
25848,0,0,53096760,91875050,38778290,0,93,93,true,0
25849,0,0,53096760,91875050,38778290,0,98,98,true,0
25850,0,0,53096760,91875050,38778290,0,120,120,true,0
25851,0,0,53096760,91875050,38778290,0,96,96,true,0
25852,0,0,53096760,91875050,38778290,0,103,103,true,0
25853,0,0,53096760,91875050,38778290,0,102,102,true,0
25854,0,0,53096760,91875050,38778290,0,100,100,true,0
25855,0,0,53096760,91875050,38778290,0,101,101,true,0
25856,0,0,53096760,91875050,38778290,0,89,89,true,0
25857,0,0,53096760,91875050,38778290,0,107,107,true,0
25858,0,0,53096760,91875050,38778290,0,112,112,true,0
25859,0,0,53096760,91875050,38778290,0,106,106,true,0
25860,0,0,53096760,91875050,38778290,0,90,90,true,0
25861,0,0,53096760,91875050,38778290,0,84,84,true,0
25862,0,0,53096760,91875050,38778290,0,98,98,true,0
25863,0,0,53096760,91880200,38783440,0,4,107,false,0
25864,0,0,53096760,91885050,38788290,0,0,97,false,0
25865,0,0,53096760,91889600,38792840,0,0,91,false,0
25866,0,0,53096760,91894750,38797990,0,1,104,false,0
25867,0,0,53096760,91899900,38803140,0,0,103,false,0
25868,0,0,53096760,91904550,38807790,0,0,93,false,0
25869,0,0,53096760,91909400,38812640,0,0,97,false,0
25870,0,0,53096760,91914500,38817740,0,0,102,false,0
25871,0,0,53096760,91918900,38822140,0,0,88,false,0
25872,0,0,53096760,91923450,38826690,0,0,91,false,0
25873,0,0,53096760,91928600,38831840,0,0,103,false,0
25874,0,0,53096760,91932850,38836090,0,0,85,false,0
25875,0,0,53096760,91937950,38841190,0,0,102,false,0
25876,0,0,53096760,91943100,38846340,0,26,129,false,0
25877,0,0,53096760,91947950,38851190,0,0,97,false,0
25878,0,0,53096760,91952450,38855690,0,0,90,false,0
25879,0,0,53096760,91957600,38860840,0,10,113,false,0
25880,0,0,53096760,91962650,38865890,0,0,101,false,0
25881,0,0,53096760,91962650,38865890,0,104,104,true,0
25882,0,0,53096760,91967800,38871040,0,1,104,false,0
25883,0,0,53096760,91972950,38876190,0,0,103,false,0
25884,0,0,53096760,91977650,38880890,0,0,94,false,0
25885,0,0,53096760,91982250,38885490,0,0,92,false,0
25886,0,0,53096760,91982250,38885490,0,94,94,true,0
25887,0,0,53096760,91986900,38890140,0,0,93,false,0
25888,0,0,53096760,91991850,38895090,0,0,99,false,0
25889,0,0,53096760,91996250,38899490,0,0,88,false,0
25890,0,0,53096760,92001250,38904490,0,0,100,false,0
25891,0,0,53096760,92006400,38909640,0,2,105,false,0
25892,0,0,53096760,92011550,38914790,0,9,112,false,0
25893,0,0,53096760,92015900,38919140,0,0,87,false,0
25894,0,0,53096760,92021000,38924240,0,0,102,false,0
25895,0,0,53096760,92026000,38929240,0,0,100,false,0
25896,0,0,53203380,92031000,38827620,0,0,100,false,0
25897,0,0,53203380,92031000,38827620,0,94,94,true,0
25898,0,0,53203380,92031000,38827620,0,98,98,true,0
25899,0,0,53203380,92031000,38827620,0,112,112,true,0
25900,0,0,53203380,92036150,38832770,0,10,113,false,0
25901,0,0,53203380,92041300,38837920,0,5,108,false,0
25902,0,0,53203380,92044950,38841570,0,0,73,false,0
25903,0,0,53203380,92049550,38846170,0,0,92,false,0
25904,0,0,53203380,92054700,38851320,0,16,119,false,0
25905,0,0,53203380,92054700,38851320,0,99,99,true,0
25906,0,0,53203380,92054700,38851320,0,102,102,true,0
25907,0,0,53203380,92059850,38856470,0,5,108,false,0
25908,0,0,53203380,92064750,38861370,0,0,98,false,0
25909,0,0,53203380,92069250,38865870,0,0,90,false,0
25910,0,0,53203380,92073700,38870320,0,0,89,false,0
25911,0,0,53203380,92078150,38874770,0,0,89,false,0
25912,0,0,53203380,92078150,38874770,0,96,96,true,0
25913,0,0,53203380,92083150,38879770,0,0,100,false,0
25914,0,0,53203380,92088200,38884820,0,0,101,false,0
25915,0,0,53203380,92092950,38889570,0,0,95,false,0
25916,0,0,53203380,92098100,38894720,0,13,116,false,0
25917,0,0,53203380,92098100,38894720,0,101,101,true,0
25918,0,0,53203380,92102900,38899520,0,0,96,false,0
25919,0,0,53203380,92108000,38904620,0,0,102,false,0
25920,0,0,53203380,92112950,38909570,0,0,99,false,0
25921,0,0,53203380,92118100,38914720,0,15,118,false,0
25922,0,0,53203380,92122600,38919220,0,0,90,false,0
25923,0,0,53203380,92127750,38924370,0,2,105,false,0
25924,0,0,53203380,92132900,38929520,0,6,109,false,0
25925,0,0,53203380,92138050,38934670,0,2,105,false,0
25926,0,0,53203380,92138050,38934670,0,88,88,true,0
25927,0,0,53203380,92138050,38934670,0,89,89,true,0
25928,0,0,53203380,92138050,38934670,0,106,106,true,0
25929,0,0,53203380,92143000,38939620,0,0,99,false,0
25930,0,0,53203380,92148000,38944620,0,0,100,false,0
25931,0,0,53203380,92153150,38949770,0,18,121,false,0
25932,0,0,53203380,92157600,38954220,0,0,89,false,0
25933,0,0,53203380,92162650,38959270,0,0,101,false,0
25934,0,0,53203380,92167800,38964420,0,13,116,false,0
25935,0,0,53203380,92172950,38969570,0,16,119,false,0
25936,0,0,53203380,92172950,38969570,0,105,105,true,0
25937,0,0,53203380,92177950,38974570,0,0,100,false,0
25938,0,0,53203380,92182750,38979370,0,0,96,false,0
25939,0,0,53203380,92187750,38984370,0,0,100,false,0
25940,0,0,53203380,92192900,38989520,0,1,104,false,0
25941,0,0,53203380,92192900,38989520,0,89,89,true,0
25942,0,0,53203380,92197650,38994270,0,0,95,false,0
25943,0,0,53203380,92202800,38999420,0,7,110,false,0
25944,0,0,53203380,92207950,39004570,0,10,113,false,0
25945,0,0,53203380,92213100,39009720,0,3,106,false,0
25946,0,0,53203380,92217650,39014270,0,0,91,false,0
25947,0,0,53203380,92222800,39019420,0,1,104,false,0
25948,0,0,53310000,92222800,38912800,0,94,94,true,0
25949,0,0,53310000,92227150,38917150,0,0,87,false,0
25950,0,0,53310000,92232300,38922300,0,2,105,false,0
25951,0,0,53310000,92236500,38926500,0,0,84,false,0
25952,0,0,53310000,92241000,38931000,0,0,90,false,0
25953,0,0,53310000,92245200,38935200,0,0,84,false,0
25954,0,0,53310000,92250200,38940200,0,0,100,false,0
25955,0,0,53310000,92250200,38940200,0,93,93,true,0
25956,0,0,53310000,92255350,38945350,0,6,109,false,0
25957,0,0,53310000,92260100,38950100,0,0,95,false,0
25958,0,0,53310000,92264750,38954750,0,0,93,false,0
25959,0,0,53310000,92268900,38958900,0,0,83,false,0
25960,0,0,53310000,92274050,38964050,0,1,104,false,0
25961,0,0,53310000,92279200,38969200,0,9,112,false,0
25962,0,0,53310000,92284350,38974350,0,1,104,false,0
25963,0,0,53310000,92289500,38979500,0,0,103,false,0
25964,0,0,53310000,92289500,38979500,0,93,93,true,0
25965,0,0,53310000,92289500,38979500,0,103,103,true,0
25966,0,0,53310000,92289500,38979500,0,96,96,true,0
25967,0,0,53310000,92289500,38979500,0,90,90,true,0
25968,0,0,53310000,92293550,38983550,0,0,81,false,0
25969,0,0,53310000,92298200,38988200,0,0,93,false,0
25970,0,0,53310000,92301650,38991650,0,0,69,false,0
25971,0,0,53310000,92306400,38996400,0,0,95,false,0
25972,0,0,53310000,92311550,39001550,0,11,114,false,0
25973,0,0,53310000,92316100,39006100,0,0,91,false,0
25974,0,0,53310000,92316100,39006100,0,114,114,true,0
25975,0,0,53310000,92320100,39010100,0,0,80,false,0
25976,0,0,53310000,92325250,39015250,0,17,120,false,0
25977,0,0,53310000,92330250,39020250,0,0,100,false,0
25978,0,0,53310000,92335400,39025400,0,0,103,false,0
25979,0,0,53310000,92335400,39025400,0,115,115,true,0
25980,0,0,53310000,92339900,39029900,0,0,90,false,0
25981,0,0,53310000,92344600,39034600,0,0,94,false,0
25982,0,0,53310000,92349300,39039300,0,0,94,false,0
25983,0,0,53310000,92354050,39044050,0,0,95,false,0
25984,0,0,53310000,92354050,39044050,0,98,98,true,0
25985,0,0,53310000,92354050,39044050,0,85,85,true,0
25986,0,0,53310000,92354050,39044050,0,104,104,true,0
25987,0,0,53310000,92354050,39044050,0,101,101,true,0
25988,0,0,53310000,92354050,39044050,0,105,105,true,0
25989,0,0,53310000,92354050,39044050,0,101,101,true,0
25990,0,0,53310000,92354050,39044050,0,102,102,true,0
25991,0,0,53310000,92354050,39044050,0,100,100,true,0
25992,0,0,53310000,92354050,39044050,0,97,97,true,0
25993,0,0,53310000,92354050,39044050,0,93,93,true,0
25994,0,0,53310000,92354050,39044050,0,100,100,true,0
25995,0,0,53310000,92354050,39044050,0,91,91,true,0
25996,0,0,53310000,92354050,39044050,0,96,96,true,0
25997,0,0,53310000,92359200,39049200,0,6,109,false,0
25998,0,0,53310000,92364200,39054200,0,0,100,false,0
25999,0,0,53310000,92368750,39058750,0,0,91,false,0
26000,0,0,53416620,92368750,38952130,0,97,97,true,0
26001,0,0,53416620,92373300,38956680,0,0,91,false,0
26002,0,0,53416620,92378000,38961380,0,0,94,false,0
26003,0,0,53416620,92378000,38961380,0,106,106,true,0
26004,0,0,53416620,92378000,38961380,0,80,80,true,0
26005,0,0,53416620,92383150,38966530,0,4,107,false,0
26006,0,0,53416620,92388300,38971680,0,0,103,false,0
26007,0,0,53416620,92392450,38975830,0,0,83,false,0
26008,0,0,53416620,92392450,38975830,0,79,79,true,0
26009,0,0,53416620,92392450,38975830,0,100,100,true,0
26010,0,0,53416620,92397450,38980830,0,0,100,false,0
26011,0,0,53416620,92402250,38985630,0,0,96,false,0
26012,0,0,53416620,92407200,38990580,0,0,99,false,0
26013,0,0,53416620,92412000,38995380,0,0,96,false,0
26014,0,0,53416620,92416950,39000330,0,0,99,false,0
26015,0,0,53416620,92421800,39005180,0,0,97,false,0
26016,0,0,53416620,92426200,39009580,0,0,88,false,0
26017,0,0,53416620,92430500,39013880,0,0,86,false,0
26018,0,0,53416620,92430500,39013880,0,91,91,true,0
26019,0,0,53416620,92430500,39013880,0,96,96,true,0
26020,0,0,53416620,92435150,39018530,0,0,93,false,0
26021,0,0,53416620,92440300,39023680,0,4,107,false,0
26022,0,0,53416620,92444450,39027830,0,0,83,false,0
26023,0,0,53416620,92449600,39032980,0,22,125,false,0
26024,0,0,53416620,92454750,39038130,0,12,115,false,0
26025,0,0,53416620,92459900,39043280,0,4,107,false,0
26026,0,0,53416620,92464850,39048230,0,0,99,false,0
26027,0,0,53416620,92470000,39053380,0,0,103,false,0
26028,0,0,53416620,92475150,39058530,0,0,103,false,0
26029,0,0,53416620,92475150,39058530,0,94,94,true,0
26030,0,0,53416620,92479650,39063030,0,0,90,false,0
26031,0,0,53416620,92484800,39068180,0,4,107,false,0
26032,0,0,53416620,92489900,39073280,0,0,102,false,0
26033,0,0,53416620,92495050,39078430,0,2,105,false,0
26034,0,0,53416620,92500200,39083580,0,15,118,false,0
26035,0,0,53416620,92500200,39083580,0,99,99,true,0
26036,0,0,53416620,92500200,39083580,0,83,83,true,0
26037,0,0,53416620,92503700,39087080,0,0,70,false,0
26038,0,0,53416620,92507350,39090730,0,0,73,false,0
26039,0,0,53416620,92511900,39095280,0,0,91,false,0
26040,0,0,53416620,92517050,39100430,0,5,108,false,0
26041,0,0,53416620,92522200,39105580,0,7,110,false,0
26042,0,0,53416620,92522200,39105580,0,95,95,true,0
26043,0,0,53416620,92527350,39110730,0,10,113,false,0
26044,0,0,53416620,92532500,39115880,0,6,109,false,0
26045,0,0,53416620,92537650,39121030,0,6,109,false,0
26046,0,0,53416620,92542150,39125530,0,0,90,false,0
26047,0,0,53416620,92542150,39125530,0,114,114,true,0
26048,0,0,53416620,92546900,39130280,0,0,95,false,0
26049,0,0,53416620,92552050,39135430,0,9,112,false,0
26050,0,0,53416620,92552050,39135430,0,102,102,true,0
26051,0,0,53416620,92552050,39135430,0,105,105,true,0
26052,0,0,53523240,92556800,39033560,0,0,95,false,0
26053,0,0,53523240,92561950,39038710,0,8,111,false,0
26054,0,0,53523240,92566400,39043160,0,0,89,false,0
26055,0,0,53523240,92566400,39043160,0,98,98,true,0
26056,0,0,53523240,92571550,39048310,0,1,104,false,0
26057,0,0,53523240,92576700,39053460,0,2,105,false,0
26058,0,0,53523240,92581350,39058110,0,0,93,false,0
26059,0,0,53523240,92586350,39063110,0,0,100,false,0
26060,0,0,53523240,92590900,39067660,0,0,91,false,0
26061,0,0,53523240,92596050,39072810,0,12,115,false,0
26062,0,0,53523240,92601200,39077960,0,21,124,false,0
26063,0,0,53523240,92601200,39077960,0,104,104,true,0
26064,0,0,53523240,92601200,39077960,0,99,99,true,0
26065,0,0,53523240,92601200,39077960,0,97,97,true,0
26066,0,0,53523240,92601200,39077960,0,105,105,true,0
26067,0,0,53523240,92606050,39082810,0,0,97,false,0
26068,0,0,53523240,92610600,39087360,0,0,91,false,0
26069,0,0,53523240,92615600,39092360,0,0,100,false,0
26070,0,0,53523240,92620050,39096810,0,0,89,false,0
26071,0,0,53523240,92620050,39096810,0,105,105,true,0
26072,0,0,53523240,92620050,39096810,0,108,108,true,0
26073,0,0,53523240,92620050,39096810,0,107,107,true,0
26074,0,0,53523240,92620050,39096810,0,90,90,true,0
26075,0,0,53523240,92625200,39101960,0,0,103,false,0
26076,0,0,53523240,92630300,39107060,0,0,102,false,0
26077,0,0,53523240,92634600,39111360,0,0,86,false,0
26078,0,0,53523240,92639750,39116510,0,6,109,false,0
26079,0,0,53523240,92644750,39121510,0,0,100,false,0
26080,0,0,53523240,92649200,39125960,0,0,89,false,0
26081,0,0,53523240,92649200,39125960,0,84,84,true,0
26082,0,0,53523240,92649200,39125960,0,104,104,true,0
26083,0,0,53523240,92654000,39130760,0,0,96,false,0
26084,0,0,53523240,92658350,39135110,0,0,87,false,0
26085,0,0,53523240,92663350,39140110,0,0,100,false,0
26086,0,0,53523240,92667900,39144660,0,0,91,false,0
26087,0,0,53523240,92673050,39149810,0,1,104,false,0
26088,0,0,53523240,92677950,39154710,0,0,98,false,0
26089,0,0,53523240,92677950,39154710,0,91,91,true,0
26090,0,0,53523240,92677950,39154710,0,128,128,true,0
26091,0,0,53523240,92682950,39159710,0,0,100,false,0
26092,0,0,53523240,92688100,39164860,0,6,109,false,0
26093,0,0,53523240,92693150,39169910,0,0,101,false,0
26094,0,0,53523240,92697850,39174610,0,0,94,false,0
26095,0,0,53523240,92697850,39174610,0,107,107,true,0
26096,0,0,53523240,92697850,39174610,0,94,94,true,0
26097,0,0,53523240,92703000,39179760,0,3,106,false,0
26098,0,0,53523240,92708150,39184910,0,4,107,false,0
26099,0,0,53523240,92712900,39189660,0,0,95,false,0
26100,0,0,53523240,92718050,39194810,0,11,114,false,0
26101,0,0,53523240,92723000,39199760,0,0,99,false,0
26102,0,0,53523240,92727750,39204510,0,0,95,false,0
26103,0,0,53523240,92727750,39204510,0,115,115,true,0
26104,0,0,53629860,92727750,39097890,0,92,92,true,0
26105,0,0,53629860,92727750,39097890,0,97,97,true,0
26106,0,0,53629860,92732700,39102840,0,0,99,false,0
26107,0,0,53629860,92737850,39107990,0,6,109,false,0
26108,0,0,53629860,92742800,39112940,0,0,99,false,0
26109,0,0,53629860,92747950,39118090,0,11,114,false,0
26110,0,0,53629860,92753100,39123240,0,5,108,false,0
26111,0,0,53629860,92758050,39128190,0,0,99,false,0
26112,0,0,53629860,92763200,39133340,0,21,124,false,0
26113,0,0,53629860,92767400,39137540,0,0,84,false,0
26114,0,0,53629860,92772550,39142690,0,8,111,false,0
26115,0,0,53629860,92777300,39147440,0,0,95,false,0
26116,0,0,53629860,92781850,39151990,0,0,91,false,0
26117,0,0,53629860,92786900,39157040,0,0,101,false,0
26118,0,0,53629860,92791200,39161340,0,0,86,false,0
26119,0,0,53629860,92796300,39166440,0,0,102,false,0
26120,0,0,53629860,92801450,39171590,0,4,107,false,0
26121,0,0,53629860,92806250,39176390,0,0,96,false,0
26122,0,0,53629860,92810850,39180990,0,0,92,false,0
26123,0,0,53629860,92815850,39185990,0,0,100,false,0
26124,0,0,53629860,92820550,39190690,0,0,94,false,0
26125,0,0,53629860,92825350,39195490,0,0,96,false,0
26126,0,0,53629860,92830500,39200640,0,10,113,false,0
26127,0,0,53629860,92835250,39205390,0,0,95,false,0
26128,0,0,53629860,92835250,39205390,0,89,89,true,0
26129,0,0,53629860,92835250,39205390,0,120,120,true,0
26130,0,0,53629860,92840400,39210540,0,4,107,false,0
26131,0,0,53629860,92845550,39215690,0,14,117,false,0
26132,0,0,53629860,92850700,39220840,0,11,114,false,0
26133,0,0,53629860,92855350,39225490,0,0,93,false,0
26134,0,0,53629860,92860500,39230640,0,6,109,false,0
26135,0,0,53629860,92860500,39230640,0,96,96,true,0
26136,0,0,53629860,92865650,39235790,0,21,124,false,0
26137,0,0,53629860,92870800,39240940,0,1,104,false,0
26138,0,0,53629860,92875300,39245440,0,0,90,false,0
26139,0,0,53629860,92879800,39249940,0,0,90,false,0
26140,0,0,53629860,92884500,39254640,0,0,94,false,0
26141,0,0,53629860,92889650,39259790,0,4,107,false,0
26142,0,0,53629860,92894400,39264540,0,0,95,false,0
26143,0,0,53629860,92899200,39269340,0,0,96,false,0
26144,0,0,53629860,92899200,39269340,0,91,91,true,0
26145,0,0,53629860,92903050,39273190,0,0,77,false,0
26146,0,0,53629860,92908200,39278340,0,11,114,false,0
26147,0,0,53629860,92913300,39283440,0,0,102,false,0
26148,0,0,53629860,92917950,39288090,0,0,93,false,0
26149,0,0,53629860,92922900,39293040,0,0,99,false,0
26150,0,0,53629860,92928050,39298190,0,6,109,false,0
26151,0,0,53629860,92933200,39303340,0,2,105,false,0
26152,0,0,53629860,92938350,39308490,0,5,108,false,0
26153,0,0,53629860,92943300,39313440,0,0,99,false,0
26154,0,0,53629860,92948450,39318590,0,2,105,false,0
26155,0,0,53629860,92953250,39323390,0,0,96,false,0
26156,0,0,53736480,92958400,39221920,0,13,116,false,0
26157,0,0,53736480,92963150,39226670,0,0,95,false,0
26158,0,0,53736480,92967750,39231270,0,0,92,false,0
26159,0,0,53736480,92972750,39236270,0,0,100,false,0
26160,0,0,53736480,92977900,39241420,0,3,106,false,0
26161,0,0,53736480,92983050,39246570,0,14,117,false,0
26162,0,0,53736480,92988200,39251720,0,4,107,false,0
26163,0,0,53736480,92993350,39256870,0,11,114,false,0
26164,0,0,53736480,92997500,39261020,0,0,83,false,0
26165,0,0,53736480,92997500,39261020,0,115,115,true,0
26166,0,0,53736480,93001950,39265470,0,0,89,false,0
26167,0,0,53736480,93007100,39270620,0,0,103,false,0
26168,0,0,53736480,93011350,39274870,0,0,85,false,0
26169,0,0,53736480,93016200,39279720,0,0,97,false,0
26170,0,0,53736480,93016200,39279720,0,112,112,true,0
26171,0,0,53736480,93016200,39279720,0,104,104,true,0
26172,0,0,53736480,93021300,39284820,0,0,102,false,0
26173,0,0,53736480,93026400,39289920,0,0,102,false,0
26174,0,0,53736480,93031200,39294720,0,0,96,false,0
26175,0,0,53736480,93036350,39299870,0,10,113,false,0
26176,0,0,53736480,93041200,39304720,0,0,97,false,0
26177,0,0,53736480,93046200,39309720,0,0,100,false,0
26178,0,0,53736480,93051350,39314870,0,5,108,false,0
26179,0,0,53736480,93056500,39320020,0,2,105,false,0
26180,0,0,53736480,93061600,39325120,0,0,102,false,0
26181,0,0,53736480,93066750,39330270,0,9,112,false,0
26182,0,0,53736480,93066750,39330270,0,102,102,true,0
26183,0,0,53736480,93071900,39335420,0,0,103,false,0
26184,0,0,53736480,93076600,39340120,0,0,94,false,0
26185,0,0,53736480,93081750,39345270,0,1,104,false,0
26186,0,0,53736480,93081750,39345270,0,113,113,true,0
26187,0,0,53736480,93081750,39345270,0,95,95,true,0
26188,0,0,53736480,93081750,39345270,0,105,105,true,0
26189,0,0,53736480,93081750,39345270,0,92,92,true,0
26190,0,0,53736480,93081750,39345270,0,92,92,true,0
26191,0,0,53736480,93081750,39345270,0,101,101,true,0
26192,0,0,53736480,93081750,39345270,0,113,113,true,0
26193,0,0,53736480,93081750,39345270,0,91,91,true,0
26194,0,0,53736480,93081750,39345270,0,81,81,true,0
26195,0,0,53736480,93081750,39345270,0,102,102,true,0
26196,0,0,53736480,93081750,39345270,0,103,103,true,0
26197,0,0,53736480,93081750,39345270,0,103,103,true,0
26198,0,0,53736480,93081750,39345270,0,103,103,true,0
26199,0,0,53736480,93086900,39350420,0,1,104,false,0
26200,0,0,53736480,93092050,39355570,0,0,103,false,0
26201,0,0,53736480,93096850,39360370,0,0,96,false,0
26202,0,0,53736480,93102000,39365520,0,2,105,false,0
26203,0,0,53736480,93107050,39370570,0,0,101,false,0
26204,0,0,53736480,93111700,39375220,0,0,93,false,0
26205,0,0,53736480,93111700,39375220,0,101,101,true,0
26206,0,0,53736480,93111700,39375220,0,103,103,true,0
26207,0,0,53736480,93116200,39379720,0,0,90,false,0
26208,0,0,53843100,93121000,39277900,0,0,96,false,0
26209,0,0,53843100,93125050,39281950,0,0,81,false,0
26210,0,0,53843100,93130200,39287100,0,0,103,false,0
26211,0,0,53843100,93130200,39287100,0,97,97,true,0
26212,0,0,53843100,93130200,39287100,0,106,106,true,0
26213,0,0,53843100,93130200,39287100,0,107,107,true,0
26214,0,0,53843100,93130200,39287100,0,109,109,true,0
26215,0,0,53843100,93134100,39291000,0,0,78,false,0
26216,0,0,53843100,93138600,39295500,0,0,90,false,0
26217,0,0,53843100,93143000,39299900,0,0,88,false,0
26218,0,0,53843100,93148000,39304900,0,0,100,false,0
26219,0,0,53843100,93153150,39310050,0,6,109,false,0
26220,0,0,53843100,93153150,39310050,0,100,100,true,0
26221,0,0,53843100,93153150,39310050,0,111,111,true,0
26222,0,0,53843100,93153150,39310050,0,101,101,true,0
26223,0,0,53843100,93153150,39310050,0,96,96,true,0
26224,0,0,53843100,93153150,39310050,0,110,110,true,0
26225,0,0,53843100,93153150,39310050,0,97,97,true,0
26226,0,0,53843100,93157900,39314800,0,0,95,false,0
26227,0,0,53843100,93162150,39319050,0,0,85,false,0
26228,0,0,53843100,93167150,39324050,0,0,100,false,0
26229,0,0,53843100,93171900,39328800,0,0,95,false,0
26230,0,0,53843100,93177050,39333950,0,8,111,false,0
26231,0,0,53843100,93177050,39333950,0,90,90,true,0
26232,0,0,53843100,93177050,39333950,0,109,109,true,0
26233,0,0,53843100,93177050,39333950,0,90,90,true,0
26234,0,0,53843100,93177050,39333950,0,101,101,true,0
26235,0,0,53843100,93177050,39333950,0,98,98,true,0
26236,0,0,53843100,93177050,39333950,0,115,115,true,0
26237,0,0,53843100,93181400,39338300,0,0,87,false,0
26238,0,0,53843100,93185600,39342500,0,0,84,false,0
26239,0,0,53843100,93190750,39347650,0,0,103,false,0
26240,0,0,53843100,93195650,39352550,0,0,98,false,0
26241,0,0,53843100,93200800,39357700,0,9,112,false,0
26242,0,0,53843100,93205950,39362850,0,0,103,false,0
26243,0,0,53843100,93211100,39368000,0,15,118,false,0
26244,0,0,53843100,93215300,39372200,0,0,84,false,0
26245,0,0,53843100,93220250,39377150,0,0,99,false,0
26246,0,0,53843100,93225150,39382050,0,0,98,false,0
26247,0,0,53843100,93229950,39386850,0,0,96,false,0
26248,0,0,53843100,93235100,39392000,0,1,104,false,0
26249,0,0,53843100,93239650,39396550,0,0,91,false,0
26250,0,0,53843100,93244600,39401500,0,0,99,false,0
26251,0,0,53843100,93249450,39406350,0,0,97,false,0
26252,0,0,53843100,93254050,39410950,0,0,92,false,0
26253,0,0,53843100,93259200,39416100,0,4,107,false,0
26254,0,0,53843100,93263550,39420450,0,0,87,false,0
26255,0,0,53843100,93268650,39425550,0,0,102,false,0
26256,0,0,53843100,93268650,39425550,0,86,86,true,0
26257,0,0,53843100,93272300,39429200,0,0,73,false,0
26258,0,0,53843100,93277250,39434150,0,0,99,false,0
26259,0,0,53843100,93282000,39438900,0,0,95,false,0
26260,0,0,53949720,93286750,39337030,0,0,95,false,0
26261,0,0,53949720,93291350,39341630,0,0,92,false,0
26262,0,0,53949720,93296500,39346780,0,1,104,false,0
26263,0,0,53949720,93301650,39351930,0,9,112,false,0
26264,0,0,53949720,93306800,39357080,0,0,103,false,0
26265,0,0,53949720,93306800,39357080,0,88,88,true,0
26266,0,0,53949720,93311350,39361630,0,0,91,false,0
26267,0,0,53949720,93316500,39366780,0,15,118,false,0
26268,0,0,53949720,93321200,39371480,0,0,94,false,0
26269,0,0,53949720,93326350,39376630,0,5,108,false,0
26270,0,0,53949720,93331150,39381430,0,0,96,false,0
26271,0,0,53949720,93336100,39386380,0,0,99,false,0
26272,0,0,53949720,93341250,39391530,0,6,109,false,0
26273,0,0,53949720,93345550,39395830,0,0,86,false,0
26274,0,0,53949720,93345550,39395830,0,92,92,true,0
26275,0,0,53949720,93345550,39395830,0,106,106,true,0
26276,0,0,53949720,93345550,39395830,0,116,116,true,0
26277,0,0,53949720,93350300,39400580,0,0,95,false,0
26278,0,0,53949720,93355450,39405730,0,2,105,false,0
26279,0,0,53949720,93360250,39410530,0,0,96,false,0
26280,0,0,53949720,93364750,39415030,0,0,90,false,0
26281,0,0,53949720,93369000,39419280,0,0,85,false,0
26282,0,0,53949720,93374050,39424330,0,0,101,false,0
26283,0,0,53949720,93374050,39424330,0,100,100,true,0
26284,0,0,53949720,93374050,39424330,0,99,99,true,0
26285,0,0,53949720,93374050,39424330,0,79,79,true,0
26286,0,0,53949720,93379200,39429480,0,4,107,false,0
26287,0,0,53949720,93384350,39434630,0,14,117,false,0
26288,0,0,53949720,93389100,39439380,0,0,95,false,0
26289,0,0,53949720,93394250,39444530,0,0,103,false,0
26290,0,0,53949720,93399400,39449680,0,1,104,false,0
26291,0,0,53949720,93403850,39454130,0,0,89,false,0
26292,0,0,53949720,93403850,39454130,0,101,101,true,0
26293,0,0,53949720,93403850,39454130,0,106,106,true,0
26294,0,0,53949720,93403850,39454130,0,120,120,true,0
26295,0,0,53949720,93403850,39454130,0,98,98,true,0
26296,0,0,53949720,93409000,39459280,0,9,112,false,0
26297,0,0,53949720,93414150,39464430,0,10,113,false,0
26298,0,0,53949720,93418650,39468930,0,0,90,false,0
26299,0,0,53949720,93418650,39468930,0,95,95,true,0
26300,0,0,53949720,93418650,39468930,0,104,104,true,0
26301,0,0,53949720,93418650,39468930,0,99,99,true,0
26302,0,0,53949720,93418650,39468930,0,86,86,true,0
26303,0,0,53949720,93423250,39473530,0,0,92,false,0
26304,0,0,53949720,93428150,39478430,0,0,98,false,0
26305,0,0,53949720,93433300,39483580,0,11,114,false,0
26306,0,0,53949720,93437900,39488180,0,0,92,false,0
26307,0,0,53949720,93442400,39492680,0,0,90,false,0
26308,0,0,53949720,93447550,39497830,0,14,117,false,0
26309,0,0,53949720,93452700,39502980,0,2,105,false,0
26310,0,0,53949720,93457700,39507980,0,0,100,false,0
26311,0,0,53949720,93462850,39513130,0,6,109,false,0
26312,0,0,54056340,93467200,39410860,0,0,87,false,0
26313,0,0,54056340,93472350,39416010,0,6,109,false,0
26314,0,0,54056340,93477200,39420860,0,0,97,false,0
26315,0,0,54056340,93481750,39425410,0,0,91,false,0
26316,0,0,54056340,93486500,39430160,0,0,95,false,0
26317,0,0,54056340,93491650,39435310,0,16,119,false,0
26318,0,0,54056340,93496200,39439860,0,0,91,false,0
26319,0,0,54056340,93501350,39445010,0,13,116,false,0
26320,0,0,54056340,93506100,39449760,0,0,95,false,0
26321,0,0,54056340,93511250,39454910,0,4,107,false,0
26322,0,0,54056340,93516100,39459760,0,0,97,false,0
26323,0,0,54056340,93516100,39459760,0,95,95,true,0
26324,0,0,54056340,93516100,39459760,0,97,97,true,0
26325,0,0,54056340,93521250,39464910,0,2,105,false,0
26326,0,0,54056340,93526400,39470060,0,10,113,false,0
26327,0,0,54056340,93531050,39474710,0,0,93,false,0
26328,0,0,54056340,93531050,39474710,0,100,100,true,0
26329,0,0,54056340,93535800,39479460,0,0,95,false,0
26330,0,0,54056340,93540950,39484610,0,5,108,false,0
26331,0,0,54056340,93545300,39488960,0,0,87,false,0
26332,0,0,54056340,93545300,39488960,0,107,107,true,0
26333,0,0,54056340,93549900,39493560,0,0,92,false,0
26334,0,0,54056340,93555050,39498710,0,2,105,false,0
26335,0,0,54056340,93555050,39498710,0,98,98,true,0
26336,0,0,54056340,93555050,39498710,0,99,99,true,0
26337,0,0,54056340,93560100,39503760,0,0,101,false,0
26338,0,0,54056340,93565250,39508910,0,8,111,false,0
26339,0,0,54056340,93565250,39508910,0,92,92,true,0
26340,0,0,54056340,93565250,39508910,0,90,90,true,0
26341,0,0,54056340,93565250,39508910,0,103,103,true,0
26342,0,0,54056340,93570150,39513810,0,0,98,false,0
26343,0,0,54056340,93575300,39518960,0,8,111,false,0
26344,0,0,54056340,93580450,39524110,0,1,104,false,0
26345,0,0,54056340,93585600,39529260,0,0,103,false,0
26346,0,0,54056340,93590750,39534410,0,6,109,false,0
26347,0,0,54056340,93595600,39539260,0,0,97,false,0
26348,0,0,54056340,93595600,39539260,0,117,117,true,0
26349,0,0,54056340,93595600,39539260,0,101,101,true,0
26350,0,0,54056340,93595600,39539260,0,107,107,true,0
26351,0,0,54056340,93595600,39539260,0,120,120,true,0
26352,0,0,54056340,93595600,39539260,0,117,117,true,0
26353,0,0,54056340,93595600,39539260,0,96,96,true,0
26354,0,0,54056340,93595600,39539260,0,99,99,true,0
26355,0,0,54056340,93600750,39544410,0,4,107,false,0
26356,0,0,54056340,93605900,39549560,0,8,111,false,0
26357,0,0,54056340,93611000,39554660,0,0,102,false,0
26358,0,0,54056340,93616100,39559760,0,0,102,false,0
26359,0,0,54056340,93621250,39564910,0,12,115,false,0
26360,0,0,54056340,93626300,39569960,0,0,101,false,0
26361,0,0,54056340,93626300,39569960,0,102,102,true,0
26362,0,0,54056340,93626300,39569960,0,98,98,true,0
26363,0,0,54056340,93626300,39569960,0,99,99,true,0
26364,0,0,54162960,93626300,39463340,0,94,94,true,0
26365,0,0,54162960,93630800,39467840,0,0,90,false,0
26366,0,0,54162960,93635900,39472940,0,0,102,false,0
26367,0,0,54162960,93641050,39478090,0,3,106,false,0
26368,0,0,54162960,93646200,39483240,0,4,107,false,0
26369,0,0,54162960,93646200,39483240,0,85,85,true,0
26370,0,0,54162960,93651350,39488390,0,7,110,false,0
26371,0,0,54162960,93655650,39492690,0,0,86,false,0
26372,0,0,54162960,93660650,39497690,0,0,100,false,0
26373,0,0,54162960,93664900,39501940,0,0,85,false,0
26374,0,0,54162960,93664900,39501940,0,101,101,true,0
26375,0,0,54162960,93664900,39501940,0,116,116,true,0
26376,0,0,54162960,93670050,39507090,0,11,114,false,0
26377,0,0,54162960,93675200,39512240,0,5,108,false,0
26378,0,0,54162960,93680350,39517390,0,8,111,false,0
26379,0,0,54162960,93684650,39521690,0,0,86,false,0
26380,0,0,54162960,93689800,39526840,0,6,109,false,0
26381,0,0,54162960,93689800,39526840,0,95,95,true,0
26382,0,0,54162960,93689800,39526840,0,107,107,true,0
26383,0,0,54162960,93689800,39526840,0,116,116,true,0
26384,0,0,54162960,93694950,39531990,0,9,112,false,0
26385,0,0,54162960,93699500,39536540,0,0,91,false,0
26386,0,0,54162960,93704650,39541690,0,1,104,false,0
26387,0,0,54162960,93709800,39546840,0,12,115,false,0
26388,0,0,54162960,93714950,39551990,0,19,122,false,0
26389,0,0,54162960,93719900,39556940,0,0,99,false,0
26390,0,0,54162960,93724700,39561740,0,0,96,false,0
26391,0,0,54162960,93729850,39566890,0,12,115,false,0
26392,0,0,54162960,93735000,39572040,0,4,107,false,0
26393,0,0,54162960,93739700,39576740,0,0,94,false,0
26394,0,0,54162960,93744300,39581340,0,0,92,false,0
26395,0,0,54162960,93749450,39586490,0,1,104,false,0
26396,0,0,54162960,93754150,39591190,0,0,94,false,0
26397,0,0,54162960,93758950,39595990,0,0,96,false,0
26398,0,0,54162960,93764100,39601140,0,5,108,false,0
26399,0,0,54162960,93764100,39601140,0,90,90,true,0
26400,0,0,54162960,93764100,39601140,0,100,100,true,0
26401,0,0,54162960,93764100,39601140,0,85,85,true,0
26402,0,0,54162960,93764100,39601140,0,92,92,true,0
26403,0,0,54162960,93764100,39601140,0,92,92,true,0
26404,0,0,54162960,93764100,39601140,0,104,104,true,0
26405,0,0,54162960,93769000,39606040,0,0,98,false,0
26406,0,0,54162960,93773650,39610690,0,0,93,false,0
26407,0,0,54162960,93778800,39615840,0,2,105,false,0
26408,0,0,54162960,93783550,39620590,0,0,95,false,0
26409,0,0,54162960,93788700,39625740,0,12,115,false,0
26410,0,0,54162960,93793150,39630190,0,0,89,false,0
26411,0,0,54162960,93798050,39635090,0,0,98,false,0
26412,0,0,54162960,93798050,39635090,0,81,81,true,0
26413,0,0,54162960,93798050,39635090,0,110,110,true,0
26414,0,0,54162960,93802850,39639890,0,0,96,false,0
26415,0,0,54162960,93807650,39644690,0,0,96,false,0
26416,0,0,54269580,93807650,39538070,0,98,98,true,0
26417,0,0,54269580,93807650,39538070,0,84,84,true,0
26418,0,0,54269580,93807650,39538070,0,85,85,true,0
26419,0,0,54269580,93812650,39543070,0,0,100,false,0
26420,0,0,54269580,93817250,39547670,0,0,92,false,0
26421,0,0,54269580,93821950,39552370,0,0,94,false,0
26422,0,0,54269580,93826400,39556820,0,0,89,false,0
26423,0,0,54269580,93831500,39561920,0,0,102,false,0
26424,0,0,54269580,93836350,39566770,0,0,97,false,0
26425,0,0,54269580,93841500,39571920,0,9,112,false,0
26426,0,0,54269580,93845850,39576270,0,0,87,false,0
26427,0,0,54269580,93850700,39581120,0,0,97,false,0
26428,0,0,54269580,93855550,39585970,0,0,97,false,0
26429,0,0,54269580,93860700,39591120,0,5,108,false,0
26430,0,0,54269580,93865050,39595470,0,0,87,false,0
26431,0,0,54269580,93870150,39600570,0,0,102,false,0
26432,0,0,54269580,93874950,39605370,0,0,96,false,0
26433,0,0,54269580,93879950,39610370,0,0,100,false,0
26434,0,0,54269580,93879950,39610370,0,89,89,true,0
26435,0,0,54269580,93879950,39610370,0,95,95,true,0
26436,0,0,54269580,93879950,39610370,0,73,73,true,0
26437,0,0,54269580,93879950,39610370,0,105,105,true,0
26438,0,0,54269580,93879950,39610370,0,98,98,true,0
26439,0,0,54269580,93879950,39610370,0,111,111,true,0
26440,0,0,54269580,93879950,39610370,0,97,97,true,0
26441,0,0,54269580,93879950,39610370,0,90,90,true,0
26442,0,0,54269580,93884850,39615270,0,0,98,false,0
26443,0,0,54269580,93889750,39620170,0,0,98,false,0
26444,0,0,54269580,93889750,39620170,0,100,100,true,0
26445,0,0,54269580,93889750,39620170,0,96,96,true,0
26446,0,0,54269580,93894300,39624720,0,0,91,false,0
26447,0,0,54269580,93899450,39629870,0,7,110,false,0
26448,0,0,54269580,93899450,39629870,0,102,102,true,0
26449,0,0,54269580,93899450,39629870,0,100,100,true,0
26450,0,0,54269580,93899450,39629870,0,78,78,true,0
26451,0,0,54269580,93899450,39629870,0,101,101,true,0
26452,0,0,54269580,93899450,39629870,0,114,114,true,0
26453,0,0,54269580,93904100,39634520,0,0,93,false,0
26454,0,0,54269580,93909000,39639420,0,0,98,false,0
26455,0,0,54269580,93913850,39644270,0,0,97,false,0
26456,0,0,54269580,93919000,39649420,0,12,115,false,0
26457,0,0,54269580,93923200,39653620,0,0,84,false,0
26458,0,0,54269580,93928350,39658770,0,4,107,false,0
26459,0,0,54269580,93933500,39663920,0,6,109,false,0
26460,0,0,54269580,93938050,39668470,0,0,91,false,0
26461,0,0,54269580,93943200,39673620,0,8,111,false,0
26462,0,0,54269580,93948350,39678770,0,10,113,false,0
26463,0,0,54269580,93953500,39683920,0,4,107,false,0
26464,0,0,54269580,93958650,39689070,0,4,107,false,0
26465,0,0,54269580,93963400,39693820,0,0,95,false,0
26466,0,0,54269580,93968550,39698970,0,7,110,false,0
26467,0,0,54269580,93968550,39698970,0,95,95,true,0
26468,0,0,54376200,93968550,39592350,0,100,100,true,0
26469,0,0,54376200,93968550,39592350,0,87,87,true,0
26470,0,0,54376200,93968550,39592350,0,91,91,true,0
26471,0,0,54376200,93973700,39597500,0,7,110,false,0
26472,0,0,54376200,93978850,39602650,0,16,119,false,0
26473,0,0,54376200,93984000,39607800,0,15,118,false,0
26474,0,0,54376200,93988650,39612450,0,0,93,false,0
26475,0,0,54376200,93993800,39617600,0,6,109,false,0
26476,0,0,54376200,93998950,39622750,0,9,112,false,0
26477,0,0,54376200,94004100,39627900,0,7,110,false,0
26478,0,0,54376200,94004100,39627900,0,100,100,true,0
26479,0,0,54376200,94008850,39632650,0,0,95,false,0
26480,0,0,54376200,94014000,39637800,0,2,105,false,0
26481,0,0,54376200,94014000,39637800,0,92,92,true,0
26482,0,0,54376200,94019100,39642900,0,0,102,false,0
26483,0,0,54376200,94023700,39647500,0,0,92,false,0
26484,0,0,54376200,94023700,39647500,0,100,100,true,0
26485,0,0,54376200,94023700,39647500,0,126,126,true,0
26486,0,0,54376200,94023700,39647500,0,97,97,true,0
26487,0,0,54376200,94023700,39647500,0,119,119,true,0
26488,0,0,54376200,94023700,39647500,0,105,105,true,0
26489,0,0,54376200,94023700,39647500,0,96,96,true,0
26490,0,0,54376200,94023700,39647500,0,108,108,true,0
26491,0,0,54376200,94023700,39647500,0,96,96,true,0
26492,0,0,54376200,94028850,39652650,0,7,110,false,0
26493,0,0,54376200,94034000,39657800,0,2,105,false,0
26494,0,0,54376200,94038450,39662250,0,0,89,false,0
26495,0,0,54376200,94043600,39667400,0,10,113,false,0
26496,0,0,54376200,94047500,39671300,0,0,78,false,0
26497,0,0,54376200,94052250,39676050,0,0,95,false,0
26498,0,0,54376200,94057400,39681200,0,2,105,false,0
26499,0,0,54376200,94057400,39681200,0,123,123,true,0
26500,0,0,54376200,94062550,39686350,0,2,105,false,0
26501,0,0,54376200,94067500,39691300,0,0,99,false,0
26502,0,0,54376200,94067500,39691300,0,104,104,true,0
26503,0,0,54376200,94067500,39691300,0,109,109,true,0
26504,0,0,54376200,94067500,39691300,0,98,98,true,0
26505,0,0,54376200,94067500,39691300,0,85,85,true,0
26506,0,0,54376200,94067500,39691300,0,103,103,true,0
26507,0,0,54376200,94067500,39691300,0,107,107,true,0
26508,0,0,54376200,94072200,39696000,0,0,94,false,0
26509,0,0,54376200,94076900,39700700,0,0,94,false,0
26510,0,0,54376200,94081850,39705650,0,0,99,false,0
26511,0,0,54376200,94087000,39710800,0,16,119,false,0
26512,0,0,54376200,94092150,39715950,0,9,112,false,0
26513,0,0,54376200,94092150,39715950,0,110,110,true,0
26514,0,0,54376200,94095800,39719600,0,0,73,false,0
26515,0,0,54376200,94100950,39724750,0,5,108,false,0
26516,0,0,54376200,94106100,39729900,0,6,109,false,0
26517,0,0,54376200,94110700,39734500,0,0,92,false,0
26518,0,0,54376200,94115050,39738850,0,0,87,false,0
26519,0,0,54376200,94119800,39743600,0,0,95,false,0
26520,0,0,54482820,94124150,39641330,0,0,87,false,0
26521,0,0,54482820,94129050,39646230,0,0,98,false,0
26522,0,0,54482820,94134200,39651380,0,0,103,false,0
26523,0,0,54482820,94138500,39655680,0,0,86,false,0
26524,0,0,54482820,94143650,39660830,0,1,104,false,0
26525,0,0,54482820,94148800,39665980,0,1,104,false,0
26526,0,0,54482820,94153950,39671130,0,0,103,false,0
26527,0,0,54482820,94158950,39676130,0,0,100,false,0
26528,0,0,54482820,94163150,39680330,0,0,84,false,0
26529,0,0,54482820,94168200,39685380,0,0,101,false,0
26530,0,0,54482820,94173100,39690280,0,0,98,false,0
26531,0,0,54482820,94178250,39695430,0,3,106,false,0
26532,0,0,54482820,94183250,39700430,0,0,100,false,0
26533,0,0,54482820,94188300,39705480,0,0,101,false,0
26534,0,0,54482820,94193450,39710630,0,7,110,false,0
26535,0,0,54482820,94198600,39715780,0,16,119,false,0
26536,0,0,54482820,94203450,39720630,0,0,97,false,0
26537,0,0,54482820,94207800,39724980,0,0,87,false,0
26538,0,0,54482820,94211950,39729130,0,0,83,false,0
26539,0,0,54482820,94216800,39733980,0,0,97,false,0
26540,0,0,54482820,94220500,39737680,0,0,74,false,0
26541,0,0,54482820,94225350,39742530,0,0,97,false,0
26542,0,0,54482820,94229900,39747080,0,0,91,false,0
26543,0,0,54482820,94234950,39752130,0,0,101,false,0
26544,0,0,54482820,94240100,39757280,0,5,108,false,0
26545,0,0,54482820,94245250,39762430,0,2,105,false,0
26546,0,0,54482820,94245250,39762430,0,102,102,true,0
26547,0,0,54482820,94250400,39767580,0,0,103,false,0
26548,0,0,54482820,94255550,39772730,0,13,116,false,0
26549,0,0,54482820,94260200,39777380,0,0,93,false,0
26550,0,0,54482820,94265350,39782530,0,5,108,false,0
26551,0,0,54482820,94270500,39787680,0,0,103,false,0
26552,0,0,54482820,94275650,39792830,0,4,107,false,0
26553,0,0,54482820,94280800,39797980,0,3,106,false,0
26554,0,0,54482820,94280800,39797980,0,87,87,true,0
26555,0,0,54482820,94280800,39797980,0,96,96,true,0
26556,0,0,54482820,94285950,39803130,0,2,105,false,0
26557,0,0,54482820,94291100,39808280,0,4,107,false,0
26558,0,0,54482820,94296050,39813230,0,0,99,false,0
26559,0,0,54482820,94301200,39818380,0,5,108,false,0
26560,0,0,54482820,94306350,39823530,0,24,127,false,0
26561,0,0,54482820,94311400,39828580,0,0,101,false,0
26562,0,0,54482820,94316550,39833730,0,4,107,false,0
26563,0,0,54482820,94321100,39838280,0,0,91,false,0
26564,0,0,54482820,94326050,39843230,0,0,99,false,0
26565,0,0,54482820,94330850,39848030,0,0,96,false,0
26566,0,0,54482820,94336000,39853180,0,0,103,false,0
26567,0,0,54482820,94336000,39853180,0,108,108,true,0
26568,0,0,54482820,94341150,39858330,0,0,103,false,0
26569,0,0,54482820,94346150,39863330,0,0,100,false,0
26570,0,0,54482820,94350250,39867430,0,0,82,false,0
26571,0,0,54482820,94354200,39871380,0,0,79,false,0
26572,0,0,54589440,94359350,39769910,0,0,103,false,0
26573,0,0,54589440,94359350,39769910,0,109,109,true,0
26574,0,0,54589440,94359350,39769910,0,113,113,true,0
26575,0,0,54589440,94359350,39769910,0,95,95,true,0
26576,0,0,54589440,94359350,39769910,0,96,96,true,0
26577,0,0,54589440,94363750,39774310,0,0,88,false,0
26578,0,0,54589440,94368900,39779460,0,2,105,false,0
26579,0,0,54589440,94373650,39784210,0,0,95,false,0
26580,0,0,54589440,94378800,39789360,0,2,105,false,0
26581,0,0,54589440,94383950,39794510,0,15,118,false,0
26582,0,0,54589440,94388700,39799260,0,0,95,false,0
26583,0,0,54589440,94388700,39799260,0,88,88,true,0
26584,0,0,54589440,94392950,39803510,0,0,85,false,0
26585,0,0,54589440,94397100,39807660,0,0,83,false,0
26586,0,0,54589440,94402250,39812810,0,2,105,false,0
26587,0,0,54589440,94407400,39817960,0,7,110,false,0
26588,0,0,54589440,94411900,39822460,0,0,90,false,0
26589,0,0,54589440,94416300,39826860,0,0,88,false,0
26590,0,0,54589440,94421300,39831860,0,0,100,false,0
26591,0,0,54589440,94426250,39836810,0,0,99,false,0
26592,0,0,54589440,94431400,39841960,0,7,110,false,0
26593,0,0,54589440,94431400,39841960,0,110,110,true,0
26594,0,0,54589440,94435750,39846310,0,0,87,false,0
26595,0,0,54589440,94440850,39851410,0,0,102,false,0
26596,0,0,54589440,94445900,39856460,0,0,101,false,0
26597,0,0,54589440,94450200,39860760,0,0,86,false,0
26598,0,0,54589440,94455300,39865860,0,0,102,false,0
26599,0,0,54589440,94460450,39871010,0,2,105,false,0
26600,0,0,54589440,94460450,39871010,0,102,102,true,0
26601,0,0,54589440,94460450,39871010,0,100,100,true,0
26602,0,0,54589440,94465600,39876160,0,6,109,false,0
26603,0,0,54589440,94470400,39880960,0,0,96,false,0
26604,0,0,54589440,94474150,39884710,0,0,75,false,0
26605,0,0,54589440,94479300,39889860,0,6,109,false,0
26606,0,0,54589440,94484000,39894560,0,0,94,false,0
26607,0,0,54589440,94484000,39894560,0,101,101,true,0
26608,0,0,54589440,94484000,39894560,0,86,86,true,0
26609,0,0,54589440,94488600,39899160,0,0,92,false,0
26610,0,0,54589440,94493750,39904310,0,1,104,false,0
26611,0,0,54589440,94498050,39908610,0,0,86,false,0
26612,0,0,54589440,94502650,39913210,0,0,92,false,0
26613,0,0,54589440,94502650,39913210,0,104,104,true,0
26614,0,0,54589440,94507700,39918260,0,0,101,false,0
26615,0,0,54589440,94512850,39923410,0,7,110,false,0
26616,0,0,54589440,94512850,39923410,0,108,108,true,0
26617,0,0,54589440,94512850,39923410,0,96,96,true,0
26618,0,0,54589440,94512850,39923410,0,100,100,true,0
26619,0,0,54589440,94512850,39923410,0,100,100,true,0
26620,0,0,54589440,94512850,39923410,0,98,98,true,0
26621,0,0,54589440,94512850,39923410,0,107,107,true,0
26622,0,0,54589440,94518000,39928560,0,7,110,false,0
26623,0,0,54589440,94522800,39933360,0,0,96,false,0
26624,0,0,54696060,94527950,39831890,0,11,114,false,0
26625,0,0,54696060,94532400,39836340,0,0,89,false,0
26626,0,0,54696060,94532400,39836340,0,114,114,true,0
26627,0,0,54696060,94532400,39836340,0,94,94,true,0
26628,0,0,54696060,94532400,39836340,0,104,104,true,0
26629,0,0,54696060,94532400,39836340,0,94,94,true,0
26630,0,0,54696060,94536850,39840790,0,0,89,false,0
26631,0,0,54696060,94542000,39845940,0,5,108,false,0
26632,0,0,54696060,94546150,39850090,0,0,83,false,0
26633,0,0,54696060,94550400,39854340,0,0,85,false,0
26634,0,0,54696060,94555550,39859490,0,0,103,false,0
26635,0,0,54696060,94560700,39864640,0,7,110,false,0
26636,0,0,54696060,94565850,39869790,0,17,120,false,0
26637,0,0,54696060,94571000,39874940,0,3,106,false,0
26638,0,0,54696060,94576150,39880090,0,5,108,false,0
26639,0,0,54696060,94580200,39884140,0,0,81,false,0
26640,0,0,54696060,94580200,39884140,0,113,113,true,0
26641,0,0,54696060,94580200,39884140,0,97,97,true,0
26642,0,0,54696060,94584500,39888440,0,0,86,false,0
26643,0,0,54696060,94589650,39893590,0,2,105,false,0
26644,0,0,54696060,94594050,39897990,0,0,88,false,0
26645,0,0,54696060,94599200,39903140,0,7,110,false,0
26646,0,0,54696060,94604350,39908290,0,5,108,false,0
26647,0,0,54696060,94609300,39913240,0,0,99,false,0
26648,0,0,54696060,94614450,39918390,0,19,122,false,0
26649,0,0,54696060,94619400,39923340,0,0,99,false,0
26650,0,0,54696060,94624150,39928090,0,0,95,false,0
26651,0,0,54696060,94628950,39932890,0,0,96,false,0
26652,0,0,54696060,94634100,39938040,0,11,114,false,0
26653,0,0,54696060,94638250,39942190,0,0,83,false,0
26654,0,0,54696060,94642850,39946790,0,0,92,false,0
26655,0,0,54696060,94647650,39951590,0,0,96,false,0
26656,0,0,54696060,94652800,39956740,0,22,125,false,0
26657,0,0,54696060,94657500,39961440,0,0,94,false,0
26658,0,0,54696060,94662400,39966340,0,0,98,false,0
26659,0,0,54696060,94667100,39971040,0,0,94,false,0
26660,0,0,54696060,94672150,39976090,0,0,101,false,0
26661,0,0,54696060,94677300,39981240,0,3,106,false,0
26662,0,0,54696060,94681700,39985640,0,0,88,false,0
26663,0,0,54696060,94681700,39985640,0,104,104,true,0
26664,0,0,54696060,94686550,39990490,0,0,97,false,0
26665,0,0,54696060,94691350,39995290,0,0,96,false,0
26666,0,0,54696060,94695950,39999890,0,0,92,false,0
26667,0,0,54696060,94701100,40005040,0,1,104,false,0
26668,0,0,54696060,94706250,40010190,0,10,113,false,0
26669,0,0,54696060,94711400,40015340,0,10,113,false,0
26670,0,0,54696060,94716050,40019990,0,0,93,false,0
26671,0,0,54696060,94716050,40019990,0,98,98,true,0
26672,0,0,54696060,94716050,40019990,0,90,90,true,0
26673,0,0,54696060,94716050,40019990,0,103,103,true,0
26674,0,0,54696060,94716050,40019990,0,95,95,true,0
26675,0,0,54696060,94716050,40019990,0,97,97,true,0
26676,0,0,54802680,94720950,39918270,0,0,98,false,0
26677,0,0,54802680,94726100,39923420,0,1,104,false,0
26678,0,0,54802680,94730750,39928070,0,0,93,false,0
26679,0,0,54802680,94735900,39933220,0,10,113,false,0
26680,0,0,54802680,94740400,39937720,0,0,90,false,0
26681,0,0,54802680,94745050,39942370,0,0,93,false,0
26682,0,0,54802680,94749400,39946720,0,0,87,false,0
26683,0,0,54802680,94754550,39951870,0,4,107,false,0
26684,0,0,54802680,94758600,39955920,0,0,81,false,0
26685,0,0,54802680,94758600,39955920,0,94,94,true,0
26686,0,0,54802680,94758600,39955920,0,89,89,true,0
26687,0,0,54802680,94758600,39955920,0,100,100,true,0
26688,0,0,54802680,94758600,39955920,0,101,101,true,0
26689,0,0,54802680,94758600,39955920,0,92,92,true,0
26690,0,0,54802680,94758600,39955920,0,97,97,true,0
26691,0,0,54802680,94758600,39955920,0,102,102,true,0
26692,0,0,54802680,94758600,39955920,0,101,101,true,0
26693,0,0,54802680,94758600,39955920,0,99,99,true,0
26694,0,0,54802680,94763750,39961070,0,26,129,false,0
26695,0,0,54802680,94768900,39966220,0,0,103,false,0
26696,0,0,54802680,94774050,39971370,0,1,104,false,0
26697,0,0,54802680,94779000,39976320,0,0,99,false,0
26698,0,0,54802680,94783400,39980720,0,0,88,false,0
26699,0,0,54802680,94788150,39985470,0,0,95,false,0
26700,0,0,54802680,94793300,39990620,0,3,106,false,0
26701,0,0,54802680,94797950,39995270,0,0,93,false,0
26702,0,0,54802680,94803050,40000370,0,0,102,false,0
26703,0,0,54802680,94807600,40004920,0,0,91,false,0
26704,0,0,54802680,94811500,40008820,0,0,78,false,0
26705,0,0,54802680,94816450,40013770,0,0,99,false,0
26706,0,0,54802680,94816450,40013770,0,101,101,true,0
26707,0,0,54802680,94816450,40013770,0,83,83,true,0
26708,0,0,54802680,94816450,40013770,0,101,101,true,0
26709,0,0,54802680,94816450,40013770,0,105,105,true,0
26710,0,0,54802680,94816450,40013770,0,100,100,true,0
26711,0,0,54802680,94821450,40018770,0,0,100,false,0
26712,0,0,54802680,94825900,40023220,0,0,89,false,0
26713,0,0,54802680,94831050,40028370,0,8,111,false,0
26714,0,0,54802680,94831050,40028370,0,96,96,true,0
26715,0,0,54802680,94831050,40028370,0,81,81,true,0
26716,0,0,54802680,94836200,40033520,0,4,107,false,0
26717,0,0,54802680,94840750,40038070,0,0,91,false,0
26718,0,0,54802680,94845050,40042370,0,0,86,false,0
26719,0,0,54802680,94850200,40047520,0,0,103,false,0
26720,0,0,54802680,94855350,40052670,0,5,108,false,0
26721,0,0,54802680,94860500,40057820,0,6,109,false,0
26722,0,0,54802680,94865550,40062870,0,0,101,false,0
26723,0,0,54802680,94870600,40067920,0,0,101,false,0
26724,0,0,54802680,94875200,40072520,0,0,92,false,0
26725,0,0,54802680,94880350,40077670,0,11,114,false,0
26726,0,0,54802680,94885500,40082820,0,4,107,false,0
26727,0,0,54802680,94890650,40087970,0,19,122,false,0
26728,0,0,54909300,94890650,39981350,0,94,94,true,0
26729,0,0,54909300,94895250,39985950,0,0,92,false,0
26730,0,0,54909300,94900000,39990700,0,0,95,false,0
26731,0,0,54909300,94900000,39990700,0,111,111,true,0
26732,0,0,54909300,94900000,39990700,0,109,109,true,0
26733,0,0,54909300,94904950,39995650,0,0,99,false,0
26734,0,0,54909300,94910050,40000750,0,0,102,false,0
26735,0,0,54909300,94914300,40005000,0,0,85,false,0
26736,0,0,54909300,94919050,40009750,0,0,95,false,0
26737,0,0,54909300,94923850,40014550,0,0,96,false,0
26738,0,0,54909300,94928800,40019500,0,0,99,false,0
26739,0,0,54909300,94933400,40024100,0,0,92,false,0
26740,0,0,54909300,94938550,40029250,0,0,103,false,0
26741,0,0,54909300,94943550,40034250,0,0,100,false,0
26742,0,0,54909300,94948550,40039250,0,0,100,false,0
26743,0,0,54909300,94953300,40044000,0,0,95,false,0
26744,0,0,54909300,94958250,40048950,0,0,99,false,0
26745,0,0,54909300,94963150,40053850,0,0,98,false,0
26746,0,0,54909300,94967800,40058500,0,0,93,false,0
26747,0,0,54909300,94972900,40063600,0,0,102,false,0
26748,0,0,54909300,94972900,40063600,0,107,107,true,0
26749,0,0,54909300,94978050,40068750,0,8,111,false,0
26750,0,0,54909300,94983050,40073750,0,0,100,false,0
26751,0,0,54909300,94983050,40073750,0,101,101,true,0
26752,0,0,54909300,94988200,40078900,0,4,107,false,0
26753,0,0,54909300,94993350,40084050,0,4,107,false,0
26754,0,0,54909300,94998500,40089200,0,1,104,false,0
26755,0,0,54909300,94998500,40089200,0,97,97,true,0
26756,0,0,54909300,95002250,40092950,0,0,75,false,0
26757,0,0,54909300,95006850,40097550,0,0,92,false,0
26758,0,0,54909300,95006850,40097550,0,93,93,true,0
26759,0,0,54909300,95011750,40102450,0,0,98,false,0
26760,0,0,54909300,95016900,40107600,0,7,110,false,0
26761,0,0,54909300,95021800,40112500,0,0,98,false,0
26762,0,0,54909300,95026750,40117450,0,0,99,false,0
26763,0,0,54909300,95031900,40122600,0,9,112,false,0
26764,0,0,54909300,95037050,40127750,0,6,109,false,0
26765,0,0,54909300,95037050,40127750,0,90,90,true,0
26766,0,0,54909300,95037050,40127750,0,111,111,true,0
26767,0,0,54909300,95042000,40132700,0,0,99,false,0
26768,0,0,54909300,95046400,40137100,0,0,88,false,0
26769,0,0,54909300,95051000,40141700,0,0,92,false,0
26770,0,0,54909300,95055800,40146500,0,0,96,false,0
26771,0,0,54909300,95055800,40146500,0,109,109,true,0
26772,0,0,54909300,95060950,40151650,0,7,110,false,0
26773,0,0,54909300,95065300,40156000,0,0,87,false,0
26774,0,0,54909300,95069950,40160650,0,0,93,false,0
26775,0,0,54909300,95073950,40164650,0,0,80,false,0
26776,0,0,54909300,95079100,40169800,0,6,109,false,0
26777,0,0,54909300,95084150,40174850,0,0,101,false,0
26778,0,0,54909300,95088450,40179150,0,0,86,false,0
26779,0,0,54909300,95093400,40184100,0,0,99,false,0
26780,0,0,55015920,95098550,40082630,0,9,112,false,0
26781,0,0,55015920,95102300,40086380,0,0,75,false,0
26782,0,0,55015920,95106400,40090480,0,0,82,false,0
26783,0,0,55015920,95106400,40090480,0,80,80,true,0
26784,0,0,55015920,95106400,40090480,0,101,101,true,0
26785,0,0,55015920,95106400,40090480,0,105,105,true,0
26786,0,0,55015920,95106400,40090480,0,91,91,true,0
26787,0,0,55015920,95106400,40090480,0,98,98,true,0
26788,0,0,55015920,95111400,40095480,0,0,100,false,0
26789,0,0,55015920,95116550,40100630,0,9,112,false,0
26790,0,0,55015920,95121700,40105780,0,5,108,false,0
26791,0,0,55015920,95126550,40110630,0,0,97,false,0
26792,0,0,55015920,95131700,40115780,0,15,118,false,0
26793,0,0,55015920,95136850,40120930,0,10,113,false,0
26794,0,0,55015920,95142000,40126080,0,14,117,false,0
26795,0,0,55015920,95147000,40131080,0,0,100,false,0
26796,0,0,55015920,95152150,40136230,0,4,107,false,0
26797,0,0,55015920,95157300,40141380,0,6,109,false,0
26798,0,0,55015920,95162150,40146230,0,0,97,false,0
26799,0,0,55015920,95167150,40151230,0,0,100,false,0
26800,0,0,55015920,95172150,40156230,0,0,100,false,0
26801,0,0,55015920,95177100,40161180,0,0,99,false,0
26802,0,0,55015920,95177100,40161180,0,96,96,true,0
26803,0,0,55015920,95182250,40166330,0,2,105,false,0
26804,0,0,55015920,95186750,40170830,0,0,90,false,0
26805,0,0,55015920,95191900,40175980,0,12,115,false,0
26806,0,0,55015920,95196200,40180280,0,0,86,false,0
26807,0,0,55015920,95200300,40184380,0,0,82,false,0
26808,0,0,55015920,95205450,40189530,0,7,110,false,0
26809,0,0,55015920,95210450,40194530,0,0,100,false,0
26810,0,0,55015920,95215600,40199680,0,2,105,false,0
26811,0,0,55015920,95220150,40204230,0,0,91,false,0
26812,0,0,55015920,95225200,40209280,0,0,101,false,0
26813,0,0,55015920,95230350,40214430,0,4,107,false,0
26814,0,0,55015920,95234500,40218580,0,0,83,false,0
26815,0,0,55015920,95239400,40223480,0,0,98,false,0
26816,0,0,55015920,95244400,40228480,0,0,100,false,0
26817,0,0,55015920,95249550,40233630,0,1,104,false,0
26818,0,0,55015920,95254450,40238530,0,0,98,false,0
26819,0,0,55015920,95259400,40243480,0,0,99,false,0
26820,0,0,55015920,95259400,40243480,0,105,105,true,0
26821,0,0,55015920,95259400,40243480,0,109,109,true,0
26822,0,0,55015920,95259400,40243480,0,115,115,true,0
26823,0,0,55015920,95264200,40248280,0,0,96,false,0
26824,0,0,55015920,95269350,40253430,0,5,108,false,0
26825,0,0,55015920,95273350,40257430,0,0,80,false,0
26826,0,0,55015920,95278400,40262480,0,0,101,false,0
26827,0,0,55015920,95283550,40267630,0,6,109,false,0
26828,0,0,55015920,95283550,40267630,0,106,106,true,0
26829,0,0,55015920,95288500,40272580,0,0,99,false,0
26830,0,0,55015920,95293650,40277730,0,2,105,false,0
26831,0,0,55015920,95298800,40282880,0,0,103,false,0
26832,0,0,55122540,95298800,40176260,0,97,97,true,0
26833,0,0,55122540,95298800,40176260,0,116,116,true,0
26834,0,0,55122540,95298800,40176260,0,90,90,true,0
26835,0,0,55122540,95298800,40176260,0,97,97,true,0
26836,0,0,55122540,95298800,40176260,0,73,73,true,0
26837,0,0,55122540,95298800,40176260,0,100,100,true,0
26838,0,0,55122540,95298800,40176260,0,97,97,true,0
26839,0,0,55122540,95298800,40176260,0,97,97,true,0
26840,0,0,55122540,95298800,40176260,0,102,102,true,0
26841,0,0,55122540,95303950,40181410,0,8,111,false,0
26842,0,0,55122540,95309100,40186560,0,7,110,false,0
26843,0,0,55122540,95314250,40191710,0,2,105,false,0
26844,0,0,55122540,95319250,40196710,0,0,100,false,0
26845,0,0,55122540,95324050,40201510,0,0,96,false,0
26846,0,0,55122540,95329200,40206660,0,3,106,false,0
26847,0,0,55122540,95334350,40211810,0,0,103,false,0
26848,0,0,55122540,95338250,40215710,0,0,78,false,0
26849,0,0,55122540,95343400,40220860,0,0,103,false,0
26850,0,0,55122540,95347950,40225410,0,0,91,false,0
26851,0,0,55122540,95351950,40229410,0,0,80,false,0
26852,0,0,55122540,95356800,40234260,0,0,97,false,0
26853,0,0,55122540,95361600,40239060,0,0,96,false,0
26854,0,0,55122540,95366150,40243610,0,0,91,false,0
26855,0,0,55122540,95370900,40248360,0,0,95,false,0
26856,0,0,55122540,95375850,40253310,0,0,99,false,0
26857,0,0,55122540,95375850,40253310,0,89,89,true,0
26858,0,0,55122540,95375850,40253310,0,81,81,true,0
26859,0,0,55122540,95375850,40253310,0,95,95,true,0
26860,0,0,55122540,95375850,40253310,0,92,92,true,0
26861,0,0,55122540,95380850,40258310,0,0,100,false,0
26862,0,0,55122540,95385600,40263060,0,0,95,false,0
26863,0,0,55122540,95390750,40268210,0,15,118,false,0
26864,0,0,55122540,95395400,40272860,0,0,93,false,0
26865,0,0,55122540,95400000,40277460,0,0,92,false,0
26866,0,0,55122540,95404950,40282410,0,0,99,false,0
26867,0,0,55122540,95409850,40287310,0,0,98,false,0
26868,0,0,55122540,95409850,40287310,0,101,101,true,0
26869,0,0,55122540,95415000,40292460,0,12,115,false,0
26870,0,0,55122540,95420150,40297610,0,4,107,false,0
26871,0,0,55122540,95424950,40302410,0,0,96,false,0
26872,0,0,55122540,95429700,40307160,0,0,95,false,0
26873,0,0,55122540,95434850,40312310,0,14,117,false,0
26874,0,0,55122540,95440000,40317460,0,12,115,false,0
26875,0,0,55122540,95445150,40322610,0,2,105,false,0
26876,0,0,55122540,95450300,40327760,0,15,118,false,0
26877,0,0,55122540,95454600,40332060,0,0,86,false,0
26878,0,0,55122540,95459600,40337060,0,0,100,false,0
26879,0,0,55122540,95464650,40342110,0,0,101,false,0
26880,0,0,55122540,95469600,40347060,0,0,99,false,0
26881,0,0,55122540,95474450,40351910,0,0,97,false,0
26882,0,0,55122540,95479600,40357060,0,3,106,false,0
26883,0,0,55122540,95484750,40362210,0,4,107,false,0
26884,0,0,55229160,95489350,40260190,0,0,92,false,0
26885,0,0,55229160,95494450,40265290,0,0,102,false,0
26886,0,0,55229160,95499050,40269890,0,0,92,false,0
26887,0,0,55229160,95503300,40274140,0,0,85,false,0
26888,0,0,55229160,95508100,40278940,0,0,96,false,0
26889,0,0,55229160,95512350,40283190,0,0,85,false,0
26890,0,0,55229160,95517500,40288340,0,0,103,false,0
26891,0,0,55229160,95521700,40292540,0,0,84,false,0
26892,0,0,55229160,95526850,40297690,0,4,107,false,0
26893,0,0,55229160,95531650,40302490,0,0,96,false,0
26894,0,0,55229160,95536800,40307640,0,4,107,false,0
26895,0,0,55229160,95541200,40312040,0,0,88,false,0
26896,0,0,55229160,95546150,40316990,0,0,99,false,0
26897,0,0,55229160,95550450,40321290,0,0,86,false,0
26898,0,0,55229160,95555100,40325940,0,0,93,false,0
26899,0,0,55229160,95560050,40330890,0,0,99,false,0
26900,0,0,55229160,95565200,40336040,0,3,106,false,0
26901,0,0,55229160,95570350,40341190,0,9,112,false,0
26902,0,0,55229160,95575050,40345890,0,0,94,false,0
26903,0,0,55229160,95579100,40349940,0,0,81,false,0
26904,0,0,55229160,95583750,40354590,0,0,93,false,0
26905,0,0,55229160,95588900,40359740,0,8,111,false,0
26906,0,0,55229160,95594050,40364890,0,8,111,false,0
26907,0,0,55229160,95598900,40369740,0,0,97,false,0
26908,0,0,55229160,95603800,40374640,0,0,98,false,0
26909,0,0,55229160,95608250,40379090,0,0,89,false,0
26910,0,0,55229160,95612950,40383790,0,0,94,false,0
26911,0,0,55229160,95618100,40388940,0,2,105,false,0
26912,0,0,55229160,95623100,40393940,0,0,100,false,0
26913,0,0,55229160,95628250,40399090,0,2,105,false,0
26914,0,0,55229160,95632850,40403690,0,0,92,false,0
26915,0,0,55229160,95632850,40403690,0,98,98,true,0
26916,0,0,55229160,95632850,40403690,0,104,104,true,0
26917,0,0,55229160,95632850,40403690,0,89,89,true,0
26918,0,0,55229160,95638000,40408840,0,16,119,false,0
26919,0,0,55229160,95643150,40413990,0,11,114,false,0
26920,0,0,55229160,95643150,40413990,0,98,98,true,0
26921,0,0,55229160,95643150,40413990,0,100,100,true,0
26922,0,0,55229160,95643150,40413990,0,96,96,true,0
26923,0,0,55229160,95643150,40413990,0,102,102,true,0
26924,0,0,55229160,95643150,40413990,0,107,107,true,0
26925,0,0,55229160,95648300,40419140,0,7,110,false,0
26926,0,0,55229160,95653350,40424190,0,0,101,false,0
26927,0,0,55229160,95653350,40424190,0,79,79,true,0
26928,0,0,55229160,95653350,40424190,0,116,116,true,0
26929,0,0,55229160,95653350,40424190,0,85,85,true,0
26930,0,0,55229160,95653350,40424190,0,106,106,true,0
26931,0,0,55229160,95653350,40424190,0,110,110,true,0
26932,0,0,55229160,95653350,40424190,0,99,99,true,0
26933,0,0,55229160,95653350,40424190,0,106,106,true,0
26934,0,0,55229160,95653350,40424190,0,106,106,true,0
26935,0,0,55229160,95653350,40424190,0,110,110,true,0
26936,0,0,55335780,95653350,40317570,0,117,117,true,0
26937,0,0,55335780,95653350,40317570,0,96,96,true,0
26938,0,0,55335780,95653350,40317570,0,101,101,true,0
26939,0,0,55335780,95653350,40317570,0,96,96,true,0
26940,0,0,55335780,95657700,40321920,0,0,87,false,0
26941,0,0,55335780,95662200,40326420,0,0,90,false,0
26942,0,0,55335780,95667350,40331570,0,6,109,false,0
26943,0,0,55335780,95672300,40336520,0,0,99,false,0
26944,0,0,55335780,95677450,40341670,0,1,104,false,0
26945,0,0,55335780,95682400,40346620,0,0,99,false,0
26946,0,0,55335780,95687350,40351570,0,0,99,false,0
26947,0,0,55335780,95692100,40356320,0,0,95,false,0
26948,0,0,55335780,95697200,40361420,0,0,102,false,0
26949,0,0,55335780,95702350,40366570,0,14,117,false,0
26950,0,0,55335780,95707500,40371720,0,1,104,false,0
26951,0,0,55335780,95712350,40376570,0,0,97,false,0
26952,0,0,55335780,95717500,40381720,0,17,120,false,0
26953,0,0,55335780,95722650,40386870,0,12,115,false,0
26954,0,0,55335780,95727800,40392020,0,23,126,false,0
26955,0,0,55335780,95732000,40396220,0,0,84,false,0
26956,0,0,55335780,95732000,40396220,0,76,76,true,0
26957,0,0,55335780,95732000,40396220,0,93,93,true,0
26958,0,0,55335780,95732000,40396220,0,92,92,true,0
26959,0,0,55335780,95736950,40401170,0,0,99,false,0
26960,0,0,55335780,95741500,40405720,0,0,91,false,0
26961,0,0,55335780,95746000,40410220,0,0,90,false,0
26962,0,0,55335780,95750800,40415020,0,0,96,false,0
26963,0,0,55335780,95755350,40419570,0,0,91,false,0
26964,0,0,55335780,95755350,40419570,0,104,104,true,0
26965,0,0,55335780,95755350,40419570,0,87,87,true,0
26966,0,0,55335780,95760400,40424620,0,0,101,false,0
26967,0,0,55335780,95765550,40429770,0,10,113,false,0
26968,0,0,55335780,95770150,40434370,0,0,92,false,0
26969,0,0,55335780,95774400,40438620,0,0,85,false,0
26970,0,0,55335780,95779550,40443770,0,19,122,false,0
26971,0,0,55335780,95784300,40448520,0,0,95,false,0
26972,0,0,55335780,95789250,40453470,0,0,99,false,0
26973,0,0,55335780,95794400,40458620,0,3,106,false,0
26974,0,0,55335780,95794400,40458620,0,91,91,true,0
26975,0,0,55335780,95794400,40458620,0,89,89,true,0
26976,0,0,55335780,95799550,40463770,0,2,105,false,0
26977,0,0,55335780,95804700,40468920,0,4,107,false,0
26978,0,0,55335780,95809450,40473670,0,0,95,false,0
26979,0,0,55335780,95809450,40473670,0,105,105,true,0
26980,0,0,55335780,95809450,40473670,0,81,81,true,0
26981,0,0,55335780,95809450,40473670,0,93,93,true,0
26982,0,0,55335780,95809450,40473670,0,100,100,true,0
26983,0,0,55335780,95809450,40473670,0,118,118,true,0
26984,0,0,55335780,95809450,40473670,0,100,100,true,0
26985,0,0,55335780,95809450,40473670,0,110,110,true,0
26986,0,0,55335780,95814600,40478820,0,9,112,false,0
26987,0,0,55335780,95819100,40483320,0,0,90,false,0
26988,0,0,55442400,95824250,40381850,0,2,105,false,0
26989,0,0,55442400,95829350,40386950,0,0,102,false,0
26990,0,0,55442400,95833450,40391050,0,0,82,false,0
26991,0,0,55442400,95837200,40394800,0,0,75,false,0
26992,0,0,55442400,95842350,40399950,0,7,110,false,0
26993,0,0,55442400,95846850,40404450,0,0,90,false,0
26994,0,0,55442400,95851100,40408700,0,0,85,false,0
26995,0,0,55442400,95855800,40413400,0,0,94,false,0
26996,0,0,55442400,95860050,40417650,0,0,85,false,0
26997,0,0,55442400,95865200,40422800,0,14,117,false,0
26998,0,0,55442400,95870350,40427950,0,5,108,false,0
26999,0,0,55442400,95870350,40427950,0,94,94,true,0
27000,0,0,55442400,95870350,40427950,0,86,86,true,0
27001,0,0,55442400,95870350,40427950,0,102,102,true,0
27002,0,0,55442400,95875350,40432950,0,0,100,false,0
27003,0,0,55442400,95880500,40438100,0,11,114,false,0
27004,0,0,55442400,95885650,40443250,0,0,103,false,0
27005,0,0,55442400,95890450,40448050,0,0,96,false,0
27006,0,0,55442400,95890450,40448050,0,94,94,true,0
27007,0,0,55442400,95890450,40448050,0,87,87,true,0
27008,0,0,55442400,95890450,40448050,0,98,98,true,0
27009,0,0,55442400,95895400,40453000,0,0,99,false,0
27010,0,0,55442400,95900550,40458150,0,9,112,false,0
27011,0,0,55442400,95900550,40458150,0,102,102,true,0
27012,0,0,55442400,95900550,40458150,0,93,93,true,0
27013,0,0,55442400,95905700,40463300,0,13,116,false,0
27014,0,0,55442400,95910850,40468450,0,11,114,false,0
27015,0,0,55442400,95910850,40468450,0,99,99,true,0
27016,0,0,55442400,95910850,40468450,0,96,96,true,0
27017,0,0,55442400,95910850,40468450,0,90,90,true,0
27018,0,0,55442400,95910850,40468450,0,93,93,true,0
27019,0,0,55442400,95910850,40468450,0,100,100,true,0
27020,0,0,55442400,95915300,40472900,0,0,89,false,0
27021,0,0,55442400,95920250,40477850,0,0,99,false,0
27022,0,0,55442400,95925400,40483000,0,1,104,false,0
27023,0,0,55442400,95930300,40487900,0,0,98,false,0
27024,0,0,55442400,95935450,40493050,0,6,109,false,0
27025,0,0,55442400,95940600,40498200,0,13,116,false,0
27026,0,0,55442400,95945300,40502900,0,0,94,false,0
27027,0,0,55442400,95950150,40507750,0,0,97,false,0
27028,0,0,55442400,95955300,40512900,0,5,108,false,0
27029,0,0,55442400,95955300,40512900,0,104,104,true,0
27030,0,0,55442400,95955300,40512900,0,88,88,true,0
27031,0,0,55442400,95955300,40512900,0,87,87,true,0
27032,0,0,55442400,95959650,40517250,0,0,87,false,0
27033,0,0,55442400,95964350,40521950,0,0,94,false,0
27034,0,0,55442400,95968950,40526550,0,0,92,false,0
27035,0,0,55442400,95968950,40526550,0,106,106,true,0
27036,0,0,55442400,95968950,40526550,0,112,112,true,0
27037,0,0,55442400,95973950,40531550,0,0,100,false,0
27038,0,0,55442400,95978900,40536500,0,0,99,false,0
27039,0,0,55442400,95983900,40541500,0,0,100,false,0
27040,0,0,55549020,95989050,40440030,0,11,114,false,0
27041,0,0,55549020,95989050,40440030,0,107,107,true,0
27042,0,0,55549020,95989050,40440030,0,86,86,true,0
27043,0,0,55549020,95989050,40440030,0,99,99,true,0
27044,0,0,55549020,95989050,40440030,0,100,100,true,0
27045,0,0,55549020,95994000,40444980,0,0,99,false,0
27046,0,0,55549020,95999150,40450130,0,16,119,false,0
27047,0,0,55549020,96004300,40455280,0,5,108,false,0
27048,0,0,55549020,96009100,40460080,0,0,96,false,0
27049,0,0,55549020,96013400,40464380,0,0,86,false,0
27050,0,0,55549020,96018550,40469530,0,5,108,false,0
27051,0,0,55549020,96023250,40474230,0,0,94,false,0
27052,0,0,55549020,96027650,40478630,0,0,88,false,0
27053,0,0,55549020,96027650,40478630,0,98,98,true,0
27054,0,0,55549020,96027650,40478630,0,92,92,true,0
27055,0,0,55549020,96032800,40483780,0,9,112,false,0
27056,0,0,55549020,96037950,40488930,0,8,111,false,0
27057,0,0,55549020,96042600,40493580,0,0,93,false,0
27058,0,0,55549020,96047150,40498130,0,0,91,false,0
27059,0,0,55549020,96051500,40502480,0,0,87,false,0
27060,0,0,55549020,96051500,40502480,0,94,94,true,0
27061,0,0,55549020,96056650,40507630,0,3,106,false,0
27062,0,0,55549020,96061800,40512780,0,12,115,false,0
27063,0,0,55549020,96066950,40517930,0,7,110,false,0
27064,0,0,55549020,96072100,40523080,0,4,107,false,0
27065,0,0,55549020,96076550,40527530,0,0,89,false,0
27066,0,0,55549020,96081700,40532680,0,3,106,false,0
27067,0,0,55549020,96081700,40532680,0,103,103,true,0
27068,0,0,55549020,96086850,40537830,0,1,104,false,0
27069,0,0,55549020,96090900,40541880,0,0,81,false,0
27070,0,0,55549020,96095800,40546780,0,0,98,false,0
27071,0,0,55549020,96100950,40551930,0,9,112,false,0
27072,0,0,55549020,96105850,40556830,0,0,98,false,0
27073,0,0,55549020,96110700,40561680,0,0,97,false,0
27074,0,0,55549020,96115850,40566830,0,3,106,false,0
27075,0,0,55549020,96121000,40571980,0,3,106,false,0
27076,0,0,55549020,96126000,40576980,0,0,100,false,0
27077,0,0,55549020,96131050,40582030,0,0,101,false,0
27078,0,0,55549020,96136200,40587180,0,7,110,false,0
27079,0,0,55549020,96140950,40591930,0,0,95,false,0
27080,0,0,55549020,96146000,40596980,0,0,101,false,0
27081,0,0,55549020,96146000,40596980,0,106,106,true,0
27082,0,0,55549020,96146000,40596980,0,87,87,true,0
27083,0,0,55549020,96146000,40596980,0,107,107,true,0
27084,0,0,55549020,96146000,40596980,0,92,92,true,0
27085,0,0,55549020,96146000,40596980,0,88,88,true,0
27086,0,0,55549020,96146000,40596980,0,126,126,true,0
27087,0,0,55549020,96146000,40596980,0,108,108,true,0
27088,0,0,55549020,96150350,40601330,0,0,87,false,0
27089,0,0,55549020,96155500,40606480,0,1,104,false,0
27090,0,0,55549020,96160650,40611630,0,5,108,false,0
27091,0,0,55549020,96160650,40611630,0,109,109,true,0
27092,0,0,55655640,96160650,40505010,0,110,110,true,0
27093,0,0,55655640,96160650,40505010,0,100,100,true,0
27094,0,0,55655640,96160650,40505010,0,87,87,true,0
27095,0,0,55655640,96160650,40505010,0,104,104,true,0
27096,0,0,55655640,96165800,40510160,0,2,105,false,0
27097,0,0,55655640,96170950,40515310,0,1,104,false,0
27098,0,0,55655640,96176100,40520460,0,4,107,false,0
27099,0,0,55655640,96180800,40525160,0,0,94,false,0
27100,0,0,55655640,96185150,40529510,0,0,87,false,0
27101,0,0,55655640,96188850,40533210,0,0,74,false,0
27102,0,0,55655640,96193650,40538010,0,0,96,false,0
27103,0,0,55655640,96198600,40542960,0,0,99,false,0
27104,0,0,55655640,96203450,40547810,0,0,97,false,0
27105,0,0,55655640,96207900,40552260,0,0,89,false,0
27106,0,0,55655640,96212600,40556960,0,0,94,false,0
27107,0,0,55655640,96217450,40561810,0,0,97,false,0
27108,0,0,55655640,96222600,40566960,0,0,103,false,0
27109,0,0,55655640,96227550,40571910,0,0,99,false,0
27110,0,0,55655640,96232700,40577060,0,5,108,false,0
27111,0,0,55655640,96232700,40577060,0,118,118,true,0
27112,0,0,55655640,96232700,40577060,0,109,109,true,0
27113,0,0,55655640,96232700,40577060,0,84,84,true,0
27114,0,0,55655640,96237350,40581710,0,0,93,false,0
27115,0,0,55655640,96242200,40586560,0,0,97,false,0
27116,0,0,55655640,96247000,40591360,0,0,96,false,0
27117,0,0,55655640,96251350,40595710,0,0,87,false,0
27118,0,0,55655640,96256500,40600860,0,9,112,false,0
27119,0,0,55655640,96261650,40606010,0,2,105,false,0
27120,0,0,55655640,96261650,40606010,0,107,107,true,0
27121,0,0,55655640,96261650,40606010,0,83,83,true,0
27122,0,0,55655640,96261650,40606010,0,105,105,true,0
27123,0,0,55655640,96261650,40606010,0,87,87,true,0
27124,0,0,55655640,96266750,40611110,0,0,102,false,0
27125,0,0,55655640,96271900,40616260,0,2,105,false,0
27126,0,0,55655640,96271900,40616260,0,85,85,true,0
27127,0,0,55655640,96271900,40616260,0,99,99,true,0
27128,0,0,55655640,96271900,40616260,0,105,105,true,0
27129,0,0,55655640,96276800,40621160,0,0,98,false,0
27130,0,0,55655640,96281750,40626110,0,0,99,false,0
27131,0,0,55655640,96285800,40630160,0,0,81,false,0
27132,0,0,55655640,96290950,40635310,0,12,115,false,0
27133,0,0,55655640,96295400,40639760,0,0,89,false,0
27134,0,0,55655640,96299650,40644010,0,0,85,false,0
27135,0,0,55655640,96304700,40649060,0,0,101,false,0
27136,0,0,55655640,96309750,40654110,0,0,101,false,0
27137,0,0,55655640,96309750,40654110,0,100,100,true,0
27138,0,0,55655640,96309750,40654110,0,100,100,true,0
27139,0,0,55655640,96314850,40659210,0,0,102,false,0
27140,0,0,55655640,96319750,40664110,0,0,98,false,0
27141,0,0,55655640,96323650,40668010,0,0,78,false,0
27142,0,0,55655640,96328600,40672960,0,0,99,false,0
27143,0,0,55655640,96333750,40678110,0,0,103,false,0
27144,0,0,55762260,96338100,40575840,0,0,87,false,0
27145,0,0,55762260,96338100,40575840,0,84,84,true,0
27146,0,0,55762260,96338100,40575840,0,69,69,true,0
27147,0,0,55762260,96343200,40580940,0,0,102,false,0
27148,0,0,55762260,96348150,40585890,0,0,99,false,0
27149,0,0,55762260,96353300,40591040,0,3,106,false,0
27150,0,0,55762260,96358400,40596140,0,0,102,false,0
27151,0,0,55762260,96363400,40601140,0,0,100,false,0
27152,0,0,55762260,96367900,40605640,0,0,90,false,0
27153,0,0,55762260,96373050,40610790,0,12,115,false,0
27154,0,0,55762260,96378200,40615940,0,15,118,false,0
27155,0,0,55762260,96383350,40621090,0,2,105,false,0
27156,0,0,55762260,96387600,40625340,0,0,85,false,0
27157,0,0,55762260,96392050,40629790,0,0,89,false,0
27158,0,0,55762260,96396300,40634040,0,0,85,false,0
27159,0,0,55762260,96401450,40639190,0,1,104,false,0
27160,0,0,55762260,96401450,40639190,0,99,99,true,0
27161,0,0,55762260,96406450,40644190,0,0,100,false,0
27162,0,0,55762260,96410550,40648290,0,0,82,false,0
27163,0,0,55762260,96415650,40653390,0,0,102,false,0
27164,0,0,55762260,96415650,40653390,0,110,110,true,0
27165,0,0,55762260,96415650,40653390,0,108,108,true,0
27166,0,0,55762260,96415650,40653390,0,114,114,true,0
27167,0,0,55762260,96420800,40658540,0,7,110,false,0
27168,0,0,55762260,96425950,40663690,0,4,107,false,0
27169,0,0,55762260,96430850,40668590,0,0,98,false,0
27170,0,0,55762260,96435300,40673040,0,0,89,false,0
27171,0,0,55762260,96440450,40678190,0,8,111,false,0
27172,0,0,55762260,96445600,40683340,0,5,108,false,0
27173,0,0,55762260,96449950,40687690,0,0,87,false,0
27174,0,0,55762260,96449950,40687690,0,104,104,true,0
27175,0,0,55762260,96449950,40687690,0,101,101,true,0
27176,0,0,55762260,96455100,40692840,0,3,106,false,0
27177,0,0,55762260,96460250,40697990,0,10,113,false,0
27178,0,0,55762260,96460250,40697990,0,96,96,true,0
27179,0,0,55762260,96465150,40702890,0,0,98,false,0
27180,0,0,55762260,96469900,40707640,0,0,95,false,0
27181,0,0,55762260,96474900,40712640,0,0,100,false,0
27182,0,0,55762260,96479650,40717390,0,0,95,false,0
27183,0,0,55762260,96484500,40722240,0,0,97,false,0
27184,0,0,55762260,96489650,40727390,0,4,107,false,0
27185,0,0,55762260,96494400,40732140,0,0,95,false,0
27186,0,0,55762260,96498850,40736590,0,0,89,false,0
27187,0,0,55762260,96503700,40741440,0,0,97,false,0
27188,0,0,55762260,96503700,40741440,0,87,87,true,0
27189,0,0,55762260,96503700,40741440,0,107,107,true,0
27190,0,0,55762260,96503700,40741440,0,81,81,true,0
27191,0,0,55762260,96503700,40741440,0,95,95,true,0
27192,0,0,55762260,96507850,40745590,0,0,83,false,0
27193,0,0,55762260,96512600,40750340,0,0,95,false,0
27194,0,0,55762260,96517150,40754890,0,0,91,false,0
27195,0,0,55762260,96522300,40760040,0,2,105,false,0
27196,0,0,55868880,96527000,40658120,0,0,94,false,0
27197,0,0,55868880,96531500,40662620,0,0,90,false,0
27198,0,0,55868880,96536500,40667620,0,0,100,false,0
27199,0,0,55868880,96540800,40671920,0,0,86,false,0
27200,0,0,55868880,96545950,40677070,0,7,110,false,0
27201,0,0,55868880,96550600,40681720,0,0,93,false,0
27202,0,0,55868880,96554950,40686070,0,0,87,false,0
27203,0,0,55868880,96559800,40690920,0,0,97,false,0
27204,0,0,55868880,96564300,40695420,0,0,90,false,0
27205,0,0,55868880,96569400,40700520,0,0,102,false,0
27206,0,0,55868880,96569400,40700520,0,90,90,true,0
27207,0,0,55868880,96574050,40705170,0,0,93,false,0
27208,0,0,55868880,96578050,40709170,0,0,80,false,0
27209,0,0,55868880,96582850,40713970,0,0,96,false,0
27210,0,0,55868880,96588000,40719120,0,7,110,false,0
27211,0,0,55868880,96593100,40724220,0,0,102,false,0
27212,0,0,55868880,96597850,40728970,0,0,95,false,0
27213,0,0,55868880,96602550,40733670,0,0,94,false,0
27214,0,0,55868880,96606450,40737570,0,0,78,false,0
27215,0,0,55868880,96611050,40742170,0,0,92,false,0
27216,0,0,55868880,96616200,40747320,0,5,108,false,0
27217,0,0,55868880,96620950,40752070,0,0,95,false,0
27218,0,0,55868880,96625650,40756770,0,0,94,false,0
27219,0,0,55868880,96630800,40761920,0,9,112,false,0
27220,0,0,55868880,96635350,40766470,0,0,91,false,0
27221,0,0,55868880,96640250,40771370,0,0,98,false,0
27222,0,0,55868880,96640250,40771370,0,91,91,true,0
27223,0,0,55868880,96640250,40771370,0,97,97,true,0
27224,0,0,55868880,96640250,40771370,0,101,101,true,0
27225,0,0,55868880,96640250,40771370,0,87,87,true,0
27226,0,0,55868880,96640250,40771370,0,90,90,true,0
27227,0,0,55868880,96640250,40771370,0,104,104,true,0
27228,0,0,55868880,96640250,40771370,0,101,101,true,0
27229,0,0,55868880,96640250,40771370,0,106,106,true,0
27230,0,0,55868880,96640250,40771370,0,100,100,true,0
27231,0,0,55868880,96640250,40771370,0,101,101,true,0
27232,0,0,55868880,96645400,40776520,0,2,105,false,0
27233,0,0,55868880,96650550,40781670,0,13,116,false,0
27234,0,0,55868880,96655200,40786320,0,0,93,false,0
27235,0,0,55868880,96660150,40791270,0,0,99,false,0
27236,0,0,55868880,96664350,40795470,0,0,84,false,0
27237,0,0,55868880,96664350,40795470,0,114,114,true,0
27238,0,0,55868880,96669500,40800620,0,6,109,false,0
27239,0,0,55868880,96674650,40805770,0,4,107,false,0
27240,0,0,55868880,96679800,40810920,0,2,105,false,0
27241,0,0,55868880,96679800,40810920,0,92,92,true,0
27242,0,0,55868880,96684650,40815770,0,0,97,false,0
27243,0,0,55868880,96689750,40820870,0,0,102,false,0
27244,0,0,55868880,96693550,40824670,0,0,76,false,0
27245,0,0,55868880,96698300,40829420,0,0,95,false,0
27246,0,0,55868880,96703300,40834420,0,0,100,false,0
27247,0,0,55868880,96708450,40839570,0,3,106,false,0
27248,0,0,55975500,96713050,40737550,0,0,92,false,0
27249,0,0,55975500,96717950,40742450,0,0,98,false,0
27250,0,0,55975500,96723100,40747600,0,1,104,false,0
27251,0,0,55975500,96727350,40751850,0,0,85,false,0
27252,0,0,55975500,96732450,40756950,0,0,102,false,0
27253,0,0,55975500,96737050,40761550,0,0,92,false,0
27254,0,0,55975500,96741550,40766050,0,0,90,false,0
27255,0,0,55975500,96746700,40771200,0,7,110,false,0
27256,0,0,55975500,96751750,40776250,0,0,101,false,0
27257,0,0,55975500,96755550,40780050,0,0,76,false,0
27258,0,0,55975500,96760700,40785200,0,9,112,false,0
27259,0,0,55975500,96760700,40785200,0,113,113,true,0
27260,0,0,55975500,96765850,40790350,0,14,117,false,0
27261,0,0,55975500,96770750,40795250,0,0,98,false,0
27262,0,0,55975500,96775000,40799500,0,0,85,false,0
27263,0,0,55975500,96780000,40804500,0,0,100,false,0
27264,0,0,55975500,96784900,40809400,0,0,98,false,0
27265,0,0,55975500,96789850,40814350,0,0,99,false,0
27266,0,0,55975500,96794400,40818900,0,0,91,false,0
27267,0,0,55975500,96799050,40823550,0,0,93,false,0
27268,0,0,55975500,96799050,40823550,0,85,85,true,0
27269,0,0,55975500,96803450,40827950,0,0,88,false,0
27270,0,0,55975500,96808150,40832650,0,0,94,false,0
27271,0,0,55975500,96813300,40837800,0,4,107,false,0
27272,0,0,55975500,96817900,40842400,0,0,92,false,0
27273,0,0,55975500,96822350,40846850,0,0,89,false,0
27274,0,0,55975500,96822350,40846850,0,88,88,true,0
27275,0,0,55975500,96827500,40852000,0,7,110,false,0
27276,0,0,55975500,96832650,40857150,0,6,109,false,0
27277,0,0,55975500,96837600,40862100,0,0,99,false,0
27278,0,0,55975500,96842750,40867250,0,14,117,false,0
27279,0,0,55975500,96842750,40867250,0,101,101,true,0
27280,0,0,55975500,96842750,40867250,0,99,99,true,0
27281,0,0,55975500,96842750,40867250,0,103,103,true,0
27282,0,0,55975500,96847900,40872400,0,17,120,false,0
27283,0,0,55975500,96852450,40876950,0,0,91,false,0
27284,0,0,55975500,96857500,40882000,0,0,101,false,0
27285,0,0,55975500,96857500,40882000,0,80,80,true,0
27286,0,0,55975500,96862650,40887150,0,1,104,false,0
27287,0,0,55975500,96867600,40892100,0,0,99,false,0
27288,0,0,55975500,96872750,40897250,0,7,110,false,0
27289,0,0,55975500,96877750,40902250,0,0,100,false,0
27290,0,0,55975500,96881850,40906350,0,0,82,false,0
27291,0,0,55975500,96886200,40910700,0,0,87,false,0
27292,0,0,55975500,96891350,40915850,0,5,108,false,0
27293,0,0,55975500,96896500,40921000,0,2,105,false,0
27294,0,0,55975500,96901550,40926050,0,0,101,false,0
27295,0,0,55975500,96906700,40931200,0,7,110,false,0
27296,0,0,55975500,96911550,40936050,0,0,97,false,0
27297,0,0,55975500,96911550,40936050,0,105,105,true,0
27298,0,0,55975500,96916500,40941000,0,0,99,false,0
27299,0,0,55975500,96921500,40946000,0,0,100,false,0
27300,0,0,56082120,96925500,40843380,0,0,80,false,0
27301,0,0,56082120,96925500,40843380,0,117,117,true,0
27302,0,0,56082120,96925500,40843380,0,100,100,true,0
27303,0,0,56082120,96925500,40843380,0,93,93,true,0
27304,0,0,56082120,96930650,40848530,0,0,103,false,0
27305,0,0,56082120,96935650,40853530,0,0,100,false,0
27306,0,0,56082120,96940450,40858330,0,0,96,false,0
27307,0,0,56082120,96944700,40862580,0,0,85,false,0
27308,0,0,56082120,96948450,40866330,0,0,75,false,0
27309,0,0,56082120,96948450,40866330,0,103,103,true,0
27310,0,0,56082120,96948450,40866330,0,112,112,true,0
27311,0,0,56082120,96948450,40866330,0,80,80,true,0
27312,0,0,56082120,96948450,40866330,0,88,88,true,0
27313,0,0,56082120,96948450,40866330,0,105,105,true,0
27314,0,0,56082120,96953600,40871480,0,10,113,false,0
27315,0,0,56082120,96958750,40876630,0,3,106,false,0
27316,0,0,56082120,96963550,40881430,0,0,96,false,0
27317,0,0,56082120,96968250,40886130,0,0,94,false,0
27318,0,0,56082120,96972950,40890830,0,0,94,false,0
27319,0,0,56082120,96977400,40895280,0,0,89,false,0
27320,0,0,56082120,96982050,40899930,0,0,93,false,0
27321,0,0,56082120,96982050,40899930,0,83,83,true,0
27322,0,0,56082120,96982050,40899930,0,100,100,true,0
27323,0,0,56082120,96982050,40899930,0,105,105,true,0
27324,0,0,56082120,96987200,40905080,0,7,110,false,0
27325,0,0,56082120,96992000,40909880,0,0,96,false,0
27326,0,0,56082120,96996100,40913980,0,0,82,false,0
27327,0,0,56082120,97001000,40918880,0,0,98,false,0
27328,0,0,56082120,97006150,40924030,0,3,106,false,0
27329,0,0,56082120,97010650,40928530,0,0,90,false,0
27330,0,0,56082120,97015250,40933130,0,0,92,false,0
27331,0,0,56082120,97020400,40938280,0,7,110,false,0
27332,0,0,56082120,97025350,40943230,0,0,99,false,0
27333,0,0,56082120,97025350,40943230,0,100,100,true,0
27334,0,0,56082120,97025350,40943230,0,90,90,true,0
27335,0,0,56082120,97025350,40943230,0,102,102,true,0
27336,0,0,56082120,97030050,40947930,0,0,94,false,0
27337,0,0,56082120,97035100,40952980,0,0,101,false,0
27338,0,0,56082120,97040250,40958130,0,3,106,false,0
27339,0,0,56082120,97045400,40963280,0,0,103,false,0
27340,0,0,56082120,97050200,40968080,0,0,96,false,0
27341,0,0,56082120,97055350,40973230,0,2,105,false,0
27342,0,0,56082120,97060250,40978130,0,0,98,false,0
27343,0,0,56082120,97064400,40982280,0,0,83,false,0
27344,0,0,56082120,97069550,40987430,0,8,111,false,0
27345,0,0,56082120,97069550,40987430,0,103,103,true,0
27346,0,0,56082120,97069550,40987430,0,108,108,true,0
27347,0,0,56082120,97074450,40992330,0,0,98,false,0
27348,0,0,56082120,97079300,40997180,0,0,97,false,0
27349,0,0,56082120,97083750,41001630,0,0,89,false,0
27350,0,0,56082120,97083750,41001630,0,98,98,true,0
27351,0,0,56082120,97083750,41001630,0,100,100,true,0
27352,0,0,56188740,97088850,40900110,0,0,102,false,0
27353,0,0,56188740,97093300,40904560,0,0,89,false,0
27354,0,0,56188740,97098450,40909710,0,0,103,false,0
27355,0,0,56188740,97098450,40909710,0,88,88,true,0
27356,0,0,56188740,97098450,40909710,0,100,100,true,0
27357,0,0,56188740,97098450,40909710,0,119,119,true,0
27358,0,0,56188740,97098450,40909710,0,94,94,true,0
27359,0,0,56188740,97103100,40914360,0,0,93,false,0
27360,0,0,56188740,97108250,40919510,0,6,109,false,0
27361,0,0,56188740,97113050,40924310,0,0,96,false,0
27362,0,0,56188740,97117850,40929110,0,0,96,false,0
27363,0,0,56188740,97117850,40929110,0,105,105,true,0
27364,0,0,56188740,97117850,40929110,0,114,114,true,0
27365,0,0,56188740,97122950,40934210,0,0,102,false,0
27366,0,0,56188740,97128100,40939360,0,4,107,false,0
27367,0,0,56188740,97132950,40944210,0,0,97,false,0
27368,0,0,56188740,97137500,40948760,0,0,91,false,0
27369,0,0,56188740,97142200,40953460,0,0,94,false,0
27370,0,0,56188740,97147350,40958610,0,0,103,false,0
27371,0,0,56188740,97150550,40961810,0,0,64,false,0
27372,0,0,56188740,97150550,40961810,0,102,102,true,0
27373,0,0,56188740,97150550,40961810,0,112,112,true,0
27374,0,0,56188740,97155400,40966660,0,0,97,false,0
27375,0,0,56188740,97159650,40970910,0,0,85,false,0
27376,0,0,56188740,97164800,40976060,0,4,107,false,0
27377,0,0,56188740,97169650,40980910,0,0,97,false,0
27378,0,0,56188740,97174700,40985960,0,0,101,false,0
27379,0,0,56188740,97174700,40985960,0,98,98,true,0
27380,0,0,56188740,97174700,40985960,0,90,90,true,0
27381,0,0,56188740,97174700,40985960,0,92,92,true,0
27382,0,0,56188740,97174700,40985960,0,85,85,true,0
27383,0,0,56188740,97179650,40990910,0,0,99,false,0
27384,0,0,56188740,97184750,40996010,0,0,102,false,0
27385,0,0,56188740,97189850,41001110,0,0,102,false,0
27386,0,0,56188740,97194750,41006010,0,0,98,false,0
27387,0,0,56188740,97199000,41010260,0,0,85,false,0
27388,0,0,56188740,97204150,41015410,0,11,114,false,0
27389,0,0,56188740,97209300,41020560,0,0,103,false,0
27390,0,0,56188740,97213950,41025210,0,0,93,false,0
27391,0,0,56188740,97219100,41030360,0,2,105,false,0
27392,0,0,56188740,97219100,41030360,0,97,97,true,0
27393,0,0,56188740,97219100,41030360,0,117,117,true,0
27394,0,0,56188740,97219100,41030360,0,88,88,true,0
27395,0,0,56188740,97223750,41035010,0,0,93,false,0
27396,0,0,56188740,97228900,41040160,0,10,113,false,0
27397,0,0,56188740,97233600,41044860,0,0,94,false,0
27398,0,0,56188740,97238750,41050010,0,7,110,false,0
27399,0,0,56188740,97243500,41054760,0,0,95,false,0
27400,0,0,56188740,97248300,41059560,0,0,96,false,0
27401,0,0,56188740,97253450,41064710,0,6,109,false,0
27402,0,0,56188740,97258350,41069610,0,0,98,false,0
27403,0,0,56188740,97262900,41074160,0,0,91,false,0
27404,0,0,56295360,97268050,40972690,0,3,106,false,0
27405,0,0,56295360,97273000,40977640,0,0,99,false,0
27406,0,0,56295360,97276950,40981590,0,0,79,false,0
27407,0,0,56295360,97282100,40986740,0,10,113,false,0
27408,0,0,56295360,97286400,40991040,0,0,86,false,0
27409,0,0,56295360,97291250,40995890,0,0,97,false,0
27410,0,0,56295360,97296150,41000790,0,0,98,false,0
27411,0,0,56295360,97299650,41004290,0,0,70,false,0
27412,0,0,56295360,97303600,41008240,0,0,79,false,0
27413,0,0,56295360,97308750,41013390,0,14,117,false,0
27414,0,0,56295360,97313150,41017790,0,0,88,false,0
27415,0,0,56295360,97317700,41022340,0,0,91,false,0
27416,0,0,56295360,97322850,41027490,0,0,103,false,0
27417,0,0,56295360,97328000,41032640,0,9,112,false,0
27418,0,0,56295360,97333150,41037790,0,0,103,false,0
27419,0,0,56295360,97338300,41042940,0,6,109,false,0
27420,0,0,56295360,97343450,41048090,0,3,106,false,0
27421,0,0,56295360,97348200,41052840,0,0,95,false,0
27422,0,0,56295360,97352950,41057590,0,0,95,false,0
27423,0,0,56295360,97357850,41062490,0,0,98,false,0
27424,0,0,56295360,97357850,41062490,0,91,91,true,0
27425,0,0,56295360,97357850,41062490,0,79,79,true,0
27426,0,0,56295360,97357850,41062490,0,92,92,true,0
27427,0,0,56295360,97357850,41062490,0,100,100,true,0
27428,0,0,56295360,97357850,41062490,0,100,100,true,0
27429,0,0,56295360,97363000,41067640,0,11,114,false,0
27430,0,0,56295360,97367400,41072040,0,0,88,false,0
27431,0,0,56295360,97367400,41072040,0,81,81,true,0
27432,0,0,56295360,97371900,41076540,0,0,90,false,0
27433,0,0,56295360,97377050,41081690,0,5,108,false,0
27434,0,0,56295360,97381900,41086540,0,0,97,false,0
27435,0,0,56295360,97387050,41091690,0,3,106,false,0
27436,0,0,56295360,97392000,41096640,0,0,99,false,0
27437,0,0,56295360,97397150,41101790,0,3,106,false,0
27438,0,0,56295360,97401700,41106340,0,0,91,false,0
27439,0,0,56295360,97406400,41111040,0,0,94,false,0
27440,0,0,56295360,97406400,41111040,0,108,108,true,0
27441,0,0,56295360,97411550,41116190,0,0,103,false,0
27442,0,0,56295360,97416650,41121290,0,0,102,false,0
27443,0,0,56295360,97421400,41126040,0,0,95,false,0
27444,0,0,56295360,97426200,41130840,0,0,96,false,0
27445,0,0,56295360,97431000,41135640,0,0,96,false,0
27446,0,0,56295360,97435700,41140340,0,0,94,false,0
27447,0,0,56295360,97440700,41145340,0,0,100,false,0
27448,0,0,56295360,97445850,41150490,0,8,111,false,0
27449,0,0,56295360,97451000,41155640,0,7,110,false,0
27450,0,0,56295360,97451000,41155640,0,85,85,true,0
27451,0,0,56295360,97455500,41160140,0,0,90,false,0
27452,0,0,56295360,97460650,41165290,0,23,126,false,0
27453,0,0,56295360,97465800,41170440,0,20,123,false,0
27454,0,0,56295360,97465800,41170440,0,100,100,true,0
27455,0,0,56295360,97465800,41170440,0,109,109,true,0
27456,0,0,56401980,97470900,41068920,0,0,102,false,0
27457,0,0,56401980,97476050,41074070,0,1,104,false,0
27458,0,0,56401980,97476050,41074070,0,97,97,true,0
27459,0,0,56401980,97481100,41079120,0,0,101,false,0
27460,0,0,56401980,97485600,41083620,0,0,90,false,0
27461,0,0,56401980,97489950,41087970,0,0,87,false,0
27462,0,0,56401980,97495000,41093020,0,0,101,false,0
27463,0,0,56401980,97500150,41098170,0,3,106,false,0
27464,0,0,56401980,97504550,41102570,0,0,88,false,0
27465,0,0,56401980,97509250,41107270,0,0,94,false,0
27466,0,0,56401980,97513200,41111220,0,0,79,false,0
27467,0,0,56401980,97518350,41116370,0,1,104,false,0
27468,0,0,56401980,97518350,41116370,0,96,96,true,0
27469,0,0,56401980,97518350,41116370,0,109,109,true,0
27470,0,0,56401980,97522950,41120970,0,0,92,false,0
27471,0,0,56401980,97527700,41125720,0,0,95,false,0
27472,0,0,56401980,97532750,41130770,0,0,101,false,0
27473,0,0,56401980,97537550,41135570,0,0,96,false,0
27474,0,0,56401980,97541950,41139970,0,0,88,false,0
27475,0,0,56401980,97546600,41144620,0,0,93,false,0
27476,0,0,56401980,97551350,41149370,0,0,95,false,0
27477,0,0,56401980,97556100,41154120,0,0,95,false,0
27478,0,0,56401980,97560800,41158820,0,0,94,false,0
27479,0,0,56401980,97565000,41163020,0,0,84,false,0
27480,0,0,56401980,97569750,41167770,0,0,95,false,0
27481,0,0,56401980,97574900,41172920,0,1,104,false,0
27482,0,0,56401980,97579300,41177320,0,0,88,false,0
27483,0,0,56401980,97583900,41181920,0,0,92,false,0
27484,0,0,56401980,97583900,41181920,0,93,93,true,0
27485,0,0,56401980,97589050,41187070,0,5,108,false,0
27486,0,0,56401980,97593300,41191320,0,0,85,false,0
27487,0,0,56401980,97598450,41196470,0,0,103,false,0
27488,0,0,56401980,97598450,41196470,0,111,111,true,0
27489,0,0,56401980,97598450,41196470,0,91,91,true,0
27490,0,0,56401980,97598450,41196470,0,107,107,true,0
27491,0,0,56401980,97598450,41196470,0,94,94,true,0
27492,0,0,56401980,97598450,41196470,0,103,103,true,0
27493,0,0,56401980,97602650,41200670,0,0,84,false,0
27494,0,0,56401980,97607800,41205820,0,4,107,false,0
27495,0,0,56401980,97612450,41210470,0,0,93,false,0
27496,0,0,56401980,97617600,41215620,0,15,118,false,0
27497,0,0,56401980,97622750,41220770,0,7,110,false,0
27498,0,0,56401980,97627900,41225920,0,1,104,false,0
27499,0,0,56401980,97633050,41231070,0,0,103,false,0
27500,0,0,56401980,97638200,41236220,0,5,108,false,0
27501,0,0,56401980,97643350,41241370,0,5,108,false,0
27502,0,0,56401980,97648450,41246470,0,0,102,false,0
27503,0,0,56401980,97653450,41251470,0,0,100,false,0
27504,0,0,56401980,97658600,41256620,0,16,119,false,0
27505,0,0,56401980,97663750,41261770,0,15,118,false,0
27506,0,0,56401980,97668900,41266920,0,1,104,false,0
27507,0,0,56401980,97674050,41272070,0,0,103,false,0
27508,0,0,56508600,97678500,41169900,0,0,89,false,0
27509,0,0,56508600,97683300,41174700,0,0,96,false,0
27510,0,0,56508600,97688450,41179850,0,9,112,false,0
27511,0,0,56508600,97693600,41185000,0,6,109,false,0
27512,0,0,56508600,97698750,41190150,0,15,118,false,0
27513,0,0,56508600,97703700,41195100,0,0,99,false,0
27514,0,0,56508600,97708200,41199600,0,0,90,false,0
27515,0,0,56508600,97712950,41204350,0,0,95,false,0
27516,0,0,56508600,97718000,41209400,0,0,101,false,0
27517,0,0,56508600,97723150,41214550,0,11,114,false,0
27518,0,0,56508600,97728150,41219550,0,0,100,false,0
27519,0,0,56508600,97728150,41219550,0,103,103,true,0
27520,0,0,56508600,97728150,41219550,0,113,113,true,0
27521,0,0,56508600,97728150,41219550,0,93,93,true,0
27522,0,0,56508600,97732750,41224150,0,0,92,false,0
27523,0,0,56508600,97737900,41229300,0,3,106,false,0
27524,0,0,56508600,97743050,41234450,0,7,110,false,0
27525,0,0,56508600,97747350,41238750,0,0,86,false,0
27526,0,0,56508600,97752500,41243900,0,11,114,false,0
27527,0,0,56508600,97757650,41249050,0,14,117,false,0
27528,0,0,56508600,97762800,41254200,0,0,103,false,0
27529,0,0,56508600,97767900,41259300,0,0,102,false,0
27530,0,0,56508600,97772850,41264250,0,0,99,false,0
27531,0,0,56508600,97778000,41269400,0,1,104,false,0
27532,0,0,56508600,97782150,41273550,0,0,83,false,0
27533,0,0,56508600,97782150,41273550,0,108,108,true,0
27534,0,0,56508600,97782150,41273550,0,109,109,true,0
27535,0,0,56508600,97782150,41273550,0,102,102,true,0
27536,0,0,56508600,97787250,41278650,0,0,102,false,0
27537,0,0,56508600,97792050,41283450,0,0,96,false,0
27538,0,0,56508600,97796950,41288350,0,0,98,false,0
27539,0,0,56508600,97801450,41292850,0,0,90,false,0
27540,0,0,56508600,97806150,41297550,0,0,94,false,0
27541,0,0,56508600,97811300,41302700,0,9,112,false,0
27542,0,0,56508600,97816250,41307650,0,0,99,false,0
27543,0,0,56508600,97820800,41312200,0,0,91,false,0
27544,0,0,56508600,97825950,41317350,0,11,114,false,0
27545,0,0,56508600,97830000,41321400,0,0,81,false,0
27546,0,0,56508600,97830000,41321400,0,111,111,true,0
27547,0,0,56508600,97830000,41321400,0,90,90,true,0
27548,0,0,56508600,97830000,41321400,0,88,88,true,0
27549,0,0,56508600,97830000,41321400,0,88,88,true,0
27550,0,0,56508600,97834450,41325850,0,0,89,false,0
27551,0,0,56508600,97839200,41330600,0,0,95,false,0
27552,0,0,56508600,97844350,41335750,0,17,120,false,0
27553,0,0,56508600,97849500,41340900,0,9,112,false,0
27554,0,0,56508600,97849500,41340900,0,106,106,true,0
27555,0,0,56508600,97849500,41340900,0,110,110,true,0
27556,0,0,56508600,97854650,41346050,0,3,106,false,0
27557,0,0,56508600,97859100,41350500,0,0,89,false,0
27558,0,0,56508600,97863950,41355350,0,0,97,false,0
27559,0,0,56508600,97868950,41360350,0,0,100,false,0
27560,0,0,56615220,97873650,41258430,0,0,94,false,0
27561,0,0,56615220,97878550,41263330,0,0,98,false,0
27562,0,0,56615220,97882750,41267530,0,0,84,false,0
27563,0,0,56615220,97887900,41272680,0,1,104,false,0
27564,0,0,56615220,97893050,41277830,0,1,104,false,0
27565,0,0,56615220,97898150,41282930,0,0,102,false,0
27566,0,0,56615220,97898150,41282930,0,93,93,true,0
27567,0,0,56615220,97903100,41287880,0,0,99,false,0
27568,0,0,56615220,97908150,41292930,0,0,101,false,0
27569,0,0,56615220,97913300,41298080,0,0,103,false,0
27570,0,0,56615220,97917950,41302730,0,0,93,false,0
27571,0,0,56615220,97917950,41302730,0,103,103,true,0
27572,0,0,56615220,97922300,41307080,0,0,87,false,0
27573,0,0,56615220,97927100,41311880,0,0,96,false,0
27574,0,0,56615220,97927100,41311880,0,97,97,true,0
27575,0,0,56615220,97931750,41316530,0,0,93,false,0
27576,0,0,56615220,97936900,41321680,0,13,116,false,0
27577,0,0,56615220,97942050,41326830,0,10,113,false,0
27578,0,0,56615220,97946750,41331530,0,0,94,false,0
27579,0,0,56615220,97946750,41331530,0,76,76,true,0
27580,0,0,56615220,97946750,41331530,0,89,89,true,0
27581,0,0,56615220,97951800,41336580,0,0,101,false,0
27582,0,0,56615220,97956500,41341280,0,0,94,false,0
27583,0,0,56615220,97956500,41341280,0,98,98,true,0
27584,0,0,56615220,97961650,41346430,0,1,104,false,0
27585,0,0,56615220,97966550,41351330,0,0,98,false,0
27586,0,0,56615220,97971600,41356380,0,0,101,false,0
27587,0,0,56615220,97976750,41361530,0,18,121,false,0
27588,0,0,56615220,97981400,41366180,0,0,93,false,0
27589,0,0,56615220,97986150,41370930,0,0,95,false,0
27590,0,0,56615220,97990950,41375730,0,0,96,false,0
27591,0,0,56615220,97995950,41380730,0,0,100,false,0
27592,0,0,56615220,98001100,41385880,0,8,111,false,0
27593,0,0,56615220,98006250,41391030,0,12,115,false,0
27594,0,0,56615220,98011400,41396180,0,2,105,false,0
27595,0,0,56615220,98016250,41401030,0,0,97,false,0
27596,0,0,56615220,98021400,41406180,0,1,104,false,0
27597,0,0,56615220,98026200,41410980,0,0,96,false,0
27598,0,0,56615220,98030100,41414880,0,0,78,false,0
27599,0,0,56615220,98035250,41420030,0,8,111,false,0
27600,0,0,56615220,98040400,41425180,0,18,121,false,0
27601,0,0,56615220,98045550,41430330,0,5,108,false,0
27602,0,0,56615220,98049850,41434630,0,0,86,false,0
27603,0,0,56615220,98049850,41434630,0,109,109,true,0
27604,0,0,56615220,98054750,41439530,0,0,98,false,0
27605,0,0,56615220,98059400,41444180,0,0,93,false,0
27606,0,0,56615220,98064300,41449080,0,0,98,false,0
27607,0,0,56615220,98068950,41453730,0,0,93,false,0
27608,0,0,56615220,98073200,41457980,0,0,85,false,0
27609,0,0,56615220,98078200,41462980,0,0,100,false,0
27610,0,0,56615220,98082950,41467730,0,0,95,false,0
27611,0,0,56615220,98082950,41467730,0,92,92,true,0
27612,0,0,56721840,98082950,41361110,0,109,109,true,0
27613,0,0,56721840,98082950,41361110,0,107,107,true,0
27614,0,0,56721840,98082950,41361110,0,103,103,true,0
27615,0,0,56721840,98088100,41366260,0,4,107,false,0
27616,0,0,56721840,98093150,41371310,0,0,101,false,0
27617,0,0,56721840,98098300,41376460,0,13,116,false,0
27618,0,0,56721840,98103450,41381610,0,1,104,false,0
27619,0,0,56721840,98108600,41386760,0,5,108,false,0
27620,0,0,56721840,98113650,41391810,0,0,101,false,0
27621,0,0,56721840,98113650,41391810,0,97,97,true,0
27622,0,0,56721840,98118200,41396360,0,0,91,false,0
27623,0,0,56721840,98123350,41401510,0,4,107,false,0
27624,0,0,56721840,98128150,41406310,0,0,96,false,0
27625,0,0,56721840,98133300,41411460,0,14,117,false,0
27626,0,0,56721840,98138450,41416610,0,0,103,false,0
27627,0,0,56721840,98142750,41420910,0,0,86,false,0
27628,0,0,56721840,98147550,41425710,0,0,96,false,0
27629,0,0,56721840,98152300,41430460,0,0,95,false,0
27630,0,0,56721840,98157450,41435610,0,1,104,false,0
27631,0,0,56721840,98157450,41435610,0,91,91,true,0
27632,0,0,56721840,98157450,41435610,0,96,96,true,0
27633,0,0,56721840,98162600,41440760,0,4,107,false,0
27634,0,0,56721840,98167300,41445460,0,0,94,false,0
27635,0,0,56721840,98167300,41445460,0,99,99,true,0
27636,0,0,56721840,98167300,41445460,0,93,93,true,0
27637,0,0,56721840,98167300,41445460,0,101,101,true,0
27638,0,0,56721840,98167300,41445460,0,98,98,true,0
27639,0,0,56721840,98167300,41445460,0,92,92,true,0
27640,0,0,56721840,98167300,41445460,0,92,92,true,0
27641,0,0,56721840,98171900,41450060,0,0,92,false,0
27642,0,0,56721840,98177050,41455210,0,1,104,false,0
27643,0,0,56721840,98182200,41460360,0,1,104,false,0
27644,0,0,56721840,98187350,41465510,0,11,114,false,0
27645,0,0,56721840,98192350,41470510,0,0,100,false,0
27646,0,0,56721840,98196500,41474660,0,0,83,false,0
27647,0,0,56721840,98201650,41479810,0,8,111,false,0
27648,0,0,56721840,98206800,41484960,0,7,110,false,0
27649,0,0,56721840,98211950,41490110,0,9,112,false,0
27650,0,0,56721840,98216700,41494860,0,0,95,false,0
27651,0,0,56721840,98221750,41499910,0,0,101,false,0
27652,0,0,56721840,98225450,41503610,0,0,74,false,0
27653,0,0,56721840,98230600,41508760,0,7,110,false,0
27654,0,0,56721840,98235250,41513410,0,0,93,false,0
27655,0,0,56721840,98238850,41517010,0,0,72,false,0
27656,0,0,56721840,98243350,41521510,0,0,90,false,0
27657,0,0,56721840,98248500,41526660,0,0,103,false,0
27658,0,0,56721840,98253650,41531810,0,8,111,false,0
27659,0,0,56721840,98258800,41536960,0,2,105,false,0
27660,0,0,56721840,98263950,41542110,0,1,104,false,0
27661,0,0,56721840,98269100,41547260,0,3,106,false,0
27662,0,0,56721840,98269100,41547260,0,99,99,true,0
27663,0,0,56721840,98273950,41552110,0,0,97,false,0
27664,0,0,56828460,98279100,41450640,0,9,112,false,0
27665,0,0,56828460,98283400,41454940,0,0,86,false,0
27666,0,0,56828460,98288000,41459540,0,0,92,false,0
27667,0,0,56828460,98292550,41464090,0,0,91,false,0
27668,0,0,56828460,98297700,41469240,0,8,111,false,0
27669,0,0,56828460,98302850,41474390,0,12,115,false,0
27670,0,0,56828460,98307450,41478990,0,0,92,false,0
27671,0,0,56828460,98312600,41484140,0,7,110,false,0
27672,0,0,56828460,98317750,41489290,0,13,116,false,0
27673,0,0,56828460,98322350,41493890,0,0,92,false,0
27674,0,0,56828460,98327450,41498990,0,0,102,false,0
27675,0,0,56828460,98332600,41504140,0,2,105,false,0
27676,0,0,56828460,98337400,41508940,0,0,96,false,0
27677,0,0,56828460,98342550,41514090,0,6,109,false,0
27678,0,0,56828460,98342550,41514090,0,90,90,true,0
27679,0,0,56828460,98342550,41514090,0,113,113,true,0
27680,0,0,56828460,98347700,41519240,0,9,112,false,0
27681,0,0,56828460,98352850,41524390,0,7,110,false,0
27682,0,0,56828460,98358000,41529540,0,2,105,false,0
27683,0,0,56828460,98363150,41534690,0,15,118,false,0
27684,0,0,56828460,98363150,41534690,0,105,105,true,0
27685,0,0,56828460,98368300,41539840,0,8,111,false,0
27686,0,0,56828460,98373100,41544640,0,0,96,false,0
27687,0,0,56828460,98378250,41549790,0,3,106,false,0
27688,0,0,56828460,98382650,41554190,0,0,88,false,0
27689,0,0,56828460,98387750,41559290,0,0,102,false,0
27690,0,0,56828460,98392100,41563640,0,0,87,false,0
27691,0,0,56828460,98396350,41567890,0,0,85,false,0
27692,0,0,56828460,98401500,41573040,0,5,108,false,0
27693,0,0,56828460,98406650,41578190,0,8,111,false,0
27694,0,0,56828460,98411800,41583340,0,9,112,false,0
27695,0,0,56828460,98416200,41587740,0,0,88,false,0
27696,0,0,56828460,98421150,41592690,0,0,99,false,0
27697,0,0,56828460,98426300,41597840,0,7,110,false,0
27698,0,0,56828460,98426300,41597840,0,106,106,true,0
27699,0,0,56828460,98426300,41597840,0,113,113,true,0
27700,0,0,56828460,98431450,41602990,0,16,119,false,0
27701,0,0,56828460,98436250,41607790,0,0,96,false,0
27702,0,0,56828460,98436250,41607790,0,98,98,true,0
27703,0,0,56828460,98436250,41607790,0,80,80,true,0
27704,0,0,56828460,98436250,41607790,0,98,98,true,0
27705,0,0,56828460,98440550,41612090,0,0,86,false,0
27706,0,0,56828460,98444450,41615990,0,0,78,false,0
27707,0,0,56828460,98449600,41621140,0,1,104,false,0
27708,0,0,56828460,98454700,41626240,0,0,102,false,0
27709,0,0,56828460,98459000,41630540,0,0,86,false,0
27710,0,0,56828460,98464150,41635690,0,0,103,false,0
27711,0,0,56828460,98468600,41640140,0,0,89,false,0
27712,0,0,56828460,98468600,41640140,0,105,105,true,0
27713,0,0,56828460,98468600,41640140,0,90,90,true,0
27714,0,0,56828460,98468600,41640140,0,114,114,true,0
27715,0,0,56828460,98468600,41640140,0,98,98,true,0
27716,0,0,56935080,98468600,41533520,0,110,110,true,0
27717,0,0,56935080,98473750,41538670,0,5,108,false,0
27718,0,0,56935080,98478650,41543570,0,0,98,false,0
27719,0,0,56935080,98483800,41548720,0,2,105,false,0
27720,0,0,56935080,98488850,41553770,0,0,101,false,0
27721,0,0,56935080,98488850,41553770,0,98,98,true,0
27722,0,0,56935080,98488850,41553770,0,106,106,true,0
27723,0,0,56935080,98488850,41553770,0,100,100,true,0
27724,0,0,56935080,98493300,41558220,0,0,89,false,0
27725,0,0,56935080,98497500,41562420,0,0,84,false,0
27726,0,0,56935080,98497500,41562420,0,89,89,true,0
27727,0,0,56935080,98502050,41566970,0,0,91,false,0
27728,0,0,56935080,98506700,41571620,0,0,93,false,0
27729,0,0,56935080,98506700,41571620,0,87,87,true,0
27730,0,0,56935080,98511850,41576770,0,1,104,false,0
27731,0,0,56935080,98516750,41581670,0,0,98,false,0
27732,0,0,56935080,98521900,41586820,0,5,108,false,0
27733,0,0,56935080,98527050,41591970,0,12,115,false,0
27734,0,0,56935080,98531850,41596770,0,0,96,false,0
27735,0,0,56935080,98536300,41601220,0,0,89,false,0
27736,0,0,56935080,98541400,41606320,0,0,102,false,0
27737,0,0,56935080,98546000,41610920,0,0,92,false,0
27738,0,0,56935080,98550850,41615770,0,0,97,false,0
27739,0,0,56935080,98555450,41620370,0,0,92,false,0
27740,0,0,56935080,98555450,41620370,0,105,105,true,0
27741,0,0,56935080,98560250,41625170,0,0,96,false,0
27742,0,0,56935080,98564700,41629620,0,0,89,false,0
27743,0,0,56935080,98569750,41634670,0,0,101,false,0
27744,0,0,56935080,98574850,41639770,0,0,102,false,0
27745,0,0,56935080,98579650,41644570,0,0,96,false,0
27746,0,0,56935080,98584800,41649720,0,3,106,false,0
27747,0,0,56935080,98589950,41654870,0,12,115,false,0
27748,0,0,56935080,98595100,41660020,0,6,109,false,0
27749,0,0,56935080,98595100,41660020,0,100,100,true,0
27750,0,0,56935080,98595100,41660020,0,104,104,true,0
27751,0,0,56935080,98595100,41660020,0,87,87,true,0
27752,0,0,56935080,98595100,41660020,0,108,108,true,0
27753,0,0,56935080,98595100,41660020,0,107,107,true,0
27754,0,0,56935080,98595100,41660020,0,97,97,true,0
27755,0,0,56935080,98599850,41664770,0,0,95,false,0
27756,0,0,56935080,98604700,41669620,0,0,97,false,0
27757,0,0,56935080,98609400,41674320,0,0,94,false,0
27758,0,0,56935080,98614550,41679470,0,0,103,false,0
27759,0,0,56935080,98618000,41682920,0,0,69,false,0
27760,0,0,56935080,98623150,41688070,0,1,104,false,0
27761,0,0,56935080,98627900,41692820,0,0,95,false,0
27762,0,0,56935080,98632900,41697820,0,0,100,false,0
27763,0,0,56935080,98638050,41702970,0,4,107,false,0
27764,0,0,56935080,98642900,41707820,0,0,97,false,0
27765,0,0,56935080,98648050,41712970,0,5,108,false,0
27766,0,0,56935080,98653050,41717970,0,0,100,false,0
27767,0,0,56935080,98657450,41722370,0,0,88,false,0
27768,0,0,57041700,98662200,41620500,0,0,95,false,0
27769,0,0,57041700,98662200,41620500,0,100,100,true,0
27770,0,0,57041700,98662200,41620500,0,119,119,true,0
27771,0,0,57041700,98662200,41620500,0,114,114,true,0
27772,0,0,57041700,98662200,41620500,0,104,104,true,0
27773,0,0,57041700,98667350,41625650,0,1,104,false,0
27774,0,0,57041700,98672500,41630800,0,0,103,false,0
27775,0,0,57041700,98676400,41634700,0,0,78,false,0
27776,0,0,57041700,98680700,41639000,0,0,86,false,0
27777,0,0,57041700,98685600,41643900,0,0,98,false,0
27778,0,0,57041700,98690200,41648500,0,0,92,false,0
27779,0,0,57041700,98695350,41653650,0,20,123,false,0
27780,0,0,57041700,98700500,41658800,0,5,108,false,0
27781,0,0,57041700,98704600,41662900,0,0,82,false,0
27782,0,0,57041700,98709050,41667350,0,0,89,false,0
27783,0,0,57041700,98709050,41667350,0,110,110,true,0
27784,0,0,57041700,98709050,41667350,0,97,97,true,0
27785,0,0,57041700,98709050,41667350,0,94,94,true,0
27786,0,0,57041700,98714150,41672450,0,0,102,false,0
27787,0,0,57041700,98719150,41677450,0,0,100,false,0
27788,0,0,57041700,98724300,41682600,0,1,104,false,0
27789,0,0,57041700,98728300,41686600,0,0,80,false,0
27790,0,0,57041700,98728300,41686600,0,112,112,true,0
27791,0,0,57041700,98733300,41691600,0,0,100,false,0
27792,0,0,57041700,98737400,41695700,0,0,82,false,0
27793,0,0,57041700,98742550,41700850,0,16,119,false,0
27794,0,0,57041700,98747400,41705700,0,0,97,false,0
27795,0,0,57041700,98751850,41710150,0,0,89,false,0
27796,0,0,57041700,98756350,41714650,0,0,90,false,0
27797,0,0,57041700,98756350,41714650,0,99,99,true,0
27798,0,0,57041700,98756350,41714650,0,114,114,true,0
27799,0,0,57041700,98761500,41719800,0,5,108,false,0
27800,0,0,57041700,98766600,41724900,0,0,102,false,0
27801,0,0,57041700,98766600,41724900,0,110,110,true,0
27802,0,0,57041700,98766600,41724900,0,111,111,true,0
27803,0,0,57041700,98766600,41724900,0,110,110,true,0
27804,0,0,57041700,98766600,41724900,0,90,90,true,0
27805,0,0,57041700,98771750,41730050,0,1,104,false,0
27806,0,0,57041700,98776700,41735000,0,0,99,false,0
27807,0,0,57041700,98781850,41740150,0,10,113,false,0
27808,0,0,57041700,98786500,41744800,0,0,93,false,0
27809,0,0,57041700,98786500,41744800,0,103,103,true,0
27810,0,0,57041700,98786500,41744800,0,106,106,true,0
27811,0,0,57041700,98790950,41749250,0,0,89,false,0
27812,0,0,57041700,98795900,41754200,0,0,99,false,0
27813,0,0,57041700,98800650,41758950,0,0,95,false,0
27814,0,0,57041700,98800650,41758950,0,114,114,true,0
27815,0,0,57041700,98805250,41763550,0,0,92,false,0
27816,0,0,57041700,98810400,41768700,0,6,109,false,0
27817,0,0,57041700,98815550,41773850,0,6,109,false,0
27818,0,0,57041700,98820700,41779000,0,9,112,false,0
27819,0,0,57041700,98825200,41783500,0,0,90,false,0
27820,0,0,57148320,98829600,41681280,0,0,88,false,0
27821,0,0,57148320,98834750,41686430,0,9,112,false,0
27822,0,0,57148320,98839700,41691380,0,0,99,false,0
27823,0,0,57148320,98844850,41696530,0,0,103,false,0
27824,0,0,57148320,98850000,41701680,0,3,106,false,0
27825,0,0,57148320,98854200,41705880,0,0,84,false,0
27826,0,0,57148320,98859350,41711030,0,2,105,false,0
27827,0,0,57148320,98864500,41716180,0,1,104,false,0
27828,0,0,57148320,98869650,41721330,0,31,134,false,0
27829,0,0,57148320,98874500,41726180,0,0,97,false,0
27830,0,0,57148320,98878850,41730530,0,0,87,false,0
27831,0,0,57148320,98883150,41734830,0,0,86,false,0
27832,0,0,57148320,98887800,41739480,0,0,93,false,0
27833,0,0,57148320,98892950,41744630,0,3,106,false,0
27834,0,0,57148320,98897000,41748680,0,0,81,false,0
27835,0,0,57148320,98902150,41753830,0,2,105,false,0
27836,0,0,57148320,98906650,41758330,0,0,90,false,0
27837,0,0,57148320,98906650,41758330,0,106,106,true,0
27838,0,0,57148320,98906650,41758330,0,102,102,true,0
27839,0,0,57148320,98906650,41758330,0,97,97,true,0
27840,0,0,57148320,98906650,41758330,0,92,92,true,0
27841,0,0,57148320,98910950,41762630,0,0,86,false,0
27842,0,0,57148320,98915750,41767430,0,0,96,false,0
27843,0,0,57148320,98920400,41772080,0,0,93,false,0
27844,0,0,57148320,98920400,41772080,0,93,93,true,0
27845,0,0,57148320,98924600,41776280,0,0,84,false,0
27846,0,0,57148320,98929550,41781230,0,0,99,false,0
27847,0,0,57148320,98929550,41781230,0,94,94,true,0
27848,0,0,57148320,98934700,41786380,0,2,105,false,0
27849,0,0,57148320,98939450,41791130,0,0,95,false,0
27850,0,0,57148320,98939450,41791130,0,90,90,true,0
27851,0,0,57148320,98939450,41791130,0,92,92,true,0
27852,0,0,57148320,98939450,41791130,0,90,90,true,0
27853,0,0,57148320,98944500,41796180,0,0,101,false,0
27854,0,0,57148320,98949650,41801330,0,6,109,false,0
27855,0,0,57148320,98954800,41806480,0,11,114,false,0
27856,0,0,57148320,98954800,41806480,0,96,96,true,0
27857,0,0,57148320,98954800,41806480,0,96,96,true,0
27858,0,0,57148320,98954800,41806480,0,101,101,true,0
27859,0,0,57148320,98954800,41806480,0,98,98,true,0
27860,0,0,57148320,98954800,41806480,0,100,100,true,0
27861,0,0,57148320,98954800,41806480,0,101,101,true,0
27862,0,0,57148320,98959700,41811380,0,0,98,false,0
27863,0,0,57148320,98964450,41816130,0,0,95,false,0
27864,0,0,57148320,98964450,41816130,0,85,85,true,0
27865,0,0,57148320,98964450,41816130,0,104,104,true,0
27866,0,0,57148320,98969400,41821080,0,0,99,false,0
27867,0,0,57148320,98974550,41826230,0,10,113,false,0
27868,0,0,57148320,98974550,41826230,0,92,92,true,0
27869,0,0,57148320,98974550,41826230,0,117,117,true,0
27870,0,0,57148320,98974550,41826230,0,84,84,true,0
27871,0,0,57148320,98979000,41830680,0,0,89,false,0
27872,0,0,57254940,98983750,41728810,0,0,95,false,0
27873,0,0,57254940,98988800,41733860,0,0,101,false,0
27874,0,0,57254940,98993750,41738810,0,0,99,false,0
27875,0,0,57254940,98998550,41743610,0,0,96,false,0
27876,0,0,57254940,99003700,41748760,0,0,103,false,0
27877,0,0,57254940,99008850,41753910,0,4,107,false,0
27878,0,0,57254940,99013700,41758760,0,0,97,false,0
27879,0,0,57254940,99018200,41763260,0,0,90,false,0
27880,0,0,57254940,99018200,41763260,0,91,91,true,0
27881,0,0,57254940,99018200,41763260,0,104,104,true,0
27882,0,0,57254940,99018200,41763260,0,84,84,true,0
27883,0,0,57254940,99018200,41763260,0,92,92,true,0
27884,0,0,57254940,99018200,41763260,0,86,86,true,0
27885,0,0,57254940,99018200,41763260,0,100,100,true,0
27886,0,0,57254940,99018200,41763260,0,98,98,true,0
27887,0,0,57254940,99018200,41763260,0,110,110,true,0
27888,0,0,57254940,99018200,41763260,0,75,75,true,0
27889,0,0,57254940,99023350,41768410,0,6,109,false,0
27890,0,0,57254940,99028500,41773560,0,0,103,false,0
27891,0,0,57254940,99033650,41778710,0,11,114,false,0
27892,0,0,57254940,99038250,41783310,0,0,92,false,0
27893,0,0,57254940,99038250,41783310,0,111,111,true,0
27894,0,0,57254940,99043400,41788460,0,6,109,false,0
27895,0,0,57254940,99047850,41792910,0,0,89,false,0
27896,0,0,57254940,99052750,41797810,0,0,98,false,0
27897,0,0,57254940,99057900,41802960,0,0,103,false,0
27898,0,0,57254940,99057900,41802960,0,102,102,true,0
27899,0,0,57254940,99062600,41807660,0,0,94,false,0
27900,0,0,57254940,99067750,41812810,0,3,106,false,0
27901,0,0,57254940,99072900,41817960,0,13,116,false,0
27902,0,0,57254940,99076900,41821960,0,0,80,false,0
27903,0,0,57254940,99076900,41821960,0,104,104,true,0
27904,0,0,57254940,99081800,41826860,0,0,98,false,0
27905,0,0,57254940,99086450,41831510,0,0,93,false,0
27906,0,0,57254940,99091600,41836660,0,2,105,false,0
27907,0,0,57254940,99095950,41841010,0,0,87,false,0
27908,0,0,57254940,99100300,41845360,0,0,87,false,0
27909,0,0,57254940,99100300,41845360,0,93,93,true,0
27910,0,0,57254940,99100300,41845360,0,105,105,true,0
27911,0,0,57254940,99104750,41849810,0,0,89,false,0
27912,0,0,57254940,99109550,41854610,0,0,96,false,0
27913,0,0,57254940,99114700,41859760,0,6,109,false,0
27914,0,0,57254940,99119850,41864910,0,1,104,false,0
27915,0,0,57254940,99124550,41869610,0,0,94,false,0
27916,0,0,57254940,99129700,41874760,0,4,107,false,0
27917,0,0,57254940,99134850,41879910,0,3,106,false,0
27918,0,0,57254940,99139800,41884860,0,0,99,false,0
27919,0,0,57254940,99144950,41890010,0,2,105,false,0
27920,0,0,57254940,99150100,41895160,0,0,103,false,0
27921,0,0,57254940,99155250,41900310,0,8,111,false,0
27922,0,0,57254940,99159500,41904560,0,0,85,false,0
27923,0,0,57254940,99164450,41909510,0,0,99,false,0
27924,0,0,57361560,99164450,41802890,0,97,97,true,0
27925,0,0,57361560,99164450,41802890,0,91,91,true,0
27926,0,0,57361560,99169500,41807940,0,0,101,false,0
27927,0,0,57361560,99174650,41813090,0,0,103,false,0
27928,0,0,57361560,99174650,41813090,0,93,93,true,0
27929,0,0,57361560,99174650,41813090,0,82,82,true,0
27930,0,0,57361560,99174650,41813090,0,107,107,true,0
27931,0,0,57361560,99174650,41813090,0,95,95,true,0
27932,0,0,57361560,99174650,41813090,0,106,106,true,0
27933,0,0,57361560,99178800,41817240,0,0,83,false,0
27934,0,0,57361560,99183950,41822390,0,15,118,false,0
27935,0,0,57361560,99188150,41826590,0,0,84,false,0
27936,0,0,57361560,99192550,41830990,0,0,88,false,0
27937,0,0,57361560,99192550,41830990,0,93,93,true,0
27938,0,0,57361560,99192550,41830990,0,88,88,true,0
27939,0,0,57361560,99192550,41830990,0,107,107,true,0
27940,0,0,57361560,99192550,41830990,0,107,107,true,0
27941,0,0,57361560,99197700,41836140,0,2,105,false,0
27942,0,0,57361560,99202600,41841040,0,0,98,false,0
27943,0,0,57361560,99202600,41841040,0,105,105,true,0
27944,0,0,57361560,99202600,41841040,0,97,97,true,0
27945,0,0,57361560,99202600,41841040,0,99,99,true,0
27946,0,0,57361560,99202600,41841040,0,106,106,true,0
27947,0,0,57361560,99202600,41841040,0,84,84,true,0
27948,0,0,57361560,99207700,41846140,0,0,102,false,0
27949,0,0,57361560,99212550,41850990,0,0,97,false,0
27950,0,0,57361560,99217200,41855640,0,0,93,false,0
27951,0,0,57361560,99222100,41860540,0,0,98,false,0
27952,0,0,57361560,99222100,41860540,0,87,87,true,0
27953,0,0,57361560,99222100,41860540,0,101,101,true,0
27954,0,0,57361560,99222100,41860540,0,123,123,true,0
27955,0,0,57361560,99227100,41865540,0,0,100,false,0
27956,0,0,57361560,99232150,41870590,0,0,101,false,0
27957,0,0,57361560,99236100,41874540,0,0,79,false,0
27958,0,0,57361560,99240200,41878640,0,0,82,false,0
27959,0,0,57361560,99240200,41878640,0,110,110,true,0
27960,0,0,57361560,99240200,41878640,0,96,96,true,0
27961,0,0,57361560,99240200,41878640,0,99,99,true,0
27962,0,0,57361560,99245050,41883490,0,0,97,false,0
27963,0,0,57361560,99249800,41888240,0,0,95,false,0
27964,0,0,57361560,99254950,41893390,0,5,108,false,0
27965,0,0,57361560,99260000,41898440,0,0,101,false,0
27966,0,0,57361560,99264750,41903190,0,0,95,false,0
27967,0,0,57361560,99269200,41907640,0,0,89,false,0
27968,0,0,57361560,99273800,41912240,0,0,92,false,0
27969,0,0,57361560,99278850,41917290,0,0,101,false,0
27970,0,0,57361560,99283750,41922190,0,0,98,false,0
27971,0,0,57361560,99288900,41927340,0,22,125,false,0
27972,0,0,57361560,99294050,41932490,0,18,121,false,0
27973,0,0,57361560,99299100,41937540,0,0,101,false,0
27974,0,0,57361560,99304250,41942690,0,7,110,false,0
27975,0,0,57361560,99309350,41947790,0,0,102,false,0
27976,0,0,57468180,99314500,41846320,0,14,117,false,0
27977,0,0,57468180,99319100,41850920,0,0,92,false,0
27978,0,0,57468180,99323800,41855620,0,0,94,false,0
27979,0,0,57468180,99323800,41855620,0,97,97,true,0
27980,0,0,57468180,99323800,41855620,0,79,79,true,0
27981,0,0,57468180,99323800,41855620,0,93,93,true,0
27982,0,0,57468180,99323800,41855620,0,109,109,true,0
27983,0,0,57468180,99328950,41860770,0,13,116,false,0
27984,0,0,57468180,99333700,41865520,0,0,95,false,0
27985,0,0,57468180,99338700,41870520,0,0,100,false,0
27986,0,0,57468180,99343650,41875470,0,0,99,false,0
27987,0,0,57468180,99348800,41880620,0,0,103,false,0
27988,0,0,57468180,99353450,41885270,0,0,93,false,0
27989,0,0,57468180,99358600,41890420,0,16,119,false,0
27990,0,0,57468180,99358600,41890420,0,82,82,true,0
27991,0,0,57468180,99358600,41890420,0,103,103,true,0
27992,0,0,57468180,99358600,41890420,0,112,112,true,0
27993,0,0,57468180,99363750,41895570,0,4,107,false,0
27994,0,0,57468180,99368600,41900420,0,0,97,false,0
27995,0,0,57468180,99373400,41905220,0,0,96,false,0
27996,0,0,57468180,99378250,41910070,0,0,97,false,0
27997,0,0,57468180,99382850,41914670,0,0,92,false,0
27998,0,0,57468180,99382850,41914670,0,103,103,true,0
27999,0,0,57468180,99382850,41914670,0,107,107,true,0
28000,0,0,57468180,99382850,41914670,0,125,125,true,0
28001,0,0,57468180,99382850,41914670,0,99,99,true,0
28002,0,0,57468180,99387800,41919620,0,0,99,false,0
28003,0,0,57468180,99392650,41924470,0,0,97,false,0
28004,0,0,57468180,99397800,41929620,0,3,106,false,0
28005,0,0,57468180,99402900,41934720,0,0,102,false,0
28006,0,0,57468180,99407800,41939620,0,0,98,false,0
28007,0,0,57468180,99412950,41944770,0,0,103,false,0
28008,0,0,57468180,99418100,41949920,0,2,105,false,0
28009,0,0,57468180,99423250,41955070,0,7,110,false,0
28010,0,0,57468180,99427650,41959470,0,0,88,false,0
28011,0,0,57468180,99432400,41964220,0,0,95,false,0
28012,0,0,57468180,99436850,41968670,0,0,89,false,0
28013,0,0,57468180,99441550,41973370,0,0,94,false,0
28014,0,0,57468180,99446400,41978220,0,0,97,false,0
28015,0,0,57468180,99451550,41983370,0,3,106,false,0
28016,0,0,57468180,99456700,41988520,0,2,105,false,0
28017,0,0,57468180,99461850,41993670,0,8,111,false,0
28018,0,0,57468180,99466800,41998620,0,0,99,false,0
28019,0,0,57468180,99471950,42003770,0,8,111,false,0
28020,0,0,57468180,99471950,42003770,0,104,104,true,0
28021,0,0,57468180,99471950,42003770,0,90,90,true,0
28022,0,0,57468180,99471950,42003770,0,101,101,true,0
28023,0,0,57468180,99476850,42008670,0,0,98,false,0
28024,0,0,57468180,99481100,42012920,0,0,85,false,0
28025,0,0,57468180,99485150,42016970,0,0,81,false,0
28026,0,0,57468180,99490300,42022120,0,9,112,false,0
28027,0,0,57468180,99495450,42027270,0,11,114,false,0
28028,0,0,57574800,99499150,41924350,0,0,74,false,0
28029,0,0,57574800,99504300,41929500,0,4,107,false,0
28030,0,0,57574800,99509450,41934650,0,8,111,false,0
28031,0,0,57574800,99513650,41938850,0,0,84,false,0
28032,0,0,57574800,99513650,41938850,0,94,94,true,0
28033,0,0,57574800,99517550,41942750,0,0,78,false,0
28034,0,0,57574800,99522200,41947400,0,0,93,false,0
28035,0,0,57574800,99526800,41952000,0,0,92,false,0
28036,0,0,57574800,99526800,41952000,0,101,101,true,0
28037,0,0,57574800,99526800,41952000,0,80,80,true,0
28038,0,0,57574800,99526800,41952000,0,90,90,true,0
28039,0,0,57574800,99526800,41952000,0,81,81,true,0
28040,0,0,57574800,99531850,41957050,0,0,101,false,0
28041,0,0,57574800,99536750,41961950,0,0,98,false,0
28042,0,0,57574800,99536750,41961950,0,87,87,true,0
28043,0,0,57574800,99541900,41967100,0,9,112,false,0
28044,0,0,57574800,99547050,41972250,0,1,104,false,0
28045,0,0,57574800,99552200,41977400,0,0,103,false,0
28046,0,0,57574800,99557350,41982550,0,7,110,false,0
28047,0,0,57574800,99562500,41987700,0,10,113,false,0
28048,0,0,57574800,99567650,41992850,0,2,105,false,0
28049,0,0,57574800,99572800,41998000,0,1,104,false,0
28050,0,0,57574800,99577900,42003100,0,0,102,false,0
28051,0,0,57574800,99577900,42003100,0,103,103,true,0
28052,0,0,57574800,99583050,42008250,0,2,105,false,0
28053,0,0,57574800,99587650,42012850,0,0,92,false,0
28054,0,0,57574800,99592800,42018000,0,5,108,false,0
28055,0,0,57574800,99597750,42022950,0,0,99,false,0
28056,0,0,57574800,99602900,42028100,0,10,113,false,0
28057,0,0,57574800,99607850,42033050,0,0,99,false,0
28058,0,0,57574800,99613000,42038200,0,7,110,false,0
28059,0,0,57574800,99618150,42043350,0,4,107,false,0
28060,0,0,57574800,99623300,42048500,0,1,104,false,0
28061,0,0,57574800,99623300,42048500,0,102,102,true,0
28062,0,0,57574800,99623300,42048500,0,102,102,true,0
28063,0,0,57574800,99623300,42048500,0,101,101,true,0
28064,0,0,57574800,99623300,42048500,0,117,117,true,0
28065,0,0,57574800,99628350,42053550,0,0,101,false,0
28066,0,0,57574800,99633500,42058700,0,4,107,false,0
28067,0,0,57574800,99638100,42063300,0,0,92,false,0
28068,0,0,57574800,99642450,42067650,0,0,87,false,0
28069,0,0,57574800,99647300,42072500,0,0,97,false,0
28070,0,0,57574800,99652450,42077650,0,2,105,false,0
28071,0,0,57574800,99657600,42082800,0,12,115,false,0
28072,0,0,57574800,99662750,42087950,0,5,108,false,0
28073,0,0,57574800,99667900,42093100,0,14,117,false,0
28074,0,0,57574800,99672500,42097700,0,0,92,false,0
28075,0,0,57574800,99672500,42097700,0,107,107,true,0
28076,0,0,57574800,99677100,42102300,0,0,92,false,0
28077,0,0,57574800,99681400,42106600,0,0,86,false,0
28078,0,0,57574800,99685900,42111100,0,0,90,false,0
28079,0,0,57574800,99685900,42111100,0,112,112,true,0
28080,0,0,57681420,99690650,42009230,0,0,95,false,0
28081,0,0,57681420,99695450,42014030,0,0,96,false,0
28082,0,0,57681420,99699450,42018030,0,0,80,false,0
28083,0,0,57681420,99703450,42022030,0,0,80,false,0
28084,0,0,57681420,99703450,42022030,0,110,110,true,0
28085,0,0,57681420,99708600,42027180,0,9,112,false,0
28086,0,0,57681420,99713750,42032330,0,9,112,false,0
28087,0,0,57681420,99718400,42036980,0,0,93,false,0
28088,0,0,57681420,99723550,42042130,0,4,107,false,0
28089,0,0,57681420,99728700,42047280,0,4,107,false,0
28090,0,0,57681420,99733800,42052380,0,0,102,false,0
28091,0,0,57681420,99738250,42056830,0,0,89,false,0
28092,0,0,57681420,99743150,42061730,0,0,98,false,0
28093,0,0,57681420,99747950,42066530,0,0,96,false,0
28094,0,0,57681420,99752150,42070730,0,0,84,false,0
28095,0,0,57681420,99752150,42070730,0,117,117,true,0
28096,0,0,57681420,99756350,42074930,0,0,84,false,0
28097,0,0,57681420,99761500,42080080,0,3,106,false,0
28098,0,0,57681420,99766650,42085230,0,0,103,false,0
28099,0,0,57681420,99771750,42090330,0,0,102,false,0
28100,0,0,57681420,99776750,42095330,0,0,100,false,0
28101,0,0,57681420,99780950,42099530,0,0,84,false,0
28102,0,0,57681420,99780950,42099530,0,109,109,true,0
28103,0,0,57681420,99785800,42104380,0,0,97,false,0
28104,0,0,57681420,99790950,42109530,0,2,105,false,0
28105,0,0,57681420,99794950,42113530,0,0,80,false,0
28106,0,0,57681420,99799800,42118380,0,0,97,false,0
28107,0,0,57681420,99804950,42123530,0,3,106,false,0
28108,0,0,57681420,99810100,42128680,0,16,119,false,0
28109,0,0,57681420,99814800,42133380,0,0,94,false,0
28110,0,0,57681420,99818400,42136980,0,0,72,false,0
28111,0,0,57681420,99818400,42136980,0,102,102,true,0
28112,0,0,57681420,99823200,42141780,0,0,96,false,0
28113,0,0,57681420,99828250,42146830,0,0,101,false,0
28114,0,0,57681420,99832650,42151230,0,0,88,false,0
28115,0,0,57681420,99832650,42151230,0,128,128,true,0
28116,0,0,57681420,99832650,42151230,0,87,87,true,0
28117,0,0,57681420,99832650,42151230,0,95,95,true,0
28118,0,0,57681420,99832650,42151230,0,102,102,true,0
28119,0,0,57681420,99832650,42151230,0,124,124,true,0
28120,0,0,57681420,99832650,42151230,0,96,96,true,0
28121,0,0,57681420,99832650,42151230,0,94,94,true,0
28122,0,0,57681420,99832650,42151230,0,85,85,true,0
28123,0,0,57681420,99837800,42156380,0,7,110,false,0
28124,0,0,57681420,99842750,42161330,0,0,99,false,0
28125,0,0,57681420,99847300,42165880,0,0,91,false,0
28126,0,0,57681420,99851900,42170480,0,0,92,false,0
28127,0,0,57681420,99851900,42170480,0,107,107,true,0
28128,0,0,57681420,99851900,42170480,0,106,106,true,0
28129,0,0,57681420,99851900,42170480,0,103,103,true,0
28130,0,0,57681420,99851900,42170480,0,102,102,true,0
28131,0,0,57681420,99851900,42170480,0,120,120,true,0
28132,0,0,57788040,99851900,42063860,0,97,97,true,0
28133,0,0,57788040,99851900,42063860,0,94,94,true,0
28134,0,0,57788040,99856350,42068310,0,0,89,false,0
28135,0,0,57788040,99861500,42073460,0,1,104,false,0
28136,0,0,57788040,99866650,42078610,0,8,111,false,0
28137,0,0,57788040,99866650,42078610,0,99,99,true,0
28138,0,0,57788040,99866650,42078610,0,81,81,true,0
28139,0,0,57788040,99866650,42078610,0,92,92,true,0
28140,0,0,57788040,99871200,42083160,0,0,91,false,0
28141,0,0,57788040,99875950,42087910,0,0,95,false,0
28142,0,0,57788040,99875950,42087910,0,95,95,true,0
28143,0,0,57788040,99875950,42087910,0,108,108,true,0
28144,0,0,57788040,99881100,42093060,0,6,109,false,0
28145,0,0,57788040,99885300,42097260,0,0,84,false,0
28146,0,0,57788040,99890450,42102410,0,15,118,false,0
28147,0,0,57788040,99894900,42106860,0,0,89,false,0
28148,0,0,57788040,99900050,42112010,0,3,106,false,0
28149,0,0,57788040,99905100,42117060,0,0,101,false,0
28150,0,0,57788040,99909600,42121560,0,0,90,false,0
28151,0,0,57788040,99914750,42126710,0,6,109,false,0
28152,0,0,57788040,99919300,42131260,0,0,91,false,0
28153,0,0,57788040,99919300,42131260,0,95,95,true,0
28154,0,0,57788040,99919300,42131260,0,115,115,true,0
28155,0,0,57788040,99924450,42136410,0,3,106,false,0
28156,0,0,57788040,99928950,42140910,0,0,90,false,0
28157,0,0,57788040,99933500,42145460,0,0,91,false,0
28158,0,0,57788040,99938650,42150610,0,7,110,false,0
28159,0,0,57788040,99942900,42154860,0,0,85,false,0
28160,0,0,57788040,99948050,42160010,0,5,108,false,0
28161,0,0,57788040,99952950,42164910,0,0,98,false,0
28162,0,0,57788040,99957900,42169860,0,0,99,false,0
28163,0,0,57788040,99957900,42169860,0,88,88,true,0
28164,0,0,57788040,99962800,42174760,0,0,98,false,0
28165,0,0,57788040,99967950,42179910,0,13,116,false,0
28166,0,0,57788040,99973050,42185010,0,0,102,false,0
28167,0,0,57788040,99976750,42188710,0,0,74,false,0
28168,0,0,57788040,99981900,42193860,0,5,108,false,0
28169,0,0,57788040,99987050,42199010,0,7,110,false,0
28170,0,0,57788040,99991750,42203710,0,0,94,false,0
28171,0,0,57788040,99996900,42208860,0,3,106,false,0
28172,0,0,57788040,100002050,42214010,0,8,111,false,0
28173,0,0,57788040,100006700,42218660,0,0,93,false,0
28174,0,0,57788040,100011850,42223810,0,3,106,false,0
28175,0,0,57788040,100017000,42228960,0,10,113,false,0
28176,0,0,57788040,100022150,42234110,0,9,112,false,0
28177,0,0,57788040,100026350,42238310,0,0,84,false,0
28178,0,0,57788040,100026350,42238310,0,99,99,true,0
28179,0,0,57788040,100026350,42238310,0,91,91,true,0
28180,0,0,57788040,100026350,42238310,0,94,94,true,0
28181,0,0,57788040,100026350,42238310,0,98,98,true,0
28182,0,0,57788040,100026350,42238310,0,97,97,true,0
28183,0,0,57788040,100031500,42243460,0,17,120,false,0
28184,0,0,57894660,100036650,42141990,0,6,109,false,0
28185,0,0,57894660,100036650,42141990,0,99,99,true,0
28186,0,0,57894660,100040800,42146140,0,0,83,false,0
28187,0,0,57894660,100045950,42151290,0,3,106,false,0
28188,0,0,57894660,100051100,42156440,0,8,111,false,0
28189,0,0,57894660,100051100,42156440,0,96,96,true,0
28190,0,0,57894660,100056100,42161440,0,0,100,false,0
28191,0,0,57894660,100060450,42165790,0,0,87,false,0
28192,0,0,57894660,100060450,42165790,0,89,89,true,0
28193,0,0,57894660,100065600,42170940,0,4,107,false,0
28194,0,0,57894660,100070750,42176090,0,2,105,false,0
28195,0,0,57894660,100075550,42180890,0,0,96,false,0
28196,0,0,57894660,100079700,42185040,0,0,83,false,0
28197,0,0,57894660,100079700,42185040,0,108,108,true,0
28198,0,0,57894660,100079700,42185040,0,97,97,true,0
28199,0,0,57894660,100084350,42189690,0,0,93,false,0
28200,0,0,57894660,100089500,42194840,0,10,113,false,0
28201,0,0,57894660,100089500,42194840,0,98,98,true,0
28202,0,0,57894660,100089500,42194840,0,105,105,true,0
28203,0,0,57894660,100089500,42194840,0,111,111,true,0
28204,0,0,57894660,100089500,42194840,0,105,105,true,0
28205,0,0,57894660,100093800,42199140,0,0,86,false,0
28206,0,0,57894660,100098400,42203740,0,0,92,false,0
28207,0,0,57894660,100103550,42208890,0,0,103,false,0
28208,0,0,57894660,100103550,42208890,0,101,101,true,0
28209,0,0,57894660,100103550,42208890,0,99,99,true,0
28210,0,0,57894660,100103550,42208890,0,98,98,true,0
28211,0,0,57894660,100108250,42213590,0,0,94,false,0
28212,0,0,57894660,100112850,42218190,0,0,92,false,0
28213,0,0,57894660,100112850,42218190,0,111,111,true,0
28214,0,0,57894660,100117850,42223190,0,0,100,false,0
28215,0,0,57894660,100122750,42228090,0,0,98,false,0
28216,0,0,57894660,100127050,42232390,0,0,86,false,0
28217,0,0,57894660,100131900,42237240,0,0,97,false,0
28218,0,0,57894660,100136850,42242190,0,0,99,false,0
28219,0,0,57894660,100136850,42242190,0,104,104,true,0
28220,0,0,57894660,100136850,42242190,0,98,98,true,0
28221,0,0,57894660,100136850,42242190,0,89,89,true,0
28222,0,0,57894660,100142000,42247340,0,6,109,false,0
28223,0,0,57894660,100147150,42252490,0,5,108,false,0
28224,0,0,57894660,100152300,42257640,0,9,112,false,0
28225,0,0,57894660,100156150,42261490,0,0,77,false,0
28226,0,0,57894660,100160550,42265890,0,0,88,false,0
28227,0,0,57894660,100164750,42270090,0,0,84,false,0
28228,0,0,57894660,100169900,42275240,0,3,106,false,0
28229,0,0,57894660,100175050,42280390,0,12,115,false,0
28230,0,0,57894660,100179850,42285190,0,0,96,false,0
28231,0,0,57894660,100185000,42290340,0,13,116,false,0
28232,0,0,57894660,100189850,42295190,0,0,97,false,0
28233,0,0,57894660,100194200,42299540,0,0,87,false,0
28234,0,0,57894660,100199100,42304440,0,0,98,false,0
28235,0,0,57894660,100199100,42304440,0,103,103,true,0
28236,0,0,58001280,100203850,42202570,0,0,95,false,0
28237,0,0,58001280,100209000,42207720,0,16,119,false,0
28238,0,0,58001280,100213600,42212320,0,0,92,false,0
28239,0,0,58001280,100218700,42217420,0,0,102,false,0
28240,0,0,58001280,100222950,42221670,0,0,85,false,0
28241,0,0,58001280,100227950,42226670,0,0,100,false,0
28242,0,0,58001280,100227950,42226670,0,92,92,true,0
28243,0,0,58001280,100232650,42231370,0,0,94,false,0
28244,0,0,58001280,100237800,42236520,0,7,110,false,0
28245,0,0,58001280,100242900,42241620,0,0,102,false,0
28246,0,0,58001280,100246550,42245270,0,0,73,false,0
28247,0,0,58001280,100251700,42250420,0,6,109,false,0
28248,0,0,58001280,100256850,42255570,0,7,110,false,0
28249,0,0,58001280,100256850,42255570,0,103,103,true,0
28250,0,0,58001280,100262000,42260720,0,9,112,false,0
28251,0,0,58001280,100266500,42265220,0,0,90,false,0
28252,0,0,58001280,100271650,42270370,0,14,117,false,0
28253,0,0,58001280,100276250,42274970,0,0,92,false,0
28254,0,0,58001280,100281400,42280120,0,3,106,false,0
28255,0,0,58001280,100281400,42280120,0,115,115,true,0
28256,0,0,58001280,100281400,42280120,0,89,89,true,0
28257,0,0,58001280,100285800,42284520,0,0,88,false,0
28258,0,0,58001280,100290000,42288720,0,0,84,false,0
28259,0,0,58001280,100295150,42293870,0,9,112,false,0
28260,0,0,58001280,100300300,42299020,0,3,106,false,0
28261,0,0,58001280,100305400,42304120,0,0,102,false,0
28262,0,0,58001280,100310100,42308820,0,0,94,false,0
28263,0,0,58001280,100315250,42313970,0,15,118,false,0
28264,0,0,58001280,100320400,42319120,0,0,103,false,0
28265,0,0,58001280,100325550,42324270,0,9,112,false,0
28266,0,0,58001280,100330350,42329070,0,0,96,false,0
28267,0,0,58001280,100335500,42334220,0,8,111,false,0
28268,0,0,58001280,100335500,42334220,0,102,102,true,0
28269,0,0,58001280,100339900,42338620,0,0,88,false,0
28270,0,0,58001280,100344400,42343120,0,0,90,false,0
28271,0,0,58001280,100349400,42348120,0,0,100,false,0
28272,0,0,58001280,100349400,42348120,0,93,93,true,0
28273,0,0,58001280,100349400,42348120,0,91,91,true,0
28274,0,0,58001280,100353950,42352670,0,0,91,false,0
28275,0,0,58001280,100359100,42357820,0,0,103,false,0
28276,0,0,58001280,100364000,42362720,0,0,98,false,0
28277,0,0,58001280,100369150,42367870,0,3,106,false,0
28278,0,0,58001280,100373850,42372570,0,0,94,false,0
28279,0,0,58001280,100378200,42376920,0,0,87,false,0
28280,0,0,58001280,100383350,42382070,0,6,109,false,0
28281,0,0,58001280,100387700,42386420,0,0,87,false,0
28282,0,0,58001280,100391950,42390670,0,0,85,false,0
28283,0,0,58001280,100397100,42395820,0,1,104,false,0
28284,0,0,58001280,100402200,42400920,0,0,102,false,0
28285,0,0,58001280,100402200,42400920,0,94,94,true,0
28286,0,0,58001280,100407350,42406070,0,4,107,false,0
28287,0,0,58001280,100411500,42410220,0,0,83,false,0
28288,0,0,58107900,100416100,42308200,0,0,92,false,0
28289,0,0,58107900,100420950,42313050,0,0,97,false,0
28290,0,0,58107900,100425250,42317350,0,0,86,false,0
28291,0,0,58107900,100430250,42322350,0,0,100,false,0
28292,0,0,58107900,100435300,42327400,0,0,101,false,0
28293,0,0,58107900,100440200,42332300,0,0,98,false,0
28294,0,0,58107900,100440200,42332300,0,90,90,true,0
28295,0,0,58107900,100444700,42336800,0,0,90,false,0
28296,0,0,58107900,100449650,42341750,0,0,99,false,0
28297,0,0,58107900,100454350,42346450,0,0,94,false,0
28298,0,0,58107900,100459500,42351600,0,15,118,false,0
28299,0,0,58107900,100464450,42356550,0,0,99,false,0
28300,0,0,58107900,100469200,42361300,0,0,95,false,0
28301,0,0,58107900,100474050,42366150,0,0,97,false,0
28302,0,0,58107900,100478100,42370200,0,0,81,false,0
28303,0,0,58107900,100483100,42375200,0,0,100,false,0
28304,0,0,58107900,100483100,42375200,0,88,88,true,0
28305,0,0,58107900,100483100,42375200,0,102,102,true,0
28306,0,0,58107900,100488250,42380350,0,17,120,false,0
28307,0,0,58107900,100493400,42385500,0,2,105,false,0
28308,0,0,58107900,100498300,42390400,0,0,98,false,0
28309,0,0,58107900,100498300,42390400,0,87,87,true,0
28310,0,0,58107900,100498300,42390400,0,96,96,true,0
28311,0,0,58107900,100498300,42390400,0,99,99,true,0
28312,0,0,58107900,100498300,42390400,0,97,97,true,0
28313,0,0,58107900,100498300,42390400,0,79,79,true,0
28314,0,0,58107900,100503150,42395250,0,0,97,false,0
28315,0,0,58107900,100508300,42400400,0,11,114,false,0
28316,0,0,58107900,100513200,42405300,0,0,98,false,0
28317,0,0,58107900,100517500,42409600,0,0,86,false,0
28318,0,0,58107900,100517500,42409600,0,100,100,true,0
28319,0,0,58107900,100522650,42414750,0,7,110,false,0
28320,0,0,58107900,100527250,42419350,0,0,92,false,0
28321,0,0,58107900,100531550,42423650,0,0,86,false,0
28322,0,0,58107900,100536700,42428800,0,2,105,false,0
28323,0,0,58107900,100541800,42433900,0,0,102,false,0
28324,0,0,58107900,100541800,42433900,0,96,96,true,0
28325,0,0,58107900,100546600,42438700,0,0,96,false,0
28326,0,0,58107900,100550800,42442900,0,0,84,false,0
28327,0,0,58107900,100555450,42447550,0,0,93,false,0
28328,0,0,58107900,100560000,42452100,0,0,91,false,0
28329,0,0,58107900,100565150,42457250,0,4,107,false,0
28330,0,0,58107900,100565150,42457250,0,73,73,true,0
28331,0,0,58107900,100565150,42457250,0,107,107,true,0
28332,0,0,58107900,100570300,42462400,0,6,109,false,0
28333,0,0,58107900,100575350,42467450,0,0,101,false,0
28334,0,0,58107900,100580500,42472600,0,7,110,false,0
28335,0,0,58107900,100585200,42477300,0,0,94,false,0
28336,0,0,58107900,100590350,42482450,0,10,113,false,0
28337,0,0,58107900,100595250,42487350,0,0,98,false,0
28338,0,0,58107900,100599350,42491450,0,0,82,false,0
28339,0,0,58107900,100604500,42496600,0,11,114,false,0
28340,0,0,58214520,100609600,42395080,0,0,102,false,0
28341,0,0,58214520,100614550,42400030,0,0,99,false,0
28342,0,0,58214520,100619700,42405180,0,12,115,false,0
28343,0,0,58214520,100624850,42410330,0,20,123,false,0
28344,0,0,58214520,100624850,42410330,0,99,99,true,0
28345,0,0,58214520,100624850,42410330,0,100,100,true,0
28346,0,0,58214520,100624850,42410330,0,97,97,true,0
28347,0,0,58214520,100624850,42410330,0,102,102,true,0
28348,0,0,58214520,100624850,42410330,0,116,116,true,0
28349,0,0,58214520,100624850,42410330,0,120,120,true,0
28350,0,0,58214520,100624850,42410330,0,99,99,true,0
28351,0,0,58214520,100629650,42415130,0,0,96,false,0
28352,0,0,58214520,100634400,42419880,0,0,95,false,0
28353,0,0,58214520,100634400,42419880,0,111,111,true,0
28354,0,0,58214520,100634400,42419880,0,105,105,true,0
28355,0,0,58214520,100634400,42419880,0,92,92,true,0
28356,0,0,58214520,100639150,42424630,0,0,95,false,0
28357,0,0,58214520,100644300,42429780,0,0,103,false,0
28358,0,0,58214520,100649450,42434930,0,4,107,false,0
28359,0,0,58214520,100653000,42438480,0,0,71,false,0
28360,0,0,58214520,100658150,42443630,0,1,104,false,0
28361,0,0,58214520,100658150,42443630,0,99,99,true,0
28362,0,0,58214520,100658150,42443630,0,97,97,true,0
28363,0,0,58214520,100658150,42443630,0,107,107,true,0
28364,0,0,58214520,100658150,42443630,0,97,97,true,0
28365,0,0,58214520,100658150,42443630,0,99,99,true,0
28366,0,0,58214520,100663300,42448780,0,1,104,false,0
28367,0,0,58214520,100668450,42453930,0,4,107,false,0
28368,0,0,58214520,100668450,42453930,0,99,99,true,0
28369,0,0,58214520,100673050,42458530,0,0,92,false,0
28370,0,0,58214520,100676900,42462380,0,0,77,false,0
28371,0,0,58214520,100682050,42467530,0,4,107,false,0
28372,0,0,58214520,100686350,42471830,0,0,86,false,0
28373,0,0,58214520,100691500,42476980,0,3,106,false,0
28374,0,0,58214520,100696550,42482030,0,0,101,false,0
28375,0,0,58214520,100696550,42482030,0,89,89,true,0
28376,0,0,58214520,100696550,42482030,0,108,108,true,0
28377,0,0,58214520,100701700,42487180,0,3,106,false,0
28378,0,0,58214520,100706850,42492330,0,16,119,false,0
28379,0,0,58214520,100711750,42497230,0,0,98,false,0
28380,0,0,58214520,100716900,42502380,0,5,108,false,0
28381,0,0,58214520,100722050,42507530,0,9,112,false,0
28382,0,0,58214520,100727200,42512680,0,20,123,false,0
28383,0,0,58214520,100732350,42517830,0,6,109,false,0
28384,0,0,58214520,100737500,42522980,0,8,111,false,0
28385,0,0,58214520,100737500,42522980,0,96,96,true,0
28386,0,0,58214520,100737500,42522980,0,89,89,true,0
28387,0,0,58214520,100741900,42527380,0,0,88,false,0
28388,0,0,58214520,100746650,42532130,0,0,95,false,0
28389,0,0,58214520,100751650,42537130,0,0,100,false,0
28390,0,0,58214520,100756800,42542280,0,6,109,false,0
28391,0,0,58214520,100760850,42546330,0,0,81,false,0
28392,0,0,58321140,100766000,42444860,0,5,108,false,0
28393,0,0,58321140,100771050,42449910,0,0,101,false,0
28394,0,0,58321140,100776200,42455060,0,5,108,false,0
28395,0,0,58321140,100780250,42459110,0,0,81,false,0
28396,0,0,58321140,100780250,42459110,0,105,105,true,0
28397,0,0,58321140,100784900,42463760,0,0,93,false,0
28398,0,0,58321140,100790050,42468910,0,2,105,false,0
28399,0,0,58321140,100790050,42468910,0,86,86,true,0
28400,0,0,58321140,100790050,42468910,0,95,95,true,0
28401,0,0,58321140,100790050,42468910,0,85,85,true,0
28402,0,0,58321140,100790050,42468910,0,94,94,true,0
28403,0,0,58321140,100794850,42473710,0,0,96,false,0
28404,0,0,58321140,100800000,42478860,0,12,115,false,0
28405,0,0,58321140,100804200,42483060,0,0,84,false,0
28406,0,0,58321140,100809350,42488210,0,11,114,false,0
28407,0,0,58321140,100814500,42493360,0,8,111,false,0
28408,0,0,58321140,100819350,42498210,0,0,97,false,0
28409,0,0,58321140,100824500,42503360,0,4,107,false,0
28410,0,0,58321140,100829650,42508510,0,2,105,false,0
28411,0,0,58321140,100834800,42513660,0,0,103,false,0
28412,0,0,58321140,100834800,42513660,0,94,94,true,0
28413,0,0,58321140,100839850,42518710,0,0,101,false,0
28414,0,0,58321140,100845000,42523860,0,6,109,false,0
28415,0,0,58321140,100850150,42529010,0,12,115,false,0
28416,0,0,58321140,100854500,42533360,0,0,87,false,0
28417,0,0,58321140,100858750,42537610,0,0,85,false,0
28418,0,0,58321140,100863200,42542060,0,0,89,false,0
28419,0,0,58321140,100868350,42547210,0,14,117,false,0
28420,0,0,58321140,100873400,42552260,0,0,101,false,0
28421,0,0,58321140,100878550,42557410,0,4,107,false,0
28422,0,0,58321140,100883700,42562560,0,7,110,false,0
28423,0,0,58321140,100887500,42566360,0,0,76,false,0
28424,0,0,58321140,100892100,42570960,0,0,92,false,0
28425,0,0,58321140,100897000,42575860,0,0,98,false,0
28426,0,0,58321140,100897000,42575860,0,80,80,true,0
28427,0,0,58321140,100897000,42575860,0,109,109,true,0
28428,0,0,58321140,100901500,42580360,0,0,90,false,0
28429,0,0,58321140,100906650,42585510,0,10,113,false,0
28430,0,0,58321140,100911150,42590010,0,0,90,false,0
28431,0,0,58321140,100916300,42595160,0,5,108,false,0
28432,0,0,58321140,100916300,42595160,0,100,100,true,0
28433,0,0,58321140,100920800,42599660,0,0,90,false,0
28434,0,0,58321140,100925550,42604410,0,0,95,false,0
28435,0,0,58321140,100925550,42604410,0,113,113,true,0
28436,0,0,58321140,100925550,42604410,0,111,111,true,0
28437,0,0,58321140,100925550,42604410,0,89,89,true,0
28438,0,0,58321140,100930400,42609260,0,0,97,false,0
28439,0,0,58321140,100935450,42614310,0,0,101,false,0
28440,0,0,58321140,100939600,42618460,0,0,83,false,0
28441,0,0,58321140,100944400,42623260,0,0,96,false,0
28442,0,0,58321140,100949550,42628410,0,0,103,false,0
28443,0,0,58321140,100954000,42632860,0,0,89,false,0
28444,0,0,58427760,100957800,42530040,0,0,76,false,0
28445,0,0,58427760,100962700,42534940,0,0,98,false,0
28446,0,0,58427760,100967650,42539890,0,0,99,false,0
28447,0,0,58427760,100972800,42545040,0,10,113,false,0
28448,0,0,58427760,100977950,42550190,0,18,121,false,0
28449,0,0,58427760,100982600,42554840,0,0,93,false,0
28450,0,0,58427760,100987750,42559990,0,3,106,false,0
28451,0,0,58427760,100992300,42564540,0,0,91,false,0
28452,0,0,58427760,100992300,42564540,0,92,92,true,0
28453,0,0,58427760,100997450,42569690,0,6,109,false,0
28454,0,0,58427760,101002600,42574840,0,6,109,false,0
28455,0,0,58427760,101002600,42574840,0,107,107,true,0
28456,0,0,58427760,101002600,42574840,0,108,108,true,0
28457,0,0,58427760,101007500,42579740,0,0,98,false,0
28458,0,0,58427760,101012650,42584890,0,5,108,false,0
28459,0,0,58427760,101017800,42590040,0,13,116,false,0
28460,0,0,58427760,101017800,42590040,0,95,95,true,0
28461,0,0,58427760,101022200,42594440,0,0,88,false,0
28462,0,0,58427760,101027350,42599590,0,11,114,false,0
28463,0,0,58427760,101032350,42604590,0,0,100,false,0
28464,0,0,58427760,101037150,42609390,0,0,96,false,0
28465,0,0,58427760,101037150,42609390,0,94,94,true,0
28466,0,0,58427760,101041950,42614190,0,0,96,false,0
28467,0,0,58427760,101046950,42619190,0,0,100,false,0
28468,0,0,58427760,101052050,42624290,0,0,102,false,0
28469,0,0,58427760,101056600,42628840,0,0,91,false,0
28470,0,0,58427760,101061150,42633390,0,0,91,false,0
28471,0,0,58427760,101066300,42638540,0,4,107,false,0
28472,0,0,58427760,101070700,42642940,0,0,88,false,0
28473,0,0,58427760,101075850,42648090,0,0,103,false,0
28474,0,0,58427760,101075850,42648090,0,75,75,true,0
28475,0,0,58427760,101075850,42648090,0,99,99,true,0
28476,0,0,58427760,101075850,42648090,0,87,87,true,0
28477,0,0,58427760,101075850,42648090,0,114,114,true,0
28478,0,0,58427760,101075850,42648090,0,87,87,true,0
28479,0,0,58427760,101075850,42648090,0,115,115,true,0
28480,0,0,58427760,101075850,42648090,0,110,110,true,0
28481,0,0,58427760,101075850,42648090,0,87,87,true,0
28482,0,0,58427760,101075850,42648090,0,95,95,true,0
28483,0,0,58427760,101075850,42648090,0,104,104,true,0
28484,0,0,58427760,101081000,42653240,0,1,104,false,0
28485,0,0,58427760,101085850,42658090,0,0,97,false,0
28486,0,0,58427760,101091000,42663240,0,4,107,false,0
28487,0,0,58427760,101095400,42667640,0,0,88,false,0
28488,0,0,58427760,101099900,42672140,0,0,90,false,0
28489,0,0,58427760,101104650,42676890,0,0,95,false,0
28490,0,0,58427760,101109300,42681540,0,0,93,false,0
28491,0,0,58427760,101113850,42686090,0,0,91,false,0
28492,0,0,58427760,101119000,42691240,0,8,111,false,0
28493,0,0,58427760,101124100,42696340,0,0,102,false,0
28494,0,0,58427760,101128900,42701140,0,0,96,false,0
28495,0,0,58427760,101134050,42706290,0,1,104,false,0
28496,0,0,58534380,101138200,42603820,0,0,83,false,0
28497,0,0,58534380,101138200,42603820,0,91,91,true,0
28498,0,0,58534380,101142950,42608570,0,0,95,false,0
28499,0,0,58534380,101147400,42613020,0,0,89,false,0
28500,0,0,58534380,101152550,42618170,0,8,111,false,0
28501,0,0,58534380,101152550,42618170,0,100,100,true,0
28502,0,0,58534380,101152550,42618170,0,88,88,true,0
28503,0,0,58534380,101157700,42623320,0,1,104,false,0
28504,0,0,58534380,101162300,42627920,0,0,92,false,0
28505,0,0,58534380,101166800,42632420,0,0,90,false,0
28506,0,0,58534380,101171850,42637470,0,0,101,false,0
28507,0,0,58534380,101177000,42642620,0,4,107,false,0
28508,0,0,58534380,101177000,42642620,0,99,99,true,0
28509,0,0,58534380,101181500,42647120,0,0,90,false,0
28510,0,0,58534380,101186050,42651670,0,0,91,false,0
28511,0,0,58534380,101190700,42656320,0,0,93,false,0
28512,0,0,58534380,101195850,42661470,0,1,104,false,0
28513,0,0,58534380,101201000,42666620,0,13,116,false,0
28514,0,0,58534380,101205550,42671170,0,0,91,false,0
28515,0,0,58534380,101210700,42676320,0,7,110,false,0
28516,0,0,58534380,101215800,42681420,0,0,102,false,0
28517,0,0,58534380,101220950,42686570,0,1,104,false,0
28518,0,0,58534380,101225650,42691270,0,0,94,false,0
28519,0,0,58534380,101230350,42695970,0,0,94,false,0
28520,0,0,58534380,101234900,42700520,0,0,91,false,0
28521,0,0,58534380,101239400,42705020,0,0,90,false,0
28522,0,0,58534380,101244150,42709770,0,0,95,false,0
28523,0,0,58534380,101249250,42714870,0,0,102,false,0
28524,0,0,58534380,101254400,42720020,0,3,106,false,0
28525,0,0,58534380,101254400,42720020,0,106,106,true,0
28526,0,0,58534380,101259550,42725170,0,8,111,false,0
28527,0,0,58534380,101264700,42730320,0,7,110,false,0
28528,0,0,58534380,101269850,42735470,0,3,106,false,0
28529,0,0,58534380,101275000,42740620,0,0,103,false,0
28530,0,0,58534380,101275000,42740620,0,93,93,true,0
28531,0,0,58534380,101279500,42745120,0,0,90,false,0
28532,0,0,58534380,101284650,42750270,0,6,109,false,0
28533,0,0,58534380,101288400,42754020,0,0,75,false,0
28534,0,0,58534380,101288400,42754020,0,103,103,true,0
28535,0,0,58534380,101288400,42754020,0,100,100,true,0
28536,0,0,58534380,101293050,42758670,0,0,93,false,0
28537,0,0,58534380,101298050,42763670,0,0,100,false,0
28538,0,0,58534380,101303100,42768720,0,0,101,false,0
28539,0,0,58534380,101303100,42768720,0,90,90,true,0
28540,0,0,58534380,101307900,42773520,0,0,96,false,0
28541,0,0,58534380,101312450,42778070,0,0,91,false,0
28542,0,0,58534380,101317450,42783070,0,0,100,false,0
28543,0,0,58534380,101322350,42787970,0,0,98,false,0
28544,0,0,58534380,101326550,42792170,0,0,84,false,0
28545,0,0,58534380,101331700,42797320,0,6,109,false,0
28546,0,0,58534380,101336300,42801920,0,0,92,false,0
28547,0,0,58534380,101341450,42807070,0,11,114,false,0
28548,0,0,58641000,101346250,42705250,0,0,96,false,0
28549,0,0,58641000,101351400,42710400,0,1,104,false,0
28550,0,0,58641000,101356550,42715550,0,6,109,false,0
28551,0,0,58641000,101360550,42719550,0,0,80,false,0
28552,0,0,58641000,101365650,42724650,0,0,102,false,0
28553,0,0,58641000,101370800,42729800,0,6,109,false,0
28554,0,0,58641000,101375900,42734900,0,0,102,false,0
28555,0,0,58641000,101381050,42740050,0,4,107,false,0
28556,0,0,58641000,101381050,42740050,0,99,99,true,0
28557,0,0,58641000,101381050,42740050,0,96,96,true,0
28558,0,0,58641000,101385550,42744550,0,0,90,false,0
28559,0,0,58641000,101390100,42749100,0,0,91,false,0
28560,0,0,58641000,101395200,42754200,0,0,102,false,0
28561,0,0,58641000,101400350,42759350,0,13,116,false,0
28562,0,0,58641000,101400350,42759350,0,104,104,true,0
28563,0,0,58641000,101404250,42763250,0,0,78,false,0
28564,0,0,58641000,101409400,42768400,0,14,117,false,0
28565,0,0,58641000,101413750,42772750,0,0,87,false,0
28566,0,0,58641000,101418450,42777450,0,0,94,false,0
28567,0,0,58641000,101423600,42782600,0,5,108,false,0
28568,0,0,58641000,101427900,42786900,0,0,86,false,0
28569,0,0,58641000,101432850,42791850,0,0,99,false,0
28570,0,0,58641000,101437650,42796650,0,0,96,false,0
28571,0,0,58641000,101441950,42800950,0,0,86,false,0
28572,0,0,58641000,101446700,42805700,0,0,95,false,0
28573,0,0,58641000,101450500,42809500,0,0,76,false,0
28574,0,0,58641000,101455650,42814650,0,7,110,false,0
28575,0,0,58641000,101460750,42819750,0,0,102,false,0
28576,0,0,58641000,101465900,42824900,0,5,108,false,0
28577,0,0,58641000,101470950,42829950,0,0,101,false,0
28578,0,0,58641000,101476000,42835000,0,0,101,false,0
28579,0,0,58641000,101481150,42840150,0,2,105,false,0
28580,0,0,58641000,101481150,42840150,0,92,92,true,0
28581,0,0,58641000,101481150,42840150,0,76,76,true,0
28582,0,0,58641000,101486300,42845300,0,16,119,false,0
28583,0,0,58641000,101490700,42849700,0,0,88,false,0
28584,0,0,58641000,101495650,42854650,0,0,99,false,0
28585,0,0,58641000,101500750,42859750,0,0,102,false,0
28586,0,0,58641000,101500750,42859750,0,111,111,true,0
28587,0,0,58641000,101505550,42864550,0,0,96,false,0
28588,0,0,58641000,101510350,42869350,0,0,96,false,0
28589,0,0,58641000,101515500,42874500,0,2,105,false,0
28590,0,0,58641000,101520650,42879650,0,9,112,false,0
28591,0,0,58641000,101520650,42879650,0,105,105,true,0
28592,0,0,58641000,101525800,42884800,0,6,109,false,0
28593,0,0,58641000,101530550,42889550,0,0,95,false,0
28594,0,0,58641000,101535550,42894550,0,0,100,false,0
28595,0,0,58641000,101540700,42899700,0,18,121,false,0
28596,0,0,58641000,101545050,42904050,0,0,87,false,0
28597,0,0,58641000,101549650,42908650,0,0,92,false,0
28598,0,0,58641000,101554800,42913800,0,13,116,false,0
28599,0,0,58641000,101558750,42917750,0,0,79,false,0
28600,0,0,58747620,101563900,42816280,0,12,115,false,0
28601,0,0,58747620,101563900,42816280,0,90,90,true,0
28602,0,0,58747620,101563900,42816280,0,104,104,true,0
28603,0,0,58747620,101563900,42816280,0,84,84,true,0
28604,0,0,58747620,101563900,42816280,0,108,108,true,0
28605,0,0,58747620,101563900,42816280,0,103,103,true,0
28606,0,0,58747620,101568900,42821280,0,0,100,false,0
28607,0,0,58747620,101573900,42826280,0,0,100,false,0
28608,0,0,58747620,101579050,42831430,0,6,109,false,0
28609,0,0,58747620,101584100,42836480,0,0,101,false,0
28610,0,0,58747620,101584100,42836480,0,104,104,true,0
28611,0,0,58747620,101584100,42836480,0,113,113,true,0
28612,0,0,58747620,101584100,42836480,0,101,101,true,0
28613,0,0,58747620,101584100,42836480,0,91,91,true,0
28614,0,0,58747620,101584100,42836480,0,105,105,true,0
28615,0,0,58747620,101584100,42836480,0,99,99,true,0
28616,0,0,58747620,101584100,42836480,0,89,89,true,0
28617,0,0,58747620,101588500,42840880,0,0,88,false,0
28618,0,0,58747620,101593200,42845580,0,0,94,false,0
28619,0,0,58747620,101598350,42850730,0,0,103,false,0
28620,0,0,58747620,101603500,42855880,0,14,117,false,0
28621,0,0,58747620,101608650,42861030,0,4,107,false,0
28622,0,0,58747620,101613800,42866180,0,2,105,false,0
28623,0,0,58747620,101613800,42866180,0,94,94,true,0
28624,0,0,58747620,101613800,42866180,0,88,88,true,0
28625,0,0,58747620,101618850,42871230,0,0,101,false,0
28626,0,0,58747620,101623400,42875780,0,0,91,false,0
28627,0,0,58747620,101623400,42875780,0,104,104,true,0
28628,0,0,58747620,101623400,42875780,0,106,106,true,0
28629,0,0,58747620,101623400,42875780,0,103,103,true,0
28630,0,0,58747620,101623400,42875780,0,104,104,true,0
28631,0,0,58747620,101623400,42875780,0,91,91,true,0
28632,0,0,58747620,101628150,42880530,0,0,95,false,0
28633,0,0,58747620,101633300,42885680,0,2,105,false,0
28634,0,0,58747620,101637550,42889930,0,0,85,false,0
28635,0,0,58747620,101642700,42895080,0,24,127,false,0
28636,0,0,58747620,101647150,42899530,0,0,89,false,0
28637,0,0,58747620,101652300,42904680,0,7,110,false,0
28638,0,0,58747620,101657450,42909830,0,0,103,false,0
28639,0,0,58747620,101662550,42914930,0,0,102,false,0
28640,0,0,58747620,101667700,42920080,0,3,106,false,0
28641,0,0,58747620,101671850,42924230,0,0,83,false,0
28642,0,0,58747620,101676500,42928880,0,0,93,false,0
28643,0,0,58747620,101680850,42933230,0,0,87,false,0
28644,0,0,58747620,101680850,42933230,0,117,117,true,0
28645,0,0,58747620,101680850,42933230,0,119,119,true,0
28646,0,0,58747620,101686000,42938380,0,8,111,false,0
28647,0,0,58747620,101691000,42943380,0,0,100,false,0
28648,0,0,58747620,101695800,42948180,0,0,96,false,0
28649,0,0,58747620,101695800,42948180,0,89,89,true,0
28650,0,0,58747620,101700350,42952730,0,0,91,false,0
28651,0,0,58747620,101704450,42956830,0,0,82,false,0
28652,0,0,58854240,101709100,42854860,0,0,93,false,0
28653,0,0,58854240,101713600,42859360,0,0,90,false,0
28654,0,0,58854240,101713600,42859360,0,106,106,true,0
28655,0,0,58854240,101718750,42864510,0,23,126,false,0
28656,0,0,58854240,101723900,42869660,0,16,119,false,0
28657,0,0,58854240,101727550,42873310,0,0,73,false,0
28658,0,0,58854240,101727550,42873310,0,87,87,true,0
28659,0,0,58854240,101727550,42873310,0,86,86,true,0
28660,0,0,58854240,101727550,42873310,0,96,96,true,0
28661,0,0,58854240,101727550,42873310,0,82,82,true,0
28662,0,0,58854240,101727550,42873310,0,86,86,true,0
28663,0,0,58854240,101727550,42873310,0,98,98,true,0
28664,0,0,58854240,101732700,42878460,0,1,104,false,0
28665,0,0,58854240,101737850,42883610,0,11,114,false,0
28666,0,0,58854240,101742350,42888110,0,0,90,false,0
28667,0,0,58854240,101747500,42893260,0,20,123,false,0
28668,0,0,58854240,101747500,42893260,0,95,95,true,0
28669,0,0,58854240,101747500,42893260,0,102,102,true,0
28670,0,0,58854240,101752300,42898060,0,0,96,false,0
28671,0,0,58854240,101757200,42902960,0,0,98,false,0
28672,0,0,58854240,101762350,42908110,0,1,104,false,0
28673,0,0,58854240,101767500,42913260,0,2,105,false,0
28674,0,0,58854240,101772650,42918410,0,7,110,false,0
28675,0,0,58854240,101777500,42923260,0,0,97,false,0
28676,0,0,58854240,101782650,42928410,0,3,106,false,0
28677,0,0,58854240,101787800,42933560,0,0,103,false,0
28678,0,0,58854240,101792050,42937810,0,0,85,false,0
28679,0,0,58854240,101797200,42942960,0,0,103,false,0
28680,0,0,58854240,101801700,42947460,0,0,90,false,0
28681,0,0,58854240,101801700,42947460,0,109,109,true,0
28682,0,0,58854240,101801700,42947460,0,94,94,true,0
28683,0,0,58854240,101806400,42952160,0,0,94,false,0
28684,0,0,58854240,101811550,42957310,0,1,104,false,0
28685,0,0,58854240,101815950,42961710,0,0,88,false,0
28686,0,0,58854240,101820200,42965960,0,0,85,false,0
28687,0,0,58854240,101825350,42971110,0,9,112,false,0
28688,0,0,58854240,101830500,42976260,0,2,105,false,0
28689,0,0,58854240,101835650,42981410,0,6,109,false,0
28690,0,0,58854240,101840450,42986210,0,0,96,false,0
28691,0,0,58854240,101843500,42989260,0,0,61,false,0
28692,0,0,58854240,101848100,42993860,0,0,92,false,0
28693,0,0,58854240,101852350,42998110,0,0,85,false,0
28694,0,0,58854240,101857450,43003210,0,0,102,false,0
28695,0,0,58854240,101862600,43008360,0,15,118,false,0
28696,0,0,58854240,101862600,43008360,0,109,109,true,0
28697,0,0,58854240,101862600,43008360,0,95,95,true,0
28698,0,0,58854240,101867150,43012910,0,0,91,false,0
28699,0,0,58854240,101872300,43018060,0,2,105,false,0
28700,0,0,58854240,101876850,43022610,0,0,91,false,0
28701,0,0,58854240,101876850,43022610,0,88,88,true,0
28702,0,0,58854240,101882000,43027760,0,2,105,false,0
28703,0,0,58854240,101886200,43031960,0,0,84,false,0
28704,0,0,58960860,101890350,42929490,0,0,83,false,0
28705,0,0,58960860,101895450,42934590,0,0,102,false,0
28706,0,0,58960860,101895450,42934590,0,100,100,true,0
28707,0,0,58960860,101900050,42939190,0,0,92,false,0
28708,0,0,58960860,101904200,42943340,0,0,83,false,0
28709,0,0,58960860,101909300,42948440,0,0,102,false,0
28710,0,0,58960860,101914200,42953340,0,0,98,false,0
28711,0,0,58960860,101919100,42958240,0,0,98,false,0
28712,0,0,58960860,101924250,42963390,0,5,108,false,0
28713,0,0,58960860,101924250,42963390,0,99,99,true,0
28714,0,0,58960860,101924250,42963390,0,104,104,true,0
28715,0,0,58960860,101924250,42963390,0,87,87,true,0
28716,0,0,58960860,101924250,42963390,0,112,112,true,0
28717,0,0,58960860,101924250,42963390,0,105,105,true,0
28718,0,0,58960860,101929100,42968240,0,0,97,false,0
28719,0,0,58960860,101934250,42973390,0,3,106,false,0
28720,0,0,58960860,101939100,42978240,0,0,97,false,0
28721,0,0,58960860,101944250,42983390,0,6,109,false,0
28722,0,0,58960860,101944250,42983390,0,112,112,true,0
28723,0,0,58960860,101944250,42983390,0,94,94,true,0
28724,0,0,58960860,101944250,42983390,0,99,99,true,0
28725,0,0,58960860,101948750,42987890,0,0,90,false,0
28726,0,0,58960860,101953300,42992440,0,0,91,false,0
28727,0,0,58960860,101957700,42996840,0,0,88,false,0
28728,0,0,58960860,101962300,43001440,0,0,92,false,0
28729,0,0,58960860,101967450,43006590,0,8,111,false,0
28730,0,0,58960860,101972000,43011140,0,0,91,false,0
28731,0,0,58960860,101977150,43016290,0,11,114,false,0
28732,0,0,58960860,101982300,43021440,0,8,111,false,0
28733,0,0,58960860,101982300,43021440,0,97,97,true,0
28734,0,0,58960860,101982300,43021440,0,87,87,true,0
28735,0,0,58960860,101982300,43021440,0,96,96,true,0
28736,0,0,58960860,101986900,43026040,0,0,92,false,0
28737,0,0,58960860,101990950,43030090,0,0,81,false,0
28738,0,0,58960860,101995900,43035040,0,0,99,false,0
28739,0,0,58960860,102000950,43040090,0,0,101,false,0
28740,0,0,58960860,102006100,43045240,0,16,119,false,0
28741,0,0,58960860,102011100,43050240,0,0,100,false,0
28742,0,0,58960860,102015850,43054990,0,0,95,false,0
28743,0,0,58960860,102015850,43054990,0,105,105,true,0
28744,0,0,58960860,102021000,43060140,0,4,107,false,0
28745,0,0,58960860,102025500,43064640,0,0,90,false,0
28746,0,0,58960860,102025500,43064640,0,96,96,true,0
28747,0,0,58960860,102030550,43069690,0,0,101,false,0
28748,0,0,58960860,102035650,43074790,0,0,102,false,0
28749,0,0,58960860,102035650,43074790,0,98,98,true,0
28750,0,0,58960860,102035650,43074790,0,107,107,true,0
28751,0,0,58960860,102035650,43074790,0,93,93,true,0
28752,0,0,58960860,102035650,43074790,0,95,95,true,0
28753,0,0,58960860,102040800,43079940,0,13,116,false,0
28754,0,0,58960860,102045950,43085090,0,10,113,false,0
28755,0,0,58960860,102050800,43089940,0,0,97,false,0
28756,0,0,59067480,102055850,42988370,0,0,101,false,0
28757,0,0,59067480,102060650,42993170,0,0,96,false,0
28758,0,0,59067480,102065150,42997670,0,0,90,false,0
28759,0,0,59067480,102070300,43002820,0,0,103,false,0
28760,0,0,59067480,102070300,43002820,0,93,93,true,0
28761,0,0,59067480,102075050,43007570,0,0,95,false,0
28762,0,0,59067480,102080200,43012720,0,2,105,false,0
28763,0,0,59067480,102085350,43017870,0,13,116,false,0
28764,0,0,59067480,102090250,43022770,0,0,98,false,0
28765,0,0,59067480,102090250,43022770,0,91,91,true,0
28766,0,0,59067480,102090250,43022770,0,85,85,true,0
28767,0,0,59067480,102095400,43027920,0,10,113,false,0
28768,0,0,59067480,102100200,43032720,0,0,96,false,0
28769,0,0,59067480,102104750,43037270,0,0,91,false,0
28770,0,0,59067480,102109900,43042420,0,0,103,false,0
28771,0,0,59067480,102114650,43047170,0,0,95,false,0
28772,0,0,59067480,102119150,43051670,0,0,90,false,0
28773,0,0,59067480,102124300,43056820,0,3,106,false,0
28774,0,0,59067480,102129300,43061820,0,0,100,false,0
28775,0,0,59067480,102134450,43066970,0,1,104,false,0
28776,0,0,59067480,102139600,43072120,0,15,118,false,0
28777,0,0,59067480,102144200,43076720,0,0,92,false,0
28778,0,0,59067480,102149350,43081870,0,0,103,false,0
28779,0,0,59067480,102153750,43086270,0,0,88,false,0
28780,0,0,59067480,102158200,43090720,0,0,89,false,0
28781,0,0,59067480,102162700,43095220,0,0,90,false,0
28782,0,0,59067480,102167850,43100370,0,3,106,false,0
28783,0,0,59067480,102173000,43105520,0,0,103,false,0
28784,0,0,59067480,102177800,43110320,0,0,96,false,0
28785,0,0,59067480,102177800,43110320,0,85,85,true,0
28786,0,0,59067480,102182950,43115470,0,5,108,false,0
28787,0,0,59067480,102187850,43120370,0,0,98,false,0
28788,0,0,59067480,102193000,43125520,0,2,105,false,0
28789,0,0,59067480,102198150,43130670,0,10,113,false,0
28790,0,0,59067480,102203300,43135820,0,16,119,false,0
28791,0,0,59067480,102207600,43140120,0,0,86,false,0
28792,0,0,59067480,102212650,43145170,0,0,101,false,0
28793,0,0,59067480,102217300,43149820,0,0,93,false,0
28794,0,0,59067480,102222450,43154970,0,1,104,false,0
28795,0,0,59067480,102227050,43159570,0,0,92,false,0
28796,0,0,59067480,102232200,43164720,0,2,105,false,0
28797,0,0,59067480,102237350,43169870,0,0,103,false,0
28798,0,0,59067480,102241250,43173770,0,0,78,false,0
28799,0,0,59067480,102246400,43178920,0,9,112,false,0
28800,0,0,59067480,102251250,43183770,0,0,97,false,0
28801,0,0,59067480,102256050,43188570,0,0,96,false,0
28802,0,0,59067480,102261200,43193720,0,3,106,false,0
28803,0,0,59067480,102266050,43198570,0,0,97,false,0
28804,0,0,59067480,102271000,43203520,0,0,99,false,0
28805,0,0,59067480,102275650,43208170,0,0,93,false,0
28806,0,0,59067480,102280800,43213320,0,3,106,false,0
28807,0,0,59067480,102285950,43218470,0,11,114,false,0
28808,0,0,59174100,102285950,43111850,0,109,109,true,0
28809,0,0,59174100,102285950,43111850,0,94,94,true,0
28810,0,0,59174100,102291100,43117000,0,0,103,false,0
28811,0,0,59174100,102295000,43120900,0,0,78,false,0
28812,0,0,59174100,102300150,43126050,0,5,108,false,0
28813,0,0,59174100,102304550,43130450,0,0,88,false,0
28814,0,0,59174100,102309450,43135350,0,0,98,false,0
28815,0,0,59174100,102314600,43140500,0,1,104,false,0
28816,0,0,59174100,102319750,43145650,0,4,107,false,0
28817,0,0,59174100,102324500,43150400,0,0,95,false,0
28818,0,0,59174100,102329100,43155000,0,0,92,false,0
28819,0,0,59174100,102334000,43159900,0,0,98,false,0
28820,0,0,59174100,102339150,43165050,0,3,106,false,0
28821,0,0,59174100,102339150,43165050,0,73,73,true,0
28822,0,0,59174100,102339150,43165050,0,106,106,true,0
28823,0,0,59174100,102344300,43170200,0,10,113,false,0
28824,0,0,59174100,102349250,43175150,0,0,99,false,0
28825,0,0,59174100,102354150,43180050,0,0,98,false,0
28826,0,0,59174100,102354150,43180050,0,99,99,true,0
28827,0,0,59174100,102354150,43180050,0,116,116,true,0
28828,0,0,59174100,102354150,43180050,0,111,111,true,0
28829,0,0,59174100,102359150,43185050,0,0,100,false,0
28830,0,0,59174100,102364050,43189950,0,0,98,false,0
28831,0,0,59174100,102368750,43194650,0,0,94,false,0
28832,0,0,59174100,102372950,43198850,0,0,84,false,0
28833,0,0,59174100,102378100,43204000,0,0,103,false,0
28834,0,0,59174100,102383250,43209150,0,3,106,false,0
28835,0,0,59174100,102388350,43214250,0,0,102,false,0
28836,0,0,59174100,102392750,43218650,0,0,88,false,0
28837,0,0,59174100,102397900,43223800,0,0,103,false,0
28838,0,0,59174100,102402400,43228300,0,0,90,false,0
28839,0,0,59174100,102407350,43233250,0,0,99,false,0
28840,0,0,59174100,102412150,43238050,0,0,96,false,0
28841,0,0,59174100,102416500,43242400,0,0,87,false,0
28842,0,0,59174100,102421650,43247550,0,2,105,false,0
28843,0,0,59174100,102426700,43252600,0,0,101,false,0
28844,0,0,59174100,102431850,43257750,0,15,118,false,0
28845,0,0,59174100,102437000,43262900,0,5,108,false,0
28846,0,0,59174100,102442150,43268050,0,4,107,false,0
28847,0,0,59174100,102446500,43272400,0,0,87,false,0
28848,0,0,59174100,102450550,43276450,0,0,81,false,0
28849,0,0,59174100,102450550,43276450,0,104,104,true,0
28850,0,0,59174100,102454750,43280650,0,0,84,false,0
28851,0,0,59174100,102459300,43285200,0,0,91,false,0
28852,0,0,59174100,102464450,43290350,0,9,112,false,0
28853,0,0,59174100,102468750,43294650,0,0,86,false,0
28854,0,0,59174100,102473250,43299150,0,0,90,false,0
28855,0,0,59174100,102477800,43303700,0,0,91,false,0
28856,0,0,59174100,102482750,43308650,0,0,99,false,0
28857,0,0,59174100,102487450,43313350,0,0,94,false,0
28858,0,0,59174100,102492600,43318500,0,1,104,false,0
28859,0,0,59174100,102497400,43323300,0,0,96,false,0
28860,0,0,59280720,102502000,43221280,0,0,92,false,0
28861,0,0,59280720,102507150,43226430,0,4,107,false,0
28862,0,0,59280720,102507150,43226430,0,90,90,true,0
28863,0,0,59280720,102511450,43230730,0,0,86,false,0
28864,0,0,59280720,102516600,43235880,0,6,109,false,0
28865,0,0,59280720,102516600,43235880,0,99,99,true,0
28866,0,0,59280720,102516600,43235880,0,87,87,true,0
28867,0,0,59280720,102521000,43240280,0,0,88,false,0
28868,0,0,59280720,102525900,43245180,0,0,98,false,0
28869,0,0,59280720,102530400,43249680,0,0,90,false,0
28870,0,0,59280720,102535300,43254580,0,0,98,false,0
28871,0,0,59280720,102540450,43259730,0,5,108,false,0
28872,0,0,59280720,102545600,43264880,0,8,111,false,0
28873,0,0,59280720,102550750,43270030,0,2,105,false,0
28874,0,0,59280720,102554900,43274180,0,0,83,false,0
28875,0,0,59280720,102559950,43279230,0,0,101,false,0
28876,0,0,59280720,102565100,43284380,0,0,103,false,0
28877,0,0,59280720,102565100,43284380,0,95,95,true,0
28878,0,0,59280720,102570100,43289380,0,0,100,false,0
28879,0,0,59280720,102575250,43294530,0,4,107,false,0
28880,0,0,59280720,102580400,43299680,0,1,104,false,0
28881,0,0,59280720,102585550,43304830,0,5,108,false,0
28882,0,0,59280720,102590300,43309580,0,0,95,false,0
28883,0,0,59280720,102595450,43314730,0,24,127,false,0
28884,0,0,59280720,102600200,43319480,0,0,95,false,0
28885,0,0,59280720,102604850,43324130,0,0,93,false,0
28886,0,0,59280720,102604850,43324130,0,118,118,true,0
28887,0,0,59280720,102609250,43328530,0,0,88,false,0
28888,0,0,59280720,102614000,43333280,0,0,95,false,0
28889,0,0,59280720,102619150,43338430,0,11,114,false,0
28890,0,0,59280720,102624300,43343580,0,9,112,false,0
28891,0,0,59280720,102629050,43348330,0,0,95,false,0
28892,0,0,59280720,102634200,43353480,0,9,112,false,0
28893,0,0,59280720,102634200,43353480,0,81,81,true,0
28894,0,0,59280720,102634200,43353480,0,102,102,true,0
28895,0,0,59280720,102634200,43353480,0,115,115,true,0
28896,0,0,59280720,102638750,43358030,0,0,91,false,0
28897,0,0,59280720,102643750,43363030,0,0,100,false,0
28898,0,0,59280720,102648750,43368030,0,0,100,false,0
28899,0,0,59280720,102653900,43373180,0,1,104,false,0
28900,0,0,59280720,102658250,43377530,0,0,87,false,0
28901,0,0,59280720,102663350,43382630,0,0,102,false,0
28902,0,0,59280720,102667950,43387230,0,0,92,false,0
28903,0,0,59280720,102673100,43392380,0,9,112,false,0
28904,0,0,59280720,102678250,43397530,0,7,110,false,0
28905,0,0,59280720,102683350,43402630,0,0,102,false,0
28906,0,0,59280720,102687950,43407230,0,0,92,false,0
28907,0,0,59280720,102693100,43412380,0,1,104,false,0
28908,0,0,59280720,102697900,43417180,0,0,96,false,0
28909,0,0,59280720,102703050,43422330,0,18,121,false,0
28910,0,0,59280720,102708200,43427480,0,13,116,false,0
28911,0,0,59280720,102712750,43432030,0,0,91,false,0
28912,0,0,59387340,102712750,43325410,0,97,97,true,0
28913,0,0,59387340,102712750,43325410,0,97,97,true,0
28914,0,0,59387340,102712750,43325410,0,100,100,true,0
28915,0,0,59387340,102712750,43325410,0,86,86,true,0
28916,0,0,59387340,102716900,43329560,0,0,83,false,0
28917,0,0,59387340,102722050,43334710,0,13,116,false,0
28918,0,0,59387340,102727000,43339660,0,0,99,false,0
28919,0,0,59387340,102732150,43344810,0,8,111,false,0
28920,0,0,59387340,102736850,43349510,0,0,94,false,0
28921,0,0,59387340,102741700,43354360,0,0,97,false,0
28922,0,0,59387340,102746050,43358710,0,0,87,false,0
28923,0,0,59387340,102750900,43363560,0,0,97,false,0
28924,0,0,59387340,102755550,43368210,0,0,93,false,0
28925,0,0,59387340,102760700,43373360,0,0,103,false,0
28926,0,0,59387340,102764750,43377410,0,0,81,false,0
28927,0,0,59387340,102769800,43382460,0,0,101,false,0
28928,0,0,59387340,102769800,43382460,0,107,107,true,0
28929,0,0,59387340,102774650,43387310,0,0,97,false,0
28930,0,0,59387340,102779800,43392460,0,3,106,false,0
28931,0,0,59387340,102784500,43397160,0,0,94,false,0
28932,0,0,59387340,102789050,43401710,0,0,91,false,0
28933,0,0,59387340,102793800,43406460,0,0,95,false,0
28934,0,0,59387340,102798400,43411060,0,0,92,false,0
28935,0,0,59387340,102803550,43416210,0,3,106,false,0
28936,0,0,59387340,102808400,43421060,0,0,97,false,0
28937,0,0,59387340,102808400,43421060,0,93,93,true,0
28938,0,0,59387340,102808400,43421060,0,132,132,true,0
28939,0,0,59387340,102808400,43421060,0,89,89,true,0
28940,0,0,59387340,102808400,43421060,0,95,95,true,0
28941,0,0,59387340,102813400,43426060,0,0,100,false,0
28942,0,0,59387340,102818450,43431110,0,0,101,false,0
28943,0,0,59387340,102822950,43435610,0,0,90,false,0
28944,0,0,59387340,102822950,43435610,0,126,126,true,0
28945,0,0,59387340,102822950,43435610,0,105,105,true,0
28946,0,0,59387340,102828100,43440760,0,16,119,false,0
28947,0,0,59387340,102833000,43445660,0,0,98,false,0
28948,0,0,59387340,102837200,43449860,0,0,84,false,0
28949,0,0,59387340,102842050,43454710,0,0,97,false,0
28950,0,0,59387340,102846900,43459560,0,0,97,false,0
28951,0,0,59387340,102851400,43464060,0,0,90,false,0
28952,0,0,59387340,102855750,43468410,0,0,87,false,0
28953,0,0,59387340,102860900,43473560,0,2,105,false,0
28954,0,0,59387340,102865100,43477760,0,0,84,false,0
28955,0,0,59387340,102869900,43482560,0,0,96,false,0
28956,0,0,59387340,102873950,43486610,0,0,81,false,0
28957,0,0,59387340,102879100,43491760,0,7,110,false,0
28958,0,0,59387340,102879100,43491760,0,93,93,true,0
28959,0,0,59387340,102879100,43491760,0,96,96,true,0
28960,0,0,59387340,102879100,43491760,0,90,90,true,0
28961,0,0,59387340,102879100,43491760,0,85,85,true,0
28962,0,0,59387340,102883300,43495960,0,0,84,false,0
28963,0,0,59387340,102888450,43501110,0,11,114,false,0
28964,0,0,59493960,102893350,43399390,0,0,98,false,0
28965,0,0,59493960,102897450,43403490,0,0,82,false,0
28966,0,0,59493960,102902600,43408640,0,13,116,false,0
28967,0,0,59493960,102902600,43408640,0,95,95,true,0
28968,0,0,59493960,102907700,43413740,0,0,102,false,0
28969,0,0,59493960,102912850,43418890,0,13,116,false,0
28970,0,0,59493960,102917750,43423790,0,0,98,false,0
28971,0,0,59493960,102922900,43428940,0,5,108,false,0
28972,0,0,59493960,102928050,43434090,0,7,110,false,0
28973,0,0,59493960,102931950,43437990,0,0,78,false,0
28974,0,0,59493960,102931950,43437990,0,101,101,true,0
28975,0,0,59493960,102931950,43437990,0,96,96,true,0
28976,0,0,59493960,102931950,43437990,0,111,111,true,0
28977,0,0,59493960,102931950,43437990,0,127,127,true,0
28978,0,0,59493960,102931950,43437990,0,91,91,true,0
28979,0,0,59493960,102931950,43437990,0,89,89,true,0
28980,0,0,59493960,102931950,43437990,0,97,97,true,0
28981,0,0,59493960,102937100,43443140,0,12,115,false,0
28982,0,0,59493960,102941850,43447890,0,0,95,false,0
28983,0,0,59493960,102947000,43453040,0,18,121,false,0
28984,0,0,59493960,102952150,43458190,0,9,112,false,0
28985,0,0,59493960,102952150,43458190,0,95,95,true,0
28986,0,0,59493960,102952150,43458190,0,113,113,true,0
28987,0,0,59493960,102957300,43463340,0,2,105,false,0
28988,0,0,59493960,102962150,43468190,0,0,97,false,0
28989,0,0,59493960,102966800,43472840,0,0,93,false,0
28990,0,0,59493960,102971450,43477490,0,0,93,false,0
28991,0,0,59493960,102976600,43482640,0,18,121,false,0
28992,0,0,59493960,102981750,43487790,0,0,103,false,0
28993,0,0,59493960,102986150,43492190,0,0,88,false,0
28994,0,0,59493960,102991050,43497090,0,0,98,false,0
28995,0,0,59493960,102996200,43502240,0,12,115,false,0
28996,0,0,59493960,103000950,43506990,0,0,95,false,0
28997,0,0,59493960,103005700,43511740,0,0,95,false,0
28998,0,0,59493960,103010450,43516490,0,0,95,false,0
28999,0,0,59493960,103015550,43521590,0,0,102,false,0
29000,0,0,59493960,103019750,43525790,0,0,84,false,0
29001,0,0,59493960,103019750,43525790,0,97,97,true,0
29002,0,0,59493960,103019750,43525790,0,96,96,true,0
29003,0,0,59493960,103019750,43525790,0,91,91,true,0
29004,0,0,59493960,103019750,43525790,0,95,95,true,0
29005,0,0,59493960,103019750,43525790,0,102,102,true,0
29006,0,0,59493960,103019750,43525790,0,123,123,true,0
29007,0,0,59493960,103024750,43530790,0,0,100,false,0
29008,0,0,59493960,103029900,43535940,0,9,112,false,0
29009,0,0,59493960,103034600,43540640,0,0,94,false,0
29010,0,0,59493960,103039700,43545740,0,0,102,false,0
29011,0,0,59493960,103043800,43549840,0,0,82,false,0
29012,0,0,59493960,103048950,43554990,0,14,117,false,0
29013,0,0,59493960,103054100,43560140,0,16,119,false,0
29014,0,0,59493960,103059250,43565290,0,6,109,false,0
29015,0,0,59493960,103064000,43570040,0,0,95,false,0
29016,0,0,59600580,103069150,43468570,0,7,110,false,0
29017,0,0,59600580,103073900,43473320,0,0,95,false,0
29018,0,0,59600580,103077900,43477320,0,0,80,false,0
29019,0,0,59600580,103083050,43482470,0,14,117,false,0
29020,0,0,59600580,103083050,43482470,0,102,102,true,0
29021,0,0,59600580,103088150,43487570,0,0,102,false,0
29022,0,0,59600580,103093300,43492720,0,10,113,false,0
29023,0,0,59600580,103098450,43497870,0,2,105,false,0
29024,0,0,59600580,103103250,43502670,0,0,96,false,0
29025,0,0,59600580,103107800,43507220,0,0,91,false,0
29026,0,0,59600580,103112950,43512370,0,20,123,false,0
29027,0,0,59600580,103118100,43517520,0,7,110,false,0
29028,0,0,59600580,103123250,43522670,0,16,119,false,0
29029,0,0,59600580,103128000,43527420,0,0,95,false,0
29030,0,0,59600580,103132850,43532270,0,0,97,false,0
29031,0,0,59600580,103137700,43537120,0,0,97,false,0
29032,0,0,59600580,103142100,43541520,0,0,88,false,0
29033,0,0,59600580,103142100,43541520,0,88,88,true,0
29034,0,0,59600580,103142100,43541520,0,100,100,true,0
29035,0,0,59600580,103142100,43541520,0,108,108,true,0
29036,0,0,59600580,103142100,43541520,0,96,96,true,0
29037,0,0,59600580,103146550,43545970,0,0,89,false,0
29038,0,0,59600580,103151500,43550920,0,0,99,false,0
29039,0,0,59600580,103156300,43555720,0,0,96,false,0
29040,0,0,59600580,103160700,43560120,0,0,88,false,0
29041,0,0,59600580,103165850,43565270,0,12,115,false,0
29042,0,0,59600580,103170000,43569420,0,0,83,false,0
29043,0,0,59600580,103175150,43574570,0,1,104,false,0
29044,0,0,59600580,103175150,43574570,0,91,91,true,0
29045,0,0,59600580,103175150,43574570,0,109,109,true,0
29046,0,0,59600580,103175150,43574570,0,93,93,true,0
29047,0,0,59600580,103180300,43579720,0,5,108,false,0
29048,0,0,59600580,103184800,43584220,0,0,90,false,0
29049,0,0,59600580,103189950,43589370,0,0,103,false,0
29050,0,0,59600580,103195100,43594520,0,11,114,false,0
29051,0,0,59600580,103200250,43599670,0,5,108,false,0
29052,0,0,59600580,103204750,43604170,0,0,90,false,0
29053,0,0,59600580,103209650,43609070,0,0,98,false,0
29054,0,0,59600580,103214800,43614220,0,0,103,false,0
29055,0,0,59600580,103219650,43619070,0,0,97,false,0
29056,0,0,59600580,103224800,43624220,0,16,119,false,0
29057,0,0,59600580,103229700,43629120,0,0,98,false,0
29058,0,0,59600580,103234850,43634270,0,4,107,false,0
29059,0,0,59600580,103239400,43638820,0,0,91,false,0
29060,0,0,59600580,103243900,43643320,0,0,90,false,0
29061,0,0,59600580,103248550,43647970,0,0,93,false,0
29062,0,0,59600580,103253200,43652620,0,0,93,false,0
29063,0,0,59600580,103258200,43657620,0,0,100,false,0
29064,0,0,59600580,103263350,43662770,0,21,124,false,0
29065,0,0,59600580,103268450,43667870,0,0,102,false,0
29066,0,0,59600580,103273600,43673020,0,1,104,false,0
29067,0,0,59600580,103278250,43677670,0,0,93,false,0
29068,0,0,59707200,103283400,43576200,0,0,103,false,0
29069,0,0,59707200,103287050,43579850,0,0,73,false,0
29070,0,0,59707200,103292150,43584950,0,0,102,false,0
29071,0,0,59707200,103297000,43589800,0,0,97,false,0
29072,0,0,59707200,103302150,43594950,0,1,104,false,0
29073,0,0,59707200,103306500,43599300,0,0,87,false,0
29074,0,0,59707200,103306500,43599300,0,97,97,true,0
29075,0,0,59707200,103306500,43599300,0,95,95,true,0
29076,0,0,59707200,103306500,43599300,0,99,99,true,0
29077,0,0,59707200,103306500,43599300,0,116,116,true,0
29078,0,0,59707200,103311650,43604450,0,3,106,false,0
29079,0,0,59707200,103316800,43609600,0,7,110,false,0
29080,0,0,59707200,103321250,43614050,0,0,89,false,0
29081,0,0,59707200,103326400,43619200,0,1,104,false,0
29082,0,0,59707200,103326400,43619200,0,99,99,true,0
29083,0,0,59707200,103326400,43619200,0,102,102,true,0
29084,0,0,59707200,103326400,43619200,0,86,86,true,0
29085,0,0,59707200,103326400,43619200,0,98,98,true,0
29086,0,0,59707200,103326400,43619200,0,112,112,true,0
29087,0,0,59707200,103326400,43619200,0,101,101,true,0
29088,0,0,59707200,103326400,43619200,0,86,86,true,0
29089,0,0,59707200,103330300,43623100,0,0,78,false,0
29090,0,0,59707200,103335250,43628050,0,0,99,false,0
29091,0,0,59707200,103340400,43633200,0,17,120,false,0
29092,0,0,59707200,103345150,43637950,0,0,95,false,0
29093,0,0,59707200,103350300,43643100,0,10,113,false,0
29094,0,0,59707200,103355450,43648250,0,4,107,false,0
29095,0,0,59707200,103360600,43653400,0,0,103,false,0
29096,0,0,59707200,103365750,43658550,0,0,103,false,0
29097,0,0,59707200,103369850,43662650,0,0,82,false,0
29098,0,0,59707200,103375000,43667800,0,0,103,false,0
29099,0,0,59707200,103379450,43672250,0,0,89,false,0
29100,0,0,59707200,103384150,43676950,0,0,94,false,0
29101,0,0,59707200,103389300,43682100,0,0,103,false,0
29102,0,0,59707200,103389300,43682100,0,111,111,true,0
29103,0,0,59707200,103389300,43682100,0,105,105,true,0
29104,0,0,59707200,103389300,43682100,0,110,110,true,0
29105,0,0,59707200,103394050,43686850,0,0,95,false,0
29106,0,0,59707200,103398400,43691200,0,0,87,false,0
29107,0,0,59707200,103403550,43696350,0,3,106,false,0
29108,0,0,59707200,103403550,43696350,0,107,107,true,0
29109,0,0,59707200,103403550,43696350,0,77,77,true,0
29110,0,0,59707200,103403550,43696350,0,84,84,true,0
29111,0,0,59707200,103408700,43701500,0,0,103,false,0
29112,0,0,59707200,103413550,43706350,0,0,97,false,0
29113,0,0,59707200,103418150,43710950,0,0,92,false,0
29114,0,0,59707200,103422850,43715650,0,0,94,false,0
29115,0,0,59707200,103428000,43720800,0,2,105,false,0
29116,0,0,59707200,103433150,43725950,0,5,108,false,0
29117,0,0,59707200,103438000,43730800,0,0,97,false,0
29118,0,0,59707200,103438000,43730800,0,106,106,true,0
29119,0,0,59707200,103438000,43730800,0,110,110,true,0
29120,0,0,59813820,103443150,43629330,0,4,107,false,0
29121,0,0,59813820,103447700,43633880,0,0,91,false,0
29122,0,0,59813820,103452850,43639030,0,11,114,false,0
29123,0,0,59813820,103457750,43643930,0,0,98,false,0
29124,0,0,59813820,103462150,43648330,0,0,88,false,0
29125,0,0,59813820,103462150,43648330,0,116,116,true,0
29126,0,0,59813820,103462150,43648330,0,87,87,true,0
29127,0,0,59813820,103462150,43648330,0,101,101,true,0
29128,0,0,59813820,103462150,43648330,0,109,109,true,0
29129,0,0,59813820,103462150,43648330,0,106,106,true,0
29130,0,0,59813820,103462150,43648330,0,102,102,true,0
29131,0,0,59813820,103462150,43648330,0,101,101,true,0
29132,0,0,59813820,103462150,43648330,0,74,74,true,0
29133,0,0,59813820,103462150,43648330,0,106,106,true,0
29134,0,0,59813820,103467100,43653280,0,0,99,false,0
29135,0,0,59813820,103472200,43658380,0,0,102,false,0
29136,0,0,59813820,103477350,43663530,0,5,108,false,0
29137,0,0,59813820,103477350,43663530,0,87,87,true,0
29138,0,0,59813820,103477350,43663530,0,91,91,true,0
29139,0,0,59813820,103477350,43663530,0,94,94,true,0
29140,0,0,59813820,103477350,43663530,0,111,111,true,0
29141,0,0,59813820,103477350,43663530,0,98,98,true,0
29142,0,0,59813820,103482500,43668680,0,0,103,false,0
29143,0,0,59813820,103487400,43673580,0,0,98,false,0
29144,0,0,59813820,103492550,43678730,0,3,106,false,0
29145,0,0,59813820,103496500,43682680,0,0,79,false,0
29146,0,0,59813820,103501650,43687830,0,7,110,false,0
29147,0,0,59813820,103506800,43692980,0,1,104,false,0
29148,0,0,59813820,103511100,43697280,0,0,86,false,0
29149,0,0,59813820,103515800,43701980,0,0,94,false,0
29150,0,0,59813820,103520150,43706330,0,0,87,false,0
29151,0,0,59813820,103525300,43711480,0,7,110,false,0
29152,0,0,59813820,103525300,43711480,0,99,99,true,0
29153,0,0,59813820,103525300,43711480,0,109,109,true,0
29154,0,0,59813820,103525300,43711480,0,100,100,true,0
29155,0,0,59813820,103525300,43711480,0,99,99,true,0
29156,0,0,59813820,103525300,43711480,0,114,114,true,0
29157,0,0,59813820,103525300,43711480,0,111,111,true,0
29158,0,0,59813820,103525300,43711480,0,109,109,true,0
29159,0,0,59813820,103530450,43716630,0,16,119,false,0
29160,0,0,59813820,103535000,43721180,0,0,91,false,0
29161,0,0,59813820,103539400,43725580,0,0,88,false,0
29162,0,0,59813820,103543800,43729980,0,0,88,false,0
29163,0,0,59813820,103543800,43729980,0,112,112,true,0
29164,0,0,59813820,103547900,43734080,0,0,82,false,0
29165,0,0,59813820,103553050,43739230,0,1,104,false,0
29166,0,0,59813820,103557250,43743430,0,0,84,false,0
29167,0,0,59813820,103562400,43748580,0,23,126,false,0
29168,0,0,59813820,103562400,43748580,0,101,101,true,0
29169,0,0,59813820,103562400,43748580,0,100,100,true,0
29170,0,0,59813820,103567550,43753730,0,6,109,false,0
29171,0,0,59813820,103572700,43758880,0,15,118,false,0
29172,0,0,59920440,103572700,43652260,0,101,101,true,0
29173,0,0,59920440,103572700,43652260,0,109,109,true,0
29174,0,0,59920440,103577850,43657410,0,8,111,false,0
29175,0,0,59920440,103582800,43662360,0,0,99,false,0
29176,0,0,59920440,103587800,43667360,0,0,100,false,0
29177,0,0,59920440,103587800,43667360,0,104,104,true,0
29178,0,0,59920440,103592450,43672010,0,0,93,false,0
29179,0,0,59920440,103597600,43677160,0,12,115,false,0
29180,0,0,59920440,103597600,43677160,0,92,92,true,0
29181,0,0,59920440,103602750,43682310,0,9,112,false,0
29182,0,0,59920440,103607550,43687110,0,0,96,false,0
29183,0,0,59920440,103611950,43691510,0,0,88,false,0
29184,0,0,59920440,103617100,43696660,0,8,111,false,0
29185,0,0,59920440,103617100,43696660,0,96,96,true,0
29186,0,0,59920440,103622050,43701610,0,0,99,false,0
29187,0,0,59920440,103627050,43706610,0,0,100,false,0
29188,0,0,59920440,103632200,43711760,0,4,107,false,0
29189,0,0,59920440,103637350,43716910,0,8,111,false,0
29190,0,0,59920440,103637350,43716910,0,95,95,true,0
29191,0,0,59920440,103642250,43721810,0,0,98,false,0
29192,0,0,59920440,103647400,43726960,0,14,117,false,0
29193,0,0,59920440,103651800,43731360,0,0,88,false,0
29194,0,0,59920440,103656600,43736160,0,0,96,false,0
29195,0,0,59920440,103661150,43740710,0,0,91,false,0
29196,0,0,59920440,103661150,43740710,0,101,101,true,0
29197,0,0,59920440,103661150,43740710,0,89,89,true,0
29198,0,0,59920440,103661150,43740710,0,95,95,true,0
29199,0,0,59920440,103666100,43745660,0,0,99,false,0
29200,0,0,59920440,103670650,43750210,0,0,91,false,0
29201,0,0,59920440,103675500,43755060,0,0,97,false,0
29202,0,0,59920440,103680650,43760210,0,4,107,false,0
29203,0,0,59920440,103685800,43765360,0,0,103,false,0
29204,0,0,59920440,103685800,43765360,0,76,76,true,0
29205,0,0,59920440,103685800,43765360,0,83,83,true,0
29206,0,0,59920440,103685800,43765360,0,83,83,true,0
29207,0,0,59920440,103685800,43765360,0,111,111,true,0
29208,0,0,59920440,103690900,43770460,0,0,102,false,0
29209,0,0,59920440,103695800,43775360,0,0,98,false,0
29210,0,0,59920440,103700800,43780360,0,0,100,false,0
29211,0,0,59920440,103705650,43785210,0,0,97,false,0
29212,0,0,59920440,103709800,43789360,0,0,83,false,0
29213,0,0,59920440,103714950,43794510,0,2,105,false,0
29214,0,0,59920440,103720100,43799660,0,8,111,false,0
29215,0,0,59920440,103725250,43804810,0,2,105,false,0
29216,0,0,59920440,103730400,43809960,0,6,109,false,0
29217,0,0,59920440,103735200,43814760,0,0,96,false,0
29218,0,0,59920440,103735200,43814760,0,94,94,true,0
29219,0,0,59920440,103735200,43814760,0,92,92,true,0
29220,0,0,59920440,103738850,43818410,0,0,73,false,0
29221,0,0,59920440,103743150,43822710,0,0,86,false,0
29222,0,0,59920440,103747850,43827410,0,0,94,false,0
29223,0,0,59920440,103753000,43832560,0,7,110,false,0
29224,0,0,60027060,103757900,43730840,0,0,98,false,0
29225,0,0,60027060,103763050,43735990,0,18,121,false,0
29226,0,0,60027060,103768200,43741140,0,8,111,false,0
29227,0,0,60027060,103773300,43746240,0,0,102,false,0
29228,0,0,60027060,103778450,43751390,0,2,105,false,0
29229,0,0,60027060,103783600,43756540,0,6,109,false,0
29230,0,0,60027060,103788550,43761490,0,0,99,false,0
29231,0,0,60027060,103793450,43766390,0,0,98,false,0
29232,0,0,60027060,103798600,43771540,0,7,110,false,0
29233,0,0,60027060,103798600,43771540,0,101,101,true,0
29234,0,0,60027060,103798600,43771540,0,108,108,true,0
29235,0,0,60027060,103798600,43771540,0,115,115,true,0
29236,0,0,60027060,103798600,43771540,0,92,92,true,0
29237,0,0,60027060,103798600,43771540,0,111,111,true,0
29238,0,0,60027060,103798600,43771540,0,94,94,true,0
29239,0,0,60027060,103802950,43775890,0,0,87,false,0
29240,0,0,60027060,103807950,43780890,0,0,100,false,0
29241,0,0,60027060,103807950,43780890,0,109,109,true,0
29242,0,0,60027060,103812550,43785490,0,0,92,false,0
29243,0,0,60027060,103817650,43790590,0,0,102,false,0
29244,0,0,60027060,103822800,43795740,0,17,120,false,0
29245,0,0,60027060,103827100,43800040,0,0,86,false,0
29246,0,0,60027060,103831950,43804890,0,0,97,false,0
29247,0,0,60027060,103837100,43810040,0,6,109,false,0
29248,0,0,60027060,103841700,43814640,0,0,92,false,0
29249,0,0,60027060,103846050,43818990,0,0,87,false,0
29250,0,0,60027060,103846050,43818990,0,112,112,true,0
29251,0,0,60027060,103846050,43818990,0,112,112,true,0
29252,0,0,60027060,103846050,43818990,0,82,82,true,0
29253,0,0,60027060,103846050,43818990,0,118,118,true,0
29254,0,0,60027060,103846050,43818990,0,115,115,true,0
29255,0,0,60027060,103846050,43818990,0,83,83,true,0
29256,0,0,60027060,103851200,43824140,0,1,104,false,0
29257,0,0,60027060,103856350,43829290,0,1,104,false,0
29258,0,0,60027060,103861350,43834290,0,0,100,false,0
29259,0,0,60027060,103866300,43839240,0,0,99,false,0
29260,0,0,60027060,103870650,43843590,0,0,87,false,0
29261,0,0,60027060,103875350,43848290,0,0,94,false,0
29262,0,0,60027060,103875350,43848290,0,109,109,true,0
29263,0,0,60027060,103875350,43848290,0,92,92,true,0
29264,0,0,60027060,103875350,43848290,0,102,102,true,0
29265,0,0,60027060,103875350,43848290,0,109,109,true,0
29266,0,0,60027060,103880100,43853040,0,0,95,false,0
29267,0,0,60027060,103885050,43857990,0,0,99,false,0
29268,0,0,60027060,103890200,43863140,0,3,106,false,0
29269,0,0,60027060,103895250,43868190,0,0,101,false,0
29270,0,0,60027060,103900150,43873090,0,0,98,false,0
29271,0,0,60027060,103904400,43877340,0,0,85,false,0
29272,0,0,60027060,103909250,43882190,0,0,97,false,0
29273,0,0,60027060,103914400,43887340,0,7,110,false,0
29274,0,0,60027060,103919300,43892240,0,0,98,false,0
29275,0,0,60027060,103923400,43896340,0,0,82,false,0
29276,0,0,60133680,103928550,43794870,0,6,109,false,0
29277,0,0,60133680,103928550,43794870,0,95,95,true,0
29278,0,0,60133680,103928550,43794870,0,97,97,true,0
29279,0,0,60133680,103928550,43794870,0,102,102,true,0
29280,0,0,60133680,103928550,43794870,0,95,95,true,0
29281,0,0,60133680,103933700,43800020,0,3,106,false,0
29282,0,0,60133680,103938700,43805020,0,0,100,false,0
29283,0,0,60133680,103943100,43809420,0,0,88,false,0
29284,0,0,60133680,103943100,43809420,0,99,99,true,0
29285,0,0,60133680,103948250,43814570,0,1,104,false,0
29286,0,0,60133680,103952650,43818970,0,0,88,false,0
29287,0,0,60133680,103957800,43824120,0,6,109,false,0
29288,0,0,60133680,103962300,43828620,0,0,90,false,0
29289,0,0,60133680,103967450,43833770,0,10,113,false,0
29290,0,0,60133680,103972400,43838720,0,0,99,false,0
29291,0,0,60133680,103977450,43843770,0,0,101,false,0
29292,0,0,60133680,103981700,43848020,0,0,85,false,0
29293,0,0,60133680,103986850,43853170,0,19,122,false,0
29294,0,0,60133680,103992000,43858320,0,2,105,false,0
29295,0,0,60133680,103997150,43863470,0,4,107,false,0
29296,0,0,60133680,104001650,43867970,0,0,90,false,0
29297,0,0,60133680,104006600,43872920,0,0,99,false,0
29298,0,0,60133680,104011750,43878070,0,12,115,false,0
29299,0,0,60133680,104016900,43883220,0,7,110,false,0
29300,0,0,60133680,104021950,43888270,0,0,101,false,0
29301,0,0,60133680,104027100,43893420,0,1,104,false,0
29302,0,0,60133680,104032250,43898570,0,6,109,false,0
29303,0,0,60133680,104037400,43903720,0,1,104,false,0
29304,0,0,60133680,104037400,43903720,0,122,122,true,0
29305,0,0,60133680,104037400,43903720,0,92,92,true,0
29306,0,0,60133680,104037400,43903720,0,104,104,true,0
29307,0,0,60133680,104037400,43903720,0,95,95,true,0
29308,0,0,60133680,104037400,43903720,0,117,117,true,0
29309,0,0,60133680,104042550,43908870,0,3,106,false,0
29310,0,0,60133680,104047250,43913570,0,0,94,false,0
29311,0,0,60133680,104051600,43917920,0,0,87,false,0
29312,0,0,60133680,104056750,43923070,0,5,108,false,0
29313,0,0,60133680,104061850,43928170,0,0,102,false,0
29314,0,0,60133680,104066300,43932620,0,0,89,false,0
29315,0,0,60133680,104071450,43937770,0,4,107,false,0
29316,0,0,60133680,104076450,43942770,0,0,100,false,0
29317,0,0,60133680,104076450,43942770,0,94,94,true,0
29318,0,0,60133680,104081600,43947920,0,21,124,false,0
29319,0,0,60133680,104086550,43952870,0,0,99,false,0
29320,0,0,60133680,104091500,43957820,0,0,99,false,0
29321,0,0,60133680,104096650,43962970,0,6,109,false,0
29322,0,0,60133680,104096650,43962970,0,108,108,true,0
29323,0,0,60133680,104096650,43962970,0,112,112,true,0
29324,0,0,60133680,104101800,43968120,0,25,128,false,0
29325,0,0,60133680,104106950,43973270,0,18,121,false,0
29326,0,0,60133680,104111750,43978070,0,0,96,false,0
29327,0,0,60133680,104111750,43978070,0,122,122,true,0
29328,0,0,60240300,104111750,43871450,0,109,109,true,0
29329,0,0,60240300,104116750,43876450,0,0,100,false,0
29330,0,0,60240300,104121900,43881600,0,13,116,false,0
29331,0,0,60240300,104127000,43886700,0,0,102,false,0
29332,0,0,60240300,104131250,43890950,0,0,85,false,0
29333,0,0,60240300,104135750,43895450,0,0,90,false,0
29334,0,0,60240300,104140400,43900100,0,0,93,false,0
29335,0,0,60240300,104145550,43905250,0,21,124,false,0
29336,0,0,60240300,104150700,43910400,0,6,109,false,0
29337,0,0,60240300,104155800,43915500,0,0,102,false,0
29338,0,0,60240300,104155800,43915500,0,89,89,true,0
29339,0,0,60240300,104155800,43915500,0,100,100,true,0
29340,0,0,60240300,104160950,43920650,0,1,104,false,0
29341,0,0,60240300,104166100,43925800,0,9,112,false,0
29342,0,0,60240300,104171250,43930950,0,8,111,false,0
29343,0,0,60240300,104176050,43935750,0,0,96,false,0
29344,0,0,60240300,104176050,43935750,0,97,97,true,0
29345,0,0,60240300,104180650,43940350,0,0,92,false,0
29346,0,0,60240300,104185800,43945500,0,0,103,false,0
29347,0,0,60240300,104190800,43950500,0,0,100,false,0
29348,0,0,60240300,104190800,43950500,0,112,112,true,0
29349,0,0,60240300,104190800,43950500,0,107,107,true,0
29350,0,0,60240300,104190800,43950500,0,108,108,true,0
29351,0,0,60240300,104190800,43950500,0,106,106,true,0
29352,0,0,60240300,104195950,43955650,0,22,125,false,0
29353,0,0,60240300,104201100,43960800,0,10,113,false,0
29354,0,0,60240300,104205900,43965600,0,0,96,false,0
29355,0,0,60240300,104210350,43970050,0,0,89,false,0
29356,0,0,60240300,104215000,43974700,0,0,93,false,0
29357,0,0,60240300,104219800,43979500,0,0,96,false,0
29358,0,0,60240300,104224400,43984100,0,0,92,false,0
29359,0,0,60240300,104229400,43989100,0,0,100,false,0
29360,0,0,60240300,104234150,43993850,0,0,95,false,0
29361,0,0,60240300,104239300,43999000,0,1,104,false,0
29362,0,0,60240300,104244250,44003950,0,0,99,false,0
29363,0,0,60240300,104244250,44003950,0,102,102,true,0
29364,0,0,60240300,104244250,44003950,0,91,91,true,0
29365,0,0,60240300,104244250,44003950,0,97,97,true,0
29366,0,0,60240300,104244250,44003950,0,101,101,true,0
29367,0,0,60240300,104244250,44003950,0,90,90,true,0
29368,0,0,60240300,104249400,44009100,0,18,121,false,0
29369,0,0,60240300,104254100,44013800,0,0,94,false,0
29370,0,0,60240300,104259100,44018800,0,0,100,false,0
29371,0,0,60240300,104264050,44023750,0,0,99,false,0
29372,0,0,60240300,104268750,44028450,0,0,94,false,0
29373,0,0,60240300,104268750,44028450,0,107,107,true,0
29374,0,0,60240300,104268750,44028450,0,100,100,true,0
29375,0,0,60240300,104268750,44028450,0,105,105,true,0
29376,0,0,60240300,104268750,44028450,0,94,94,true,0
29377,0,0,60240300,104268750,44028450,0,77,77,true,0
29378,0,0,60240300,104268750,44028450,0,92,92,true,0
29379,0,0,60240300,104268750,44028450,0,108,108,true,0
29380,0,0,60346920,104268750,43921830,0,92,92,true,0
29381,0,0,60346920,104268750,43921830,0,96,96,true,0
29382,0,0,60346920,104268750,43921830,0,103,103,true,0
29383,0,0,60346920,104273450,43926530,0,0,94,false,0
29384,0,0,60346920,104278350,43931430,0,0,98,false,0
29385,0,0,60346920,104278350,43931430,0,96,96,true,0
29386,0,0,60346920,104278350,43931430,0,105,105,true,0
29387,0,0,60346920,104278350,43931430,0,102,102,true,0
29388,0,0,60346920,104282450,43935530,0,0,82,false,0
29389,0,0,60346920,104286850,43939930,0,0,88,false,0
29390,0,0,60346920,104286850,43939930,0,106,106,true,0
29391,0,0,60346920,104291100,43944180,0,0,85,false,0
29392,0,0,60346920,104296250,43949330,0,0,103,false,0
29393,0,0,60346920,104296250,43949330,0,86,86,true,0
29394,0,0,60346920,104301400,43954480,0,9,112,false,0
29395,0,0,60346920,104306300,43959380,0,0,98,false,0
29396,0,0,60346920,104311350,43964430,0,0,101,false,0
29397,0,0,60346920,104316500,43969580,0,13,116,false,0
29398,0,0,60346920,104321300,43974380,0,0,96,false,0
29399,0,0,60346920,104326450,43979530,0,22,125,false,0
29400,0,0,60346920,104331500,43984580,0,0,101,false,0
29401,0,0,60346920,104336500,43989580,0,0,100,false,0
29402,0,0,60346920,104341650,43994730,0,1,104,false,0
29403,0,0,60346920,104346150,43999230,0,0,90,false,0
29404,0,0,60346920,104349950,44003030,0,0,76,false,0
29405,0,0,60346920,104355100,44008180,0,10,113,false,0
29406,0,0,60346920,104360200,44013280,0,0,102,false,0
29407,0,0,60346920,104365100,44018180,0,0,98,false,0
29408,0,0,60346920,104370250,44023330,0,5,108,false,0
29409,0,0,60346920,104374250,44027330,0,0,80,false,0
29410,0,0,60346920,104378650,44031730,0,0,88,false,0
29411,0,0,60346920,104383800,44036880,0,5,108,false,0
29412,0,0,60346920,104383800,44036880,0,110,110,true,0
29413,0,0,60346920,104383800,44036880,0,97,97,true,0
29414,0,0,60346920,104383800,44036880,0,100,100,true,0
29415,0,0,60346920,104383800,44036880,0,89,89,true,0
29416,0,0,60346920,104388850,44041930,0,0,101,false,0
29417,0,0,60346920,104394000,44047080,0,11,114,false,0
29418,0,0,60346920,104399150,44052230,0,5,108,false,0
29419,0,0,60346920,104404300,44057380,0,12,115,false,0
29420,0,0,60346920,104408850,44061930,0,0,91,false,0
29421,0,0,60346920,104414000,44067080,0,3,106,false,0
29422,0,0,60346920,104419150,44072230,0,1,104,false,0
29423,0,0,60346920,104424300,44077380,0,3,106,false,0
29424,0,0,60346920,104429150,44082230,0,0,97,false,0
29425,0,0,60346920,104434200,44087280,0,0,101,false,0
29426,0,0,60346920,104439350,44092430,0,14,117,false,0
29427,0,0,60346920,104444500,44097580,0,14,117,false,0
29428,0,0,60346920,104449250,44102330,0,0,95,false,0
29429,0,0,60346920,104454400,44107480,0,3,106,false,0
29430,0,0,60346920,104458900,44111980,0,0,90,false,0
29431,0,0,60346920,104463700,44116780,0,0,96,false,0
29432,0,0,60453540,104468700,44015160,0,0,100,false,0
29433,0,0,60453540,104473200,44019660,0,0,90,false,0
29434,0,0,60453540,104478350,44024810,0,5,108,false,0
29435,0,0,60453540,104482350,44028810,0,0,80,false,0
29436,0,0,60453540,104482350,44028810,0,86,86,true,0
29437,0,0,60453540,104482350,44028810,0,96,96,true,0
29438,0,0,60453540,104482350,44028810,0,96,96,true,0
29439,0,0,60453540,104487500,44033960,0,16,119,false,0
29440,0,0,60453540,104492650,44039110,0,2,105,false,0
29441,0,0,60453540,104492650,44039110,0,91,91,true,0
29442,0,0,60453540,104492650,44039110,0,87,87,true,0
29443,0,0,60453540,104492650,44039110,0,99,99,true,0
29444,0,0,60453540,104492650,44039110,0,96,96,true,0
29445,0,0,60453540,104492650,44039110,0,119,119,true,0
29446,0,0,60453540,104492650,44039110,0,100,100,true,0
29447,0,0,60453540,104492650,44039110,0,79,79,true,0
29448,0,0,60453540,104497800,44044260,0,2,105,false,0
29449,0,0,60453540,104502800,44049260,0,0,100,false,0
29450,0,0,60453540,104507950,44054410,0,0,103,false,0
29451,0,0,60453540,104512450,44058910,0,0,90,false,0
29452,0,0,60453540,104517600,44064060,0,3,106,false,0
29453,0,0,60453540,104522300,44068760,0,0,94,false,0
29454,0,0,60453540,104522300,44068760,0,109,109,true,0
29455,0,0,60453540,104527050,44073510,0,0,95,false,0
29456,0,0,60453540,104531600,44078060,0,0,91,false,0
29457,0,0,60453540,104536750,44083210,0,2,105,false,0
29458,0,0,60453540,104541700,44088160,0,0,99,false,0
29459,0,0,60453540,104541700,44088160,0,78,78,true,0
29460,0,0,60453540,104541700,44088160,0,113,113,true,0
29461,0,0,60453540,104541700,44088160,0,94,94,true,0
29462,0,0,60453540,104541700,44088160,0,96,96,true,0
29463,0,0,60453540,104546850,44093310,0,13,116,false,0
29464,0,0,60453540,104551350,44097810,0,0,90,false,0
29465,0,0,60453540,104555750,44102210,0,0,88,false,0
29466,0,0,60453540,104560400,44106860,0,0,93,false,0
29467,0,0,60453540,104565400,44111860,0,0,100,false,0
29468,0,0,60453540,104570150,44116610,0,0,95,false,0
29469,0,0,60453540,104574500,44120960,0,0,87,false,0
29470,0,0,60453540,104579650,44126110,0,2,105,false,0
29471,0,0,60453540,104584800,44131260,0,4,107,false,0
29472,0,0,60453540,104589950,44136410,0,17,120,false,0
29473,0,0,60453540,104594350,44140810,0,0,88,false,0
29474,0,0,60453540,104599500,44145960,0,10,113,false,0
29475,0,0,60453540,104604650,44151110,0,4,107,false,0
29476,0,0,60453540,104609750,44156210,0,0,102,false,0
29477,0,0,60453540,104614500,44160960,0,0,95,false,0
29478,0,0,60453540,104619650,44166110,0,11,114,false,0
29479,0,0,60453540,104624450,44170910,0,0,96,false,0
29480,0,0,60453540,104629600,44176060,0,5,108,false,0
29481,0,0,60453540,104634400,44180860,0,0,96,false,0
29482,0,0,60453540,104639300,44185760,0,0,98,false,0
29483,0,0,60453540,104639300,44185760,0,109,109,true,0
29484,0,0,60560160,104644300,44084140,0,0,100,false,0
29485,0,0,60560160,104649150,44088990,0,0,97,false,0
29486,0,0,60560160,104654300,44094140,0,5,108,false,0
29487,0,0,60560160,104654300,44094140,0,86,86,true,0
29488,0,0,60560160,104659450,44099290,0,4,107,false,0
29489,0,0,60560160,104664400,44104240,0,0,99,false,0
29490,0,0,60560160,104669450,44109290,0,0,101,false,0
29491,0,0,60560160,104674600,44114440,0,9,112,false,0
29492,0,0,60560160,104674600,44114440,0,90,90,true,0
29493,0,0,60560160,104679650,44119490,0,0,101,false,0
29494,0,0,60560160,104684350,44124190,0,0,94,false,0
29495,0,0,60560160,104688600,44128440,0,0,85,false,0
29496,0,0,60560160,104693350,44133190,0,0,95,false,0
29497,0,0,60560160,104698500,44138340,0,5,108,false,0
29498,0,0,60560160,104703600,44143440,0,0,102,false,0
29499,0,0,60560160,104708450,44148290,0,0,97,false,0
29500,0,0,60560160,104713600,44153440,0,12,115,false,0
29501,0,0,60560160,104717150,44156990,0,0,71,false,0
29502,0,0,60560160,104721850,44161690,0,0,94,false,0
29503,0,0,60560160,104721850,44161690,0,106,106,true,0
29504,0,0,60560160,104721850,44161690,0,80,80,true,0
29505,0,0,60560160,104721850,44161690,0,116,116,true,0
29506,0,0,60560160,104726550,44166390,0,0,94,false,0
29507,0,0,60560160,104731700,44171540,0,8,111,false,0
29508,0,0,60560160,104736850,44176690,0,8,111,false,0
29509,0,0,60560160,104736850,44176690,0,82,82,true,0
29510,0,0,60560160,104736850,44176690,0,96,96,true,0
29511,0,0,60560160,104741450,44181290,0,0,92,false,0
29512,0,0,60560160,104746050,44185890,0,0,92,false,0
29513,0,0,60560160,104746050,44185890,0,86,86,true,0
29514,0,0,60560160,104746050,44185890,0,110,110,true,0
29515,0,0,60560160,104746050,44185890,0,103,103,true,0
29516,0,0,60560160,104746050,44185890,0,104,104,true,0
29517,0,0,60560160,104746050,44185890,0,106,106,true,0
29518,0,0,60560160,104751200,44191040,0,17,120,false,0
29519,0,0,60560160,104756350,44196190,0,9,112,false,0
29520,0,0,60560160,104756350,44196190,0,93,93,true,0
29521,0,0,60560160,104761500,44201340,0,6,109,false,0
29522,0,0,60560160,104766650,44206490,0,2,105,false,0
29523,0,0,60560160,104766650,44206490,0,100,100,true,0
29524,0,0,60560160,104766650,44206490,0,104,104,true,0
29525,0,0,60560160,104766650,44206490,0,78,78,true,0
29526,0,0,60560160,104766650,44206490,0,97,97,true,0
29527,0,0,60560160,104766650,44206490,0,102,102,true,0
29528,0,0,60560160,104766650,44206490,0,87,87,true,0
29529,0,0,60560160,104766650,44206490,0,93,93,true,0
29530,0,0,60560160,104771800,44211640,0,8,111,false,0
29531,0,0,60560160,104775850,44215690,0,0,81,false,0
29532,0,0,60560160,104781000,44220840,0,8,111,false,0
29533,0,0,60560160,104785700,44225540,0,0,94,false,0
29534,0,0,60560160,104790800,44230640,0,0,102,false,0
29535,0,0,60560160,104795150,44234990,0,0,87,false,0
29536,0,0,60666780,104800050,44133270,0,0,98,false,0
29537,0,0,60666780,104804250,44137470,0,0,84,false,0
29538,0,0,60666780,104809400,44142620,0,6,109,false,0
29539,0,0,60666780,104814550,44147770,0,1,104,false,0
29540,0,0,60666780,104818700,44151920,0,0,83,false,0
29541,0,0,60666780,104823450,44156670,0,0,95,false,0
29542,0,0,60666780,104828350,44161570,0,0,98,false,0
29543,0,0,60666780,104833500,44166720,0,1,104,false,0
29544,0,0,60666780,104838550,44171770,0,0,101,false,0
29545,0,0,60666780,104843700,44176920,0,10,113,false,0
29546,0,0,60666780,104848850,44182070,0,2,105,false,0
29547,0,0,60666780,104853800,44187020,0,0,99,false,0
29548,0,0,60666780,104858950,44192170,0,3,106,false,0
29549,0,0,60666780,104864100,44197320,0,13,116,false,0
29550,0,0,60666780,104868600,44201820,0,0,90,false,0
29551,0,0,60666780,104872700,44205920,0,0,82,false,0
29552,0,0,60666780,104877150,44210370,0,0,89,false,0
29553,0,0,60666780,104882300,44215520,0,0,103,false,0
29554,0,0,60666780,104887050,44220270,0,0,95,false,0
29555,0,0,60666780,104887050,44220270,0,102,102,true,0
29556,0,0,60666780,104887050,44220270,0,106,106,true,0
29557,0,0,60666780,104891700,44224920,0,0,93,false,0
29558,0,0,60666780,104895950,44229170,0,0,85,false,0
29559,0,0,60666780,104900950,44234170,0,0,100,false,0
29560,0,0,60666780,104905300,44238520,0,0,87,false,0
29561,0,0,60666780,104905300,44238520,0,95,95,true,0
29562,0,0,60666780,104910450,44243670,0,0,103,false,0
29563,0,0,60666780,104915050,44248270,0,0,92,false,0
29564,0,0,60666780,104920200,44253420,0,5,108,false,0
29565,0,0,60666780,104925200,44258420,0,0,100,false,0
29566,0,0,60666780,104929000,44262220,0,0,76,false,0
29567,0,0,60666780,104934150,44267370,0,6,109,false,0
29568,0,0,60666780,104934150,44267370,0,89,89,true,0
29569,0,0,60666780,104939300,44272520,0,5,108,false,0
29570,0,0,60666780,104944450,44277670,0,7,110,false,0
29571,0,0,60666780,104948250,44281470,0,0,76,false,0
29572,0,0,60666780,104953400,44286620,0,5,108,false,0
29573,0,0,60666780,104953400,44286620,0,95,95,true,0
29574,0,0,60666780,104953400,44286620,0,97,97,true,0
29575,0,0,60666780,104958400,44291620,0,0,100,false,0
29576,0,0,60666780,104963350,44296570,0,0,99,false,0
29577,0,0,60666780,104967850,44301070,0,0,90,false,0
29578,0,0,60666780,104972350,44305570,0,0,90,false,0
29579,0,0,60666780,104977400,44310620,0,0,101,false,0
29580,0,0,60666780,104977400,44310620,0,93,93,true,0
29581,0,0,60666780,104977400,44310620,0,104,104,true,0
29582,0,0,60666780,104982200,44315420,0,0,96,false,0
29583,0,0,60666780,104986850,44320070,0,0,93,false,0
29584,0,0,60666780,104991600,44324820,0,0,95,false,0
29585,0,0,60666780,104991600,44324820,0,96,96,true,0
29586,0,0,60666780,104995600,44328820,0,0,80,false,0
29587,0,0,60666780,105000350,44333570,0,0,95,false,0
29588,0,0,60773400,105005500,44232100,0,4,107,false,0
29589,0,0,60773400,105010350,44236950,0,0,97,false,0
29590,0,0,60773400,105010350,44236950,0,78,78,true,0
29591,0,0,60773400,105015150,44241750,0,0,96,false,0
29592,0,0,60773400,105019650,44246250,0,0,90,false,0
29593,0,0,60773400,105024800,44251400,0,0,103,false,0
29594,0,0,60773400,105029950,44256550,0,10,113,false,0
29595,0,0,60773400,105035100,44261700,0,6,109,false,0
29596,0,0,60773400,105039300,44265900,0,0,84,false,0
29597,0,0,60773400,105043700,44270300,0,0,88,false,0
29598,0,0,60773400,105048600,44275200,0,0,98,false,0
29599,0,0,60773400,105053700,44280300,0,0,102,false,0
29600,0,0,60773400,105058850,44285450,0,2,105,false,0
29601,0,0,60773400,105063350,44289950,0,0,90,false,0
29602,0,0,60773400,105063350,44289950,0,94,94,true,0
29603,0,0,60773400,105068500,44295100,0,1,104,false,0
29604,0,0,60773400,105073250,44299850,0,0,95,false,0
29605,0,0,60773400,105077950,44304550,0,0,94,false,0
29606,0,0,60773400,105083000,44309600,0,0,101,false,0
29607,0,0,60773400,105088150,44314750,0,23,126,false,0
29608,0,0,60773400,105093250,44319850,0,0,102,false,0
29609,0,0,60773400,105093250,44319850,0,97,97,true,0
29610,0,0,60773400,105097900,44324500,0,0,93,false,0
29611,0,0,60773400,105102000,44328600,0,0,82,false,0
29612,0,0,60773400,105107150,44333750,0,5,108,false,0
29613,0,0,60773400,105112300,44338900,0,3,106,false,0
29614,0,0,60773400,105116850,44343450,0,0,91,false,0
29615,0,0,60773400,105116850,44343450,0,106,106,true,0
29616,0,0,60773400,105116850,44343450,0,101,101,true,0
29617,0,0,60773400,105116850,44343450,0,108,108,true,0
29618,0,0,60773400,105116850,44343450,0,103,103,true,0
29619,0,0,60773400,105116850,44343450,0,90,90,true,0
29620,0,0,60773400,105116850,44343450,0,94,94,true,0
29621,0,0,60773400,105116850,44343450,0,108,108,true,0
29622,0,0,60773400,105122000,44348600,0,0,103,false,0
29623,0,0,60773400,105126650,44353250,0,0,93,false,0
29624,0,0,60773400,105130450,44357050,0,0,76,false,0
29625,0,0,60773400,105135050,44361650,0,0,92,false,0
29626,0,0,60773400,105135050,44361650,0,89,89,true,0
29627,0,0,60773400,105140100,44366700,0,0,101,false,0
29628,0,0,60773400,105145250,44371850,0,7,110,false,0
29629,0,0,60773400,105149950,44376550,0,0,94,false,0
29630,0,0,60773400,105149950,44376550,0,98,98,true,0
29631,0,0,60773400,105154600,44381200,0,0,93,false,0
29632,0,0,60773400,105159200,44385800,0,0,92,false,0
29633,0,0,60773400,105164000,44390600,0,0,96,false,0
29634,0,0,60773400,105168900,44395500,0,0,98,false,0
29635,0,0,60773400,105168900,44395500,0,103,103,true,0
29636,0,0,60773400,105168900,44395500,0,100,100,true,0
29637,0,0,60773400,105173850,44400450,0,0,99,false,0
29638,0,0,60773400,105178250,44404850,0,0,88,false,0
29639,0,0,60773400,105183250,44409850,0,0,100,false,0
29640,0,0,60880020,105188400,44308380,0,4,107,false,0
29641,0,0,60880020,105192700,44312680,0,0,86,false,0
29642,0,0,60880020,105192700,44312680,0,98,98,true,0
29643,0,0,60880020,105192700,44312680,0,105,105,true,0
29644,0,0,60880020,105197850,44317830,0,4,107,false,0
29645,0,0,60880020,105202950,44322930,0,0,102,false,0
29646,0,0,60880020,105208100,44328080,0,10,113,false,0
29647,0,0,60880020,105208100,44328080,0,91,91,true,0
29648,0,0,60880020,105208100,44328080,0,102,102,true,0
29649,0,0,60880020,105208100,44328080,0,91,91,true,0
29650,0,0,60880020,105208100,44328080,0,96,96,true,0
29651,0,0,60880020,105208100,44328080,0,99,99,true,0
29652,0,0,60880020,105213250,44333230,0,14,117,false,0
29653,0,0,60880020,105218150,44338130,0,0,98,false,0
29654,0,0,60880020,105223200,44343180,0,0,101,false,0
29655,0,0,60880020,105227700,44347680,0,0,90,false,0
29656,0,0,60880020,105232850,44352830,0,5,108,false,0
29657,0,0,60880020,105238000,44357980,0,4,107,false,0
29658,0,0,60880020,105242300,44362280,0,0,86,false,0
29659,0,0,60880020,105247450,44367430,0,2,105,false,0
29660,0,0,60880020,105247450,44367430,0,94,94,true,0
29661,0,0,60880020,105247450,44367430,0,89,89,true,0
29662,0,0,60880020,105247450,44367430,0,88,88,true,0
29663,0,0,60880020,105252400,44372380,0,0,99,false,0
29664,0,0,60880020,105257300,44377280,0,0,98,false,0
29665,0,0,60880020,105262450,44382430,0,1,104,false,0
29666,0,0,60880020,105267200,44387180,0,0,95,false,0
29667,0,0,60880020,105272100,44392080,0,0,98,false,0
29668,0,0,60880020,105276300,44396280,0,0,84,false,0
29669,0,0,60880020,105280700,44400680,0,0,88,false,0
29670,0,0,60880020,105285850,44405830,0,0,103,false,0
29671,0,0,60880020,105290350,44410330,0,0,90,false,0
29672,0,0,60880020,105290350,44410330,0,106,106,true,0
29673,0,0,60880020,105290350,44410330,0,98,98,true,0
29674,0,0,60880020,105290350,44410330,0,96,96,true,0
29675,0,0,60880020,105290350,44410330,0,111,111,true,0
29676,0,0,60880020,105290350,44410330,0,121,121,true,0
29677,0,0,60880020,105295500,44415480,0,0,103,false,0
29678,0,0,60880020,105300650,44420630,0,4,107,false,0
29679,0,0,60880020,105305750,44425730,0,0,102,false,0
29680,0,0,60880020,105310900,44430880,0,8,111,false,0
29681,0,0,60880020,105315600,44435580,0,0,94,false,0
29682,0,0,60880020,105320750,44440730,0,7,110,false,0
29683,0,0,60880020,105325550,44445530,0,0,96,false,0
29684,0,0,60880020,105330700,44450680,0,13,116,false,0
29685,0,0,60880020,105335050,44455030,0,0,87,false,0
29686,0,0,60880020,105340150,44460130,0,0,102,false,0
29687,0,0,60880020,105345300,44465280,0,10,113,false,0
29688,0,0,60880020,105350450,44470430,0,2,105,false,0
29689,0,0,60880020,105355200,44475180,0,0,95,false,0
29690,0,0,60880020,105360050,44480030,0,0,97,false,0
29691,0,0,60880020,105360050,44480030,0,109,109,true,0
29692,0,0,60986640,105364250,44377610,0,0,84,false,0
29693,0,0,60986640,105369350,44382710,0,0,102,false,0
29694,0,0,60986640,105373500,44386860,0,0,83,false,0
29695,0,0,60986640,105378000,44391360,0,0,90,false,0
29696,0,0,60986640,105382550,44395910,0,0,91,false,0
29697,0,0,60986640,105387700,44401060,0,9,112,false,0
29698,0,0,60986640,105392850,44406210,0,9,112,false,0
29699,0,0,60986640,105397800,44411160,0,0,99,false,0
29700,0,0,60986640,105401850,44415210,0,0,81,false,0
29701,0,0,60986640,105407000,44420360,0,0,103,false,0
29702,0,0,60986640,105411600,44424960,0,0,92,false,0
29703,0,0,60986640,105416300,44429660,0,0,94,false,0
29704,0,0,60986640,105416300,44429660,0,93,93,true,0
29705,0,0,60986640,105416300,44429660,0,111,111,true,0
29706,0,0,60986640,105421200,44434560,0,0,98,false,0
29707,0,0,60986640,105425500,44438860,0,0,86,false,0
29708,0,0,60986640,105429650,44443010,0,0,83,false,0
29709,0,0,60986640,105434800,44448160,0,0,103,false,0
29710,0,0,60986640,105439950,44453310,0,5,108,false,0
29711,0,0,60986640,105444800,44458160,0,0,97,false,0
29712,0,0,60986640,105449150,44462510,0,0,87,false,0
29713,0,0,60986640,105454300,44467660,0,2,105,false,0
29714,0,0,60986640,105459000,44472360,0,0,94,false,0
29715,0,0,60986640,105459000,44472360,0,98,98,true,0
29716,0,0,60986640,105459000,44472360,0,102,102,true,0
29717,0,0,60986640,105463550,44476910,0,0,91,false,0
29718,0,0,60986640,105468450,44481810,0,0,98,false,0
29719,0,0,60986640,105468450,44481810,0,84,84,true,0
29720,0,0,60986640,105468450,44481810,0,93,93,true,0
29721,0,0,60986640,105473600,44486960,0,7,110,false,0
29722,0,0,60986640,105478600,44491960,0,0,100,false,0
29723,0,0,60986640,105478600,44491960,0,111,111,true,0
29724,0,0,60986640,105478600,44491960,0,94,94,true,0
29725,0,0,60986640,105483350,44496710,0,0,95,false,0
29726,0,0,60986640,105488150,44501510,0,0,96,false,0
29727,0,0,60986640,105493300,44506660,0,3,106,false,0
29728,0,0,60986640,105493300,44506660,0,92,92,true,0
29729,0,0,60986640,105498450,44511810,0,3,106,false,0
29730,0,0,60986640,105503350,44516710,0,0,98,false,0
29731,0,0,60986640,105508500,44521860,0,9,112,false,0
29732,0,0,60986640,105513650,44527010,0,0,103,false,0
29733,0,0,60986640,105518150,44531510,0,0,90,false,0
29734,0,0,60986640,105523300,44536660,0,1,104,false,0
29735,0,0,60986640,105527950,44541310,0,0,93,false,0
29736,0,0,60986640,105532350,44545710,0,0,88,false,0
29737,0,0,60986640,105537400,44550760,0,0,101,false,0
29738,0,0,60986640,105542550,44555910,0,3,106,false,0
29739,0,0,60986640,105542550,44555910,0,93,93,true,0
29740,0,0,60986640,105542550,44555910,0,100,100,true,0
29741,0,0,60986640,105547700,44561060,0,10,113,false,0
29742,0,0,60986640,105552850,44566210,0,10,113,false,0
29743,0,0,60986640,105557500,44570860,0,0,93,false,0
29744,0,0,61093260,105562650,44469390,0,2,105,false,0
29745,0,0,61093260,105567250,44473990,0,0,92,false,0
29746,0,0,61093260,105572400,44479140,0,8,111,false,0
29747,0,0,61093260,105577550,44484290,0,7,110,false,0
29748,0,0,61093260,105582400,44489140,0,0,97,false,0
29749,0,0,61093260,105586950,44493690,0,0,91,false,0
29750,0,0,61093260,105592100,44498840,0,7,110,false,0
29751,0,0,61093260,105596650,44503390,0,0,91,false,0
29752,0,0,61093260,105601600,44508340,0,0,99,false,0
29753,0,0,61093260,105606200,44512940,0,0,92,false,0
29754,0,0,61093260,105611350,44518090,0,20,123,false,0
29755,0,0,61093260,105616500,44523240,0,3,106,false,0
29756,0,0,61093260,105620750,44527490,0,0,85,false,0
29757,0,0,61093260,105620750,44527490,0,111,111,true,0
29758,0,0,61093260,105625850,44532590,0,0,102,false,0
29759,0,0,61093260,105630350,44537090,0,0,90,false,0
29760,0,0,61093260,105635150,44541890,0,0,96,false,0
29761,0,0,61093260,105639750,44546490,0,0,92,false,0
29762,0,0,61093260,105644900,44551640,0,4,107,false,0
29763,0,0,61093260,105649650,44556390,0,0,95,false,0
29764,0,0,61093260,105653900,44560640,0,0,85,false,0
29765,0,0,61093260,105658950,44565690,0,0,101,false,0
29766,0,0,61093260,105658950,44565690,0,82,82,true,0
29767,0,0,61093260,105658950,44565690,0,96,96,true,0
29768,0,0,61093260,105658950,44565690,0,95,95,true,0
29769,0,0,61093260,105658950,44565690,0,93,93,true,0
29770,0,0,61093260,105662900,44569640,0,0,79,false,0
29771,0,0,61093260,105667900,44574640,0,0,100,false,0
29772,0,0,61093260,105667900,44574640,0,111,111,true,0
29773,0,0,61093260,105667900,44574640,0,104,104,true,0
29774,0,0,61093260,105667900,44574640,0,93,93,true,0
29775,0,0,61093260,105667900,44574640,0,106,106,true,0
29776,0,0,61093260,105667900,44574640,0,98,98,true,0
29777,0,0,61093260,105673000,44579740,0,0,102,false,0
29778,0,0,61093260,105678150,44584890,0,10,113,false,0
29779,0,0,61093260,105683300,44590040,0,16,119,false,0
29780,0,0,61093260,105687850,44594590,0,0,91,false,0
29781,0,0,61093260,105687850,44594590,0,99,99,true,0
29782,0,0,61093260,105687850,44594590,0,83,83,true,0
29783,0,0,61093260,105687850,44594590,0,100,100,true,0
29784,0,0,61093260,105692350,44599090,0,0,90,false,0
29785,0,0,61093260,105697450,44604190,0,0,102,false,0
29786,0,0,61093260,105702600,44609340,0,17,120,false,0
29787,0,0,61093260,105706550,44613290,0,0,79,false,0
29788,0,0,61093260,105711700,44618440,0,17,120,false,0
29789,0,0,61093260,105711700,44618440,0,117,117,true,0
29790,0,0,61093260,105711700,44618440,0,104,104,true,0
29791,0,0,61093260,105716750,44623490,0,0,101,false,0
29792,0,0,61093260,105721900,44628640,0,4,107,false,0
29793,0,0,61093260,105727050,44633790,0,14,117,false,0
29794,0,0,61093260,105731700,44638440,0,0,93,false,0
29795,0,0,61093260,105736200,44642940,0,0,90,false,0
29796,0,0,61199880,105741350,44541470,0,0,103,false,0
29797,0,0,61199880,105746250,44546370,0,0,98,false,0
29798,0,0,61199880,105750800,44550920,0,0,91,false,0
29799,0,0,61199880,105755850,44555970,0,0,101,false,0
29800,0,0,61199880,105760750,44560870,0,0,98,false,0
29801,0,0,61199880,105765600,44565720,0,0,97,false,0
29802,0,0,61199880,105765600,44565720,0,94,94,true,0
29803,0,0,61199880,105765600,44565720,0,86,86,true,0
29804,0,0,61199880,105765600,44565720,0,89,89,true,0
29805,0,0,61199880,105770200,44570320,0,0,92,false,0
29806,0,0,61199880,105775300,44575420,0,0,102,false,0
29807,0,0,61199880,105780450,44580570,0,0,103,false,0
29808,0,0,61199880,105784900,44585020,0,0,89,false,0
29809,0,0,61199880,105790050,44590170,0,6,109,false,0
29810,0,0,61199880,105794750,44594870,0,0,94,false,0
29811,0,0,61199880,105794750,44594870,0,95,95,true,0
29812,0,0,61199880,105794750,44594870,0,105,105,true,0
29813,0,0,61199880,105794750,44594870,0,83,83,true,0
29814,0,0,61199880,105794750,44594870,0,102,102,true,0
29815,0,0,61199880,105799650,44599770,0,0,98,false,0
29816,0,0,61199880,105804550,44604670,0,0,98,false,0
29817,0,0,61199880,105809700,44609820,0,8,111,false,0
29818,0,0,61199880,105814850,44614970,0,0,103,false,0
29819,0,0,61199880,105820000,44620120,0,3,106,false,0
29820,0,0,61199880,105824150,44624270,0,0,83,false,0
29821,0,0,61199880,105828700,44628820,0,0,91,false,0
29822,0,0,61199880,105828700,44628820,0,92,92,true,0
29823,0,0,61199880,105828700,44628820,0,99,99,true,0
29824,0,0,61199880,105828700,44628820,0,93,93,true,0
29825,0,0,61199880,105828700,44628820,0,88,88,true,0
29826,0,0,61199880,105833850,44633970,0,3,106,false,0
29827,0,0,61199880,105839000,44639120,0,18,121,false,0
29828,0,0,61199880,105843700,44643820,0,0,94,false,0
29829,0,0,61199880,105843700,44643820,0,113,113,true,0
29830,0,0,61199880,105843700,44643820,0,121,121,true,0
29831,0,0,61199880,105843700,44643820,0,94,94,true,0
29832,0,0,61199880,105843700,44643820,0,110,110,true,0
29833,0,0,61199880,105843700,44643820,0,116,116,true,0
29834,0,0,61199880,105843700,44643820,0,96,96,true,0
29835,0,0,61199880,105848600,44648720,0,0,98,false,0
29836,0,0,61199880,105853550,44653670,0,0,99,false,0
29837,0,0,61199880,105858200,44658320,0,0,93,false,0
29838,0,0,61199880,105863350,44663470,0,17,120,false,0
29839,0,0,61199880,105868500,44668620,0,4,107,false,0
29840,0,0,61199880,105872950,44673070,0,0,89,false,0
29841,0,0,61199880,105872950,44673070,0,93,93,true,0
29842,0,0,61199880,105872950,44673070,0,104,104,true,0
29843,0,0,61199880,105872950,44673070,0,101,101,true,0
29844,0,0,61199880,105877650,44677770,0,0,94,false,0
29845,0,0,61199880,105882800,44682920,0,7,110,false,0
29846,0,0,61199880,105887700,44687820,0,0,98,false,0
29847,0,0,61199880,105892650,44692770,0,0,99,false,0
29848,0,0,61306500,105892650,44586150,0,128,128,true,0
29849,0,0,61306500,105892650,44586150,0,96,96,true,0
29850,0,0,61306500,105892650,44586150,0,105,105,true,0
29851,0,0,61306500,105897000,44590500,0,0,87,false,0
29852,0,0,61306500,105901350,44594850,0,0,87,false,0
29853,0,0,61306500,105906500,44600000,0,10,113,false,0
29854,0,0,61306500,105906500,44600000,0,126,126,true,0
29855,0,0,61306500,105906500,44600000,0,94,94,true,0
29856,0,0,61306500,105906500,44600000,0,112,112,true,0
29857,0,0,61306500,105906500,44600000,0,93,93,true,0
29858,0,0,61306500,105906500,44600000,0,94,94,true,0
29859,0,0,61306500,105910850,44604350,0,0,87,false,0
29860,0,0,61306500,105915800,44609300,0,0,99,false,0
29861,0,0,61306500,105920800,44614300,0,0,100,false,0
29862,0,0,61306500,105925300,44618800,0,0,90,false,0
29863,0,0,61306500,105930400,44623900,0,0,102,false,0
29864,0,0,61306500,105935550,44629050,0,13,116,false,0
29865,0,0,61306500,105940050,44633550,0,0,90,false,0
29866,0,0,61306500,105945200,44638700,0,5,108,false,0
29867,0,0,61306500,105950350,44643850,0,2,105,false,0
29868,0,0,61306500,105955500,44649000,0,17,120,false,0
29869,0,0,61306500,105960200,44653700,0,0,94,false,0
29870,0,0,61306500,105965350,44658850,0,12,115,false,0
29871,0,0,61306500,105970200,44663700,0,0,97,false,0
29872,0,0,61306500,105974900,44668400,0,0,94,false,0
29873,0,0,61306500,105980050,44673550,0,11,114,false,0
29874,0,0,61306500,105984600,44678100,0,0,91,false,0
29875,0,0,61306500,105988850,44682350,0,0,85,false,0
29876,0,0,61306500,105994000,44687500,0,5,108,false,0
29877,0,0,61306500,105999050,44692550,0,0,101,false,0
29878,0,0,61306500,106004200,44697700,0,11,114,false,0
29879,0,0,61306500,106009350,44702850,0,4,107,false,0
29880,0,0,61306500,106009350,44702850,0,113,113,true,0
29881,0,0,61306500,106009350,44702850,0,90,90,true,0
29882,0,0,61306500,106009350,44702850,0,130,130,true,0
29883,0,0,61306500,106009350,44702850,0,97,97,true,0
29884,0,0,61306500,106009350,44702850,0,100,100,true,0
29885,0,0,61306500,106009350,44702850,0,117,117,true,0
29886,0,0,61306500,106009350,44702850,0,99,99,true,0
29887,0,0,61306500,106014000,44707500,0,0,93,false,0
29888,0,0,61306500,106018800,44712300,0,0,96,false,0
29889,0,0,61306500,106023400,44716900,0,0,92,false,0
29890,0,0,61306500,106023400,44716900,0,90,90,true,0
29891,0,0,61306500,106028150,44721650,0,0,95,false,0
29892,0,0,61306500,106033050,44726550,0,0,98,false,0
29893,0,0,61306500,106038000,44731500,0,0,99,false,0
29894,0,0,61306500,106042550,44736050,0,0,91,false,0
29895,0,0,61306500,106046500,44740000,0,0,79,false,0
29896,0,0,61306500,106050650,44744150,0,0,83,false,0
29897,0,0,61306500,106050650,44744150,0,96,96,true,0
29898,0,0,61306500,106050650,44744150,0,100,100,true,0
29899,0,0,61306500,106050650,44744150,0,93,93,true,0
29900,0,0,61413120,106055350,44642230,0,0,94,false,0
29901,0,0,61413120,106060500,44647380,0,0,103,false,0
29902,0,0,61413120,106065650,44652530,0,1,104,false,0
29903,0,0,61413120,106070300,44657180,0,0,93,false,0
29904,0,0,61413120,106075400,44662280,0,0,102,false,0
29905,0,0,61413120,106080150,44667030,0,0,95,false,0
29906,0,0,61413120,106085150,44672030,0,0,100,false,0
29907,0,0,61413120,106090300,44677180,0,12,115,false,0
29908,0,0,61413120,106095150,44682030,0,0,97,false,0
29909,0,0,61413120,106099600,44686480,0,0,89,false,0
29910,0,0,61413120,106104750,44691630,0,2,105,false,0
29911,0,0,61413120,106109750,44696630,0,0,100,false,0
29912,0,0,61413120,106114900,44701780,0,11,114,false,0
29913,0,0,61413120,106120050,44706930,0,3,106,false,0
29914,0,0,61413120,106124500,44711380,0,0,89,false,0
29915,0,0,61413120,106129650,44716530,0,10,113,false,0
29916,0,0,61413120,106134550,44721430,0,0,98,false,0
29917,0,0,61413120,106139450,44726330,0,0,98,false,0
29918,0,0,61413120,106144600,44731480,0,5,108,false,0
29919,0,0,61413120,106149150,44736030,0,0,91,false,0
29920,0,0,61413120,106149150,44736030,0,101,101,true,0
29921,0,0,61413120,106149150,44736030,0,98,98,true,0
29922,0,0,61413120,106154200,44741080,0,0,101,false,0
29923,0,0,61413120,106158950,44745830,0,0,95,false,0
29924,0,0,61413120,106163800,44750680,0,0,97,false,0
29925,0,0,61413120,106168950,44755830,0,17,120,false,0
29926,0,0,61413120,106173450,44760330,0,0,90,false,0
29927,0,0,61413120,106177950,44764830,0,0,90,false,0
29928,0,0,61413120,106183100,44769980,0,23,126,false,0
29929,0,0,61413120,106188250,44775130,0,5,108,false,0
29930,0,0,61413120,106193350,44780230,0,0,102,false,0
29931,0,0,61413120,106198500,44785380,0,20,123,false,0
29932,0,0,61413120,106203650,44790530,0,10,113,false,0
29933,0,0,61413120,106208800,44795680,0,7,110,false,0
29934,0,0,61413120,106213950,44800830,0,10,113,false,0
29935,0,0,61413120,106213950,44800830,0,110,110,true,0
29936,0,0,61413120,106218750,44805630,0,0,96,false,0
29937,0,0,61413120,106223850,44810730,0,0,102,false,0
29938,0,0,61413120,106228500,44815380,0,0,93,false,0
29939,0,0,61413120,106233300,44820180,0,0,96,false,0
29940,0,0,61413120,106237650,44824530,0,0,87,false,0
29941,0,0,61413120,106242600,44829480,0,0,99,false,0
29942,0,0,61413120,106242600,44829480,0,86,86,true,0
29943,0,0,61413120,106242600,44829480,0,91,91,true,0
29944,0,0,61413120,106242600,44829480,0,95,95,true,0
29945,0,0,61413120,106242600,44829480,0,91,91,true,0
29946,0,0,61413120,106242600,44829480,0,92,92,true,0
29947,0,0,61413120,106242600,44829480,0,109,109,true,0
29948,0,0,61413120,106242600,44829480,0,88,88,true,0
29949,0,0,61413120,106242600,44829480,0,93,93,true,0
29950,0,0,61413120,106247750,44834630,0,0,103,false,0
29951,0,0,61413120,106252800,44839680,0,0,101,false,0
29952,0,0,61519740,106252800,44733060,0,89,89,true,0
29953,0,0,61519740,106257950,44738210,0,28,131,false,0
29954,0,0,61519740,106262950,44743210,0,0,100,false,0
29955,0,0,61519740,106262950,44743210,0,102,102,true,0
29956,0,0,61519740,106262950,44743210,0,123,123,true,0
29957,0,0,61519740,106262950,44743210,0,98,98,true,0
29958,0,0,61519740,106267450,44747710,0,0,90,false,0
29959,0,0,61519740,106271900,44752160,0,0,89,false,0
29960,0,0,61519740,106276800,44757060,0,0,98,false,0
29961,0,0,61519740,106281850,44762110,0,0,101,false,0
29962,0,0,61519740,106286250,44766510,0,0,88,false,0
29963,0,0,61519740,106291400,44771660,0,12,115,false,0
29964,0,0,61519740,106296550,44776810,0,17,120,false,0
29965,0,0,61519740,106301300,44781560,0,0,95,false,0
29966,0,0,61519740,106306450,44786710,0,2,105,false,0
29967,0,0,61519740,106311350,44791610,0,0,98,false,0
29968,0,0,61519740,106316500,44796760,0,0,103,false,0
29969,0,0,61519740,106316500,44796760,0,87,87,true,0
29970,0,0,61519740,106321650,44801910,0,12,115,false,0
29971,0,0,61519740,106326550,44806810,0,0,98,false,0
29972,0,0,61519740,106331500,44811760,0,0,99,false,0
29973,0,0,61519740,106336500,44816760,0,0,100,false,0
29974,0,0,61519740,106341150,44821410,0,0,93,false,0
29975,0,0,61519740,106346200,44826460,0,0,101,false,0
29976,0,0,61519740,106350800,44831060,0,0,92,false,0
29977,0,0,61519740,106355400,44835660,0,0,92,false,0
29978,0,0,61519740,106360550,44840810,0,11,114,false,0
29979,0,0,61519740,106365550,44845810,0,0,100,false,0
29980,0,0,61519740,106365550,44845810,0,101,101,true,0
29981,0,0,61519740,106365550,44845810,0,104,104,true,0
29982,0,0,61519740,106369600,44849860,0,0,81,false,0
29983,0,0,61519740,106374750,44855010,0,5,108,false,0
29984,0,0,61519740,106379150,44859410,0,0,88,false,0
29985,0,0,61519740,106379150,44859410,0,94,94,true,0
29986,0,0,61519740,106379150,44859410,0,88,88,true,0
29987,0,0,61519740,106384300,44864560,0,11,114,false,0
29988,0,0,61519740,106389200,44869460,0,0,98,false,0
29989,0,0,61519740,106394350,44874610,0,6,109,false,0
29990,0,0,61519740,106394350,44874610,0,85,85,true,0
29991,0,0,61519740,106399100,44879360,0,0,95,false,0
29992,0,0,61519740,106403850,44884110,0,0,95,false,0
29993,0,0,61519740,106409000,44889260,0,17,120,false,0
29994,0,0,61519740,106414150,44894410,0,0,103,false,0
29995,0,0,61519740,106414150,44894410,0,95,95,true,0
29996,0,0,61519740,106414150,44894410,0,90,90,true,0
29997,0,0,61519740,106419000,44899260,0,0,97,false,0
29998,0,0,61519740,106423950,44904210,0,0,99,false,0
29999,0,0,61519740,106423950,44904210,0,103,103,true,0
30000,0,0,61519740,106423950,44904210,0,108,108,true,0
30001,0,0,61519740,106429100,44909360,0,6,109,false,0
30002,0,0,61519740,106434050,44914310,0,0,99,false,0
30003,0,0,61519740,106439200,44919460,0,1,104,false,0
30004,0,0,61626360,106444250,44817890,0,0,101,false,0
30005,0,0,61626360,106449100,44822740,0,0,97,false,0
30006,0,0,61626360,106454250,44827890,0,4,107,false,0
30007,0,0,61626360,106459400,44833040,0,1,104,false,0
30008,0,0,61626360,106459400,44833040,0,99,99,true,0
30009,0,0,61626360,106459400,44833040,0,93,93,true,0
30010,0,0,61626360,106459400,44833040,0,93,93,true,0
30011,0,0,61626360,106464100,44837740,0,0,94,false,0
30012,0,0,61626360,106468900,44842540,0,0,96,false,0
30013,0,0,61626360,106473850,44847490,0,0,99,false,0
30014,0,0,61626360,106478400,44852040,0,0,91,false,0
30015,0,0,61626360,106482700,44856340,0,0,86,false,0
30016,0,0,61626360,106487300,44860940,0,0,92,false,0
30017,0,0,61626360,106491800,44865440,0,0,90,false,0
30018,0,0,61626360,106496950,44870590,0,10,113,false,0
30019,0,0,61626360,106502100,44875740,0,1,104,false,0
30020,0,0,61626360,106506250,44879890,0,0,83,false,0
30021,0,0,61626360,106506250,44879890,0,95,95,true,0
30022,0,0,61626360,106511000,44884640,0,0,95,false,0
30023,0,0,61626360,106515650,44889290,0,0,93,false,0
30024,0,0,61626360,106520800,44894440,0,1,104,false,0
30025,0,0,61626360,106525450,44899090,0,0,93,false,0
30026,0,0,61626360,106529550,44903190,0,0,82,false,0
30027,0,0,61626360,106529550,44903190,0,105,105,true,0
30028,0,0,61626360,106529550,44903190,0,110,110,true,0
30029,0,0,61626360,106529550,44903190,0,88,88,true,0
30030,0,0,61626360,106534700,44908340,0,16,119,false,0
30031,0,0,61626360,106539850,44913490,0,1,104,false,0
30032,0,0,61626360,106545000,44918640,0,1,104,false,0
30033,0,0,61626360,106548800,44922440,0,0,76,false,0
30034,0,0,61626360,106553750,44927390,0,0,99,false,0
30035,0,0,61626360,106558450,44932090,0,0,94,false,0
30036,0,0,61626360,106563500,44937140,0,0,101,false,0
30037,0,0,61626360,106567150,44940790,0,0,73,false,0
30038,0,0,61626360,106571500,44945140,0,0,87,false,0
30039,0,0,61626360,106571500,44945140,0,92,92,true,0
30040,0,0,61626360,106571500,44945140,0,108,108,true,0
30041,0,0,61626360,106571500,44945140,0,110,110,true,0
30042,0,0,61626360,106575900,44949540,0,0,88,false,0
30043,0,0,61626360,106581050,44954690,0,4,107,false,0
30044,0,0,61626360,106586200,44959840,0,17,120,false,0
30045,0,0,61626360,106586200,44959840,0,93,93,true,0
30046,0,0,61626360,106586200,44959840,0,101,101,true,0
30047,0,0,61626360,106590950,44964590,0,0,95,false,0
30048,0,0,61626360,106596000,44969640,0,0,101,false,0
30049,0,0,61626360,106600100,44973740,0,0,82,false,0
30050,0,0,61626360,106605250,44978890,0,2,105,false,0
30051,0,0,61626360,106610400,44984040,0,19,122,false,0
30052,0,0,61626360,106610400,44984040,0,84,84,true,0
30053,0,0,61626360,106615300,44988940,0,0,98,false,0
30054,0,0,61626360,106619650,44993290,0,0,87,false,0
30055,0,0,61626360,106624200,44997840,0,0,91,false,0
30056,0,0,61732980,106629350,44896370,0,11,114,false,0
30057,0,0,61732980,106634500,44901520,0,7,110,false,0
30058,0,0,61732980,106638650,44905670,0,0,83,false,0
30059,0,0,61732980,106643300,44910320,0,0,93,false,0
30060,0,0,61732980,106643300,44910320,0,103,103,true,0
30061,0,0,61732980,106643300,44910320,0,92,92,true,0
30062,0,0,61732980,106643300,44910320,0,95,95,true,0
30063,0,0,61732980,106648450,44915470,0,7,110,false,0
30064,0,0,61732980,106653500,44920520,0,0,101,false,0
30065,0,0,61732980,106658650,44925670,0,3,106,false,0
30066,0,0,61732980,106663450,44930470,0,0,96,false,0
30067,0,0,61732980,106667000,44934020,0,0,71,false,0
30068,0,0,61732980,106671600,44938620,0,0,92,false,0
30069,0,0,61732980,106676550,44943570,0,0,99,false,0
30070,0,0,61732980,106681450,44948470,0,0,98,false,0
30071,0,0,61732980,106685900,44952920,0,0,89,false,0
30072,0,0,61732980,106689600,44956620,0,0,74,false,0
30073,0,0,61732980,106694150,44961170,0,0,91,false,0
30074,0,0,61732980,106699300,44966320,0,5,108,false,0
30075,0,0,61732980,106703800,44970820,0,0,90,false,0
30076,0,0,61732980,106708000,44975020,0,0,84,false,0
30077,0,0,61732980,106713150,44980170,0,10,113,false,0
30078,0,0,61732980,106713150,44980170,0,112,112,true,0
30079,0,0,61732980,106718000,44985020,0,0,97,false,0
30080,0,0,61732980,106723150,44990170,0,6,109,false,0
30081,0,0,61732980,106728300,44995320,0,8,111,false,0
30082,0,0,61732980,106733450,45000470,0,0,103,false,0
30083,0,0,61732980,106733450,45000470,0,94,94,true,0
30084,0,0,61732980,106738600,45005620,0,12,115,false,0
30085,0,0,61732980,106743300,45010320,0,0,94,false,0
30086,0,0,61732980,106747900,45014920,0,0,92,false,0
30087,0,0,61732980,106753050,45020070,0,9,112,false,0
30088,0,0,61732980,106758150,45025170,0,0,102,false,0
30089,0,0,61732980,106763300,45030320,0,10,113,false,0
30090,0,0,61732980,106768450,45035470,0,4,107,false,0
30091,0,0,61732980,106773600,45040620,0,0,103,false,0
30092,0,0,61732980,106778600,45045620,0,0,100,false,0
30093,0,0,61732980,106783600,45050620,0,0,100,false,0
30094,0,0,61732980,106788050,45055070,0,0,89,false,0
30095,0,0,61732980,106792750,45059770,0,0,94,false,0
30096,0,0,61732980,106796900,45063920,0,0,83,false,0
30097,0,0,61732980,106802050,45069070,0,0,103,false,0
30098,0,0,61732980,106806900,45073920,0,0,97,false,0
30099,0,0,61732980,106812050,45079070,0,1,104,false,0
30100,0,0,61732980,106812050,45079070,0,79,79,true,0
30101,0,0,61732980,106816550,45083570,0,0,90,false,0
30102,0,0,61732980,106821700,45088720,0,5,108,false,0
30103,0,0,61732980,106826850,45093870,0,11,114,false,0
30104,0,0,61732980,106832000,45099020,0,8,111,false,0
30105,0,0,61732980,106837150,45104170,0,0,103,false,0
30106,0,0,61732980,106842150,45109170,0,0,100,false,0
30107,0,0,61732980,106846950,45113970,0,0,96,false,0
30108,0,0,61839600,106851500,45011900,0,0,91,false,0
30109,0,0,61839600,106856000,45016400,0,0,90,false,0
30110,0,0,61839600,106861050,45021450,0,0,101,false,0
30111,0,0,61839600,106866200,45026600,0,15,118,false,0
30112,0,0,61839600,106866200,45026600,0,113,113,true,0
30113,0,0,61839600,106866200,45026600,0,87,87,true,0
30114,0,0,61839600,106866200,45026600,0,74,74,true,0
30115,0,0,61839600,106870550,45030950,0,0,87,false,0
30116,0,0,61839600,106875250,45035650,0,0,94,false,0
30117,0,0,61839600,106880400,45040800,0,12,115,false,0
30118,0,0,61839600,106885050,45045450,0,0,93,false,0
30119,0,0,61839600,106890000,45050400,0,0,99,false,0
30120,0,0,61839600,106895150,45055550,0,6,109,false,0
30121,0,0,61839600,106899700,45060100,0,0,91,false,0
30122,0,0,61839600,106904850,45065250,0,0,103,false,0
30123,0,0,61839600,106909450,45069850,0,0,92,false,0
30124,0,0,61839600,106909450,45069850,0,83,83,true,0
30125,0,0,61839600,106914400,45074800,0,0,99,false,0
30126,0,0,61839600,106918500,45078900,0,0,82,false,0
30127,0,0,61839600,106923250,45083650,0,0,95,false,0
30128,0,0,61839600,106923250,45083650,0,92,92,true,0
30129,0,0,61839600,106923250,45083650,0,86,86,true,0
30130,0,0,61839600,106923250,45083650,0,103,103,true,0
30131,0,0,61839600,106928400,45088800,0,4,107,false,0
30132,0,0,61839600,106933100,45093500,0,0,94,false,0
30133,0,0,61839600,106937600,45098000,0,0,90,false,0
30134,0,0,61839600,106937600,45098000,0,79,79,true,0
30135,0,0,61839600,106937600,45098000,0,106,106,true,0
30136,0,0,61839600,106942650,45103050,0,0,101,false,0
30137,0,0,61839600,106947250,45107650,0,0,92,false,0
30138,0,0,61839600,106947250,45107650,0,82,82,true,0
30139,0,0,61839600,106947250,45107650,0,98,98,true,0
30140,0,0,61839600,106947250,45107650,0,103,103,true,0
30141,0,0,61839600,106947250,45107650,0,121,121,true,0
30142,0,0,61839600,106947250,45107650,0,97,97,true,0
30143,0,0,61839600,106947250,45107650,0,94,94,true,0
30144,0,0,61839600,106947250,45107650,0,112,112,true,0
30145,0,0,61839600,106947250,45107650,0,108,108,true,0
30146,0,0,61839600,106952250,45112650,0,0,100,false,0
30147,0,0,61839600,106957400,45117800,0,9,112,false,0
30148,0,0,61839600,106957400,45117800,0,112,112,true,0
30149,0,0,61839600,106961500,45121900,0,0,82,false,0
30150,0,0,61839600,106966200,45126600,0,0,94,false,0
30151,0,0,61839600,106966200,45126600,0,101,101,true,0
30152,0,0,61839600,106969400,45129800,0,0,64,false,0
30153,0,0,61839600,106974550,45134950,0,15,118,false,0
30154,0,0,61839600,106979700,45140100,0,3,106,false,0
30155,0,0,61839600,106984850,45145250,0,6,109,false,0
30156,0,0,61839600,106989600,45150000,0,0,95,false,0
30157,0,0,61839600,106989600,45150000,0,106,106,true,0
30158,0,0,61839600,106989600,45150000,0,100,100,true,0
30159,0,0,61839600,106989600,45150000,0,90,90,true,0
30160,0,0,61946220,106989600,45043380,0,102,102,true,0
30161,0,0,61946220,106994750,45048530,0,0,103,false,0
30162,0,0,61946220,106999850,45053630,0,0,102,false,0
30163,0,0,61946220,107005000,45058780,0,23,126,false,0
30164,0,0,61946220,107009600,45063380,0,0,92,false,0
30165,0,0,61946220,107014650,45068430,0,0,101,false,0
30166,0,0,61946220,107019750,45073530,0,0,102,false,0
30167,0,0,61946220,107019750,45073530,0,109,109,true,0
30168,0,0,61946220,107024900,45078680,0,6,109,false,0
30169,0,0,61946220,107029600,45083380,0,0,94,false,0
30170,0,0,61946220,107034150,45087930,0,0,91,false,0
30171,0,0,61946220,107038550,45092330,0,0,88,false,0
30172,0,0,61946220,107043700,45097480,0,10,113,false,0
30173,0,0,61946220,107048850,45102630,0,6,109,false,0
30174,0,0,61946220,107053850,45107630,0,0,100,false,0
30175,0,0,61946220,107059000,45112780,0,0,103,false,0
30176,0,0,61946220,107063100,45116880,0,0,82,false,0
30177,0,0,61946220,107068000,45121780,0,0,98,false,0
30178,0,0,61946220,107072300,45126080,0,0,86,false,0
30179,0,0,61946220,107072300,45126080,0,103,103,true,0
30180,0,0,61946220,107072300,45126080,0,110,110,true,0
30181,0,0,61946220,107072300,45126080,0,108,108,true,0
30182,0,0,61946220,107077200,45130980,0,0,98,false,0
30183,0,0,61946220,107081600,45135380,0,0,88,false,0
30184,0,0,61946220,107086750,45140530,0,8,111,false,0
30185,0,0,61946220,107091900,45145680,0,7,110,false,0
30186,0,0,61946220,107096050,45149830,0,0,83,false,0
30187,0,0,61946220,107101200,45154980,0,4,107,false,0
30188,0,0,61946220,107106150,45159930,0,0,99,false,0
30189,0,0,61946220,107111300,45165080,0,1,104,false,0
30190,0,0,61946220,107111300,45165080,0,81,81,true,0
30191,0,0,61946220,107115950,45169730,0,0,93,false,0
30192,0,0,61946220,107121100,45174880,0,9,112,false,0
30193,0,0,61946220,107124700,45178480,0,0,72,false,0
30194,0,0,61946220,107129750,45183530,0,0,101,false,0
30195,0,0,61946220,107134750,45188530,0,0,100,false,0
30196,0,0,61946220,107139900,45193680,0,1,104,false,0
30197,0,0,61946220,107144900,45198680,0,0,100,false,0
30198,0,0,61946220,107150050,45203830,0,0,103,false,0
30199,0,0,61946220,107154950,45208730,0,0,98,false,0
30200,0,0,61946220,107159650,45213430,0,0,94,false,0
30201,0,0,61946220,107159650,45213430,0,104,104,true,0
30202,0,0,61946220,107159650,45213430,0,94,94,true,0
30203,0,0,61946220,107159650,45213430,0,106,106,true,0
30204,0,0,61946220,107164350,45218130,0,0,94,false,0
30205,0,0,61946220,107169350,45223130,0,0,100,false,0
30206,0,0,61946220,107174500,45228280,0,7,110,false,0
30207,0,0,61946220,107178900,45232680,0,0,88,false,0
30208,0,0,61946220,107183600,45237380,0,0,94,false,0
30209,0,0,61946220,107183600,45237380,0,106,106,true,0
30210,0,0,61946220,107188200,45241980,0,0,92,false,0
30211,0,0,61946220,107193350,45247130,0,1,104,false,0
30212,0,0,62052840,107193350,45140510,0,99,99,true,0
30213,0,0,62052840,107193350,45140510,0,100,100,true,0
30214,0,0,62052840,107198500,45145660,0,2,105,false,0
30215,0,0,62052840,107203650,45150810,0,13,116,false,0
30216,0,0,62052840,107208400,45155560,0,0,95,false,0
30217,0,0,62052840,107212750,45159910,0,0,87,false,0
30218,0,0,62052840,107217300,45164460,0,0,91,false,0
30219,0,0,62052840,107222300,45169460,0,0,100,false,0
30220,0,0,62052840,107226200,45173360,0,0,78,false,0
30221,0,0,62052840,107231350,45178510,0,13,116,false,0
30222,0,0,62052840,107235950,45183110,0,0,92,false,0
30223,0,0,62052840,107240900,45188060,0,0,99,false,0
30224,0,0,62052840,107245900,45193060,0,0,100,false,0
30225,0,0,62052840,107250700,45197860,0,0,96,false,0
30226,0,0,62052840,107255650,45202810,0,0,99,false,0
30227,0,0,62052840,107260800,45207960,0,10,113,false,0
30228,0,0,62052840,107265950,45213110,0,1,104,false,0
30229,0,0,62052840,107271100,45218260,0,1,104,false,0
30230,0,0,62052840,107276250,45223410,0,14,117,false,0
30231,0,0,62052840,107281400,45228560,0,10,113,false,0
30232,0,0,62052840,107286550,45233710,0,10,113,false,0
30233,0,0,62052840,107291200,45238360,0,0,93,false,0
30234,0,0,62052840,107296350,45243510,0,2,105,false,0
30235,0,0,62052840,107301400,45248560,0,0,101,false,0
30236,0,0,62052840,107305900,45253060,0,0,90,false,0
30237,0,0,62052840,107305900,45253060,0,95,95,true,0
30238,0,0,62052840,107310150,45257310,0,0,85,false,0
30239,0,0,62052840,107314950,45262110,0,0,96,false,0
30240,0,0,62052840,107314950,45262110,0,88,88,true,0
30241,0,0,62052840,107319400,45266560,0,0,89,false,0
30242,0,0,62052840,107324550,45271710,0,1,104,false,0
30243,0,0,62052840,107324550,45271710,0,112,112,true,0
30244,0,0,62052840,107329300,45276460,0,0,95,false,0
30245,0,0,62052840,107334050,45281210,0,0,95,false,0
30246,0,0,62052840,107334050,45281210,0,103,103,true,0
30247,0,0,62052840,107334050,45281210,0,113,113,true,0
30248,0,0,62052840,107338400,45285560,0,0,87,false,0
30249,0,0,62052840,107343350,45290510,0,0,99,false,0
30250,0,0,62052840,107347700,45294860,0,0,87,false,0
30251,0,0,62052840,107352850,45300010,0,0,103,false,0
30252,0,0,62052840,107358000,45305160,0,14,117,false,0
30253,0,0,62052840,107358000,45305160,0,94,94,true,0
30254,0,0,62052840,107358000,45305160,0,97,97,true,0
30255,0,0,62052840,107362750,45309910,0,0,95,false,0
30256,0,0,62052840,107367600,45314760,0,0,97,false,0
30257,0,0,62052840,107372400,45319560,0,0,96,false,0
30258,0,0,62052840,107376850,45324010,0,0,89,false,0
30259,0,0,62052840,107381200,45328360,0,0,87,false,0
30260,0,0,62052840,107385900,45333060,0,0,94,false,0
30261,0,0,62052840,107390850,45338010,0,0,99,false,0
30262,0,0,62052840,107395650,45342810,0,0,96,false,0
30263,0,0,62052840,107400400,45347560,0,0,95,false,0
30264,0,0,62159460,107404750,45245290,0,0,87,false,0
30265,0,0,62159460,107404750,45245290,0,104,104,true,0
30266,0,0,62159460,107409900,45250440,0,11,114,false,0
30267,0,0,62159460,107415050,45255590,0,3,106,false,0
30268,0,0,62159460,107419650,45260190,0,0,92,false,0
30269,0,0,62159460,107419650,45260190,0,97,97,true,0
30270,0,0,62159460,107424500,45265040,0,0,97,false,0
30271,0,0,62159460,107429450,45269990,0,0,99,false,0
30272,0,0,62159460,107429450,45269990,0,95,95,true,0
30273,0,0,62159460,107429450,45269990,0,116,116,true,0
30274,0,0,62159460,107434600,45275140,0,6,109,false,0
30275,0,0,62159460,107439750,45280290,0,5,108,false,0
30276,0,0,62159460,107444700,45285240,0,0,99,false,0
30277,0,0,62159460,107449050,45289590,0,0,87,false,0
30278,0,0,62159460,107453700,45294240,0,0,93,false,0
30279,0,0,62159460,107458650,45299190,0,0,99,false,0
30280,0,0,62159460,107463800,45304340,0,5,108,false,0
30281,0,0,62159460,107468800,45309340,0,0,100,false,0
30282,0,0,62159460,107472950,45313490,0,0,83,false,0
30283,0,0,62159460,107477900,45318440,0,0,99,false,0
30284,0,0,62159460,107482050,45322590,0,0,83,false,0
30285,0,0,62159460,107487200,45327740,0,14,117,false,0
30286,0,0,62159460,107487200,45327740,0,101,101,true,0
30287,0,0,62159460,107492200,45332740,0,0,100,false,0
30288,0,0,62159460,107496700,45337240,0,0,90,false,0
30289,0,0,62159460,107496700,45337240,0,84,84,true,0
30290,0,0,62159460,107501850,45342390,0,18,121,false,0
30291,0,0,62159460,107507000,45347540,0,18,121,false,0
30292,0,0,62159460,107507000,45347540,0,99,99,true,0
30293,0,0,62159460,107512000,45352540,0,0,100,false,0
30294,0,0,62159460,107517100,45357640,0,0,102,false,0
30295,0,0,62159460,107521450,45361990,0,0,87,false,0
30296,0,0,62159460,107521450,45361990,0,91,91,true,0
30297,0,0,62159460,107521450,45361990,0,103,103,true,0
30298,0,0,62159460,107525850,45366390,0,0,88,false,0
30299,0,0,62159460,107531000,45371540,0,4,107,false,0
30300,0,0,62159460,107536150,45376690,0,7,110,false,0
30301,0,0,62159460,107541300,45381840,0,1,104,false,0
30302,0,0,62159460,107546200,45386740,0,0,98,false,0
30303,0,0,62159460,107551350,45391890,0,5,108,false,0
30304,0,0,62159460,107555700,45396240,0,0,87,false,0
30305,0,0,62159460,107560550,45401090,0,0,97,false,0
30306,0,0,62159460,107565700,45406240,0,3,106,false,0
30307,0,0,62159460,107570850,45411390,0,6,109,false,0
30308,0,0,62159460,107576000,45416540,0,0,103,false,0
30309,0,0,62159460,107581150,45421690,0,1,104,false,0
30310,0,0,62159460,107585850,45426390,0,0,94,false,0
30311,0,0,62159460,107590750,45431290,0,0,98,false,0
30312,0,0,62159460,107595800,45436340,0,0,101,false,0
30313,0,0,62159460,107600700,45441240,0,0,98,false,0
30314,0,0,62159460,107600700,45441240,0,98,98,true,0
30315,0,0,62159460,107605850,45446390,0,5,108,false,0
30316,0,0,62266080,107610050,45343970,0,0,84,false,0
30317,0,0,62266080,107615200,45349120,0,0,103,false,0
30318,0,0,62266080,107620350,45354270,0,3,106,false,0
30319,0,0,62266080,107620350,45354270,0,95,95,true,0
30320,0,0,62266080,107620350,45354270,0,97,97,true,0
30321,0,0,62266080,107620350,45354270,0,104,104,true,0
30322,0,0,62266080,107620350,45354270,0,75,75,true,0
30323,0,0,62266080,107625500,45359420,0,0,103,false,0
30324,0,0,62266080,107630650,45364570,0,23,126,false,0
30325,0,0,62266080,107635800,45369720,0,8,111,false,0
30326,0,0,62266080,107635800,45369720,0,103,103,true,0
30327,0,0,62266080,107635800,45369720,0,85,85,true,0
30328,0,0,62266080,107635800,45369720,0,114,114,true,0
30329,0,0,62266080,107640050,45373970,0,0,85,false,0
30330,0,0,62266080,107645200,45379120,0,8,111,false,0
30331,0,0,62266080,107649000,45382920,0,0,76,false,0
30332,0,0,62266080,107654150,45388070,0,16,119,false,0
30333,0,0,62266080,107658550,45392470,0,0,88,false,0
30334,0,0,62266080,107658550,45392470,0,99,99,true,0
30335,0,0,62266080,107658550,45392470,0,96,96,true,0
30336,0,0,62266080,107658550,45392470,0,106,106,true,0
30337,0,0,62266080,107663200,45397120,0,0,93,false,0
30338,0,0,62266080,107668350,45402270,0,12,115,false,0
30339,0,0,62266080,107673500,45407420,0,4,107,false,0
30340,0,0,62266080,107678650,45412570,0,5,108,false,0
30341,0,0,62266080,107683800,45417720,0,4,107,false,0
30342,0,0,62266080,107688200,45422120,0,0,88,false,0
30343,0,0,62266080,107693350,45427270,0,4,107,false,0
30344,0,0,62266080,107698350,45432270,0,0,100,false,0
30345,0,0,62266080,107703300,45437220,0,0,99,false,0
30346,0,0,62266080,107707550,45441470,0,0,85,false,0
30347,0,0,62266080,107712100,45446020,0,0,91,false,0
30348,0,0,62266080,107717200,45451120,0,0,102,false,0
30349,0,0,62266080,107722000,45455920,0,0,96,false,0
30350,0,0,62266080,107727150,45461070,0,7,110,false,0
30351,0,0,62266080,107732200,45466120,0,0,101,false,0
30352,0,0,62266080,107737350,45471270,0,26,129,false,0
30353,0,0,62266080,107741800,45475720,0,0,89,false,0
30354,0,0,62266080,107746500,45480420,0,0,94,false,0
30355,0,0,62266080,107751650,45485570,0,1,104,false,0
30356,0,0,62266080,107756750,45490670,0,0,102,false,0
30357,0,0,62266080,107761900,45495820,0,8,111,false,0
30358,0,0,62266080,107766550,45500470,0,0,93,false,0
30359,0,0,62266080,107766550,45500470,0,109,109,true,0
30360,0,0,62266080,107766550,45500470,0,96,96,true,0
30361,0,0,62266080,107766550,45500470,0,91,91,true,0
30362,0,0,62266080,107766550,45500470,0,91,91,true,0
30363,0,0,62266080,107771700,45505620,0,1,104,false,0
30364,0,0,62266080,107776000,45509920,0,0,86,false,0
30365,0,0,62266080,107776000,45509920,0,101,101,true,0
30366,0,0,62266080,107776000,45509920,0,97,97,true,0
30367,0,0,62266080,107781100,45515020,0,0,102,false,0
30368,0,0,62372700,107786050,45413350,0,0,99,false,0
30369,0,0,62372700,107791050,45418350,0,0,100,false,0
30370,0,0,62372700,107796200,45423500,0,16,119,false,0
30371,0,0,62372700,107800350,45427650,0,0,83,false,0
30372,0,0,62372700,107804950,45432250,0,0,92,false,0
30373,0,0,62372700,107810100,45437400,0,4,107,false,0
30374,0,0,62372700,107815250,45442550,0,6,109,false,0
30375,0,0,62372700,107820000,45447300,0,0,95,false,0
30376,0,0,62372700,107824900,45452200,0,0,98,false,0
30377,0,0,62372700,107824900,45452200,0,92,92,true,0
30378,0,0,62372700,107829550,45456850,0,0,93,false,0
30379,0,0,62372700,107833950,45461250,0,0,88,false,0
30380,0,0,62372700,107838300,45465600,0,0,87,false,0
30381,0,0,62372700,107843000,45470300,0,0,94,false,0
30382,0,0,62372700,107843000,45470300,0,97,97,true,0
30383,0,0,62372700,107843000,45470300,0,103,103,true,0
30384,0,0,62372700,107848150,45475450,0,4,107,false,0
30385,0,0,62372700,107852000,45479300,0,0,77,false,0
30386,0,0,62372700,107857150,45484450,0,8,111,false,0
30387,0,0,62372700,107862100,45489400,0,0,99,false,0
30388,0,0,62372700,107862100,45489400,0,114,114,true,0
30389,0,0,62372700,107867250,45494550,0,0,103,false,0
30390,0,0,62372700,107872400,45499700,0,5,108,false,0
30391,0,0,62372700,107877550,45504850,0,3,106,false,0
30392,0,0,62372700,107882600,45509900,0,0,101,false,0
30393,0,0,62372700,107887750,45515050,0,3,106,false,0
30394,0,0,62372700,107892900,45520200,0,21,124,false,0
30395,0,0,62372700,107898050,45525350,0,9,112,false,0
30396,0,0,62372700,107902600,45529900,0,0,91,false,0
30397,0,0,62372700,107902600,45529900,0,92,92,true,0
30398,0,0,62372700,107907750,45535050,0,7,110,false,0
30399,0,0,62372700,107912450,45539750,0,0,94,false,0
30400,0,0,62372700,107917300,45544600,0,0,97,false,0
30401,0,0,62372700,107922400,45549700,0,0,102,false,0
30402,0,0,62372700,107927500,45554800,0,0,102,false,0
30403,0,0,62372700,107927500,45554800,0,99,99,true,0
30404,0,0,62372700,107927500,45554800,0,90,90,true,0
30405,0,0,62372700,107932650,45559950,0,2,105,false,0
30406,0,0,62372700,107937700,45565000,0,0,101,false,0
30407,0,0,62372700,107942550,45569850,0,0,97,false,0
30408,0,0,62372700,107947700,45575000,0,2,105,false,0
30409,0,0,62372700,107952850,45580150,0,6,109,false,0
30410,0,0,62372700,107957350,45584650,0,0,90,false,0
30411,0,0,62372700,107962350,45589650,0,0,100,false,0
30412,0,0,62372700,107966950,45594250,0,0,92,false,0
30413,0,0,62372700,107972100,45599400,0,6,109,false,0
30414,0,0,62372700,107977250,45604550,0,12,115,false,0
30415,0,0,62372700,107982000,45609300,0,0,95,false,0
30416,0,0,62372700,107986800,45614100,0,0,96,false,0
30417,0,0,62372700,107991750,45619050,0,0,99,false,0
30418,0,0,62372700,107995950,45623250,0,0,84,false,0
30419,0,0,62372700,108000650,45627950,0,0,94,false,0
30420,0,0,62479320,108005800,45526480,0,2,105,false,0
30421,0,0,62479320,108005800,45526480,0,92,92,true,0
30422,0,0,62479320,108005800,45526480,0,108,108,true,0
30423,0,0,62479320,108005800,45526480,0,107,107,true,0
30424,0,0,62479320,108005800,45526480,0,104,104,true,0
30425,0,0,62479320,108009700,45530380,0,0,78,false,0
30426,0,0,62479320,108014550,45535230,0,0,97,false,0
30427,0,0,62479320,108019000,45539680,0,0,89,false,0
30428,0,0,62479320,108023900,45544580,0,0,98,false,0
30429,0,0,62479320,108028750,45549430,0,0,97,false,0
30430,0,0,62479320,108033900,45554580,0,2,105,false,0
30431,0,0,62479320,108038450,45559130,0,0,91,false,0
30432,0,0,62479320,108043100,45563780,0,0,93,false,0
30433,0,0,62479320,108048250,45568930,0,1,104,false,0
30434,0,0,62479320,108053200,45573880,0,0,99,false,0
30435,0,0,62479320,108057600,45578280,0,0,88,false,0
30436,0,0,62479320,108057600,45578280,0,80,80,true,0
30437,0,0,62479320,108062750,45583430,0,5,108,false,0
30438,0,0,62479320,108067700,45588380,0,0,99,false,0
30439,0,0,62479320,108072850,45593530,0,2,105,false,0
30440,0,0,62479320,108072850,45593530,0,91,91,true,0
30441,0,0,62479320,108078000,45598680,0,17,120,false,0
30442,0,0,62479320,108082600,45603280,0,0,92,false,0
30443,0,0,62479320,108087750,45608430,0,0,103,false,0
30444,0,0,62479320,108087750,45608430,0,110,110,true,0
30445,0,0,62479320,108087750,45608430,0,105,105,true,0
30446,0,0,62479320,108087750,45608430,0,95,95,true,0
30447,0,0,62479320,108087750,45608430,0,97,97,true,0
30448,0,0,62479320,108087750,45608430,0,92,92,true,0
30449,0,0,62479320,108091900,45612580,0,0,83,false,0
30450,0,0,62479320,108097050,45617730,0,3,106,false,0
30451,0,0,62479320,108101700,45622380,0,0,93,false,0
30452,0,0,62479320,108105950,45626630,0,0,85,false,0
30453,0,0,62479320,108111100,45631780,0,9,112,false,0
30454,0,0,62479320,108116000,45636680,0,0,98,false,0
30455,0,0,62479320,108121150,45641830,0,9,112,false,0
30456,0,0,62479320,108121150,45641830,0,108,108,true,0
30457,0,0,62479320,108125350,45646030,0,0,84,false,0
30458,0,0,62479320,108130500,45651180,0,5,108,false,0
30459,0,0,62479320,108130500,45651180,0,95,95,true,0
30460,0,0,62479320,108130500,45651180,0,103,103,true,0
30461,0,0,62479320,108130500,45651180,0,110,110,true,0
30462,0,0,62479320,108135650,45656330,0,2,105,false,0
30463,0,0,62479320,108140300,45660980,0,0,93,false,0
30464,0,0,62479320,108144850,45665530,0,0,91,false,0
30465,0,0,62479320,108149050,45669730,0,0,84,false,0
30466,0,0,62479320,108153150,45673830,0,0,82,false,0
30467,0,0,62479320,108157850,45678530,0,0,94,false,0
30468,0,0,62479320,108157850,45678530,0,105,105,true,0
30469,0,0,62479320,108162100,45682780,0,0,85,false,0
30470,0,0,62479320,108166600,45687280,0,0,90,false,0
30471,0,0,62479320,108171500,45692180,0,0,98,false,0
30472,0,0,62585940,108176050,45590110,0,0,91,false,0
30473,0,0,62585940,108176050,45590110,0,93,93,true,0
30474,0,0,62585940,108176050,45590110,0,103,103,true,0
30475,0,0,62585940,108176050,45590110,0,96,96,true,0
30476,0,0,62585940,108176050,45590110,0,93,93,true,0
30477,0,0,62585940,108180450,45594510,0,0,88,false,0
30478,0,0,62585940,108185600,45599660,0,1,104,false,0
30479,0,0,62585940,108185600,45599660,0,91,91,true,0
30480,0,0,62585940,108189400,45603460,0,0,76,false,0
30481,0,0,62585940,108193900,45607960,0,0,90,false,0
30482,0,0,62585940,108198400,45612460,0,0,90,false,0
30483,0,0,62585940,108198400,45612460,0,97,97,true,0
30484,0,0,62585940,108203550,45617610,0,1,104,false,0
30485,0,0,62585940,108208250,45622310,0,0,94,false,0
30486,0,0,62585940,108208250,45622310,0,115,115,true,0
30487,0,0,62585940,108208250,45622310,0,98,98,true,0
30488,0,0,62585940,108208250,45622310,0,111,111,true,0
30489,0,0,62585940,108208250,45622310,0,110,110,true,0
30490,0,0,62585940,108213400,45627460,0,4,107,false,0
30491,0,0,62585940,108218350,45632410,0,0,99,false,0
30492,0,0,62585940,108218350,45632410,0,104,104,true,0
30493,0,0,62585940,108218350,45632410,0,117,117,true,0
30494,0,0,62585940,108218350,45632410,0,109,109,true,0
30495,0,0,62585940,108218350,45632410,0,103,103,true,0
30496,0,0,62585940,108218350,45632410,0,93,93,true,0
30497,0,0,62585940,108218350,45632410,0,110,110,true,0
30498,0,0,62585940,108223500,45637560,0,17,120,false,0
30499,0,0,62585940,108228350,45642410,0,0,97,false,0
30500,0,0,62585940,108228350,45642410,0,112,112,true,0
30501,0,0,62585940,108228350,45642410,0,103,103,true,0
30502,0,0,62585940,108233000,45647060,0,0,93,false,0
30503,0,0,62585940,108237800,45651860,0,0,96,false,0
30504,0,0,62585940,108242050,45656110,0,0,85,false,0
30505,0,0,62585940,108242050,45656110,0,107,107,true,0
30506,0,0,62585940,108246600,45660660,0,0,91,false,0
30507,0,0,62585940,108251300,45665360,0,0,94,false,0
30508,0,0,62585940,108256450,45670510,0,5,108,false,0
30509,0,0,62585940,108261600,45675660,0,12,115,false,0
30510,0,0,62585940,108261600,45675660,0,100,100,true,0
30511,0,0,62585940,108261600,45675660,0,85,85,true,0
30512,0,0,62585940,108266450,45680510,0,0,97,false,0
30513,0,0,62585940,108271600,45685660,0,1,104,false,0
30514,0,0,62585940,108271600,45685660,0,92,92,true,0
30515,0,0,62585940,108276350,45690410,0,0,95,false,0
30516,0,0,62585940,108280950,45695010,0,0,92,false,0
30517,0,0,62585940,108286100,45700160,0,16,119,false,0
30518,0,0,62585940,108291150,45705210,0,0,101,false,0
30519,0,0,62585940,108291150,45705210,0,108,108,true,0
30520,0,0,62585940,108295900,45709960,0,0,95,false,0
30521,0,0,62585940,108300900,45714960,0,0,100,false,0
30522,0,0,62585940,108306050,45720110,0,12,115,false,0
30523,0,0,62585940,108311150,45725210,0,0,102,false,0
30524,0,0,62692560,108315500,45622940,0,0,87,false,0
30525,0,0,62692560,108320200,45627640,0,0,94,false,0
30526,0,0,62692560,108324600,45632040,0,0,88,false,0
30527,0,0,62692560,108324600,45632040,0,99,99,true,0
30528,0,0,62692560,108324600,45632040,0,93,93,true,0
30529,0,0,62692560,108324600,45632040,0,92,92,true,0
30530,0,0,62692560,108329150,45636590,0,0,91,false,0
30531,0,0,62692560,108333450,45640890,0,0,86,false,0
30532,0,0,62692560,108338150,45645590,0,0,94,false,0
30533,0,0,62692560,108342550,45649990,0,0,88,false,0
30534,0,0,62692560,108347700,45655140,0,0,103,false,0
30535,0,0,62692560,108352200,45659640,0,0,90,false,0
30536,0,0,62692560,108357350,45664790,0,0,103,false,0
30537,0,0,62692560,108362450,45669890,0,0,102,false,0
30538,0,0,62692560,108367400,45674840,0,0,99,false,0
30539,0,0,62692560,108372350,45679790,0,0,99,false,0
30540,0,0,62692560,108377200,45684640,0,0,97,false,0
30541,0,0,62692560,108377200,45684640,0,103,103,true,0
30542,0,0,62692560,108382200,45689640,0,0,100,false,0
30543,0,0,62692560,108387150,45694590,0,0,99,false,0
30544,0,0,62692560,108391450,45698890,0,0,86,false,0
30545,0,0,62692560,108396500,45703940,0,0,101,false,0
30546,0,0,62692560,108401450,45708890,0,0,99,false,0
30547,0,0,62692560,108406350,45713790,0,0,98,false,0
30548,0,0,62692560,108411350,45718790,0,0,100,false,0
30549,0,0,62692560,108411350,45718790,0,88,88,true,0
30550,0,0,62692560,108415900,45723340,0,0,91,false,0
30551,0,0,62692560,108421050,45728490,0,7,110,false,0
30552,0,0,62692560,108421050,45728490,0,97,97,true,0
30553,0,0,62692560,108425900,45733340,0,0,97,false,0
30554,0,0,62692560,108431050,45738490,0,11,114,false,0
30555,0,0,62692560,108435250,45742690,0,0,84,false,0
30556,0,0,62692560,108440000,45747440,0,0,95,false,0
30557,0,0,62692560,108444700,45752140,0,0,94,false,0
30558,0,0,62692560,108449450,45756890,0,0,95,false,0
30559,0,0,62692560,108454600,45762040,0,2,105,false,0
30560,0,0,62692560,108459750,45767190,0,3,106,false,0
30561,0,0,62692560,108464900,45772340,0,0,103,false,0
30562,0,0,62692560,108470050,45777490,0,0,103,false,0
30563,0,0,62692560,108474150,45781590,0,0,82,false,0
30564,0,0,62692560,108474150,45781590,0,121,121,true,0
30565,0,0,62692560,108474150,45781590,0,102,102,true,0
30566,0,0,62692560,108479300,45786740,0,7,110,false,0
30567,0,0,62692560,108484050,45791490,0,0,95,false,0
30568,0,0,62692560,108489200,45796640,0,12,115,false,0
30569,0,0,62692560,108494350,45801790,0,5,108,false,0
30570,0,0,62692560,108499500,45806940,0,1,104,false,0
30571,0,0,62692560,108504650,45812090,0,0,103,false,0
30572,0,0,62692560,108509400,45816840,0,0,95,false,0
30573,0,0,62692560,108513600,45821040,0,0,84,false,0
30574,0,0,62692560,108513600,45821040,0,96,96,true,0
30575,0,0,62692560,108513600,45821040,0,94,94,true,0
30576,0,0,62799180,108518650,45719470,0,0,101,false,0
30577,0,0,62799180,108523350,45724170,0,0,94,false,0
30578,0,0,62799180,108528500,45729320,0,6,109,false,0
30579,0,0,62799180,108533650,45734470,0,2,105,false,0
30580,0,0,62799180,108538550,45739370,0,0,98,false,0
30581,0,0,62799180,108543050,45743870,0,0,90,false,0
30582,0,0,62799180,108547350,45748170,0,0,86,false,0
30583,0,0,62799180,108552150,45752970,0,0,96,false,0
30584,0,0,62799180,108557300,45758120,0,11,114,false,0
30585,0,0,62799180,108562450,45763270,0,10,113,false,0
30586,0,0,62799180,108567500,45768320,0,0,101,false,0
30587,0,0,62799180,108572650,45773470,0,0,103,false,0
30588,0,0,62799180,108572650,45773470,0,109,109,true,0
30589,0,0,62799180,108572650,45773470,0,99,99,true,0
30590,0,0,62799180,108572650,45773470,0,108,108,true,0
30591,0,0,62799180,108572650,45773470,0,116,116,true,0
30592,0,0,62799180,108572650,45773470,0,109,109,true,0
30593,0,0,62799180,108572650,45773470,0,102,102,true,0
30594,0,0,62799180,108572650,45773470,0,102,102,true,0
30595,0,0,62799180,108572650,45773470,0,71,71,true,0
30596,0,0,62799180,108572650,45773470,0,97,97,true,0
30597,0,0,62799180,108572650,45773470,0,78,78,true,0
30598,0,0,62799180,108572650,45773470,0,79,79,true,0
30599,0,0,62799180,108577800,45778620,0,16,119,false,0
30600,0,0,62799180,108582800,45783620,0,0,100,false,0
30601,0,0,62799180,108587800,45788620,0,0,100,false,0
30602,0,0,62799180,108592650,45793470,0,0,97,false,0
30603,0,0,62799180,108597800,45798620,0,0,103,false,0
30604,0,0,62799180,108602950,45803770,0,5,108,false,0
30605,0,0,62799180,108607200,45808020,0,0,85,false,0
30606,0,0,62799180,108612000,45812820,0,0,96,false,0
30607,0,0,62799180,108617000,45817820,0,0,100,false,0
30608,0,0,62799180,108622150,45822970,0,5,108,false,0
30609,0,0,62799180,108627200,45828020,0,0,101,false,0
30610,0,0,62799180,108632350,45833170,0,5,108,false,0
30611,0,0,62799180,108637200,45838020,0,0,97,false,0
30612,0,0,62799180,108642350,45843170,0,4,107,false,0
30613,0,0,62799180,108646750,45847570,0,0,88,false,0
30614,0,0,62799180,108651900,45852720,0,7,110,false,0
30615,0,0,62799180,108651900,45852720,0,96,96,true,0
30616,0,0,62799180,108656900,45857720,0,0,100,false,0
30617,0,0,62799180,108661600,45862420,0,0,94,false,0
30618,0,0,62799180,108665550,45866370,0,0,79,false,0
30619,0,0,62799180,108670700,45871520,0,5,108,false,0
30620,0,0,62799180,108675600,45876420,0,0,98,false,0
30621,0,0,62799180,108680750,45881570,0,20,123,false,0
30622,0,0,62799180,108685250,45886070,0,0,90,false,0
30623,0,0,62799180,108690150,45890970,0,0,98,false,0
30624,0,0,62799180,108690150,45890970,0,94,94,true,0
30625,0,0,62799180,108690150,45890970,0,97,97,true,0
30626,0,0,62799180,108694700,45895520,0,0,91,false,0
30627,0,0,62799180,108699850,45900670,0,5,108,false,0
30628,0,0,62905800,108705000,45799200,0,17,120,false,0
30629,0,0,62905800,108708700,45802900,0,0,74,false,0
30630,0,0,62905800,108712900,45807100,0,0,84,false,0
30631,0,0,62905800,108717900,45812100,0,0,100,false,0
30632,0,0,62905800,108717900,45812100,0,90,90,true,0
30633,0,0,62905800,108717900,45812100,0,101,101,true,0
30634,0,0,62905800,108717900,45812100,0,101,101,true,0
30635,0,0,62905800,108723050,45817250,0,6,109,false,0
30636,0,0,62905800,108728100,45822300,0,0,101,false,0
30637,0,0,62905800,108733250,45827450,0,0,103,false,0
30638,0,0,62905800,108733250,45827450,0,95,95,true,0
30639,0,0,62905800,108733250,45827450,0,82,82,true,0
30640,0,0,62905800,108733250,45827450,0,116,116,true,0
30641,0,0,62905800,108733250,45827450,0,104,104,true,0
30642,0,0,62905800,108733250,45827450,0,123,123,true,0
30643,0,0,62905800,108737500,45831700,0,0,85,false,0
30644,0,0,62905800,108742400,45836600,0,0,98,false,0
30645,0,0,62905800,108747550,45841750,0,1,104,false,0
30646,0,0,62905800,108752500,45846700,0,0,99,false,0
30647,0,0,62905800,108757650,45851850,0,5,108,false,0
30648,0,0,62905800,108762800,45857000,0,8,111,false,0
30649,0,0,62905800,108767650,45861850,0,0,97,false,0
30650,0,0,62905800,108771800,45866000,0,0,83,false,0
30651,0,0,62905800,108776950,45871150,0,5,108,false,0
30652,0,0,62905800,108776950,45871150,0,98,98,true,0
30653,0,0,62905800,108776950,45871150,0,97,97,true,0
30654,0,0,62905800,108782100,45876300,0,5,108,false,0
30655,0,0,62905800,108786900,45881100,0,0,96,false,0
30656,0,0,62905800,108791550,45885750,0,0,93,false,0
30657,0,0,62905800,108795600,45889800,0,0,81,false,0
30658,0,0,62905800,108800750,45894950,0,4,107,false,0
30659,0,0,62905800,108805900,45900100,0,1,104,false,0
30660,0,0,62905800,108811050,45905250,0,4,107,false,0
30661,0,0,62905800,108816200,45910400,0,7,110,false,0
30662,0,0,62905800,108821350,45915550,0,8,111,false,0
30663,0,0,62905800,108825700,45919900,0,0,87,false,0
30664,0,0,62905800,108830550,45924750,0,0,97,false,0
30665,0,0,62905800,108835700,45929900,0,0,103,false,0
30666,0,0,62905800,108840550,45934750,0,0,97,false,0
30667,0,0,62905800,108844950,45939150,0,0,88,false,0
30668,0,0,62905800,108844950,45939150,0,94,94,true,0
30669,0,0,62905800,108849500,45943700,0,0,91,false,0
30670,0,0,62905800,108854300,45948500,0,0,96,false,0
30671,0,0,62905800,108859450,45953650,0,8,111,false,0
30672,0,0,62905800,108864600,45958800,0,13,116,false,0
30673,0,0,62905800,108869750,45963950,0,8,111,false,0
30674,0,0,62905800,108874900,45969100,0,0,103,false,0
30675,0,0,62905800,108880050,45974250,0,0,103,false,0
30676,0,0,62905800,108885100,45979300,0,0,101,false,0
30677,0,0,62905800,108890250,45984450,0,1,104,false,0
30678,0,0,62905800,108890250,45984450,0,96,96,true,0
30679,0,0,62905800,108890250,45984450,0,89,89,true,0
30680,0,0,63012420,108890250,45877830,0,70,70,true,0
30681,0,0,63012420,108894900,45882480,0,0,93,false,0
30682,0,0,63012420,108900050,45887630,0,1,104,false,0
30683,0,0,63012420,108905200,45892780,0,2,105,false,0
30684,0,0,63012420,108905200,45892780,0,84,84,true,0
30685,0,0,63012420,108909950,45897530,0,0,95,false,0
30686,0,0,63012420,108913700,45901280,0,0,75,false,0
30687,0,0,63012420,108918850,45906430,0,16,119,false,0
30688,0,0,63012420,108918850,45906430,0,102,102,true,0
30689,0,0,63012420,108918850,45906430,0,105,105,true,0
30690,0,0,63012420,108918850,45906430,0,101,101,true,0
30691,0,0,63012420,108918850,45906430,0,82,82,true,0
30692,0,0,63012420,108924000,45911580,0,2,105,false,0
30693,0,0,63012420,108929150,45916730,0,3,106,false,0
30694,0,0,63012420,108929150,45916730,0,108,108,true,0
30695,0,0,63012420,108929150,45916730,0,108,108,true,0
30696,0,0,63012420,108934100,45921680,0,0,99,false,0
30697,0,0,63012420,108938700,45926280,0,0,92,false,0
30698,0,0,63012420,108943850,45931430,0,8,111,false,0
30699,0,0,63012420,108948950,45936530,0,0,102,false,0
30700,0,0,63012420,108954100,45941680,0,1,104,false,0
30701,0,0,63012420,108957800,45945380,0,0,74,false,0
30702,0,0,63012420,108962450,45950030,0,0,93,false,0
30703,0,0,63012420,108966750,45954330,0,0,86,false,0
30704,0,0,63012420,108971800,45959380,0,0,101,false,0
30705,0,0,63012420,108976650,45964230,0,0,97,false,0
30706,0,0,63012420,108981450,45969030,0,0,96,false,0
30707,0,0,63012420,108986100,45973680,0,0,93,false,0
30708,0,0,63012420,108991250,45978830,0,2,105,false,0
30709,0,0,63012420,108996400,45983980,0,14,117,false,0
30710,0,0,63012420,109001550,45989130,0,1,104,false,0
30711,0,0,63012420,109006700,45994280,0,13,116,false,0
30712,0,0,63012420,109010850,45998430,0,0,83,false,0
30713,0,0,63012420,109016000,46003580,0,3,106,false,0
30714,0,0,63012420,109020700,46008280,0,0,94,false,0
30715,0,0,63012420,109025050,46012630,0,0,87,false,0
30716,0,0,63012420,109025050,46012630,0,89,89,true,0
30717,0,0,63012420,109025050,46012630,0,107,107,true,0
30718,0,0,63012420,109025050,46012630,0,82,82,true,0
30719,0,0,63012420,109029850,46017430,0,0,96,false,0
30720,0,0,63012420,109034950,46022530,0,0,102,false,0
30721,0,0,63012420,109034950,46022530,0,93,93,true,0
30722,0,0,63012420,109034950,46022530,0,111,111,true,0
30723,0,0,63012420,109034950,46022530,0,107,107,true,0
30724,0,0,63012420,109034950,46022530,0,112,112,true,0
30725,0,0,63012420,109034950,46022530,0,89,89,true,0
30726,0,0,63012420,109039100,46026680,0,0,83,false,0
30727,0,0,63012420,109044250,46031830,0,0,103,false,0
30728,0,0,63012420,109049400,46036980,0,7,110,false,0
30729,0,0,63012420,109053950,46041530,0,0,91,false,0
30730,0,0,63012420,109059100,46046680,0,17,120,false,0
30731,0,0,63012420,109063850,46051430,0,0,95,false,0
30732,0,0,63119040,109068700,45949660,0,0,97,false,0
30733,0,0,63119040,109073850,45954810,0,0,103,false,0
30734,0,0,63119040,109078850,45959810,0,0,100,false,0
30735,0,0,63119040,109084000,45964960,0,0,103,false,0
30736,0,0,63119040,109089150,45970110,0,6,109,false,0
30737,0,0,63119040,109093200,45974160,0,0,81,false,0
30738,0,0,63119040,109097750,45978710,0,0,91,false,0
30739,0,0,63119040,109102550,45983510,0,0,96,false,0
30740,0,0,63119040,109107400,45988360,0,0,97,false,0
30741,0,0,63119040,109111950,45992910,0,0,91,false,0
30742,0,0,63119040,109116350,45997310,0,0,88,false,0
30743,0,0,63119040,109120950,46001910,0,0,92,false,0
30744,0,0,63119040,109125100,46006060,0,0,83,false,0
30745,0,0,63119040,109130100,46011060,0,0,100,false,0
30746,0,0,63119040,109134900,46015860,0,0,96,false,0
30747,0,0,63119040,109140000,46020960,0,0,102,false,0
30748,0,0,63119040,109140000,46020960,0,95,95,true,0
30749,0,0,63119040,109140000,46020960,0,102,102,true,0
30750,0,0,63119040,109140000,46020960,0,84,84,true,0
30751,0,0,63119040,109145150,46026110,0,6,109,false,0
30752,0,0,63119040,109149300,46030260,0,0,83,false,0
30753,0,0,63119040,109149300,46030260,0,105,105,true,0
30754,0,0,63119040,109149300,46030260,0,92,92,true,0
30755,0,0,63119040,109154450,46035410,0,1,104,false,0
30756,0,0,63119040,109159350,46040310,0,0,98,false,0
30757,0,0,63119040,109164500,46045460,0,9,112,false,0
30758,0,0,63119040,109164500,46045460,0,116,116,true,0
30759,0,0,63119040,109169650,46050610,0,3,106,false,0
30760,0,0,63119040,109174650,46055610,0,0,100,false,0
30761,0,0,63119040,109179350,46060310,0,0,94,false,0
30762,0,0,63119040,109184500,46065460,0,14,117,false,0
30763,0,0,63119040,109189100,46070060,0,0,92,false,0
30764,0,0,63119040,109193900,46074860,0,0,96,false,0
30765,0,0,63119040,109193900,46074860,0,92,92,true,0
30766,0,0,63119040,109193900,46074860,0,103,103,true,0
30767,0,0,63119040,109193900,46074860,0,94,94,true,0
30768,0,0,63119040,109193900,46074860,0,99,99,true,0
30769,0,0,63119040,109198350,46079310,0,0,89,false,0
30770,0,0,63119040,109203500,46084460,0,4,107,false,0
30771,0,0,63119040,109207850,46088810,0,0,87,false,0
30772,0,0,63119040,109212650,46093610,0,0,96,false,0
30773,0,0,63119040,109217800,46098760,0,15,118,false,0
30774,0,0,63119040,109222300,46103260,0,0,90,false,0
30775,0,0,63119040,109225700,46106660,0,0,68,false,0
30776,0,0,63119040,109230850,46111810,0,12,115,false,0
30777,0,0,63119040,109236000,46116960,0,7,110,false,0
30778,0,0,63119040,109241150,46122110,0,10,113,false,0
30779,0,0,63119040,109246300,46127260,0,6,109,false,0
30780,0,0,63119040,109251450,46132410,0,0,103,false,0
30781,0,0,63119040,109256600,46137560,0,0,103,false,0
30782,0,0,63119040,109261650,46142610,0,0,101,false,0
30783,0,0,63119040,109266500,46147460,0,0,97,false,0
30784,0,0,63225660,109271650,46045990,0,1,104,false,0
30785,0,0,63225660,109276700,46051040,0,0,101,false,0
30786,0,0,63225660,109281800,46056140,0,0,102,false,0
30787,0,0,63225660,109285950,46060290,0,0,83,false,0
30788,0,0,63225660,109291000,46065340,0,0,101,false,0
30789,0,0,63225660,109296150,46070490,0,4,107,false,0
30790,0,0,63225660,109296150,46070490,0,71,71,true,0
30791,0,0,63225660,109296150,46070490,0,103,103,true,0
30792,0,0,63225660,109296150,46070490,0,108,108,true,0
30793,0,0,63225660,109296150,46070490,0,87,87,true,0
30794,0,0,63225660,109301300,46075640,0,8,111,false,0
30795,0,0,63225660,109305900,46080240,0,0,92,false,0
30796,0,0,63225660,109310900,46085240,0,0,100,false,0
30797,0,0,63225660,109315300,46089640,0,0,88,false,0
30798,0,0,63225660,109315300,46089640,0,95,95,true,0
30799,0,0,63225660,109315300,46089640,0,84,84,true,0
30800,0,0,63225660,109315300,46089640,0,100,100,true,0
30801,0,0,63225660,109320450,46094790,0,5,108,false,0
30802,0,0,63225660,109325150,46099490,0,0,94,false,0
30803,0,0,63225660,109330200,46104540,0,0,101,false,0
30804,0,0,63225660,109335350,46109690,0,11,114,false,0
30805,0,0,63225660,109340200,46114540,0,0,97,false,0
30806,0,0,63225660,109345150,46119490,0,0,99,false,0
30807,0,0,63225660,109345150,46119490,0,101,101,true,0
30808,0,0,63225660,109350250,46124590,0,0,102,false,0
30809,0,0,63225660,109355400,46129740,0,14,117,false,0
30810,0,0,63225660,109355400,46129740,0,112,112,true,0
30811,0,0,63225660,109360550,46134890,0,1,104,false,0
30812,0,0,63225660,109365650,46139990,0,0,102,false,0
30813,0,0,63225660,109365650,46139990,0,92,92,true,0
30814,0,0,63225660,109369600,46143940,0,0,79,false,0
30815,0,0,63225660,109374450,46148790,0,0,97,false,0
30816,0,0,63225660,109374450,46148790,0,107,107,true,0
30817,0,0,63225660,109374450,46148790,0,107,107,true,0
30818,0,0,63225660,109379300,46153640,0,0,97,false,0
30819,0,0,63225660,109383850,46158190,0,0,91,false,0
30820,0,0,63225660,109388850,46163190,0,0,100,false,0
30821,0,0,63225660,109388850,46163190,0,99,99,true,0
30822,0,0,63225660,109393300,46167640,0,0,89,false,0
30823,0,0,63225660,109398350,46172690,0,0,101,false,0
30824,0,0,63225660,109403450,46177790,0,0,102,false,0
30825,0,0,63225660,109407600,46181940,0,0,83,false,0
30826,0,0,63225660,109407600,46181940,0,113,113,true,0
30827,0,0,63225660,109412750,46187090,0,8,111,false,0
30828,0,0,63225660,109417700,46192040,0,0,99,false,0
30829,0,0,63225660,109422850,46197190,0,3,106,false,0
30830,0,0,63225660,109427550,46201890,0,0,94,false,0
30831,0,0,63225660,109427550,46201890,0,108,108,true,0
30832,0,0,63225660,109432300,46206640,0,0,95,false,0
30833,0,0,63225660,109437450,46211790,0,10,113,false,0
30834,0,0,63225660,109442400,46216740,0,0,99,false,0
30835,0,0,63225660,109442400,46216740,0,119,119,true,0
30836,0,0,63332280,109442400,46110120,0,101,101,true,0
30837,0,0,63332280,109442400,46110120,0,106,106,true,0
30838,0,0,63332280,109447550,46115270,0,2,105,false,0
30839,0,0,63332280,109452200,46119920,0,0,93,false,0
30840,0,0,63332280,109457250,46124970,0,0,101,false,0
30841,0,0,63332280,109462400,46130120,0,9,112,false,0
30842,0,0,63332280,109467550,46135270,0,3,106,false,0
30843,0,0,63332280,109472700,46140420,0,2,105,false,0
30844,0,0,63332280,109472700,46140420,0,120,120,true,0
30845,0,0,63332280,109472700,46140420,0,95,95,true,0
30846,0,0,63332280,109472700,46140420,0,111,111,true,0
30847,0,0,63332280,109472700,46140420,0,110,110,true,0
30848,0,0,63332280,109477850,46145570,0,3,106,false,0
30849,0,0,63332280,109482100,46149820,0,0,85,false,0
30850,0,0,63332280,109482100,46149820,0,87,87,true,0
30851,0,0,63332280,109482100,46149820,0,94,94,true,0
30852,0,0,63332280,109487200,46154920,0,0,102,false,0
30853,0,0,63332280,109492100,46159820,0,0,98,false,0
30854,0,0,63332280,109497250,46164970,0,3,106,false,0
30855,0,0,63332280,109502400,46170120,0,6,109,false,0
30856,0,0,63332280,109507550,46175270,0,7,110,false,0
30857,0,0,63332280,109512700,46180420,0,0,103,false,0
30858,0,0,63332280,109517550,46185270,0,0,97,false,0
30859,0,0,63332280,109522700,46190420,0,1,104,false,0
30860,0,0,63332280,109527750,46195470,0,0,101,false,0
30861,0,0,63332280,109532450,46200170,0,0,94,false,0
30862,0,0,63332280,109537400,46205120,0,0,99,false,0
30863,0,0,63332280,109542450,46210170,0,0,101,false,0
30864,0,0,63332280,109547500,46215220,0,0,101,false,0
30865,0,0,63332280,109552450,46220170,0,0,99,false,0
30866,0,0,63332280,109557600,46225320,0,18,121,false,0
30867,0,0,63332280,109562750,46230470,0,5,108,false,0
30868,0,0,63332280,109562750,46230470,0,95,95,true,0
30869,0,0,63332280,109562750,46230470,0,114,114,true,0
30870,0,0,63332280,109562750,46230470,0,87,87,true,0
30871,0,0,63332280,109562750,46230470,0,84,84,true,0
30872,0,0,63332280,109562750,46230470,0,93,93,true,0
30873,0,0,63332280,109562750,46230470,0,101,101,true,0
30874,0,0,63332280,109562750,46230470,0,108,108,true,0
30875,0,0,63332280,109567900,46235620,0,14,117,false,0
30876,0,0,63332280,109573050,46240770,0,9,112,false,0
30877,0,0,63332280,109577400,46245120,0,0,87,false,0
30878,0,0,63332280,109577400,46245120,0,109,109,true,0
30879,0,0,63332280,109582550,46250270,0,9,112,false,0
30880,0,0,63332280,109586900,46254620,0,0,87,false,0
30881,0,0,63332280,109591400,46259120,0,0,90,false,0
30882,0,0,63332280,109596550,46264270,0,6,109,false,0
30883,0,0,63332280,109601450,46269170,0,0,98,false,0
30884,0,0,63332280,109601450,46269170,0,99,99,true,0
30885,0,0,63332280,109606450,46274170,0,0,100,false,0
30886,0,0,63332280,109610800,46278520,0,0,87,false,0
30887,0,0,63332280,109615900,46283620,0,0,102,false,0
30888,0,0,63438900,109621050,46182150,0,20,123,false,0
30889,0,0,63438900,109626200,46187300,0,1,104,false,0
30890,0,0,63438900,109631350,46192450,0,4,107,false,0
30891,0,0,63438900,109636200,46197300,0,0,97,false,0
30892,0,0,63438900,109640800,46201900,0,0,92,false,0
30893,0,0,63438900,109645950,46207050,0,2,105,false,0
30894,0,0,63438900,109645950,46207050,0,91,91,true,0
30895,0,0,63438900,109645950,46207050,0,83,83,true,0
30896,0,0,63438900,109645950,46207050,0,106,106,true,0
30897,0,0,63438900,109645950,46207050,0,103,103,true,0
30898,0,0,63438900,109645950,46207050,0,106,106,true,0
30899,0,0,63438900,109645950,46207050,0,115,115,true,0
30900,0,0,63438900,109650700,46211800,0,0,95,false,0
30901,0,0,63438900,109655650,46216750,0,0,99,false,0
30902,0,0,63438900,109655650,46216750,0,109,109,true,0
30903,0,0,63438900,109660800,46221900,0,7,110,false,0
30904,0,0,63438900,109665850,46226950,0,0,101,false,0
30905,0,0,63438900,109665850,46226950,0,94,94,true,0
30906,0,0,63438900,109665850,46226950,0,81,81,true,0
30907,0,0,63438900,109665850,46226950,0,95,95,true,0
30908,0,0,63438900,109665850,46226950,0,107,107,true,0
30909,0,0,63438900,109665850,46226950,0,97,97,true,0
30910,0,0,63438900,109665850,46226950,0,94,94,true,0
30911,0,0,63438900,109671000,46232100,0,13,116,false,0
30912,0,0,63438900,109676150,46237250,0,7,110,false,0
30913,0,0,63438900,109680950,46242050,0,0,96,false,0
30914,0,0,63438900,109680950,46242050,0,104,104,true,0
30915,0,0,63438900,109680950,46242050,0,81,81,true,0
30916,0,0,63438900,109680950,46242050,0,105,105,true,0
30917,0,0,63438900,109680950,46242050,0,82,82,true,0
30918,0,0,63438900,109685800,46246900,0,0,97,false,0
30919,0,0,63438900,109690950,46252050,0,11,114,false,0
30920,0,0,63438900,109690950,46252050,0,94,94,true,0
30921,0,0,63438900,109690950,46252050,0,123,123,true,0
30922,0,0,63438900,109690950,46252050,0,95,95,true,0
30923,0,0,63438900,109690950,46252050,0,96,96,true,0
30924,0,0,63438900,109690950,46252050,0,96,96,true,0
30925,0,0,63438900,109695900,46257000,0,0,99,false,0
30926,0,0,63438900,109701050,46262150,0,13,116,false,0
30927,0,0,63438900,109706200,46267300,0,10,113,false,0
30928,0,0,63438900,109710650,46271750,0,0,89,false,0
30929,0,0,63438900,109715800,46276900,0,2,105,false,0
30930,0,0,63438900,109720450,46281550,0,0,93,false,0
30931,0,0,63438900,109725550,46286650,0,0,102,false,0
30932,0,0,63438900,109730650,46291750,0,0,102,false,0
30933,0,0,63438900,109734900,46296000,0,0,85,false,0
30934,0,0,63438900,109739150,46300250,0,0,85,false,0
30935,0,0,63438900,109739150,46300250,0,103,103,true,0
30936,0,0,63438900,109739150,46300250,0,96,96,true,0
30937,0,0,63438900,109739150,46300250,0,91,91,true,0
30938,0,0,63438900,109743650,46304750,0,0,90,false,0
30939,0,0,63438900,109748050,46309150,0,0,88,false,0
30940,0,0,63545520,109752600,46207080,0,0,91,false,0
30941,0,0,63545520,109757400,46211880,0,0,96,false,0
30942,0,0,63545520,109761450,46215930,0,0,81,false,0
30943,0,0,63545520,109766000,46220480,0,0,91,false,0
30944,0,0,63545520,109766000,46220480,0,89,89,true,0
30945,0,0,63545520,109771150,46225630,0,8,111,false,0
30946,0,0,63545520,109775900,46230380,0,0,95,false,0
30947,0,0,63545520,109781050,46235530,0,13,116,false,0
30948,0,0,63545520,109786150,46240630,0,0,102,false,0
30949,0,0,63545520,109791300,46245780,0,8,111,false,0
30950,0,0,63545520,109796450,46250930,0,1,104,false,0
30951,0,0,63545520,109801050,46255530,0,0,92,false,0
30952,0,0,63545520,109805300,46259780,0,0,85,false,0
30953,0,0,63545520,109805300,46259780,0,117,117,true,0
30954,0,0,63545520,109805300,46259780,0,99,99,true,0
30955,0,0,63545520,109805300,46259780,0,83,83,true,0
30956,0,0,63545520,109805300,46259780,0,94,94,true,0
30957,0,0,63545520,109810200,46264680,0,0,98,false,0
30958,0,0,63545520,109815150,46269630,0,0,99,false,0
30959,0,0,63545520,109820300,46274780,0,8,111,false,0
30960,0,0,63545520,109825350,46279830,0,0,101,false,0
30961,0,0,63545520,109825350,46279830,0,91,91,true,0
30962,0,0,63545520,109825350,46279830,0,109,109,true,0
30963,0,0,63545520,109825350,46279830,0,105,105,true,0
30964,0,0,63545520,109829450,46283930,0,0,82,false,0
30965,0,0,63545520,109834600,46289080,0,3,106,false,0
30966,0,0,63545520,109839000,46293480,0,0,88,false,0
30967,0,0,63545520,109844150,46298630,0,6,109,false,0
30968,0,0,63545520,109848850,46303330,0,0,94,false,0
30969,0,0,63545520,109853400,46307880,0,0,91,false,0
30970,0,0,63545520,109853400,46307880,0,100,100,true,0
30971,0,0,63545520,109853400,46307880,0,94,94,true,0
30972,0,0,63545520,109853400,46307880,0,103,103,true,0
30973,0,0,63545520,109858250,46312730,0,0,97,false,0
30974,0,0,63545520,109862200,46316680,0,0,79,false,0
30975,0,0,63545520,109862200,46316680,0,106,106,true,0
30976,0,0,63545520,109862200,46316680,0,97,97,true,0
30977,0,0,63545520,109862200,46316680,0,98,98,true,0
30978,0,0,63545520,109862200,46316680,0,107,107,true,0
30979,0,0,63545520,109867300,46321780,0,0,102,false,0
30980,0,0,63545520,109871850,46326330,0,0,91,false,0
30981,0,0,63545520,109877000,46331480,0,4,107,false,0
30982,0,0,63545520,109881550,46336030,0,0,91,false,0
30983,0,0,63545520,109886100,46340580,0,0,91,false,0
30984,0,0,63545520,109886100,46340580,0,93,93,true,0
30985,0,0,63545520,109890300,46344780,0,0,84,false,0
30986,0,0,63545520,109895450,46349930,0,0,103,false,0
30987,0,0,63545520,109895450,46349930,0,106,106,true,0
30988,0,0,63545520,109900600,46355080,0,10,113,false,0
30989,0,0,63545520,109905750,46360230,0,9,112,false,0
30990,0,0,63545520,109910800,46365280,0,0,101,false,0
30991,0,0,63545520,109915950,46370430,0,7,110,false,0
30992,0,0,63652140,109915950,46263810,0,91,91,true,0
30993,0,0,63652140,109921100,46268960,0,8,111,false,0
30994,0,0,63652140,109926250,46274110,0,1,104,false,0
30995,0,0,63652140,109931400,46279260,0,0,103,false,0
30996,0,0,63652140,109936550,46284410,0,15,118,false,0
30997,0,0,63652140,109941700,46289560,0,2,105,false,0
30998,0,0,63652140,109946450,46294310,0,0,95,false,0
30999,0,0,63652140,109951350,46299210,0,0,98,false,0
31000,0,0,63652140,109956150,46304010,0,0,96,false,0
31001,0,0,63652140,109960350,46308210,0,0,84,false,0
31002,0,0,63652140,109965250,46313110,0,0,98,false,0
31003,0,0,63652140,109970150,46318010,0,0,98,false,0
31004,0,0,63652140,109975000,46322860,0,0,97,false,0
31005,0,0,63652140,109979450,46327310,0,0,89,false,0
31006,0,0,63652140,109983500,46331360,0,0,81,false,0
31007,0,0,63652140,109987950,46335810,0,0,89,false,0
31008,0,0,63652140,109993100,46340960,0,9,112,false,0
31009,0,0,63652140,109998000,46345860,0,0,98,false,0
31010,0,0,63652140,110001950,46349810,0,0,79,false,0
31011,0,0,63652140,110007100,46354960,0,16,119,false,0
31012,0,0,63652140,110011700,46359560,0,0,92,false,0
31013,0,0,63652140,110016050,46363910,0,0,87,false,0
31014,0,0,63652140,110021200,46369060,0,1,104,false,0
31015,0,0,63652140,110026250,46374110,0,0,101,false,0
31016,0,0,63652140,110031400,46379260,0,8,111,false,0
31017,0,0,63652140,110036000,46383860,0,0,92,false,0
31018,0,0,63652140,110040100,46387960,0,0,82,false,0
31019,0,0,63652140,110045250,46393110,0,11,114,false,0
31020,0,0,63652140,110045250,46393110,0,88,88,true,0
31021,0,0,63652140,110045250,46393110,0,99,99,true,0
31022,0,0,63652140,110045250,46393110,0,98,98,true,0
31023,0,0,63652140,110050000,46397860,0,0,95,false,0
31024,0,0,63652140,110054750,46402610,0,0,95,false,0
31025,0,0,63652140,110059900,46407760,0,3,106,false,0
31026,0,0,63652140,110064100,46411960,0,0,84,false,0
31027,0,0,63652140,110069250,46417110,0,1,104,false,0
31028,0,0,63652140,110074100,46421960,0,0,97,false,0
31029,0,0,63652140,110079150,46427010,0,0,101,false,0
31030,0,0,63652140,110079150,46427010,0,113,113,true,0
31031,0,0,63652140,110079150,46427010,0,103,103,true,0
31032,0,0,63652140,110079150,46427010,0,96,96,true,0
31033,0,0,63652140,110084000,46431860,0,0,97,false,0
31034,0,0,63652140,110089150,46437010,0,6,109,false,0
31035,0,0,63652140,110093850,46441710,0,0,94,false,0
31036,0,0,63652140,110099000,46446860,0,6,109,false,0
31037,0,0,63652140,110104150,46452010,0,15,118,false,0
31038,0,0,63652140,110108250,46456110,0,0,82,false,0
31039,0,0,63652140,110113400,46461260,0,6,109,false,0
31040,0,0,63652140,110118450,46466310,0,0,101,false,0
31041,0,0,63652140,110123600,46471460,0,3,106,false,0
31042,0,0,63652140,110128750,46476610,0,0,103,false,0
31043,0,0,63652140,110133450,46481310,0,0,94,false,0
31044,0,0,63758760,110133450,46374690,0,108,108,true,0
31045,0,0,63758760,110133450,46374690,0,103,103,true,0
31046,0,0,63758760,110133450,46374690,0,114,114,true,0
31047,0,0,63758760,110133450,46374690,0,98,98,true,0
31048,0,0,63758760,110133450,46374690,0,93,93,true,0
31049,0,0,63758760,110138600,46379840,0,2,105,false,0
31050,0,0,63758760,110143750,46384990,0,4,107,false,0
31051,0,0,63758760,110148250,46389490,0,0,90,false,0
31052,0,0,63758760,110153100,46394340,0,0,97,false,0
31053,0,0,63758760,110158250,46399490,0,0,103,false,0
31054,0,0,63758760,110158250,46399490,0,111,111,true,0
31055,0,0,63758760,110163400,46404640,0,12,115,false,0
31056,0,0,63758760,110168250,46409490,0,0,97,false,0
31057,0,0,63758760,110173150,46414390,0,0,98,false,0
31058,0,0,63758760,110178300,46419540,0,5,108,false,0
31059,0,0,63758760,110183050,46424290,0,0,95,false,0
31060,0,0,63758760,110183050,46424290,0,112,112,true,0
31061,0,0,63758760,110188200,46429440,0,6,109,false,0
31062,0,0,63758760,110192600,46433840,0,0,88,false,0
31063,0,0,63758760,110197400,46438640,0,0,96,false,0
31064,0,0,63758760,110202200,46443440,0,0,96,false,0
31065,0,0,63758760,110206850,46448090,0,0,93,false,0
31066,0,0,63758760,110211500,46452740,0,0,93,false,0
31067,0,0,63758760,110216650,46457890,0,6,109,false,0
31068,0,0,63758760,110221550,46462790,0,0,98,false,0
31069,0,0,63758760,110226250,46467490,0,0,94,false,0
31070,0,0,63758760,110231400,46472640,0,12,115,false,0
31071,0,0,63758760,110236400,46477640,0,0,100,false,0
31072,0,0,63758760,110236400,46477640,0,92,92,true,0
31073,0,0,63758760,110241550,46482790,0,17,120,false,0
31074,0,0,63758760,110246700,46487940,0,0,103,false,0
31075,0,0,63758760,110251850,46493090,0,0,103,false,0
31076,0,0,63758760,110251850,46493090,0,83,83,true,0
31077,0,0,63758760,110257000,46498240,0,5,108,false,0
31078,0,0,63758760,110261650,46502890,0,0,93,false,0
31079,0,0,63758760,110266800,46508040,0,8,111,false,0
31080,0,0,63758760,110271750,46512990,0,0,99,false,0
31081,0,0,63758760,110271750,46512990,0,113,113,true,0
31082,0,0,63758760,110276900,46518140,0,1,104,false,0
31083,0,0,63758760,110282050,46523290,0,8,111,false,0
31084,0,0,63758760,110286800,46528040,0,0,95,false,0
31085,0,0,63758760,110286800,46528040,0,81,81,true,0
31086,0,0,63758760,110286800,46528040,0,107,107,true,0
31087,0,0,63758760,110286800,46528040,0,96,96,true,0
31088,0,0,63758760,110286800,46528040,0,106,106,true,0
31089,0,0,63758760,110290750,46531990,0,0,79,false,0
31090,0,0,63758760,110295150,46536390,0,0,88,false,0
31091,0,0,63758760,110300150,46541390,0,0,100,false,0
31092,0,0,63758760,110303950,46545190,0,0,76,false,0
31093,0,0,63758760,110309050,46550290,0,0,102,false,0
31094,0,0,63758760,110314200,46555440,0,4,107,false,0
31095,0,0,63758760,110314200,46555440,0,102,102,true,0
31096,0,0,63865380,110314200,46448820,0,84,84,true,0
31097,0,0,63865380,110314200,46448820,0,95,95,true,0
31098,0,0,63865380,110314200,46448820,0,99,99,true,0
31099,0,0,63865380,110314200,46448820,0,119,119,true,0
31100,0,0,63865380,110314200,46448820,0,102,102,true,0
31101,0,0,63865380,110314200,46448820,0,106,106,true,0
31102,0,0,63865380,110319250,46453870,0,0,101,false,0
31103,0,0,63865380,110323750,46458370,0,0,90,false,0
31104,0,0,63865380,110328900,46463520,0,3,106,false,0
31105,0,0,63865380,110334050,46468670,0,6,109,false,0
31106,0,0,63865380,110338650,46473270,0,0,92,false,0
31107,0,0,63865380,110343600,46478220,0,0,99,false,0
31108,0,0,63865380,110348050,46482670,0,0,89,false,0
31109,0,0,63865380,110348050,46482670,0,109,109,true,0
31110,0,0,63865380,110348050,46482670,0,96,96,true,0
31111,0,0,63865380,110348050,46482670,0,112,112,true,0
31112,0,0,63865380,110348050,46482670,0,108,108,true,0
31113,0,0,63865380,110348050,46482670,0,98,98,true,0
31114,0,0,63865380,110352850,46487470,0,0,96,false,0
31115,0,0,63865380,110358000,46492620,0,5,108,false,0
31116,0,0,63865380,110362150,46496770,0,0,83,false,0
31117,0,0,63865380,110362150,46496770,0,110,110,true,0
31118,0,0,63865380,110367300,46501920,0,8,111,false,0
31119,0,0,63865380,110372000,46506620,0,0,94,false,0
31120,0,0,63865380,110372000,46506620,0,93,93,true,0
31121,0,0,63865380,110372000,46506620,0,85,85,true,0
31122,0,0,63865380,110372000,46506620,0,97,97,true,0
31123,0,0,63865380,110372000,46506620,0,89,89,true,0
31124,0,0,63865380,110372000,46506620,0,107,107,true,0
31125,0,0,63865380,110372000,46506620,0,95,95,true,0
31126,0,0,63865380,110372000,46506620,0,93,93,true,0
31127,0,0,63865380,110372000,46506620,0,112,112,true,0
31128,0,0,63865380,110372000,46506620,0,103,103,true,0
31129,0,0,63865380,110372000,46506620,0,88,88,true,0
31130,0,0,63865380,110377100,46511720,0,0,102,false,0
31131,0,0,63865380,110382250,46516870,0,2,105,false,0
31132,0,0,63865380,110387400,46522020,0,6,109,false,0
31133,0,0,63865380,110392350,46526970,0,0,99,false,0
31134,0,0,63865380,110397500,46532120,0,9,112,false,0
31135,0,0,63865380,110402500,46537120,0,0,100,false,0
31136,0,0,63865380,110402500,46537120,0,98,98,true,0
31137,0,0,63865380,110407450,46542070,0,0,99,false,0
31138,0,0,63865380,110412150,46546770,0,0,94,false,0
31139,0,0,63865380,110417300,46551920,0,9,112,false,0
31140,0,0,63865380,110421750,46556370,0,0,89,false,0
31141,0,0,63865380,110426500,46561120,0,0,95,false,0
31142,0,0,63865380,110426500,46561120,0,100,100,true,0
31143,0,0,63865380,110426500,46561120,0,108,108,true,0
31144,0,0,63865380,110426500,46561120,0,85,85,true,0
31145,0,0,63865380,110430800,46565420,0,0,86,false,0
31146,0,0,63865380,110435700,46570320,0,0,98,false,0
31147,0,0,63865380,110440750,46575370,0,0,101,false,0
31148,0,0,63972000,110445900,46473900,0,8,111,false,0
31149,0,0,63972000,110450250,46478250,0,0,87,false,0
31150,0,0,63972000,110454750,46482750,0,0,90,false,0
31151,0,0,63972000,110459850,46487850,0,0,102,false,0
31152,0,0,63972000,110464050,46492050,0,0,84,false,0
31153,0,0,63972000,110468950,46496950,0,0,98,false,0
31154,0,0,63972000,110473700,46501700,0,0,95,false,0
31155,0,0,63972000,110478750,46506750,0,0,101,false,0
31156,0,0,63972000,110478750,46506750,0,85,85,true,0
31157,0,0,63972000,110478750,46506750,0,111,111,true,0
31158,0,0,63972000,110478750,46506750,0,105,105,true,0
31159,0,0,63972000,110483650,46511650,0,0,98,false,0
31160,0,0,63972000,110488800,46516800,0,4,107,false,0
31161,0,0,63972000,110493550,46521550,0,0,95,false,0
31162,0,0,63972000,110498700,46526700,0,9,112,false,0
31163,0,0,63972000,110503800,46531800,0,0,102,false,0
31164,0,0,63972000,110503800,46531800,0,91,91,true,0
31165,0,0,63972000,110503800,46531800,0,94,94,true,0
31166,0,0,63972000,110503800,46531800,0,89,89,true,0
31167,0,0,63972000,110508950,46536950,0,3,106,false,0
31168,0,0,63972000,110514100,46542100,0,7,110,false,0
31169,0,0,63972000,110519250,46547250,0,1,104,false,0
31170,0,0,63972000,110523950,46551950,0,0,94,false,0
31171,0,0,63972000,110529100,46557100,0,11,114,false,0
31172,0,0,63972000,110534250,46562250,0,2,105,false,0
31173,0,0,63972000,110534250,46562250,0,89,89,true,0
31174,0,0,63972000,110534250,46562250,0,88,88,true,0
31175,0,0,63972000,110539400,46567400,0,1,104,false,0
31176,0,0,63972000,110544000,46572000,0,0,92,false,0
31177,0,0,63972000,110548950,46576950,0,0,99,false,0
31178,0,0,63972000,110554100,46582100,0,1,104,false,0
31179,0,0,63972000,110554100,46582100,0,89,89,true,0
31180,0,0,63972000,110554100,46582100,0,103,103,true,0
31181,0,0,63972000,110559250,46587250,0,7,110,false,0
31182,0,0,63972000,110564250,46592250,0,0,100,false,0
31183,0,0,63972000,110569400,46597400,0,7,110,false,0
31184,0,0,63972000,110569400,46597400,0,84,84,true,0
31185,0,0,63972000,110574250,46602250,0,0,97,false,0
31186,0,0,63972000,110579000,46607000,0,0,95,false,0
31187,0,0,63972000,110584150,46612150,0,1,104,false,0
31188,0,0,63972000,110589200,46617200,0,0,101,false,0
31189,0,0,63972000,110593550,46621550,0,0,87,false,0
31190,0,0,63972000,110598500,46626500,0,0,99,false,0
31191,0,0,63972000,110603650,46631650,0,11,114,false,0
31192,0,0,63972000,110608700,46636700,0,0,101,false,0
31193,0,0,63972000,110613750,46641750,0,0,101,false,0
31194,0,0,63972000,110618350,46646350,0,0,92,false,0
31195,0,0,63972000,110623400,46651400,0,0,101,false,0
31196,0,0,63972000,110628100,46656100,0,0,94,false,0
31197,0,0,63972000,110632150,46660150,0,0,81,false,0
31198,0,0,63972000,110632150,46660150,0,78,78,true,0
31199,0,0,63972000,110637300,46665300,0,2,105,false,0
31200,0,0,64078620,110641650,46563030,0,0,87,false,0
31201,0,0,64078620,110641650,46563030,0,82,82,true,0
31202,0,0,64078620,110641650,46563030,0,99,99,true,0
31203,0,0,64078620,110646800,46568180,0,16,119,false,0
31204,0,0,64078620,110651150,46572530,0,0,87,false,0
31205,0,0,64078620,110656150,46577530,0,0,100,false,0
31206,0,0,64078620,110661300,46582680,0,26,129,false,0
31207,0,0,64078620,110666400,46587780,0,0,102,false,0
31208,0,0,64078620,110666400,46587780,0,100,100,true,0
31209,0,0,64078620,110671550,46592930,0,10,113,false,0
31210,0,0,64078620,110676650,46598030,0,0,102,false,0
31211,0,0,64078620,110681550,46602930,0,0,98,false,0
31212,0,0,64078620,110686500,46607880,0,0,99,false,0
31213,0,0,64078620,110691650,46613030,0,14,117,false,0
31214,0,0,64078620,110696800,46618180,0,0,103,false,0
31215,0,0,64078620,110701950,46623330,0,5,108,false,0
31216,0,0,64078620,110706550,46627930,0,0,92,false,0
31217,0,0,64078620,110711500,46632880,0,0,99,false,0
31218,0,0,64078620,110716650,46638030,0,4,107,false,0
31219,0,0,64078620,110721450,46642830,0,0,96,false,0
31220,0,0,64078620,110726600,46647980,0,10,113,false,0
31221,0,0,64078620,110731600,46652980,0,0,100,false,0
31222,0,0,64078620,110736650,46658030,0,0,101,false,0
31223,0,0,64078620,110741800,46663180,0,0,103,false,0
31224,0,0,64078620,110746550,46667930,0,0,95,false,0
31225,0,0,64078620,110751700,46673080,0,1,104,false,0
31226,0,0,64078620,110751700,46673080,0,108,108,true,0
31227,0,0,64078620,110751700,46673080,0,94,94,true,0
31228,0,0,64078620,110756700,46678080,0,0,100,false,0
31229,0,0,64078620,110760850,46682230,0,0,83,false,0
31230,0,0,64078620,110766000,46687380,0,0,103,false,0
31231,0,0,64078620,110770500,46691880,0,0,90,false,0
31232,0,0,64078620,110775650,46697030,0,13,116,false,0
31233,0,0,64078620,110780350,46701730,0,0,94,false,0
31234,0,0,64078620,110785500,46706880,0,1,104,false,0
31235,0,0,64078620,110789850,46711230,0,0,87,false,0
31236,0,0,64078620,110794350,46715730,0,0,90,false,0
31237,0,0,64078620,110794350,46715730,0,100,100,true,0
31238,0,0,64078620,110799500,46720880,0,2,105,false,0
31239,0,0,64078620,110804450,46725830,0,0,99,false,0
31240,0,0,64078620,110809600,46730980,0,8,111,false,0
31241,0,0,64078620,110814150,46735530,0,0,91,false,0
31242,0,0,64078620,110819300,46740680,0,18,121,false,0
31243,0,0,64078620,110824450,46745830,0,7,110,false,0
31244,0,0,64078620,110829600,46750980,0,4,107,false,0
31245,0,0,64078620,110834550,46755930,0,0,99,false,0
31246,0,0,64078620,110839350,46760730,0,0,96,false,0
31247,0,0,64078620,110844150,46765530,0,0,96,false,0
31248,0,0,64078620,110848750,46770130,0,0,92,false,0
31249,0,0,64078620,110848750,46770130,0,96,96,true,0
31250,0,0,64078620,110848750,46770130,0,106,106,true,0
31251,0,0,64078620,110848750,46770130,0,97,97,true,0
31252,0,0,64185240,110853750,46668510,0,0,100,false,0
31253,0,0,64185240,110858900,46673660,0,19,122,false,0
31254,0,0,64185240,110862400,46677160,0,0,70,false,0
31255,0,0,64185240,110866850,46681610,0,0,89,false,0
31256,0,0,64185240,110872000,46686760,0,4,107,false,0
31257,0,0,64185240,110872000,46686760,0,93,93,true,0
31258,0,0,64185240,110877050,46691810,0,0,101,false,0
31259,0,0,64185240,110882200,46696960,0,10,113,false,0
31260,0,0,64185240,110887250,46702010,0,0,101,false,0
31261,0,0,64185240,110892400,46707160,0,16,119,false,0
31262,0,0,64185240,110897000,46711760,0,0,92,false,0
31263,0,0,64185240,110900700,46715460,0,0,74,false,0
31264,0,0,64185240,110905100,46719860,0,0,88,false,0
31265,0,0,64185240,110910250,46725010,0,4,107,false,0
31266,0,0,64185240,110915400,46730160,0,6,109,false,0
31267,0,0,64185240,110920550,46735310,0,12,115,false,0
31268,0,0,64185240,110920550,46735310,0,101,101,true,0
31269,0,0,64185240,110920550,46735310,0,101,101,true,0
31270,0,0,64185240,110920550,46735310,0,100,100,true,0
31271,0,0,64185240,110925000,46739760,0,0,89,false,0
31272,0,0,64185240,110929450,46744210,0,0,89,false,0
31273,0,0,64185240,110929450,46744210,0,98,98,true,0
31274,0,0,64185240,110929450,46744210,0,86,86,true,0
31275,0,0,64185240,110929450,46744210,0,102,102,true,0
31276,0,0,64185240,110929450,46744210,0,87,87,true,0
31277,0,0,64185240,110934150,46748910,0,0,94,false,0
31278,0,0,64185240,110938750,46753510,0,0,92,false,0
31279,0,0,64185240,110943900,46758660,0,5,108,false,0
31280,0,0,64185240,110947500,46762260,0,0,72,false,0
31281,0,0,64185240,110952650,46767410,0,8,111,false,0
31282,0,0,64185240,110957800,46772560,0,11,114,false,0
31283,0,0,64185240,110957800,46772560,0,100,100,true,0
31284,0,0,64185240,110957800,46772560,0,105,105,true,0
31285,0,0,64185240,110957800,46772560,0,107,107,true,0
31286,0,0,64185240,110962650,46777410,0,0,97,false,0
31287,0,0,64185240,110967450,46782210,0,0,96,false,0
31288,0,0,64185240,110971350,46786110,0,0,78,false,0
31289,0,0,64185240,110975950,46790710,0,0,92,false,0
31290,0,0,64185240,110980950,46795710,0,0,100,false,0
31291,0,0,64185240,110985400,46800160,0,0,89,false,0
31292,0,0,64185240,110989300,46804060,0,0,78,false,0
31293,0,0,64185240,110994150,46808910,0,0,97,false,0
31294,0,0,64185240,110999300,46814060,0,2,105,false,0
31295,0,0,64185240,111004400,46819160,0,0,102,false,0
31296,0,0,64185240,111009550,46824310,0,1,104,false,0
31297,0,0,64185240,111014600,46829360,0,0,101,false,0
31298,0,0,64185240,111019700,46834460,0,0,102,false,0
31299,0,0,64185240,111024350,46839110,0,0,93,false,0
31300,0,0,64185240,111029500,46844260,0,6,109,false,0
31301,0,0,64185240,111034650,46849410,0,2,105,false,0
31302,0,0,64185240,111039800,46854560,0,4,107,false,0
31303,0,0,64185240,111044400,46859160,0,0,92,false,0
31304,0,0,64291860,111049000,46757140,0,0,92,false,0
31305,0,0,64291860,111053950,46762090,0,0,99,false,0
31306,0,0,64291860,111059100,46767240,0,11,114,false,0
31307,0,0,64291860,111059100,46767240,0,104,104,true,0
31308,0,0,64291860,111059100,46767240,0,94,94,true,0
31309,0,0,64291860,111059100,46767240,0,99,99,true,0
31310,0,0,64291860,111059100,46767240,0,118,118,true,0
31311,0,0,64291860,111059100,46767240,0,109,109,true,0
31312,0,0,64291860,111059100,46767240,0,96,96,true,0
31313,0,0,64291860,111059100,46767240,0,98,98,true,0
31314,0,0,64291860,111059100,46767240,0,96,96,true,0
31315,0,0,64291860,111059100,46767240,0,92,92,true,0
31316,0,0,64291860,111059100,46767240,0,83,83,true,0
31317,0,0,64291860,111059100,46767240,0,108,108,true,0
31318,0,0,64291860,111059100,46767240,0,98,98,true,0
31319,0,0,64291860,111059100,46767240,0,93,93,true,0
31320,0,0,64291860,111064200,46772340,0,0,102,false,0
31321,0,0,64291860,111069300,46777440,0,0,102,false,0
31322,0,0,64291860,111074450,46782590,0,3,106,false,0
31323,0,0,64291860,111078750,46786890,0,0,86,false,0
31324,0,0,64291860,111083050,46791190,0,0,86,false,0
31325,0,0,64291860,111083050,46791190,0,97,97,true,0
31326,0,0,64291860,111083050,46791190,0,90,90,true,0
31327,0,0,64291860,111087900,46796040,0,0,97,false,0
31328,0,0,64291860,111093050,46801190,0,8,111,false,0
31329,0,0,64291860,111098200,46806340,0,15,118,false,0
31330,0,0,64291860,111103200,46811340,0,0,100,false,0
31331,0,0,64291860,111108050,46816190,0,0,97,false,0
31332,0,0,64291860,111113150,46821290,0,0,102,false,0
31333,0,0,64291860,111118000,46826140,0,0,97,false,0
31334,0,0,64291860,111122450,46830590,0,0,89,false,0
31335,0,0,64291860,111126750,46834890,0,0,86,false,0
31336,0,0,64291860,111131900,46840040,0,10,113,false,0
31337,0,0,64291860,111136400,46844540,0,0,90,false,0
31338,0,0,64291860,111141450,46849590,0,0,101,false,0
31339,0,0,64291860,111146150,46854290,0,0,94,false,0
31340,0,0,64291860,111151300,46859440,0,8,111,false,0
31341,0,0,64291860,111156300,46864440,0,0,100,false,0
31342,0,0,64291860,111161450,46869590,0,4,107,false,0
31343,0,0,64291860,111165700,46873840,0,0,85,false,0
31344,0,0,64291860,111170850,46878990,0,3,106,false,0
31345,0,0,64291860,111175300,46883440,0,0,89,false,0
31346,0,0,64291860,111180050,46888190,0,0,95,false,0
31347,0,0,64291860,111180050,46888190,0,105,105,true,0
31348,0,0,64291860,111180050,46888190,0,96,96,true,0
31349,0,0,64291860,111180050,46888190,0,112,112,true,0
31350,0,0,64291860,111184800,46892940,0,0,95,false,0
31351,0,0,64291860,111189950,46898090,0,6,109,false,0
31352,0,0,64291860,111194300,46902440,0,0,87,false,0
31353,0,0,64291860,111199300,46907440,0,0,100,false,0
31354,0,0,64291860,111199300,46907440,0,95,95,true,0
31355,0,0,64291860,111199300,46907440,0,100,100,true,0
31356,0,0,64398480,111199300,46800820,0,98,98,true,0
31357,0,0,64398480,111204350,46805870,0,0,101,false,0
31358,0,0,64398480,111208600,46810120,0,0,85,false,0
31359,0,0,64398480,111213300,46814820,0,0,94,false,0
31360,0,0,64398480,111218450,46819970,0,5,108,false,0
31361,0,0,64398480,111222950,46824470,0,0,90,false,0
31362,0,0,64398480,111227900,46829420,0,0,99,false,0
31363,0,0,64398480,111232800,46834320,0,0,98,false,0
31364,0,0,64398480,111236400,46837920,0,0,72,false,0
31365,0,0,64398480,111241450,46842970,0,0,101,false,0
31366,0,0,64398480,111246600,46848120,0,3,106,false,0
31367,0,0,64398480,111251750,46853270,0,1,104,false,0
31368,0,0,64398480,111256750,46858270,0,0,100,false,0
31369,0,0,64398480,111261750,46863270,0,0,100,false,0
31370,0,0,64398480,111266650,46868170,0,0,98,false,0
31371,0,0,64398480,111271300,46872820,0,0,93,false,0
31372,0,0,64398480,111271300,46872820,0,87,87,true,0
31373,0,0,64398480,111276350,46877870,0,0,101,false,0
31374,0,0,64398480,111280900,46882420,0,0,91,false,0
31375,0,0,64398480,111286050,46887570,0,3,106,false,0
31376,0,0,64398480,111291200,46892720,0,22,125,false,0
31377,0,0,64398480,111296250,46897770,0,0,101,false,0
31378,0,0,64398480,111301100,46902620,0,0,97,false,0
31379,0,0,64398480,111305600,46907120,0,0,90,false,0
31380,0,0,64398480,111305600,46907120,0,124,124,true,0
31381,0,0,64398480,111310200,46911720,0,0,92,false,0
31382,0,0,64398480,111314600,46916120,0,0,88,false,0
31383,0,0,64398480,111318800,46920320,0,0,84,false,0
31384,0,0,64398480,111322500,46924020,0,0,74,false,0
31385,0,0,64398480,111327150,46928670,0,0,93,false,0
31386,0,0,64398480,111327150,46928670,0,93,93,true,0
31387,0,0,64398480,111331500,46933020,0,0,87,false,0
31388,0,0,64398480,111336150,46937670,0,0,93,false,0
31389,0,0,64398480,111341300,46942820,0,1,104,false,0
31390,0,0,64398480,111346100,46947620,0,0,96,false,0
31391,0,0,64398480,111350550,46952070,0,0,89,false,0
31392,0,0,64398480,111355700,46957220,0,24,127,false,0
31393,0,0,64398480,111355700,46957220,0,94,94,true,0
31394,0,0,64398480,111355700,46957220,0,100,100,true,0
31395,0,0,64398480,111360450,46961970,0,0,95,false,0
31396,0,0,64398480,111365250,46966770,0,0,96,false,0
31397,0,0,64398480,111365250,46966770,0,98,98,true,0
31398,0,0,64398480,111365250,46966770,0,99,99,true,0
31399,0,0,64398480,111370000,46971520,0,0,95,false,0
31400,0,0,64398480,111374900,46976420,0,0,98,false,0
31401,0,0,64398480,111379800,46981320,0,0,98,false,0
31402,0,0,64398480,111384950,46986470,0,1,104,false,0
31403,0,0,64398480,111389750,46991270,0,0,96,false,0
31404,0,0,64398480,111394800,46996320,0,0,101,false,0
31405,0,0,64398480,111399700,47001220,0,0,98,false,0
31406,0,0,64398480,111399700,47001220,0,109,109,true,0
31407,0,0,64398480,111399700,47001220,0,107,107,true,0
31408,0,0,64505100,111399700,46894600,0,99,99,true,0
31409,0,0,64505100,111399700,46894600,0,111,111,true,0
31410,0,0,64505100,111404100,46899000,0,0,88,false,0
31411,0,0,64505100,111409250,46904150,0,5,108,false,0
31412,0,0,64505100,111414000,46908900,0,0,95,false,0
31413,0,0,64505100,111418600,46913500,0,0,92,false,0
31414,0,0,64505100,111418600,46913500,0,113,113,true,0
31415,0,0,64505100,111418600,46913500,0,100,100,true,0
31416,0,0,64505100,111423200,46918100,0,0,92,false,0
31417,0,0,64505100,111428350,46923250,0,0,103,false,0
31418,0,0,64505100,111433250,46928150,0,0,98,false,0
31419,0,0,64505100,111438350,46933250,0,0,102,false,0
31420,0,0,64505100,111443500,46938400,0,1,104,false,0
31421,0,0,64505100,111448350,46943250,0,0,97,false,0
31422,0,0,64505100,111448350,46943250,0,108,108,true,0
31423,0,0,64505100,111448350,46943250,0,105,105,true,0
31424,0,0,64505100,111448350,46943250,0,103,103,true,0
31425,0,0,64505100,111448350,46943250,0,101,101,true,0
31426,0,0,64505100,111448350,46943250,0,118,118,true,0
31427,0,0,64505100,111453500,46948400,0,2,105,false,0
31428,0,0,64505100,111458650,46953550,0,0,103,false,0
31429,0,0,64505100,111463800,46958700,0,6,109,false,0
31430,0,0,64505100,111467450,46962350,0,0,73,false,0
31431,0,0,64505100,111472300,46967200,0,0,97,false,0
31432,0,0,64505100,111477150,46972050,0,0,97,false,0
31433,0,0,64505100,111482250,46977150,0,0,102,false,0
31434,0,0,64505100,111482250,46977150,0,106,106,true,0
31435,0,0,64505100,111482250,46977150,0,101,101,true,0
31436,0,0,64505100,111482250,46977150,0,94,94,true,0
31437,0,0,64505100,111487400,46982300,0,10,113,false,0
31438,0,0,64505100,111492250,46987150,0,0,97,false,0
31439,0,0,64505100,111497400,46992300,0,4,107,false,0
31440,0,0,64505100,111501700,46996600,0,0,86,false,0
31441,0,0,64505100,111506350,47001250,0,0,93,false,0
31442,0,0,64505100,111510650,47005550,0,0,86,false,0
31443,0,0,64505100,111510650,47005550,0,98,98,true,0
31444,0,0,64505100,111515650,47010550,0,0,100,false,0
31445,0,0,64505100,111520800,47015700,0,3,106,false,0
31446,0,0,64505100,111525500,47020400,0,0,94,false,0
31447,0,0,64505100,111530650,47025550,0,1,104,false,0
31448,0,0,64505100,111535750,47030650,0,0,102,false,0
31449,0,0,64505100,111540150,47035050,0,0,88,false,0
31450,0,0,64505100,111544550,47039450,0,0,88,false,0
31451,0,0,64505100,111549700,47044600,0,4,107,false,0
31452,0,0,64505100,111554600,47049500,0,0,98,false,0
31453,0,0,64505100,111559750,47054650,0,5,108,false,0
31454,0,0,64505100,111564750,47059650,0,0,100,false,0
31455,0,0,64505100,111569900,47064800,0,2,105,false,0
31456,0,0,64505100,111575050,47069950,0,13,116,false,0
31457,0,0,64505100,111580200,47075100,0,12,115,false,0
31458,0,0,64505100,111580200,47075100,0,95,95,true,0
31459,0,0,64505100,111580200,47075100,0,88,88,true,0
31460,0,0,64611720,111580200,46968480,0,98,98,true,0
31461,0,0,64611720,111580200,46968480,0,111,111,true,0
31462,0,0,64611720,111580200,46968480,0,85,85,true,0
31463,0,0,64611720,111580200,46968480,0,118,118,true,0
31464,0,0,64611720,111585350,46973630,0,2,105,false,0
31465,0,0,64611720,111590150,46978430,0,0,96,false,0
31466,0,0,64611720,111595300,46983580,0,0,103,false,0
31467,0,0,64611720,111600450,46988730,0,3,106,false,0
31468,0,0,64611720,111605250,46993530,0,0,96,false,0
31469,0,0,64611720,111610400,46998680,0,23,126,false,0
31470,0,0,64611720,111610400,46998680,0,115,115,true,0
31471,0,0,64611720,111610400,46998680,0,106,106,true,0
31472,0,0,64611720,111610400,46998680,0,94,94,true,0
31473,0,0,64611720,111610400,46998680,0,94,94,true,0
31474,0,0,64611720,111614950,47003230,0,0,91,false,0
31475,0,0,64611720,111619750,47008030,0,0,96,false,0
31476,0,0,64611720,111624250,47012530,0,0,90,false,0
31477,0,0,64611720,111624250,47012530,0,120,120,true,0
31478,0,0,64611720,111624250,47012530,0,109,109,true,0
31479,0,0,64611720,111624250,47012530,0,122,122,true,0
31480,0,0,64611720,111624250,47012530,0,90,90,true,0
31481,0,0,64611720,111629200,47017480,0,0,99,false,0
31482,0,0,64611720,111634350,47022630,0,4,107,false,0
31483,0,0,64611720,111639250,47027530,0,0,98,false,0
31484,0,0,64611720,111644400,47032680,0,15,118,false,0
31485,0,0,64611720,111649350,47037630,0,0,99,false,0
31486,0,0,64611720,111654450,47042730,0,0,102,false,0
31487,0,0,64611720,111659600,47047880,0,4,107,false,0
31488,0,0,64611720,111664450,47052730,0,0,97,false,0
31489,0,0,64611720,111669550,47057830,0,0,102,false,0
31490,0,0,64611720,111674700,47062980,0,3,106,false,0
31491,0,0,64611720,111679850,47068130,0,15,118,false,0
31492,0,0,64611720,111679850,47068130,0,111,111,true,0
31493,0,0,64611720,111679850,47068130,0,86,86,true,0
31494,0,0,64611720,111684950,47073230,0,0,102,false,0
31495,0,0,64611720,111689950,47078230,0,0,100,false,0
31496,0,0,64611720,111695050,47083330,0,0,102,false,0
31497,0,0,64611720,111699700,47087980,0,0,93,false,0
31498,0,0,64611720,111699700,47087980,0,102,102,true,0
31499,0,0,64611720,111699700,47087980,0,86,86,true,0
31500,0,0,64611720,111699700,47087980,0,87,87,true,0
31501,0,0,64611720,111699700,47087980,0,63,63,true,0
31502,0,0,64611720,111704400,47092680,0,0,94,false,0
31503,0,0,64611720,111708950,47097230,0,0,91,false,0
31504,0,0,64611720,111713950,47102230,0,0,100,false,0
31505,0,0,64611720,111719100,47107380,0,4,107,false,0
31506,0,0,64611720,111723600,47111880,0,0,90,false,0
31507,0,0,64611720,111728750,47117030,0,13,116,false,0
31508,0,0,64611720,111728750,47117030,0,90,90,true,0
31509,0,0,64611720,111733500,47121780,0,0,95,false,0
31510,0,0,64611720,111738400,47126680,0,0,98,false,0
31511,0,0,64611720,111743000,47131280,0,0,92,false,0
31512,0,0,64718340,111743000,47024660,0,102,102,true,0
31513,0,0,64718340,111743000,47024660,0,96,96,true,0
31514,0,0,64718340,111743000,47024660,0,89,89,true,0
31515,0,0,64718340,111748150,47029810,0,1,104,false,0
31516,0,0,64718340,111752850,47034510,0,0,94,false,0
31517,0,0,64718340,111752850,47034510,0,92,92,true,0
31518,0,0,64718340,111758000,47039660,0,0,103,false,0
31519,0,0,64718340,111763050,47044710,0,0,101,false,0
31520,0,0,64718340,111767950,47049610,0,0,98,false,0
31521,0,0,64718340,111771950,47053610,0,0,80,false,0
31522,0,0,64718340,111777100,47058760,0,0,103,false,0
31523,0,0,64718340,111781600,47063260,0,0,90,false,0
31524,0,0,64718340,111786750,47068410,0,1,104,false,0
31525,0,0,64718340,111791550,47073210,0,0,96,false,0
31526,0,0,64718340,111796700,47078360,0,4,107,false,0
31527,0,0,64718340,111801850,47083510,0,12,115,false,0
31528,0,0,64718340,111807000,47088660,0,4,107,false,0
31529,0,0,64718340,111811100,47092760,0,0,82,false,0
31530,0,0,64718340,111811100,47092760,0,103,103,true,0
31531,0,0,64718340,111811100,47092760,0,87,87,true,0
31532,0,0,64718340,111816250,47097910,0,2,105,false,0
31533,0,0,64718340,111820750,47102410,0,0,90,false,0
31534,0,0,64718340,111825900,47107560,0,3,106,false,0
31535,0,0,64718340,111825900,47107560,0,101,101,true,0
31536,0,0,64718340,111825900,47107560,0,97,97,true,0
31537,0,0,64718340,111830400,47112060,0,0,90,false,0
31538,0,0,64718340,111835550,47117210,0,1,104,false,0
31539,0,0,64718340,111840700,47122360,0,11,114,false,0
31540,0,0,64718340,111845350,47127010,0,0,93,false,0
31541,0,0,64718340,111850150,47131810,0,0,96,false,0
31542,0,0,64718340,111855300,47136960,0,12,115,false,0
31543,0,0,64718340,111860450,47142110,0,13,116,false,0
31544,0,0,64718340,111865600,47147260,0,7,110,false,0
31545,0,0,64718340,111869800,47151460,0,0,84,false,0
31546,0,0,64718340,111869800,47151460,0,127,127,true,0
31547,0,0,64718340,111874950,47156610,0,6,109,false,0
31548,0,0,64718340,111880100,47161760,0,2,105,false,0
31549,0,0,64718340,111885000,47166660,0,0,98,false,0
31550,0,0,64718340,111890150,47171810,0,7,110,false,0
31551,0,0,64718340,111895300,47176960,0,4,107,false,0
31552,0,0,64718340,111900450,47182110,0,9,112,false,0
31553,0,0,64718340,111905450,47187110,0,0,100,false,0
31554,0,0,64718340,111909900,47191560,0,0,89,false,0
31555,0,0,64718340,111909900,47191560,0,91,91,true,0
31556,0,0,64718340,111915050,47196710,0,0,103,false,0
31557,0,0,64718340,111920100,47201760,0,0,101,false,0
31558,0,0,64718340,111925250,47206910,0,3,106,false,0
31559,0,0,64718340,111930200,47211860,0,0,99,false,0
31560,0,0,64718340,111930200,47211860,0,121,121,true,0
31561,0,0,64718340,111935350,47217010,0,2,105,false,0
31562,0,0,64718340,111940050,47221710,0,0,94,false,0
31563,0,0,64718340,111944300,47225960,0,0,85,false,0
31564,0,0,64824960,111949450,47124490,0,17,120,false,0
31565,0,0,64824960,111953800,47128840,0,0,87,false,0
31566,0,0,64824960,111958950,47133990,0,0,103,false,0
31567,0,0,64824960,111963850,47138890,0,0,98,false,0
31568,0,0,64824960,111968200,47143240,0,0,87,false,0
31569,0,0,64824960,111972200,47147240,0,0,80,false,0
31570,0,0,64824960,111972200,47147240,0,100,100,true,0
31571,0,0,64824960,111972200,47147240,0,104,104,true,0
31572,0,0,64824960,111977350,47152390,0,1,104,false,0
31573,0,0,64824960,111982250,47157290,0,0,98,false,0
31574,0,0,64824960,111987400,47162440,0,10,113,false,0
31575,0,0,64824960,111992550,47167590,0,3,106,false,0
31576,0,0,64824960,111997700,47172740,0,0,103,false,0
31577,0,0,64824960,112002450,47177490,0,0,95,false,0
31578,0,0,64824960,112007400,47182440,0,0,99,false,0
31579,0,0,64824960,112012550,47187590,0,4,107,false,0
31580,0,0,64824960,112017250,47192290,0,0,94,false,0
31581,0,0,64824960,112022050,47197090,0,0,96,false,0
31582,0,0,64824960,112027200,47202240,0,0,103,false,0
31583,0,0,64824960,112031950,47206990,0,0,95,false,0
31584,0,0,64824960,112037100,47212140,0,14,117,false,0
31585,0,0,64824960,112041750,47216790,0,0,93,false,0
31586,0,0,64824960,112045900,47220940,0,0,83,false,0
31587,0,0,64824960,112051050,47226090,0,11,114,false,0
31588,0,0,64824960,112056200,47231240,0,5,108,false,0
31589,0,0,64824960,112061350,47236390,0,9,112,false,0
31590,0,0,64824960,112066500,47241540,0,5,108,false,0
31591,0,0,64824960,112066500,47241540,0,116,116,true,0
31592,0,0,64824960,112066500,47241540,0,101,101,true,0
31593,0,0,64824960,112066500,47241540,0,87,87,true,0
31594,0,0,64824960,112066500,47241540,0,108,108,true,0
31595,0,0,64824960,112071650,47246690,0,0,103,false,0
31596,0,0,64824960,112076600,47251640,0,0,99,false,0
31597,0,0,64824960,112076600,47251640,0,115,115,true,0
31598,0,0,64824960,112076600,47251640,0,120,120,true,0
31599,0,0,64824960,112076600,47251640,0,98,98,true,0
31600,0,0,64824960,112081350,47256390,0,0,95,false,0
31601,0,0,64824960,112086150,47261190,0,0,96,false,0
31602,0,0,64824960,112090800,47265840,0,0,93,false,0
31603,0,0,64824960,112095850,47270890,0,0,101,false,0
31604,0,0,64824960,112100750,47275790,0,0,98,false,0
31605,0,0,64824960,112105150,47280190,0,0,88,false,0
31606,0,0,64824960,112105150,47280190,0,100,100,true,0
31607,0,0,64824960,112109950,47284990,0,0,96,false,0
31608,0,0,64824960,112114850,47289890,0,0,98,false,0
31609,0,0,64824960,112120000,47295040,0,7,110,false,0
31610,0,0,64824960,112124650,47299690,0,0,93,false,0
31611,0,0,64824960,112128750,47303790,0,0,82,false,0
31612,0,0,64824960,112133900,47308940,0,0,103,false,0
31613,0,0,64824960,112138400,47313440,0,0,90,false,0
31614,0,0,64824960,112142900,47317940,0,0,90,false,0
31615,0,0,64824960,112147750,47322790,0,0,97,false,0
31616,0,0,64931580,112152900,47221320,0,10,113,false,0
31617,0,0,64931580,112157300,47225720,0,0,88,false,0
31618,0,0,64931580,112162150,47230570,0,0,97,false,0
31619,0,0,64931580,112166950,47235370,0,0,96,false,0
31620,0,0,64931580,112171700,47240120,0,0,95,false,0
31621,0,0,64931580,112171700,47240120,0,98,98,true,0
31622,0,0,64931580,112176450,47244870,0,0,95,false,0
31623,0,0,64931580,112180950,47249370,0,0,90,false,0
31624,0,0,64931580,112186100,47254520,0,13,116,false,0
31625,0,0,64931580,112191200,47259620,0,0,102,false,0
31626,0,0,64931580,112196150,47264570,0,0,99,false,0
31627,0,0,64931580,112201300,47269720,0,8,111,false,0
31628,0,0,64931580,112201300,47269720,0,90,90,true,0
31629,0,0,64931580,112206400,47274820,0,0,102,false,0
31630,0,0,64931580,112211550,47279970,0,19,122,false,0
31631,0,0,64931580,112216150,47284570,0,0,92,false,0
31632,0,0,64931580,112220550,47288970,0,0,88,false,0
31633,0,0,64931580,112225700,47294120,0,3,106,false,0
31634,0,0,64931580,112230200,47298620,0,0,90,false,0
31635,0,0,64931580,112235350,47303770,0,1,104,false,0
31636,0,0,64931580,112240500,47308920,0,10,113,false,0
31637,0,0,64931580,112245650,47314070,0,4,107,false,0
31638,0,0,64931580,112250800,47319220,0,4,107,false,0
31639,0,0,64931580,112255950,47324370,0,3,106,false,0
31640,0,0,64931580,112261100,47329520,0,0,103,false,0
31641,0,0,64931580,112266250,47334670,0,1,104,false,0
31642,0,0,64931580,112271400,47339820,0,1,104,false,0
31643,0,0,64931580,112275550,47343970,0,0,83,false,0
31644,0,0,64931580,112275550,47343970,0,88,88,true,0
31645,0,0,64931580,112280700,47349120,0,1,104,false,0
31646,0,0,64931580,112285350,47353770,0,0,93,false,0
31647,0,0,64931580,112290150,47358570,0,0,96,false,0
31648,0,0,64931580,112294700,47363120,0,0,91,false,0
31649,0,0,64931580,112299850,47368270,0,2,105,false,0
31650,0,0,64931580,112304350,47372770,0,0,90,false,0
31651,0,0,64931580,112309500,47377920,0,3,106,false,0
31652,0,0,64931580,112309500,47377920,0,91,91,true,0
31653,0,0,64931580,112309500,47377920,0,83,83,true,0
31654,0,0,64931580,112309500,47377920,0,92,92,true,0
31655,0,0,64931580,112314650,47383070,0,19,122,false,0
31656,0,0,64931580,112319700,47388120,0,0,101,false,0
31657,0,0,64931580,112324350,47392770,0,0,93,false,0
31658,0,0,64931580,112329500,47397920,0,15,118,false,0
31659,0,0,64931580,112334650,47403070,0,25,128,false,0
31660,0,0,64931580,112339550,47407970,0,0,98,false,0
31661,0,0,64931580,112339550,47407970,0,107,107,true,0
31662,0,0,64931580,112339550,47407970,0,85,85,true,0
31663,0,0,64931580,112344400,47412820,0,0,97,false,0
31664,0,0,64931580,112349400,47417820,0,0,100,false,0
31665,0,0,64931580,112353900,47422320,0,0,90,false,0
31666,0,0,64931580,112359050,47427470,0,0,103,false,0
31667,0,0,64931580,112363750,47432170,0,0,94,false,0
31668,0,0,65038200,112368800,47330600,0,0,101,false,0
31669,0,0,65038200,112368800,47330600,0,104,104,true,0
31670,0,0,65038200,112373950,47335750,0,0,103,false,0
31671,0,0,65038200,112379100,47340900,0,1,104,false,0
31672,0,0,65038200,112379100,47340900,0,117,117,true,0
31673,0,0,65038200,112384100,47345900,0,0,100,false,0
31674,0,0,65038200,112389250,47351050,0,3,106,false,0
31675,0,0,65038200,112394000,47355800,0,0,95,false,0
31676,0,0,65038200,112399150,47360950,0,2,105,false,0
31677,0,0,65038200,112399150,47360950,0,109,109,true,0
31678,0,0,65038200,112404100,47365900,0,0,99,false,0
31679,0,0,65038200,112409250,47371050,0,8,111,false,0
31680,0,0,65038200,112413850,47375650,0,0,92,false,0
31681,0,0,65038200,112419000,47380800,0,12,115,false,0
31682,0,0,65038200,112424000,47385800,0,0,100,false,0
31683,0,0,65038200,112424000,47385800,0,88,88,true,0
31684,0,0,65038200,112429150,47390950,0,6,109,false,0
31685,0,0,65038200,112433850,47395650,0,0,94,false,0
31686,0,0,65038200,112433850,47395650,0,96,96,true,0
31687,0,0,65038200,112433850,47395650,0,88,88,true,0
31688,0,0,65038200,112438700,47400500,0,0,97,false,0
31689,0,0,65038200,112442750,47404550,0,0,81,false,0
31690,0,0,65038200,112447750,47409550,0,0,100,false,0
31691,0,0,65038200,112452250,47414050,0,0,90,false,0
31692,0,0,65038200,112457400,47419200,0,23,126,false,0
31693,0,0,65038200,112462550,47424350,0,6,109,false,0
31694,0,0,65038200,112467100,47428900,0,0,91,false,0
31695,0,0,65038200,112472250,47434050,0,0,103,false,0
31696,0,0,65038200,112476850,47438650,0,0,92,false,0
31697,0,0,65038200,112481850,47443650,0,0,100,false,0
31698,0,0,65038200,112487000,47448800,0,11,114,false,0
31699,0,0,65038200,112491100,47452900,0,0,82,false,0
31700,0,0,65038200,112495900,47457700,0,0,96,false,0
31701,0,0,65038200,112501050,47462850,0,7,110,false,0
31702,0,0,65038200,112501050,47462850,0,99,99,true,0
31703,0,0,65038200,112506200,47468000,0,7,110,false,0
31704,0,0,65038200,112511100,47472900,0,0,98,false,0
31705,0,0,65038200,112515850,47477650,0,0,95,false,0
31706,0,0,65038200,112520350,47482150,0,0,90,false,0
31707,0,0,65038200,112524250,47486050,0,0,78,false,0
31708,0,0,65038200,112524250,47486050,0,106,106,true,0
31709,0,0,65038200,112524250,47486050,0,102,102,true,0
31710,0,0,65038200,112527950,47489750,0,0,74,false,0
31711,0,0,65038200,112533100,47494900,0,1,104,false,0
31712,0,0,65038200,112538250,47500050,0,4,107,false,0
31713,0,0,65038200,112543150,47504950,0,0,98,false,0
31714,0,0,65038200,112547900,47509700,0,0,95,false,0
31715,0,0,65038200,112553050,47514850,0,2,105,false,0
31716,0,0,65038200,112558200,47520000,0,3,106,false,0
31717,0,0,65038200,112563350,47525150,0,2,105,false,0
31718,0,0,65038200,112568500,47530300,0,1,104,false,0
31719,0,0,65038200,112573600,47535400,0,0,102,false,0
31720,0,0,65144820,112578500,47433680,0,0,98,false,0
31721,0,0,65144820,112578500,47433680,0,92,92,true,0
31722,0,0,65144820,112578500,47433680,0,109,109,true,0
31723,0,0,65144820,112583450,47438630,0,0,99,false,0
31724,0,0,65144820,112588600,47443780,0,2,105,false,0
31725,0,0,65144820,112588600,47443780,0,115,115,true,0
31726,0,0,65144820,112588600,47443780,0,103,103,true,0
31727,0,0,65144820,112588600,47443780,0,93,93,true,0
31728,0,0,65144820,112588600,47443780,0,108,108,true,0
31729,0,0,65144820,112593400,47448580,0,0,96,false,0
31730,0,0,65144820,112597800,47452980,0,0,88,false,0
31731,0,0,65144820,112602650,47457830,0,0,97,false,0
31732,0,0,65144820,112606850,47462030,0,0,84,false,0
31733,0,0,65144820,112611550,47466730,0,0,94,false,0
31734,0,0,65144820,112615950,47471130,0,0,88,false,0
31735,0,0,65144820,112620500,47475680,0,0,91,false,0
31736,0,0,65144820,112625650,47480830,0,3,106,false,0
31737,0,0,65144820,112630250,47485430,0,0,92,false,0
31738,0,0,65144820,112634600,47489780,0,0,87,false,0
31739,0,0,65144820,112639700,47494880,0,0,102,false,0
31740,0,0,65144820,112644850,47500030,0,2,105,false,0
31741,0,0,65144820,112644850,47500030,0,94,94,true,0
31742,0,0,65144820,112650000,47505180,0,2,105,false,0
31743,0,0,65144820,112655100,47510280,0,0,102,false,0
31744,0,0,65144820,112660250,47515430,0,10,113,false,0
31745,0,0,65144820,112665000,47520180,0,0,95,false,0
31746,0,0,65144820,112669600,47524780,0,0,92,false,0
31747,0,0,65144820,112669600,47524780,0,109,109,true,0
31748,0,0,65144820,112674750,47529930,0,3,106,false,0
31749,0,0,65144820,112679150,47534330,0,0,88,false,0
31750,0,0,65144820,112684100,47539280,0,0,99,false,0
31751,0,0,65144820,112689250,47544430,0,2,105,false,0
31752,0,0,65144820,112694250,47549430,0,0,100,false,0
31753,0,0,65144820,112699050,47554230,0,0,96,false,0
31754,0,0,65144820,112704150,47559330,0,0,102,false,0
31755,0,0,65144820,112708800,47563980,0,0,93,false,0
31756,0,0,65144820,112713400,47568580,0,0,92,false,0
31757,0,0,65144820,112718550,47573730,0,2,105,false,0
31758,0,0,65144820,112723700,47578880,0,4,107,false,0
31759,0,0,65144820,112723700,47578880,0,97,97,true,0
31760,0,0,65144820,112728400,47583580,0,0,94,false,0
31761,0,0,65144820,112732850,47588030,0,0,89,false,0
31762,0,0,65144820,112737850,47593030,0,0,100,false,0
31763,0,0,65144820,112742250,47597430,0,0,88,false,0
31764,0,0,65144820,112747400,47602580,0,4,107,false,0
31765,0,0,65144820,112752550,47607730,0,5,108,false,0
31766,0,0,65144820,112757150,47612330,0,0,92,false,0
31767,0,0,65144820,112762300,47617480,0,13,116,false,0
31768,0,0,65144820,112767200,47622380,0,0,98,false,0
31769,0,0,65144820,112772000,47627180,0,0,96,false,0
31770,0,0,65144820,112776700,47631880,0,0,94,false,0
31771,0,0,65144820,112781850,47637030,0,12,115,false,0
31772,0,0,65251440,112786950,47535510,0,0,102,false,0
31773,0,0,65251440,112792100,47540660,0,6,109,false,0
31774,0,0,65251440,112792100,47540660,0,117,117,true,0
31775,0,0,65251440,112792100,47540660,0,84,84,true,0
31776,0,0,65251440,112792100,47540660,0,99,99,true,0
31777,0,0,65251440,112792100,47540660,0,89,89,true,0
31778,0,0,65251440,112796900,47545460,0,0,96,false,0
31779,0,0,65251440,112801850,47550410,0,0,99,false,0
31780,0,0,65251440,112807000,47555560,0,1,104,false,0
31781,0,0,65251440,112812150,47560710,0,4,107,false,0
31782,0,0,65251440,112817200,47565760,0,0,101,false,0
31783,0,0,65251440,112821000,47569560,0,0,76,false,0
31784,0,0,65251440,112821000,47569560,0,95,95,true,0
31785,0,0,65251440,112826150,47574710,0,2,105,false,0
31786,0,0,65251440,112830200,47578760,0,0,81,false,0
31787,0,0,65251440,112830200,47578760,0,90,90,true,0
31788,0,0,65251440,112830200,47578760,0,89,89,true,0
31789,0,0,65251440,112834450,47583010,0,0,85,false,0
31790,0,0,65251440,112839000,47587560,0,0,91,false,0
31791,0,0,65251440,112843150,47591710,0,0,83,false,0
31792,0,0,65251440,112846900,47595460,0,0,75,false,0
31793,0,0,65251440,112851750,47600310,0,0,97,false,0
31794,0,0,65251440,112856900,47605460,0,5,108,false,0
31795,0,0,65251440,112862050,47610610,0,6,109,false,0
31796,0,0,65251440,112866500,47615060,0,0,89,false,0
31797,0,0,65251440,112870500,47619060,0,0,80,false,0
31798,0,0,65251440,112875550,47624110,0,0,101,false,0
31799,0,0,65251440,112880300,47628860,0,0,95,false,0
31800,0,0,65251440,112885250,47633810,0,0,99,false,0
31801,0,0,65251440,112890400,47638960,0,11,114,false,0
31802,0,0,65251440,112895250,47643810,0,0,97,false,0
31803,0,0,65251440,112899950,47648510,0,0,94,false,0
31804,0,0,65251440,112899950,47648510,0,111,111,true,0
31805,0,0,65251440,112899950,47648510,0,99,99,true,0
31806,0,0,65251440,112899950,47648510,0,87,87,true,0
31807,0,0,65251440,112904900,47653460,0,0,99,false,0
31808,0,0,65251440,112910050,47658610,0,16,119,false,0
31809,0,0,65251440,112914950,47663510,0,0,98,false,0
31810,0,0,65251440,112920100,47668660,0,18,121,false,0
31811,0,0,65251440,112924450,47673010,0,0,87,false,0
31812,0,0,65251440,112929400,47677960,0,0,99,false,0
31813,0,0,65251440,112929400,47677960,0,105,105,true,0
31814,0,0,65251440,112933800,47682360,0,0,88,false,0
31815,0,0,65251440,112938800,47687360,0,0,100,false,0
31816,0,0,65251440,112938800,47687360,0,99,99,true,0
31817,0,0,65251440,112943950,47692510,0,3,106,false,0
31818,0,0,65251440,112948900,47697460,0,0,99,false,0
31819,0,0,65251440,112953300,47701860,0,0,88,false,0
31820,0,0,65251440,112958000,47706560,0,0,94,false,0
31821,0,0,65251440,112963150,47711710,0,1,104,false,0
31822,0,0,65251440,112968000,47716560,0,0,97,false,0
31823,0,0,65251440,112968000,47716560,0,108,108,true,0
31824,0,0,65358060,112968000,47609940,0,94,94,true,0
31825,0,0,65358060,112972900,47614840,0,0,98,false,0
31826,0,0,65358060,112978050,47619990,0,19,122,false,0
31827,0,0,65358060,112983200,47625140,0,14,117,false,0
31828,0,0,65358060,112987200,47629140,0,0,80,false,0
31829,0,0,65358060,112987200,47629140,0,103,103,true,0
31830,0,0,65358060,112992350,47634290,0,4,107,false,0
31831,0,0,65358060,112997100,47639040,0,0,95,false,0
31832,0,0,65358060,113002250,47644190,0,5,108,false,0
31833,0,0,65358060,113007000,47648940,0,0,95,false,0
31834,0,0,65358060,113012150,47654090,0,0,103,false,0
31835,0,0,65358060,113016200,47658140,0,0,81,false,0
31836,0,0,65358060,113020650,47662590,0,0,89,false,0
31837,0,0,65358060,113025800,47667740,0,4,107,false,0
31838,0,0,65358060,113030950,47672890,0,4,107,false,0
31839,0,0,65358060,113036100,47678040,0,10,113,false,0
31840,0,0,65358060,113041200,47683140,0,0,102,false,0
31841,0,0,65358060,113046100,47688040,0,0,98,false,0
31842,0,0,65358060,113050250,47692190,0,0,83,false,0
31843,0,0,65358060,113055400,47697340,0,0,103,false,0
31844,0,0,65358060,113060550,47702490,0,1,104,false,0
31845,0,0,65358060,113065450,47707390,0,0,98,false,0
31846,0,0,65358060,113070150,47712090,0,0,94,false,0
31847,0,0,65358060,113075300,47717240,0,0,103,false,0
31848,0,0,65358060,113080450,47722390,0,0,103,false,0
31849,0,0,65358060,113085300,47727240,0,0,97,false,0
31850,0,0,65358060,113090450,47732390,0,29,132,false,0
31851,0,0,65358060,113095450,47737390,0,0,100,false,0
31852,0,0,65358060,113100500,47742440,0,0,101,false,0
31853,0,0,65358060,113104500,47746440,0,0,80,false,0
31854,0,0,65358060,113109050,47750990,0,0,91,false,0
31855,0,0,65358060,113113500,47755440,0,0,89,false,0
31856,0,0,65358060,113113500,47755440,0,87,87,true,0
31857,0,0,65358060,113113500,47755440,0,92,92,true,0
31858,0,0,65358060,113113500,47755440,0,91,91,true,0
31859,0,0,65358060,113118000,47759940,0,0,90,false,0
31860,0,0,65358060,113122500,47764440,0,0,90,false,0
31861,0,0,65358060,113127600,47769540,0,0,102,false,0
31862,0,0,65358060,113132750,47774690,0,9,112,false,0
31863,0,0,65358060,113137350,47779290,0,0,92,false,0
31864,0,0,65358060,113142500,47784440,0,12,115,false,0
31865,0,0,65358060,113147650,47789590,0,17,120,false,0
31866,0,0,65358060,113152600,47794540,0,0,99,false,0
31867,0,0,65358060,113157500,47799440,0,0,98,false,0
31868,0,0,65358060,113162650,47804590,0,4,107,false,0
31869,0,0,65358060,113167450,47809390,0,0,96,false,0
31870,0,0,65358060,113172600,47814540,0,16,119,false,0
31871,0,0,65358060,113177400,47819340,0,0,96,false,0
31872,0,0,65358060,113177400,47819340,0,94,94,true,0
31873,0,0,65358060,113177400,47819340,0,101,101,true,0
31874,0,0,65358060,113182550,47824490,0,19,122,false,0
31875,0,0,65358060,113187700,47829640,0,7,110,false,0
31876,0,0,65464680,113192200,47727520,0,0,90,false,0
31877,0,0,65464680,113196700,47732020,0,0,90,false,0
31878,0,0,65464680,113201200,47736520,0,0,90,false,0
31879,0,0,65464680,113201200,47736520,0,94,94,true,0
31880,0,0,65464680,113201200,47736520,0,102,102,true,0
31881,0,0,65464680,113206250,47741570,0,0,101,false,0
31882,0,0,65464680,113210950,47746270,0,0,94,false,0
31883,0,0,65464680,113210950,47746270,0,104,104,true,0
31884,0,0,65464680,113215600,47750920,0,0,93,false,0
31885,0,0,65464680,113220150,47755470,0,0,91,false,0
31886,0,0,65464680,113225300,47760620,0,4,107,false,0
31887,0,0,65464680,113230450,47765770,0,2,105,false,0
31888,0,0,65464680,113235250,47770570,0,0,96,false,0
31889,0,0,65464680,113235250,47770570,0,95,95,true,0
31890,0,0,65464680,113235250,47770570,0,104,104,true,0
31891,0,0,65464680,113235250,47770570,0,103,103,true,0
31892,0,0,65464680,113239950,47775270,0,0,94,false,0
31893,0,0,65464680,113244850,47780170,0,0,98,false,0
31894,0,0,65464680,113250000,47785320,0,3,106,false,0
31895,0,0,65464680,113255150,47790470,0,6,109,false,0
31896,0,0,65464680,113260050,47795370,0,0,98,false,0
31897,0,0,65464680,113263900,47799220,0,0,77,false,0
31898,0,0,65464680,113263900,47799220,0,105,105,true,0
31899,0,0,65464680,113263900,47799220,0,100,100,true,0
31900,0,0,65464680,113269050,47804370,0,3,106,false,0
31901,0,0,65464680,113274050,47809370,0,0,100,false,0
31902,0,0,65464680,113278550,47813870,0,0,90,false,0
31903,0,0,65464680,113283700,47819020,0,0,103,false,0
31904,0,0,65464680,113288150,47823470,0,0,89,false,0
31905,0,0,65464680,113292700,47828020,0,0,91,false,0
31906,0,0,65464680,113297850,47833170,0,1,104,false,0
31907,0,0,65464680,113303000,47838320,0,10,113,false,0
31908,0,0,65464680,113308150,47843470,0,5,108,false,0
31909,0,0,65464680,113312950,47848270,0,0,96,false,0
31910,0,0,65464680,113318000,47853320,0,0,101,false,0
31911,0,0,65464680,113322450,47857770,0,0,89,false,0
31912,0,0,65464680,113322450,47857770,0,89,89,true,0
31913,0,0,65464680,113322450,47857770,0,96,96,true,0
31914,0,0,65464680,113322450,47857770,0,102,102,true,0
31915,0,0,65464680,113322450,47857770,0,103,103,true,0
31916,0,0,65464680,113322450,47857770,0,108,108,true,0
31917,0,0,65464680,113322450,47857770,0,99,99,true,0
31918,0,0,65464680,113327600,47862920,0,17,120,false,0
31919,0,0,65464680,113332200,47867520,0,0,92,false,0
31920,0,0,65464680,113337350,47872670,0,15,118,false,0
31921,0,0,65464680,113342500,47877820,0,2,105,false,0
31922,0,0,65464680,113347650,47882970,0,4,107,false,0
31923,0,0,65464680,113352800,47888120,0,12,115,false,0
31924,0,0,65464680,113352800,47888120,0,100,100,true,0
31925,0,0,65464680,113357700,47893020,0,0,98,false,0
31926,0,0,65464680,113362850,47898170,0,3,106,false,0
31927,0,0,65464680,113368000,47903320,0,7,110,false,0
31928,0,0,65571300,113373150,47801850,0,0,103,false,0
31929,0,0,65571300,113373150,47801850,0,109,109,true,0
31930,0,0,65571300,113373150,47801850,0,102,102,true,0
31931,0,0,65571300,113373150,47801850,0,90,90,true,0
31932,0,0,65571300,113373150,47801850,0,87,87,true,0
31933,0,0,65571300,113377850,47806550,0,0,94,false,0
31934,0,0,65571300,113382050,47810750,0,0,84,false,0
31935,0,0,65571300,113387000,47815700,0,0,99,false,0
31936,0,0,65571300,113391500,47820200,0,0,90,false,0
31937,0,0,65571300,113396650,47825350,0,4,107,false,0
31938,0,0,65571300,113396650,47825350,0,101,101,true,0
31939,0,0,65571300,113396650,47825350,0,111,111,true,0
31940,0,0,65571300,113401800,47830500,0,1,104,false,0
31941,0,0,65571300,113406750,47835450,0,0,99,false,0
31942,0,0,65571300,113406750,47835450,0,113,113,true,0
31943,0,0,65571300,113406750,47835450,0,91,91,true,0
31944,0,0,65571300,113411900,47840600,0,2,105,false,0
31945,0,0,65571300,113417050,47845750,0,5,108,false,0
31946,0,0,65571300,113422200,47850900,0,8,111,false,0
31947,0,0,65571300,113426750,47855450,0,0,91,false,0
31948,0,0,65571300,113431450,47860150,0,0,94,false,0
31949,0,0,65571300,113436200,47864900,0,0,95,false,0
31950,0,0,65571300,113441000,47869700,0,0,96,false,0
31951,0,0,65571300,113445150,47873850,0,0,83,false,0
31952,0,0,65571300,113450200,47878900,0,0,101,false,0
31953,0,0,65571300,113455350,47884050,0,8,111,false,0
31954,0,0,65571300,113459750,47888450,0,0,88,false,0
31955,0,0,65571300,113464200,47892900,0,0,89,false,0
31956,0,0,65571300,113469250,47897950,0,0,101,false,0
31957,0,0,65571300,113474400,47903100,0,6,109,false,0
31958,0,0,65571300,113479500,47908200,0,0,102,false,0
31959,0,0,65571300,113484250,47912950,0,0,95,false,0
31960,0,0,65571300,113489400,47918100,0,2,105,false,0
31961,0,0,65571300,113493400,47922100,0,0,80,false,0
31962,0,0,65571300,113498550,47927250,0,7,110,false,0
31963,0,0,65571300,113503700,47932400,0,1,104,false,0
31964,0,0,65571300,113508850,47937550,0,1,104,false,0
31965,0,0,65571300,113514000,47942700,0,3,106,false,0
31966,0,0,65571300,113518450,47947150,0,0,89,false,0
31967,0,0,65571300,113523600,47952300,0,1,104,false,0
31968,0,0,65571300,113528050,47956750,0,0,89,false,0
31969,0,0,65571300,113532350,47961050,0,0,86,false,0
31970,0,0,65571300,113536950,47965650,0,0,92,false,0
31971,0,0,65571300,113542100,47970800,0,10,113,false,0
31972,0,0,65571300,113546950,47975650,0,0,97,false,0
31973,0,0,65571300,113552100,47980800,0,13,116,false,0
31974,0,0,65571300,113556950,47985650,0,0,97,false,0
31975,0,0,65571300,113561400,47990100,0,0,89,false,0
31976,0,0,65571300,113565500,47994200,0,0,82,false,0
31977,0,0,65571300,113570300,47999000,0,0,96,false,0
31978,0,0,65571300,113575200,48003900,0,0,98,false,0
31979,0,0,65571300,113580100,48008800,0,0,98,false,0
31980,0,0,65677920,113584750,47906830,0,0,93,false,0
31981,0,0,65677920,113589900,47911980,0,6,109,false,0
31982,0,0,65677920,113594600,47916680,0,0,94,false,0
31983,0,0,65677920,113599050,47921130,0,0,89,false,0
31984,0,0,65677920,113603500,47925580,0,0,89,false,0
31985,0,0,65677920,113608600,47930680,0,0,102,false,0
31986,0,0,65677920,113608600,47930680,0,105,105,true,0
31987,0,0,65677920,113608600,47930680,0,95,95,true,0
31988,0,0,65677920,113608600,47930680,0,101,101,true,0
31989,0,0,65677920,113608600,47930680,0,94,94,true,0
31990,0,0,65677920,113608600,47930680,0,86,86,true,0
31991,0,0,65677920,113613350,47935430,0,0,95,false,0
31992,0,0,65677920,113617700,47939780,0,0,87,false,0
31993,0,0,65677920,113622850,47944930,0,8,111,false,0
31994,0,0,65677920,113622850,47944930,0,100,100,true,0
31995,0,0,65677920,113622850,47944930,0,99,99,true,0
31996,0,0,65677920,113622850,47944930,0,100,100,true,0
31997,0,0,65677920,113622850,47944930,0,102,102,true,0
31998,0,0,65677920,113622850,47944930,0,101,101,true,0
31999,0,0,65677920,113627200,47949280,0,0,87,false,0
32000,0,0,65677920,113632350,47954430,0,23,126,false,0
32001,0,0,65677920,113637250,47959330,0,0,98,false,0
32002,0,0,65677920,113641550,47963630,0,0,86,false,0
32003,0,0,65677920,113646700,47968780,0,14,117,false,0
32004,0,0,65677920,113646700,47968780,0,82,82,true,0
32005,0,0,65677920,113646700,47968780,0,107,107,true,0
32006,0,0,65677920,113651650,47973730,0,0,99,false,0
32007,0,0,65677920,113656800,47978880,0,0,103,false,0
32008,0,0,65677920,113661950,47984030,0,6,109,false,0
32009,0,0,65677920,113667100,47989180,0,9,112,false,0
32010,0,0,65677920,113671600,47993680,0,0,90,false,0
32011,0,0,65677920,113671600,47993680,0,106,106,true,0
32012,0,0,65677920,113671600,47993680,0,104,104,true,0
32013,0,0,65677920,113676750,47998830,0,6,109,false,0
32014,0,0,65677920,113681200,48003280,0,0,89,false,0
32015,0,0,65677920,113686100,48008180,0,0,98,false,0
32016,0,0,65677920,113690500,48012580,0,0,88,false,0
32017,0,0,65677920,113694550,48016630,0,0,81,false,0
32018,0,0,65677920,113694550,48016630,0,82,82,true,0
32019,0,0,65677920,113694550,48016630,0,113,113,true,0
32020,0,0,65677920,113694550,48016630,0,104,104,true,0
32021,0,0,65677920,113699700,48021780,0,0,103,false,0
32022,0,0,65677920,113704850,48026930,0,1,104,false,0
32023,0,0,65677920,113709650,48031730,0,0,96,false,0
32024,0,0,65677920,113714800,48036880,0,0,103,false,0
32025,0,0,65677920,113719950,48042030,0,7,110,false,0
32026,0,0,65677920,113724300,48046380,0,0,87,false,0
32027,0,0,65677920,113728650,48050730,0,0,87,false,0
32028,0,0,65677920,113733050,48055130,0,0,88,false,0
32029,0,0,65677920,113738050,48060130,0,0,100,false,0
32030,0,0,65677920,113743200,48065280,0,11,114,false,0
32031,0,0,65677920,113747900,48069980,0,0,94,false,0
32032,0,0,65784540,113752550,47968010,0,0,93,false,0
32033,0,0,65784540,113757700,47973160,0,7,110,false,0
32034,0,0,65784540,113762850,47978310,0,2,105,false,0
32035,0,0,65784540,113768000,47983460,0,4,107,false,0
32036,0,0,65784540,113773150,47988610,0,6,109,false,0
32037,0,0,65784540,113778100,47993560,0,0,99,false,0
32038,0,0,65784540,113782100,47997560,0,0,80,false,0
32039,0,0,65784540,113787250,48002710,0,7,110,false,0
32040,0,0,65784540,113792000,48007460,0,0,95,false,0
32041,0,0,65784540,113797150,48012610,0,14,117,false,0
32042,0,0,65784540,113797150,48012610,0,98,98,true,0
32043,0,0,65784540,113797150,48012610,0,96,96,true,0
32044,0,0,65784540,113797150,48012610,0,112,112,true,0
32045,0,0,65784540,113797150,48012610,0,104,104,true,0
32046,0,0,65784540,113802300,48017760,0,1,104,false,0
32047,0,0,65784540,113807400,48022860,0,0,102,false,0
32048,0,0,65784540,113812550,48028010,0,3,106,false,0
32049,0,0,65784540,113817700,48033160,0,1,104,false,0
32050,0,0,65784540,113822850,48038310,0,31,134,false,0
32051,0,0,65784540,113828000,48043460,0,2,105,false,0
32052,0,0,65784540,113832450,48047910,0,0,89,false,0
32053,0,0,65784540,113832450,48047910,0,108,108,true,0
32054,0,0,65784540,113832450,48047910,0,99,99,true,0
32055,0,0,65784540,113837250,48052710,0,0,96,false,0
32056,0,0,65784540,113842400,48057860,0,10,113,false,0
32057,0,0,65784540,113847150,48062610,0,0,95,false,0
32058,0,0,65784540,113851200,48066660,0,0,81,false,0
32059,0,0,65784540,113856350,48071810,0,11,114,false,0
32060,0,0,65784540,113861500,48076960,0,8,111,false,0
32061,0,0,65784540,113861500,48076960,0,115,115,true,0
32062,0,0,65784540,113861500,48076960,0,108,108,true,0
32063,0,0,65784540,113866300,48081760,0,0,96,false,0
32064,0,0,65784540,113871450,48086910,0,0,103,false,0
32065,0,0,65784540,113876600,48092060,0,3,106,false,0
32066,0,0,65784540,113881750,48097210,0,2,105,false,0
32067,0,0,65784540,113881750,48097210,0,105,105,true,0
32068,0,0,65784540,113881750,48097210,0,100,100,true,0
32069,0,0,65784540,113881750,48097210,0,96,96,true,0
32070,0,0,65784540,113886500,48101960,0,0,95,false,0
32071,0,0,65784540,113891300,48106760,0,0,96,false,0
32072,0,0,65784540,113891300,48106760,0,102,102,true,0
32073,0,0,65784540,113891300,48106760,0,109,109,true,0
32074,0,0,65784540,113891300,48106760,0,95,95,true,0
32075,0,0,65784540,113891300,48106760,0,103,103,true,0
32076,0,0,65784540,113891300,48106760,0,112,112,true,0
32077,0,0,65784540,113896400,48111860,0,0,102,false,0
32078,0,0,65784540,113901250,48116710,0,0,97,false,0
32079,0,0,65784540,113905900,48121360,0,0,93,false,0
32080,0,0,65784540,113910850,48126310,0,0,99,false,0
32081,0,0,65784540,113916000,48131460,0,3,106,false,0
32082,0,0,65784540,113920600,48136060,0,0,92,false,0
32083,0,0,65784540,113925100,48140560,0,0,90,false,0
32084,0,0,65891160,113930250,48039090,0,7,110,false,0
32085,0,0,65891160,113934650,48043490,0,0,88,false,0
32086,0,0,65891160,113939800,48048640,0,13,116,false,0
32087,0,0,65891160,113944950,48053790,0,7,110,false,0
32088,0,0,65891160,113950100,48058940,0,18,121,false,0
32089,0,0,65891160,113953800,48062640,0,0,74,false,0
32090,0,0,65891160,113958950,48067790,0,6,109,false,0
32091,0,0,65891160,113964050,48072890,0,0,102,false,0
32092,0,0,65891160,113969150,48077990,0,0,102,false,0
32093,0,0,65891160,113969150,48077990,0,101,101,true,0
32094,0,0,65891160,113969150,48077990,0,108,108,true,0
32095,0,0,65891160,113974300,48083140,0,14,117,false,0
32096,0,0,65891160,113978600,48087440,0,0,86,false,0
32097,0,0,65891160,113983750,48092590,0,6,109,false,0
32098,0,0,65891160,113988750,48097590,0,0,100,false,0
32099,0,0,65891160,113992300,48101140,0,0,71,false,0
32100,0,0,65891160,113996600,48105440,0,0,86,false,0
32101,0,0,65891160,114001750,48110590,0,8,111,false,0
32102,0,0,65891160,114005700,48114540,0,0,79,false,0
32103,0,0,65891160,114010700,48119540,0,0,100,false,0
32104,0,0,65891160,114015850,48124690,0,1,104,false,0
32105,0,0,65891160,114020450,48129290,0,0,92,false,0
32106,0,0,65891160,114025250,48134090,0,0,96,false,0
32107,0,0,65891160,114030400,48139240,0,18,121,false,0
32108,0,0,65891160,114035500,48144340,0,0,102,false,0
32109,0,0,65891160,114040350,48149190,0,0,97,false,0
32110,0,0,65891160,114045400,48154240,0,0,101,false,0
32111,0,0,65891160,114050550,48159390,0,3,106,false,0
32112,0,0,65891160,114055350,48164190,0,0,96,false,0
32113,0,0,65891160,114060500,48169340,0,4,107,false,0
32114,0,0,65891160,114060500,48169340,0,90,90,true,0
32115,0,0,65891160,114065300,48174140,0,0,96,false,0
32116,0,0,65891160,114070350,48179190,0,0,101,false,0
32117,0,0,65891160,114075500,48184340,0,0,103,false,0
32118,0,0,65891160,114079350,48188190,0,0,77,false,0
32119,0,0,65891160,114084500,48193340,0,17,120,false,0
32120,0,0,65891160,114089050,48197890,0,0,91,false,0
32121,0,0,65891160,114094200,48203040,0,10,113,false,0
32122,0,0,65891160,114098700,48207540,0,0,90,false,0
32123,0,0,65891160,114103300,48212140,0,0,92,false,0
32124,0,0,65891160,114108450,48217290,0,14,117,false,0
32125,0,0,65891160,114113450,48222290,0,0,100,false,0
32126,0,0,65891160,114118200,48227040,0,0,95,false,0
32127,0,0,65891160,114122800,48231640,0,0,92,false,0
32128,0,0,65891160,114127750,48236590,0,0,99,false,0
32129,0,0,65891160,114132100,48240940,0,0,87,false,0
32130,0,0,65891160,114136550,48245390,0,0,89,false,0
32131,0,0,65891160,114141700,48250540,0,11,114,false,0
32132,0,0,65891160,114141700,48250540,0,85,85,true,0
32133,0,0,65891160,114141700,48250540,0,112,112,true,0
32134,0,0,65891160,114141700,48250540,0,101,101,true,0
32135,0,0,65891160,114141700,48250540,0,86,86,true,0
32136,0,0,65997780,114141700,48143920,0,103,103,true,0
32137,0,0,65997780,114141700,48143920,0,109,109,true,0
32138,0,0,65997780,114146550,48148770,0,0,97,false,0
32139,0,0,65997780,114151300,48153520,0,0,95,false,0
32140,0,0,65997780,114155950,48158170,0,0,93,false,0
32141,0,0,65997780,114160450,48162670,0,0,90,false,0
32142,0,0,65997780,114160450,48162670,0,97,97,true,0
32143,0,0,65997780,114160450,48162670,0,98,98,true,0
32144,0,0,65997780,114165150,48167370,0,0,94,false,0
32145,0,0,65997780,114170250,48172470,0,0,102,false,0
32146,0,0,65997780,114175400,48177620,0,21,124,false,0
32147,0,0,65997780,114179300,48181520,0,0,78,false,0
32148,0,0,65997780,114184450,48186670,0,6,109,false,0
32149,0,0,65997780,114189400,48191620,0,0,99,false,0
32150,0,0,65997780,114189400,48191620,0,97,97,true,0
32151,0,0,65997780,114194250,48196470,0,0,97,false,0
32152,0,0,65997780,114198600,48200820,0,0,87,false,0
32153,0,0,65997780,114202600,48204820,0,0,80,false,0
32154,0,0,65997780,114207750,48209970,0,4,107,false,0
32155,0,0,65997780,114212900,48215120,0,1,104,false,0
32156,0,0,65997780,114212900,48215120,0,94,94,true,0
32157,0,0,65997780,114217850,48220070,0,0,99,false,0
32158,0,0,65997780,114222550,48224770,0,0,94,false,0
32159,0,0,65997780,114222550,48224770,0,111,111,true,0
32160,0,0,65997780,114222550,48224770,0,84,84,true,0
32161,0,0,65997780,114222550,48224770,0,101,101,true,0
32162,0,0,65997780,114222550,48224770,0,92,92,true,0
32163,0,0,65997780,114227700,48229920,0,11,114,false,0
32164,0,0,65997780,114232850,48235070,0,11,114,false,0
32165,0,0,65997780,114238000,48240220,0,18,121,false,0
32166,0,0,65997780,114243150,48245370,0,3,106,false,0
32167,0,0,65997780,114243150,48245370,0,115,115,true,0
32168,0,0,65997780,114248100,48250320,0,0,99,false,0
32169,0,0,65997780,114253000,48255220,0,0,98,false,0
32170,0,0,65997780,114257900,48260120,0,0,98,false,0
32171,0,0,65997780,114262700,48264920,0,0,96,false,0
32172,0,0,65997780,114267750,48269970,0,0,101,false,0
32173,0,0,65997780,114272900,48275120,0,3,106,false,0
32174,0,0,65997780,114272900,48275120,0,94,94,true,0
32175,0,0,65997780,114272900,48275120,0,110,110,true,0
32176,0,0,65997780,114272900,48275120,0,102,102,true,0
32177,0,0,65997780,114272900,48275120,0,116,116,true,0
32178,0,0,65997780,114272900,48275120,0,96,96,true,0
32179,0,0,65997780,114272900,48275120,0,93,93,true,0
32180,0,0,65997780,114272900,48275120,0,95,95,true,0
32181,0,0,65997780,114272900,48275120,0,96,96,true,0
32182,0,0,65997780,114272900,48275120,0,117,117,true,0
32183,0,0,65997780,114272900,48275120,0,101,101,true,0
32184,0,0,65997780,114278050,48280270,0,1,104,false,0
32185,0,0,65997780,114283200,48285420,0,10,113,false,0
32186,0,0,65997780,114288350,48290570,0,1,104,false,0
32187,0,0,65997780,114293100,48295320,0,0,95,false,0
32188,0,0,66104400,114298200,48193800,0,0,102,false,0
32189,0,0,66104400,114298200,48193800,0,107,107,true,0
32190,0,0,66104400,114298200,48193800,0,108,108,true,0
32191,0,0,66104400,114298200,48193800,0,108,108,true,0
32192,0,0,66104400,114298200,48193800,0,106,106,true,0
32193,0,0,66104400,114302950,48198550,0,0,95,false,0
32194,0,0,66104400,114307900,48203500,0,0,99,false,0
32195,0,0,66104400,114307900,48203500,0,86,86,true,0
32196,0,0,66104400,114307900,48203500,0,95,95,true,0
32197,0,0,66104400,114313050,48208650,0,9,112,false,0
32198,0,0,66104400,114317900,48213500,0,0,97,false,0
32199,0,0,66104400,114323050,48218650,0,6,109,false,0
32200,0,0,66104400,114323050,48218650,0,89,89,true,0
32201,0,0,66104400,114323050,48218650,0,90,90,true,0
32202,0,0,66104400,114323050,48218650,0,98,98,true,0
32203,0,0,66104400,114328200,48223800,0,7,110,false,0
32204,0,0,66104400,114333350,48228950,0,4,107,false,0
32205,0,0,66104400,114338500,48234100,0,7,110,false,0
32206,0,0,66104400,114343650,48239250,0,5,108,false,0
32207,0,0,66104400,114348600,48244200,0,0,99,false,0
32208,0,0,66104400,114353250,48248850,0,0,93,false,0
32209,0,0,66104400,114358400,48254000,0,4,107,false,0
32210,0,0,66104400,114363050,48258650,0,0,93,false,0
32211,0,0,66104400,114368050,48263650,0,0,100,false,0
32212,0,0,66104400,114373200,48268800,0,7,110,false,0
32213,0,0,66104400,114378350,48273950,0,0,103,false,0
32214,0,0,66104400,114383500,48279100,0,0,103,false,0
32215,0,0,66104400,114388350,48283950,0,0,97,false,0
32216,0,0,66104400,114392900,48288500,0,0,91,false,0
32217,0,0,66104400,114397600,48293200,0,0,94,false,0
32218,0,0,66104400,114402700,48298300,0,0,102,false,0
32219,0,0,66104400,114407300,48302900,0,0,92,false,0
32220,0,0,66104400,114411600,48307200,0,0,86,false,0
32221,0,0,66104400,114416350,48311950,0,0,95,false,0
32222,0,0,66104400,114421500,48317100,0,5,108,false,0
32223,0,0,66104400,114426650,48322250,0,12,115,false,0
32224,0,0,66104400,114431000,48326600,0,0,87,false,0
32225,0,0,66104400,114436100,48331700,0,0,102,false,0
32226,0,0,66104400,114441250,48336850,0,0,103,false,0
32227,0,0,66104400,114446400,48342000,0,0,103,false,0
32228,0,0,66104400,114451550,48347150,0,1,104,false,0
32229,0,0,66104400,114456200,48351800,0,0,93,false,0
32230,0,0,66104400,114461100,48356700,0,0,98,false,0
32231,0,0,66104400,114465250,48360850,0,0,83,false,0
32232,0,0,66104400,114470100,48365700,0,0,97,false,0
32233,0,0,66104400,114475000,48370600,0,0,98,false,0
32234,0,0,66104400,114480150,48375750,0,0,103,false,0
32235,0,0,66104400,114485300,48380900,0,6,109,false,0
32236,0,0,66104400,114490450,48386050,0,14,117,false,0
32237,0,0,66104400,114495600,48391200,0,1,104,false,0
32238,0,0,66104400,114500400,48396000,0,0,96,false,0
32239,0,0,66104400,114505550,48401150,0,4,107,false,0
32240,0,0,66211020,114510700,48299680,0,6,109,false,0
32241,0,0,66211020,114515600,48304580,0,0,98,false,0
32242,0,0,66211020,114520750,48309730,0,4,107,false,0
32243,0,0,66211020,114525850,48314830,0,0,102,false,0
32244,0,0,66211020,114525850,48314830,0,125,125,true,0
32245,0,0,66211020,114530900,48319880,0,0,101,false,0
32246,0,0,66211020,114536050,48325030,0,4,107,false,0
32247,0,0,66211020,114541200,48330180,0,5,108,false,0
32248,0,0,66211020,114541200,48330180,0,112,112,true,0
32249,0,0,66211020,114546350,48335330,0,0,103,false,0
32250,0,0,66211020,114551500,48340480,0,5,108,false,0
32251,0,0,66211020,114551500,48340480,0,100,100,true,0
32252,0,0,66211020,114551500,48340480,0,81,81,true,0
32253,0,0,66211020,114551500,48340480,0,90,90,true,0
32254,0,0,66211020,114551500,48340480,0,103,103,true,0
32255,0,0,66211020,114551500,48340480,0,95,95,true,0
32256,0,0,66211020,114551500,48340480,0,92,92,true,0
32257,0,0,66211020,114556650,48345630,0,0,103,false,0
32258,0,0,66211020,114561150,48350130,0,0,90,false,0
32259,0,0,66211020,114566300,48355280,0,0,103,false,0
32260,0,0,66211020,114570950,48359930,0,0,93,false,0
32261,0,0,66211020,114575550,48364530,0,0,92,false,0
32262,0,0,66211020,114580200,48369180,0,0,93,false,0
32263,0,0,66211020,114580200,48369180,0,101,101,true,0
32264,0,0,66211020,114580200,48369180,0,100,100,true,0
32265,0,0,66211020,114580200,48369180,0,95,95,true,0
32266,0,0,66211020,114580200,48369180,0,108,108,true,0
32267,0,0,66211020,114580200,48369180,0,107,107,true,0
32268,0,0,66211020,114584500,48373480,0,0,86,false,0
32269,0,0,66211020,114589550,48378530,0,0,101,false,0
32270,0,0,66211020,114594700,48383680,0,4,107,false,0
32271,0,0,66211020,114599850,48388830,0,5,108,false,0
32272,0,0,66211020,114604700,48393680,0,0,97,false,0
32273,0,0,66211020,114609550,48398530,0,0,97,false,0
32274,0,0,66211020,114614700,48403680,0,7,110,false,0
32275,0,0,66211020,114619850,48408830,0,1,104,false,0
32276,0,0,66211020,114619850,48408830,0,89,89,true,0
32277,0,0,66211020,114619850,48408830,0,101,101,true,0
32278,0,0,66211020,114619850,48408830,0,101,101,true,0
32279,0,0,66211020,114619850,48408830,0,108,108,true,0
32280,0,0,66211020,114619850,48408830,0,101,101,true,0
32281,0,0,66211020,114625000,48413980,0,7,110,false,0
32282,0,0,66211020,114630150,48419130,0,7,110,false,0
32283,0,0,66211020,114635150,48424130,0,0,100,false,0
32284,0,0,66211020,114640300,48429280,0,8,111,false,0
32285,0,0,66211020,114640300,48429280,0,97,97,true,0
32286,0,0,66211020,114645450,48434430,0,4,107,false,0
32287,0,0,66211020,114649500,48438480,0,0,81,false,0
32288,0,0,66211020,114653750,48442730,0,0,85,false,0
32289,0,0,66211020,114658900,48447880,0,4,107,false,0
32290,0,0,66211020,114664050,48453030,0,8,111,false,0
32291,0,0,66211020,114669200,48458180,0,4,107,false,0
32292,0,0,66317640,114673650,48356010,0,0,89,false,0
32293,0,0,66317640,114678800,48361160,0,10,113,false,0
32294,0,0,66317640,114683100,48365460,0,0,86,false,0
32295,0,0,66317640,114683100,48365460,0,120,120,true,0
32296,0,0,66317640,114683100,48365460,0,87,87,true,0
32297,0,0,66317640,114683100,48365460,0,91,91,true,0
32298,0,0,66317640,114683100,48365460,0,102,102,true,0
32299,0,0,66317640,114683100,48365460,0,103,103,true,0
32300,0,0,66317640,114688250,48370610,0,0,103,false,0
32301,0,0,66317640,114692800,48375160,0,0,91,false,0
32302,0,0,66317640,114697350,48379710,0,0,91,false,0
32303,0,0,66317640,114697350,48379710,0,103,103,true,0
32304,0,0,66317640,114697350,48379710,0,82,82,true,0
32305,0,0,66317640,114701450,48383810,0,0,82,false,0
32306,0,0,66317640,114706600,48388960,0,4,107,false,0
32307,0,0,66317640,114711750,48394110,0,6,109,false,0
32308,0,0,66317640,114716400,48398760,0,0,93,false,0
32309,0,0,66317640,114721550,48403910,0,3,106,false,0
32310,0,0,66317640,114726700,48409060,0,7,110,false,0
32311,0,0,66317640,114730950,48413310,0,0,85,false,0
32312,0,0,66317640,114736100,48418460,0,9,112,false,0
32313,0,0,66317640,114740500,48422860,0,0,88,false,0
32314,0,0,66317640,114745550,48427910,0,0,101,false,0
32315,0,0,66317640,114749850,48432210,0,0,86,false,0
32316,0,0,66317640,114754600,48436960,0,0,95,false,0
32317,0,0,66317640,114754600,48436960,0,128,128,true,0
32318,0,0,66317640,114759750,48442110,0,3,106,false,0
32319,0,0,66317640,114764900,48447260,0,11,114,false,0
32320,0,0,66317640,114769650,48452010,0,0,95,false,0
32321,0,0,66317640,114774250,48456610,0,0,92,false,0
32322,0,0,66317640,114779400,48461760,0,3,106,false,0
32323,0,0,66317640,114779400,48461760,0,97,97,true,0
32324,0,0,66317640,114779400,48461760,0,101,101,true,0
32325,0,0,66317640,114779400,48461760,0,92,92,true,0
32326,0,0,66317640,114784550,48466910,0,12,115,false,0
32327,0,0,66317640,114789400,48471760,0,0,97,false,0
32328,0,0,66317640,114789400,48471760,0,100,100,true,0
32329,0,0,66317640,114789400,48471760,0,90,90,true,0
32330,0,0,66317640,114793700,48476060,0,0,86,false,0
32331,0,0,66317640,114797750,48480110,0,0,81,false,0
32332,0,0,66317640,114802300,48484660,0,0,91,false,0
32333,0,0,66317640,114807050,48489410,0,0,95,false,0
32334,0,0,66317640,114811400,48493760,0,0,87,false,0
32335,0,0,66317640,114811400,48493760,0,112,112,true,0
32336,0,0,66317640,114811400,48493760,0,84,84,true,0
32337,0,0,66317640,114811400,48493760,0,96,96,true,0
32338,0,0,66317640,114816150,48498510,0,0,95,false,0
32339,0,0,66317640,114821300,48503660,0,14,117,false,0
32340,0,0,66317640,114821300,48503660,0,96,96,true,0
32341,0,0,66317640,114826450,48508810,0,1,104,false,0
32342,0,0,66317640,114830600,48512960,0,0,83,false,0
32343,0,0,66317640,114835750,48518110,0,5,108,false,0
32344,0,0,66424260,114835750,48411490,0,102,102,true,0
32345,0,0,66424260,114835750,48411490,0,117,117,true,0
32346,0,0,66424260,114840900,48416640,0,7,110,false,0
32347,0,0,66424260,114845550,48421290,0,0,93,false,0
32348,0,0,66424260,114850700,48426440,0,5,108,false,0
32349,0,0,66424260,114855850,48431590,0,7,110,false,0
32350,0,0,66424260,114861000,48436740,0,4,107,false,0
32351,0,0,66424260,114865700,48441440,0,0,94,false,0
32352,0,0,66424260,114870350,48446090,0,0,93,false,0
32353,0,0,66424260,114875050,48450790,0,0,94,false,0
32354,0,0,66424260,114880000,48455740,0,0,99,false,0
32355,0,0,66424260,114884900,48460640,0,0,98,false,0
32356,0,0,66424260,114884900,48460640,0,118,118,true,0
32357,0,0,66424260,114884900,48460640,0,107,107,true,0
32358,0,0,66424260,114884900,48460640,0,97,97,true,0
32359,0,0,66424260,114889950,48465690,0,0,101,false,0
32360,0,0,66424260,114895100,48470840,0,1,104,false,0
32361,0,0,66424260,114895100,48470840,0,83,83,true,0
32362,0,0,66424260,114900050,48475790,0,0,99,false,0
32363,0,0,66424260,114905200,48480940,0,4,107,false,0
32364,0,0,66424260,114905200,48480940,0,107,107,true,0
32365,0,0,66424260,114905200,48480940,0,104,104,true,0
32366,0,0,66424260,114905200,48480940,0,97,97,true,0
32367,0,0,66424260,114909450,48485190,0,0,85,false,0
32368,0,0,66424260,114914250,48489990,0,0,96,false,0
32369,0,0,66424260,114919400,48495140,0,2,105,false,0
32370,0,0,66424260,114923750,48499490,0,0,87,false,0
32371,0,0,66424260,114928200,48503940,0,0,89,false,0
32372,0,0,66424260,114933150,48508890,0,0,99,false,0
32373,0,0,66424260,114937650,48513390,0,0,90,false,0
32374,0,0,66424260,114942800,48518540,0,6,109,false,0
32375,0,0,66424260,114947950,48523690,0,8,111,false,0
32376,0,0,66424260,114952850,48528590,0,0,98,false,0
32377,0,0,66424260,114957950,48533690,0,0,102,false,0
32378,0,0,66424260,114962800,48538540,0,0,97,false,0
32379,0,0,66424260,114962800,48538540,0,104,104,true,0
32380,0,0,66424260,114967950,48543690,0,5,108,false,0
32381,0,0,66424260,114973000,48548740,0,0,101,false,0
32382,0,0,66424260,114977900,48553640,0,0,98,false,0
32383,0,0,66424260,114982150,48557890,0,0,85,false,0
32384,0,0,66424260,114986650,48562390,0,0,90,false,0
32385,0,0,66424260,114991450,48567190,0,0,96,false,0
32386,0,0,66424260,114996300,48572040,0,0,97,false,0
32387,0,0,66424260,115000350,48576090,0,0,81,false,0
32388,0,0,66424260,115004800,48580540,0,0,89,false,0
32389,0,0,66424260,115004800,48580540,0,97,97,true,0
32390,0,0,66424260,115008250,48583990,0,0,69,false,0
32391,0,0,66424260,115012800,48588540,0,0,91,false,0
32392,0,0,66424260,115017950,48593690,0,3,106,false,0
32393,0,0,66424260,115022500,48598240,0,0,91,false,0
32394,0,0,66424260,115026600,48602340,0,0,82,false,0
32395,0,0,66424260,115031650,48607390,0,0,101,false,0
32396,0,0,66530880,115036800,48505920,0,1,104,false,0
32397,0,0,66530880,115041750,48510870,0,0,99,false,0
32398,0,0,66530880,115046900,48516020,0,11,114,false,0
32399,0,0,66530880,115052050,48521170,0,1,104,false,0
32400,0,0,66530880,115052050,48521170,0,99,99,true,0
32401,0,0,66530880,115057200,48526320,0,1,104,false,0
32402,0,0,66530880,115061500,48530620,0,0,86,false,0
32403,0,0,66530880,115066650,48535770,0,8,111,false,0
32404,0,0,66530880,115071800,48540920,0,6,109,false,0
32405,0,0,66530880,115076850,48545970,0,0,101,false,0
32406,0,0,66530880,115081400,48550520,0,0,91,false,0
32407,0,0,66530880,115081400,48550520,0,102,102,true,0
32408,0,0,66530880,115086550,48555670,0,0,103,false,0
32409,0,0,66530880,115091700,48560820,0,1,104,false,0
32410,0,0,66530880,115096500,48565620,0,0,96,false,0
32411,0,0,66530880,115100900,48570020,0,0,88,false,0
32412,0,0,66530880,115106050,48575170,0,3,106,false,0
32413,0,0,66530880,115111200,48580320,0,7,110,false,0
32414,0,0,66530880,115116350,48585470,0,0,103,false,0
32415,0,0,66530880,115116350,48585470,0,107,107,true,0
32416,0,0,66530880,115121500,48590620,0,4,107,false,0
32417,0,0,66530880,115126650,48595770,0,10,113,false,0
32418,0,0,66530880,115131500,48600620,0,0,97,false,0
32419,0,0,66530880,115131500,48600620,0,86,86,true,0
32420,0,0,66530880,115131500,48600620,0,100,100,true,0
32421,0,0,66530880,115135850,48604970,0,0,87,false,0
32422,0,0,66530880,115141000,48610120,0,13,116,false,0
32423,0,0,66530880,115146150,48615270,0,27,130,false,0
32424,0,0,66530880,115150450,48619570,0,0,86,false,0
32425,0,0,66530880,115155600,48624720,0,16,119,false,0
32426,0,0,66530880,115160700,48629820,0,0,102,false,0
32427,0,0,66530880,115165450,48634570,0,0,95,false,0
32428,0,0,66530880,115165450,48634570,0,79,79,true,0
32429,0,0,66530880,115165450,48634570,0,108,108,true,0
32430,0,0,66530880,115165450,48634570,0,90,90,true,0
32431,0,0,66530880,115165450,48634570,0,83,83,true,0
32432,0,0,66530880,115165450,48634570,0,93,93,true,0
32433,0,0,66530880,115170450,48639570,0,0,100,false,0
32434,0,0,66530880,115175550,48644670,0,0,102,false,0
32435,0,0,66530880,115179950,48649070,0,0,88,false,0
32436,0,0,66530880,115185100,48654220,0,2,105,false,0
32437,0,0,66530880,115189500,48658620,0,0,88,false,0
32438,0,0,66530880,115194650,48663770,0,9,112,false,0
32439,0,0,66530880,115199800,48668920,0,12,115,false,0
32440,0,0,66530880,115204350,48673470,0,0,91,false,0
32441,0,0,66530880,115209500,48678620,0,3,106,false,0
32442,0,0,66530880,115209500,48678620,0,86,86,true,0
32443,0,0,66530880,115209500,48678620,0,95,95,true,0
32444,0,0,66530880,115214450,48683570,0,0,99,false,0
32445,0,0,66530880,115219000,48688120,0,0,91,false,0
32446,0,0,66530880,115223150,48692270,0,0,83,false,0
32447,0,0,66530880,115228300,48697420,0,3,106,false,0
32448,0,0,66637500,115232450,48594950,0,0,83,false,0
32449,0,0,66637500,115236850,48599350,0,0,88,false,0
32450,0,0,66637500,115241650,48604150,0,0,96,false,0
32451,0,0,66637500,115245900,48608400,0,0,85,false,0
32452,0,0,66637500,115250550,48613050,0,0,93,false,0
32453,0,0,66637500,115255700,48618200,0,7,110,false,0
32454,0,0,66637500,115260300,48622800,0,0,92,false,0
32455,0,0,66637500,115260300,48622800,0,106,106,true,0
32456,0,0,66637500,115265050,48627550,0,0,95,false,0
32457,0,0,66637500,115269900,48632400,0,0,97,false,0
32458,0,0,66637500,115274750,48637250,0,0,97,false,0
32459,0,0,66637500,115279900,48642400,0,3,106,false,0
32460,0,0,66637500,115285050,48647550,0,7,110,false,0
32461,0,0,66637500,115289400,48651900,0,0,87,false,0
32462,0,0,66637500,115294550,48657050,0,1,104,false,0
32463,0,0,66637500,115299300,48661800,0,0,95,false,0
32464,0,0,66637500,115304250,48666750,0,0,99,false,0
32465,0,0,66637500,115309000,48671500,0,0,95,false,0
32466,0,0,66637500,115309000,48671500,0,100,100,true,0
32467,0,0,66637500,115313600,48676100,0,0,92,false,0
32468,0,0,66637500,115318750,48681250,0,7,110,false,0
32469,0,0,66637500,115318750,48681250,0,110,110,true,0
32470,0,0,66637500,115318750,48681250,0,108,108,true,0
32471,0,0,66637500,115323500,48686000,0,0,95,false,0
32472,0,0,66637500,115328650,48691150,0,1,104,false,0
32473,0,0,66637500,115333800,48696300,0,0,103,false,0
32474,0,0,66637500,115338300,48700800,0,0,90,false,0
32475,0,0,66637500,115342100,48704600,0,0,76,false,0
32476,0,0,66637500,115347250,48709750,0,6,109,false,0
32477,0,0,66637500,115351800,48714300,0,0,91,false,0
32478,0,0,66637500,115356950,48719450,0,6,109,false,0
32479,0,0,66637500,115356950,48719450,0,109,109,true,0
32480,0,0,66637500,115356950,48719450,0,109,109,true,0
32481,0,0,66637500,115356950,48719450,0,95,95,true,0
32482,0,0,66637500,115356950,48719450,0,105,105,true,0
32483,0,0,66637500,115361900,48724400,0,0,99,false,0
32484,0,0,66637500,115366350,48728850,0,0,89,false,0
32485,0,0,66637500,115370800,48733300,0,0,89,false,0
32486,0,0,66637500,115375800,48738300,0,0,100,false,0
32487,0,0,66637500,115380400,48742900,0,0,92,false,0
32488,0,0,66637500,115385550,48748050,0,14,117,false,0
32489,0,0,66637500,115390700,48753200,0,4,107,false,0
32490,0,0,66637500,115395850,48758350,0,7,110,false,0
32491,0,0,66637500,115401000,48763500,0,2,105,false,0
32492,0,0,66637500,115405150,48767650,0,0,83,false,0
32493,0,0,66637500,115409000,48771500,0,0,77,false,0
32494,0,0,66637500,115414150,48776650,0,0,103,false,0
32495,0,0,66637500,115418800,48781300,0,0,93,false,0
32496,0,0,66637500,115418800,48781300,0,93,93,true,0
32497,0,0,66637500,115418800,48781300,0,86,86,true,0
32498,0,0,66637500,115423800,48786300,0,0,100,false,0
32499,0,0,66637500,115428250,48790750,0,0,89,false,0
32500,0,0,66744120,115432700,48688580,0,0,89,false,0
32501,0,0,66744120,115437850,48693730,0,3,106,false,0
32502,0,0,66744120,115442650,48698530,0,0,96,false,0
32503,0,0,66744120,115447800,48703680,0,2,105,false,0
32504,0,0,66744120,115452950,48708830,0,10,113,false,0
32505,0,0,66744120,115457600,48713480,0,0,93,false,0
32506,0,0,66744120,115462750,48718630,0,4,107,false,0
32507,0,0,66744120,115467900,48723780,0,0,103,false,0
32508,0,0,66744120,115472750,48728630,0,0,97,false,0
32509,0,0,66744120,115472750,48728630,0,109,109,true,0
32510,0,0,66744120,115477600,48733480,0,0,97,false,0
32511,0,0,66744120,115482450,48738330,0,0,97,false,0
32512,0,0,66744120,115486450,48742330,0,0,80,false,0
32513,0,0,66744120,115491600,48747480,0,10,113,false,0
32514,0,0,66744120,115496500,48752380,0,0,98,false,0
32515,0,0,66744120,115501650,48757530,0,12,115,false,0
32516,0,0,66744120,115505900,48761780,0,0,85,false,0
32517,0,0,66744120,115510150,48766030,0,0,85,false,0
32518,0,0,66744120,115515250,48771130,0,0,102,false,0
32519,0,0,66744120,115515250,48771130,0,119,119,true,0
32520,0,0,66744120,115515250,48771130,0,89,89,true,0
32521,0,0,66744120,115515250,48771130,0,99,99,true,0
32522,0,0,66744120,115515250,48771130,0,100,100,true,0
32523,0,0,66744120,115520000,48775880,0,0,95,false,0
32524,0,0,66744120,115525150,48781030,0,6,109,false,0
32525,0,0,66744120,115530300,48786180,0,2,105,false,0
32526,0,0,66744120,115535250,48791130,0,0,99,false,0
32527,0,0,66744120,115535250,48791130,0,112,112,true,0
32528,0,0,66744120,115540050,48795930,0,0,96,false,0
32529,0,0,66744120,115545200,48801080,0,7,110,false,0
32530,0,0,66744120,115545200,48801080,0,94,94,true,0
32531,0,0,66744120,115549600,48805480,0,0,88,false,0
32532,0,0,66744120,115554100,48809980,0,0,90,false,0
32533,0,0,66744120,115554100,48809980,0,96,96,true,0
32534,0,0,66744120,115554100,48809980,0,97,97,true,0
32535,0,0,66744120,115554100,48809980,0,85,85,true,0
32536,0,0,66744120,115554100,48809980,0,92,92,true,0
32537,0,0,66744120,115559100,48814980,0,0,100,false,0
32538,0,0,66744120,115563950,48819830,0,0,97,false,0
32539,0,0,66744120,115563950,48819830,0,91,91,true,0
32540,0,0,66744120,115563950,48819830,0,128,128,true,0
32541,0,0,66744120,115568550,48824430,0,0,92,false,0
32542,0,0,66744120,115573700,48829580,0,4,107,false,0
32543,0,0,66744120,115577450,48833330,0,0,75,false,0
32544,0,0,66744120,115582600,48838480,0,19,122,false,0
32545,0,0,66744120,115587750,48843630,0,18,121,false,0
32546,0,0,66744120,115592900,48848780,0,15,118,false,0
32547,0,0,66744120,115597950,48853830,0,0,101,false,0
32548,0,0,66744120,115603100,48858980,0,17,120,false,0
32549,0,0,66744120,115608200,48864080,0,0,102,false,0
32550,0,0,66744120,115613350,48869230,0,6,109,false,0
32551,0,0,66744120,115613350,48869230,0,121,121,true,0
32552,0,0,66850740,115613350,48762610,0,115,115,true,0
32553,0,0,66850740,115613350,48762610,0,95,95,true,0
32554,0,0,66850740,115613350,48762610,0,96,96,true,0
32555,0,0,66850740,115613350,48762610,0,97,97,true,0
32556,0,0,66850740,115618500,48767760,0,5,108,false,0
32557,0,0,66850740,115623650,48772910,0,1,104,false,0
32558,0,0,66850740,115628800,48778060,0,4,107,false,0
32559,0,0,66850740,115633950,48783210,0,11,114,false,0
32560,0,0,66850740,115639100,48788360,0,5,108,false,0
32561,0,0,66850740,115643450,48792710,0,0,87,false,0
32562,0,0,66850740,115648050,48797310,0,0,92,false,0
32563,0,0,66850740,115652850,48802110,0,0,96,false,0
32564,0,0,66850740,115657450,48806710,0,0,92,false,0
32565,0,0,66850740,115661850,48811110,0,0,88,false,0
32566,0,0,66850740,115666450,48815710,0,0,92,false,0
32567,0,0,66850740,115671600,48820860,0,5,108,false,0
32568,0,0,66850740,115676700,48825960,0,0,102,false,0
32569,0,0,66850740,115681600,48830860,0,0,98,false,0
32570,0,0,66850740,115686600,48835860,0,0,100,false,0
32571,0,0,66850740,115691500,48840760,0,0,98,false,0
32572,0,0,66850740,115696650,48845910,0,7,110,false,0
32573,0,0,66850740,115696650,48845910,0,100,100,true,0
32574,0,0,66850740,115696650,48845910,0,101,101,true,0
32575,0,0,66850740,115701800,48851060,0,3,106,false,0
32576,0,0,66850740,115706950,48856210,0,2,105,false,0
32577,0,0,66850740,115712100,48861360,0,15,118,false,0
32578,0,0,66850740,115717250,48866510,0,0,103,false,0
32579,0,0,66850740,115722400,48871660,0,3,106,false,0
32580,0,0,66850740,115727550,48876810,0,3,106,false,0
32581,0,0,66850740,115732700,48881960,0,10,113,false,0
32582,0,0,66850740,115737650,48886910,0,0,99,false,0
32583,0,0,66850740,115737650,48886910,0,82,82,true,0
32584,0,0,66850740,115737650,48886910,0,108,108,true,0
32585,0,0,66850740,115737650,48886910,0,107,107,true,0
32586,0,0,66850740,115742700,48891960,0,0,101,false,0
32587,0,0,66850740,115747450,48896710,0,0,95,false,0
32588,0,0,66850740,115752600,48901860,0,2,105,false,0
32589,0,0,66850740,115757500,48906760,0,0,98,false,0
32590,0,0,66850740,115757500,48906760,0,115,115,true,0
32591,0,0,66850740,115757500,48906760,0,96,96,true,0
32592,0,0,66850740,115762650,48911910,0,1,104,false,0
32593,0,0,66850740,115767550,48916810,0,0,98,false,0
32594,0,0,66850740,115772700,48921960,0,4,107,false,0
32595,0,0,66850740,115777800,48927060,0,0,102,false,0
32596,0,0,66850740,115782200,48931460,0,0,88,false,0
32597,0,0,66850740,115787350,48936610,0,8,111,false,0
32598,0,0,66850740,115792500,48941760,0,14,117,false,0
32599,0,0,66850740,115792500,48941760,0,75,75,true,0
32600,0,0,66850740,115797650,48946910,0,4,107,false,0
32601,0,0,66850740,115802800,48952060,0,3,106,false,0
32602,0,0,66850740,115807400,48956660,0,0,92,false,0
32603,0,0,66850740,115812400,48961660,0,0,100,false,0
32604,0,0,66957360,115817250,48859890,0,0,97,false,0
32605,0,0,66957360,115821250,48863890,0,0,80,false,0
32606,0,0,66957360,115821250,48863890,0,77,77,true,0
32607,0,0,66957360,115821250,48863890,0,105,105,true,0
32608,0,0,66957360,115826400,48869040,0,6,109,false,0
32609,0,0,66957360,115831450,48874090,0,0,101,false,0
32610,0,0,66957360,115831450,48874090,0,95,95,true,0
32611,0,0,66957360,115831450,48874090,0,93,93,true,0
32612,0,0,66957360,115831450,48874090,0,124,124,true,0
32613,0,0,66957360,115836300,48878940,0,0,97,false,0
32614,0,0,66957360,115841450,48884090,0,3,106,false,0
32615,0,0,66957360,115846600,48889240,0,5,108,false,0
32616,0,0,66957360,115851500,48894140,0,0,98,false,0
32617,0,0,66957360,115851500,48894140,0,105,105,true,0
32618,0,0,66957360,115851500,48894140,0,94,94,true,0
32619,0,0,66957360,115856000,48898640,0,0,90,false,0
32620,0,0,66957360,115860150,48902790,0,0,83,false,0
32621,0,0,66957360,115860150,48902790,0,89,89,true,0
32622,0,0,66957360,115860150,48902790,0,102,102,true,0
32623,0,0,66957360,115860150,48902790,0,95,95,true,0
32624,0,0,66957360,115864350,48906990,0,0,84,false,0
32625,0,0,66957360,115869050,48911690,0,0,94,false,0
32626,0,0,66957360,115873650,48916290,0,0,92,false,0
32627,0,0,66957360,115878650,48921290,0,0,100,false,0
32628,0,0,66957360,115883800,48926440,0,14,117,false,0
32629,0,0,66957360,115888000,48930640,0,0,84,false,0
32630,0,0,66957360,115893000,48935640,0,0,100,false,0
32631,0,0,66957360,115897500,48940140,0,0,90,false,0
32632,0,0,66957360,115902250,48944890,0,0,95,false,0
32633,0,0,66957360,115907000,48949640,0,0,95,false,0
32634,0,0,66957360,115907000,48949640,0,95,95,true,0
32635,0,0,66957360,115911750,48954390,0,0,95,false,0
32636,0,0,66957360,115916400,48959040,0,0,93,false,0
32637,0,0,66957360,115921550,48964190,0,14,117,false,0
32638,0,0,66957360,115925950,48968590,0,0,88,false,0
32639,0,0,66957360,115925950,48968590,0,120,120,true,0
32640,0,0,66957360,115925950,48968590,0,92,92,true,0
32641,0,0,66957360,115925950,48968590,0,101,101,true,0
32642,0,0,66957360,115931100,48973740,0,3,106,false,0
32643,0,0,66957360,115936200,48978840,0,0,102,false,0
32644,0,0,66957360,115936200,48978840,0,97,97,true,0
32645,0,0,66957360,115936200,48978840,0,109,109,true,0
32646,0,0,66957360,115936200,48978840,0,103,103,true,0
32647,0,0,66957360,115936200,48978840,0,101,101,true,0
32648,0,0,66957360,115941200,48983840,0,0,100,false,0
32649,0,0,66957360,115946350,48988990,0,12,115,false,0
32650,0,0,66957360,115951350,48993990,0,0,100,false,0
32651,0,0,66957360,115956500,48999140,0,1,104,false,0
32652,0,0,66957360,115961350,49003990,0,0,97,false,0
32653,0,0,66957360,115966500,49009140,0,7,110,false,0
32654,0,0,66957360,115970950,49013590,0,0,89,false,0
32655,0,0,66957360,115976050,49018690,0,0,102,false,0
32656,0,0,67063980,115976050,48912070,0,88,88,true,0
32657,0,0,67063980,115976050,48912070,0,90,90,true,0
32658,0,0,67063980,115976050,48912070,0,108,108,true,0
32659,0,0,67063980,115980950,48916970,0,0,98,false,0
32660,0,0,67063980,115985750,48921770,0,0,96,false,0
32661,0,0,67063980,115990350,48926370,0,0,92,false,0
32662,0,0,67063980,115990350,48926370,0,113,113,true,0
32663,0,0,67063980,115990350,48926370,0,109,109,true,0
32664,0,0,67063980,115990350,48926370,0,81,81,true,0
32665,0,0,67063980,115995500,48931520,0,9,112,false,0
32666,0,0,67063980,115999900,48935920,0,0,88,false,0
32667,0,0,67063980,115999900,48935920,0,98,98,true,0
32668,0,0,67063980,115999900,48935920,0,79,79,true,0
32669,0,0,67063980,116005050,48941070,0,1,104,false,0
32670,0,0,67063980,116010200,48946220,0,3,106,false,0
32671,0,0,67063980,116014800,48950820,0,0,92,false,0
32672,0,0,67063980,116019950,48955970,0,8,111,false,0
32673,0,0,67063980,116019950,48955970,0,104,104,true,0
32674,0,0,67063980,116019950,48955970,0,93,93,true,0
32675,0,0,67063980,116019950,48955970,0,87,87,true,0
32676,0,0,67063980,116025000,48961020,0,0,101,false,0
32677,0,0,67063980,116030150,48966170,0,7,110,false,0
32678,0,0,67063980,116030150,48966170,0,92,92,true,0
32679,0,0,67063980,116035100,48971120,0,0,99,false,0
32680,0,0,67063980,116040250,48976270,0,4,107,false,0
32681,0,0,67063980,116045300,48981320,0,0,101,false,0
32682,0,0,67063980,116050250,48986270,0,0,99,false,0
32683,0,0,67063980,116055100,48991120,0,0,97,false,0
32684,0,0,67063980,116060250,48996270,0,15,118,false,0
32685,0,0,67063980,116065400,49001420,0,16,119,false,0
32686,0,0,67063980,116065400,49001420,0,109,109,true,0
32687,0,0,67063980,116065400,49001420,0,114,114,true,0
32688,0,0,67063980,116069950,49005970,0,0,91,false,0
32689,0,0,67063980,116075100,49011120,0,2,105,false,0
32690,0,0,67063980,116080250,49016270,0,13,116,false,0
32691,0,0,67063980,116085050,49021070,0,0,96,false,0
32692,0,0,67063980,116090150,49026170,0,0,102,false,0
32693,0,0,67063980,116094250,49030270,0,0,82,false,0
32694,0,0,67063980,116099400,49035420,0,7,110,false,0
32695,0,0,67063980,116104000,49040020,0,0,92,false,0
32696,0,0,67063980,116104000,49040020,0,109,109,true,0
32697,0,0,67063980,116109150,49045170,0,4,107,false,0
32698,0,0,67063980,116114300,49050320,0,3,106,false,0
32699,0,0,67063980,116119450,49055470,0,3,106,false,0
32700,0,0,67063980,116119450,49055470,0,101,101,true,0
32701,0,0,67063980,116124550,49060570,0,0,102,false,0
32702,0,0,67063980,116129150,49065170,0,0,92,false,0
32703,0,0,67063980,116133100,49069120,0,0,79,false,0
32704,0,0,67063980,116133100,49069120,0,99,99,true,0
32705,0,0,67063980,116138250,49074270,0,1,104,false,0
32706,0,0,67063980,116143400,49079420,0,7,110,false,0
32707,0,0,67063980,116147750,49083770,0,0,87,false,0
32708,0,0,67170600,116152400,48981800,0,0,93,false,0
32709,0,0,67170600,116157300,48986700,0,0,98,false,0
32710,0,0,67170600,116162450,48991850,0,5,108,false,0
32711,0,0,67170600,116167600,48997000,0,3,106,false,0
32712,0,0,67170600,116172750,49002150,0,5,108,false,0
32713,0,0,67170600,116177750,49007150,0,0,100,false,0
32714,0,0,67170600,116182800,49012200,0,0,101,false,0
32715,0,0,67170600,116187950,49017350,0,3,106,false,0
32716,0,0,67170600,116193100,49022500,0,12,115,false,0
32717,0,0,67170600,116198050,49027450,0,0,99,false,0
32718,0,0,67170600,116203200,49032600,0,7,110,false,0
32719,0,0,67170600,116208350,49037750,0,6,109,false,0
32720,0,0,67170600,116213300,49042700,0,0,99,false,0
32721,0,0,67170600,116218200,49047600,0,0,98,false,0
32722,0,0,67170600,116222800,49052200,0,0,92,false,0
32723,0,0,67170600,116227750,49057150,0,0,99,false,0
32724,0,0,67170600,116232450,49061850,0,0,94,false,0
32725,0,0,67170600,116237550,49066950,0,0,102,false,0
32726,0,0,67170600,116242450,49071850,0,0,98,false,0
32727,0,0,67170600,116246600,49076000,0,0,83,false,0
32728,0,0,67170600,116251750,49081150,0,4,107,false,0
32729,0,0,67170600,116256900,49086300,0,5,108,false,0
32730,0,0,67170600,116261700,49091100,0,0,96,false,0
32731,0,0,67170600,116266850,49096250,0,1,104,false,0
32732,0,0,67170600,116271250,49100650,0,0,88,false,0
32733,0,0,67170600,116275800,49105200,0,0,91,false,0
32734,0,0,67170600,116280750,49110150,0,0,99,false,0
32735,0,0,67170600,116280750,49110150,0,83,83,true,0
32736,0,0,67170600,116280750,49110150,0,94,94,true,0
32737,0,0,67170600,116285350,49114750,0,0,92,false,0
32738,0,0,67170600,116290400,49119800,0,0,101,false,0
32739,0,0,67170600,116290400,49119800,0,97,97,true,0
32740,0,0,67170600,116290400,49119800,0,100,100,true,0
32741,0,0,67170600,116294800,49124200,0,0,88,false,0
32742,0,0,67170600,116299050,49128450,0,0,85,false,0
32743,0,0,67170600,116299050,49128450,0,93,93,true,0
32744,0,0,67170600,116299050,49128450,0,112,112,true,0
32745,0,0,67170600,116299050,49128450,0,97,97,true,0
32746,0,0,67170600,116304150,49133550,0,0,102,false,0
32747,0,0,67170600,116309100,49138500,0,0,99,false,0
32748,0,0,67170600,116314250,49143650,0,1,104,false,0
32749,0,0,67170600,116314250,49143650,0,106,106,true,0
32750,0,0,67170600,116319400,49148800,0,2,105,false,0
32751,0,0,67170600,116324100,49153500,0,0,94,false,0
32752,0,0,67170600,116324100,49153500,0,95,95,true,0
32753,0,0,67170600,116324100,49153500,0,107,107,true,0
32754,0,0,67170600,116328650,49158050,0,0,91,false,0
32755,0,0,67170600,116333250,49162650,0,0,92,false,0
32756,0,0,67170600,116338150,49167550,0,0,98,false,0
32757,0,0,67170600,116343300,49172700,0,18,121,false,0
32758,0,0,67170600,116347400,49176800,0,0,82,false,0
32759,0,0,67170600,116352550,49181950,0,10,113,false,0
32760,0,0,67277220,116357700,49080480,0,5,108,false,0
32761,0,0,67277220,116357700,49080480,0,101,101,true,0
32762,0,0,67277220,116362450,49085230,0,0,95,false,0
32763,0,0,67277220,116366950,49089730,0,0,90,false,0
32764,0,0,67277220,116371800,49094580,0,0,97,false,0
32765,0,0,67277220,116376650,49099430,0,0,97,false,0
32766,0,0,67277220,116381050,49103830,0,0,88,false,0
32767,0,0,67277220,116386200,49108980,0,24,127,false,0
32768,0,0,67277220,116391100,49113880,0,0,98,false,0
32769,0,0,67277220,116396250,49119030,0,5,108,false,0
32770,0,0,67277220,116401000,49123780,0,0,95,false,0
32771,0,0,67277220,116405950,49128730,0,0,99,false,0
32772,0,0,67277220,116405950,49128730,0,88,88,true,0
32773,0,0,67277220,116405950,49128730,0,85,85,true,0
32774,0,0,67277220,116410950,49133730,0,0,100,false,0
32775,0,0,67277220,116416100,49138880,0,8,111,false,0
32776,0,0,67277220,116416100,49138880,0,90,90,true,0
32777,0,0,67277220,116421250,49144030,0,2,105,false,0
32778,0,0,67277220,116426400,49149180,0,8,111,false,0
32779,0,0,67277220,116431550,49154330,0,11,114,false,0
32780,0,0,67277220,116436400,49159180,0,0,97,false,0
32781,0,0,67277220,116441550,49164330,0,3,106,false,0
32782,0,0,67277220,116446700,49169480,0,5,108,false,0
32783,0,0,67277220,116451850,49174630,0,1,104,false,0
32784,0,0,67277220,116457000,49179780,0,4,107,false,0
32785,0,0,67277220,116457000,49179780,0,107,107,true,0
32786,0,0,67277220,116457000,49179780,0,95,95,true,0
32787,0,0,67277220,116457000,49179780,0,85,85,true,0
32788,0,0,67277220,116461600,49184380,0,0,92,false,0
32789,0,0,67277220,116466750,49189530,0,16,119,false,0
32790,0,0,67277220,116471900,49194680,0,2,105,false,0
32791,0,0,67277220,116477000,49199780,0,0,102,false,0
32792,0,0,67277220,116482150,49204930,0,2,105,false,0
32793,0,0,67277220,116487050,49209830,0,0,98,false,0
32794,0,0,67277220,116487050,49209830,0,103,103,true,0
32795,0,0,67277220,116487050,49209830,0,96,96,true,0
32796,0,0,67277220,116487050,49209830,0,93,93,true,0
32797,0,0,67277220,116487050,49209830,0,101,101,true,0
32798,0,0,67277220,116492200,49214980,0,9,112,false,0
32799,0,0,67277220,116497350,49220130,0,9,112,false,0
32800,0,0,67277220,116502050,49224830,0,0,94,false,0
32801,0,0,67277220,116507200,49229980,0,6,109,false,0
32802,0,0,67277220,116512350,49235130,0,1,104,false,0
32803,0,0,67277220,116517500,49240280,0,10,113,false,0
32804,0,0,67277220,116522650,49245430,0,0,103,false,0
32805,0,0,67277220,116527750,49250530,0,0,102,false,0
32806,0,0,67277220,116527750,49250530,0,112,112,true,0
32807,0,0,67277220,116527750,49250530,0,84,84,true,0
32808,0,0,67277220,116527750,49250530,0,101,101,true,0
32809,0,0,67277220,116532900,49255680,0,10,113,false,0
32810,0,0,67277220,116537500,49260280,0,0,92,false,0
32811,0,0,67277220,116542650,49265430,0,1,104,false,0
32812,0,0,67383840,116547750,49163910,0,0,102,false,0
32813,0,0,67383840,116552900,49169060,0,14,117,false,0
32814,0,0,67383840,116558000,49174160,0,0,102,false,0
32815,0,0,67383840,116558000,49174160,0,103,103,true,0
32816,0,0,67383840,116558000,49174160,0,83,83,true,0
32817,0,0,67383840,116562300,49178460,0,0,86,false,0
32818,0,0,67383840,116567150,49183310,0,0,97,false,0
32819,0,0,67383840,116572300,49188460,0,1,104,false,0
32820,0,0,67383840,116577150,49193310,0,0,97,false,0
32821,0,0,67383840,116582200,49198360,0,0,101,false,0
32822,0,0,67383840,116586950,49203110,0,0,95,false,0
32823,0,0,67383840,116591400,49207560,0,0,89,false,0
32824,0,0,67383840,116596550,49212710,0,0,103,false,0
32825,0,0,67383840,116600650,49216810,0,0,82,false,0
32826,0,0,67383840,116605600,49221760,0,0,99,false,0
32827,0,0,67383840,116610550,49226710,0,0,99,false,0
32828,0,0,67383840,116615700,49231860,0,6,109,false,0
32829,0,0,67383840,116620550,49236710,0,0,97,false,0
32830,0,0,67383840,116624750,49240910,0,0,84,false,0
32831,0,0,67383840,116629900,49246060,0,8,111,false,0
32832,0,0,67383840,116635050,49251210,0,9,112,false,0
32833,0,0,67383840,116639550,49255710,0,0,90,false,0
32834,0,0,67383840,116644050,49260210,0,0,90,false,0
32835,0,0,67383840,116644050,49260210,0,90,90,true,0
32836,0,0,67383840,116648850,49265010,0,0,96,false,0
32837,0,0,67383840,116653850,49270010,0,0,100,false,0
32838,0,0,67383840,116658950,49275110,0,0,102,false,0
32839,0,0,67383840,116663500,49279660,0,0,91,false,0
32840,0,0,67383840,116668550,49284710,0,0,101,false,0
32841,0,0,67383840,116673450,49289610,0,0,98,false,0
32842,0,0,67383840,116678250,49294410,0,0,96,false,0
32843,0,0,67383840,116683400,49299560,0,7,110,false,0
32844,0,0,67383840,116687600,49303760,0,0,84,false,0
32845,0,0,67383840,116692300,49308460,0,0,94,false,0
32846,0,0,67383840,116692300,49308460,0,91,91,true,0
32847,0,0,67383840,116692300,49308460,0,95,95,true,0
32848,0,0,67383840,116692300,49308460,0,106,106,true,0
32849,0,0,67383840,116697150,49313310,0,0,97,false,0
32850,0,0,67383840,116701850,49318010,0,0,94,false,0
32851,0,0,67383840,116706900,49323060,0,0,101,false,0
32852,0,0,67383840,116712050,49328210,0,15,118,false,0
32853,0,0,67383840,116717200,49333360,0,11,114,false,0
32854,0,0,67383840,116722050,49338210,0,0,97,false,0
32855,0,0,67383840,116727200,49343360,0,14,117,false,0
32856,0,0,67383840,116732350,49348510,0,12,115,false,0
32857,0,0,67383840,116737500,49353660,0,9,112,false,0
32858,0,0,67383840,116742000,49358160,0,0,90,false,0
32859,0,0,67383840,116746500,49362660,0,0,90,false,0
32860,0,0,67383840,116751500,49367660,0,0,100,false,0
32861,0,0,67383840,116756250,49372410,0,0,95,false,0
32862,0,0,67383840,116761150,49377310,0,0,98,false,0
32863,0,0,67383840,116766300,49382460,0,8,111,false,0
32864,0,0,67490460,116771450,49280990,0,13,116,false,0
32865,0,0,67490460,116776400,49285940,0,0,99,false,0
32866,0,0,67490460,116780850,49290390,0,0,89,false,0
32867,0,0,67490460,116785850,49295390,0,0,100,false,0
32868,0,0,67490460,116791000,49300540,0,20,123,false,0
32869,0,0,67490460,116795650,49305190,0,0,93,false,0
32870,0,0,67490460,116800500,49310040,0,0,97,false,0
32871,0,0,67490460,116805400,49314940,0,0,98,false,0
32872,0,0,67490460,116805400,49314940,0,96,96,true,0
32873,0,0,67490460,116810350,49319890,0,0,99,false,0
32874,0,0,67490460,116815500,49325040,0,6,109,false,0
32875,0,0,67490460,116820150,49329690,0,0,93,false,0
32876,0,0,67490460,116824300,49333840,0,0,83,false,0
32877,0,0,67490460,116829250,49338790,0,0,99,false,0
32878,0,0,67490460,116834400,49343940,0,11,114,false,0
32879,0,0,67490460,116839400,49348940,0,0,100,false,0
32880,0,0,67490460,116844400,49353940,0,0,100,false,0
32881,0,0,67490460,116849550,49359090,0,3,106,false,0
32882,0,0,67490460,116854700,49364240,0,2,105,false,0
32883,0,0,67490460,116859450,49368990,0,0,95,false,0
32884,0,0,67490460,116864600,49374140,0,2,105,false,0
32885,0,0,67490460,116869750,49379290,0,0,103,false,0
32886,0,0,67490460,116874650,49384190,0,0,98,false,0
32887,0,0,67490460,116879700,49389240,0,0,101,false,0
32888,0,0,67490460,116884350,49393890,0,0,93,false,0
32889,0,0,67490460,116889500,49399040,0,6,109,false,0
32890,0,0,67490460,116893700,49403240,0,0,84,false,0
32891,0,0,67490460,116898850,49408390,0,7,110,false,0
32892,0,0,67490460,116903950,49413490,0,0,102,false,0
32893,0,0,67490460,116908600,49418140,0,0,93,false,0
32894,0,0,67490460,116913550,49423090,0,0,99,false,0
32895,0,0,67490460,116918450,49427990,0,0,98,false,0
32896,0,0,67490460,116923600,49433140,0,17,120,false,0
32897,0,0,67490460,116927900,49437440,0,0,86,false,0
32898,0,0,67490460,116933050,49442590,0,1,104,false,0
32899,0,0,67490460,116938200,49447740,0,8,111,false,0
32900,0,0,67490460,116943350,49452890,0,3,106,false,0
32901,0,0,67490460,116948150,49457690,0,0,96,false,0
32902,0,0,67490460,116953300,49462840,0,1,104,false,0
32903,0,0,67490460,116953300,49462840,0,90,90,true,0
32904,0,0,67490460,116953300,49462840,0,106,106,true,0
32905,0,0,67490460,116958450,49467990,0,1,104,false,0
32906,0,0,67490460,116963400,49472940,0,0,99,false,0
32907,0,0,67490460,116968300,49477840,0,0,98,false,0
32908,0,0,67490460,116973450,49482990,0,5,108,false,0
32909,0,0,67490460,116977850,49487390,0,0,88,false,0
32910,0,0,67490460,116983000,49492540,0,2,105,false,0
32911,0,0,67490460,116988050,49497590,0,0,101,false,0
32912,0,0,67490460,116988050,49497590,0,102,102,true,0
32913,0,0,67490460,116988050,49497590,0,89,89,true,0
32914,0,0,67490460,116988050,49497590,0,107,107,true,0
32915,0,0,67490460,116988050,49497590,0,100,100,true,0
32916,0,0,67597080,116993200,49396120,0,15,118,false,0
32917,0,0,67597080,116998350,49401270,0,4,107,false,0
32918,0,0,67597080,117002950,49405870,0,0,92,false,0
32919,0,0,67597080,117008100,49411020,0,13,116,false,0
32920,0,0,67597080,117012950,49415870,0,0,97,false,0
32921,0,0,67597080,117017750,49420670,0,0,96,false,0
32922,0,0,67597080,117022900,49425820,0,8,111,false,0
32923,0,0,67597080,117027100,49430020,0,0,84,false,0
32924,0,0,67597080,117032250,49435170,0,2,105,false,0
32925,0,0,67597080,117037150,49440070,0,0,98,false,0
32926,0,0,67597080,117040750,49443670,0,0,72,false,0
32927,0,0,67597080,117045450,49448370,0,0,94,false,0
32928,0,0,67597080,117045450,49448370,0,105,105,true,0
32929,0,0,67597080,117045450,49448370,0,107,107,true,0
32930,0,0,67597080,117045450,49448370,0,94,94,true,0
32931,0,0,67597080,117045450,49448370,0,109,109,true,0
32932,0,0,67597080,117045450,49448370,0,106,106,true,0
32933,0,0,67597080,117045450,49448370,0,98,98,true,0
32934,0,0,67597080,117045450,49448370,0,92,92,true,0
32935,0,0,67597080,117045450,49448370,0,87,87,true,0
32936,0,0,67597080,117049850,49452770,0,0,88,false,0
32937,0,0,67597080,117054400,49457320,0,0,91,false,0
32938,0,0,67597080,117059150,49462070,0,0,95,false,0
32939,0,0,67597080,117063200,49466120,0,0,81,false,0
32940,0,0,67597080,117068100,49471020,0,0,98,false,0
32941,0,0,67597080,117073250,49476170,0,1,104,false,0
32942,0,0,67597080,117077850,49480770,0,0,92,false,0
32943,0,0,67597080,117082500,49485420,0,0,93,false,0
32944,0,0,67597080,117087650,49490570,0,5,108,false,0
32945,0,0,67597080,117092300,49495220,0,0,93,false,0
32946,0,0,67597080,117097450,49500370,0,6,109,false,0
32947,0,0,67597080,117101800,49504720,0,0,87,false,0
32948,0,0,67597080,117101800,49504720,0,86,86,true,0
32949,0,0,67597080,117106950,49509870,0,18,121,false,0
32950,0,0,67597080,117112100,49515020,0,6,109,false,0
32951,0,0,67597080,117116700,49519620,0,0,92,false,0
32952,0,0,67597080,117121700,49524620,0,0,100,false,0
32953,0,0,67597080,117126850,49529770,0,3,106,false,0
32954,0,0,67597080,117131800,49534720,0,0,99,false,0
32955,0,0,67597080,117136950,49539870,0,21,124,false,0
32956,0,0,67597080,117136950,49539870,0,106,106,true,0
32957,0,0,67597080,117141850,49544770,0,0,98,false,0
32958,0,0,67597080,117147000,49549920,0,0,103,false,0
32959,0,0,67597080,117151950,49554870,0,0,99,false,0
32960,0,0,67597080,117157100,49560020,0,4,107,false,0
32961,0,0,67597080,117157100,49560020,0,119,119,true,0
32962,0,0,67597080,117157100,49560020,0,109,109,true,0
32963,0,0,67597080,117162250,49565170,0,22,125,false,0
32964,0,0,67597080,117166800,49569720,0,0,91,false,0
32965,0,0,67597080,117171900,49574820,0,0,102,false,0
32966,0,0,67597080,117177000,49579920,0,0,102,false,0
32967,0,0,67597080,117182150,49585070,0,5,108,false,0
32968,0,0,67703700,117187150,49483450,0,0,100,false,0
32969,0,0,67703700,117192300,49488600,0,6,109,false,0
32970,0,0,67703700,117197450,49493750,0,1,104,false,0
32971,0,0,67703700,117202500,49498800,0,0,101,false,0
32972,0,0,67703700,117207650,49503950,0,6,109,false,0
32973,0,0,67703700,117212650,49508950,0,0,100,false,0
32974,0,0,67703700,117212650,49508950,0,99,99,true,0
32975,0,0,67703700,117212650,49508950,0,103,103,true,0
32976,0,0,67703700,117212650,49508950,0,84,84,true,0
32977,0,0,67703700,117212650,49508950,0,98,98,true,0
32978,0,0,67703700,117217100,49513400,0,0,89,false,0
32979,0,0,67703700,117222250,49518550,0,2,105,false,0
32980,0,0,67703700,117226850,49523150,0,0,92,false,0
32981,0,0,67703700,117230950,49527250,0,0,82,false,0
32982,0,0,67703700,117235850,49532150,0,0,98,false,0
32983,0,0,67703700,117235850,49532150,0,104,104,true,0
32984,0,0,67703700,117235850,49532150,0,101,101,true,0
32985,0,0,67703700,117241000,49537300,0,11,114,false,0
32986,0,0,67703700,117245550,49541850,0,0,91,false,0
32987,0,0,67703700,117250600,49546900,0,0,101,false,0
32988,0,0,67703700,117255750,49552050,0,1,104,false,0
32989,0,0,67703700,117260900,49557200,0,17,120,false,0
32990,0,0,67703700,117260900,49557200,0,104,104,true,0
32991,0,0,67703700,117266050,49562350,0,1,104,false,0
32992,0,0,67703700,117271200,49567500,0,3,106,false,0
32993,0,0,67703700,117276100,49572400,0,0,98,false,0
32994,0,0,67703700,117276100,49572400,0,101,101,true,0
32995,0,0,67703700,117276100,49572400,0,87,87,true,0
32996,0,0,67703700,117281000,49577300,0,0,98,false,0
32997,0,0,67703700,117286150,49582450,0,9,112,false,0
32998,0,0,67703700,117290000,49586300,0,0,77,false,0
32999,0,0,67703700,117295150,49591450,0,12,115,false,0
33000,0,0,67703700,117300250,49596550,0,0,102,false,0
33001,0,0,67703700,117305150,49601450,0,0,98,false,0
33002,0,0,67703700,117309500,49605800,0,0,87,false,0
33003,0,0,67703700,117314300,49610600,0,0,96,false,0
33004,0,0,67703700,117319250,49615550,0,0,99,false,0
33005,0,0,67703700,117319250,49615550,0,92,92,true,0
33006,0,0,67703700,117323800,49620100,0,0,91,false,0
33007,0,0,67703700,117328350,49624650,0,0,91,false,0
33008,0,0,67703700,117332550,49628850,0,0,84,false,0
33009,0,0,67703700,117332550,49628850,0,101,101,true,0
33010,0,0,67703700,117337050,49633350,0,0,90,false,0
33011,0,0,67703700,117342200,49638500,0,11,114,false,0
33012,0,0,67703700,117342200,49638500,0,90,90,true,0
33013,0,0,67703700,117342200,49638500,0,90,90,true,0
33014,0,0,67703700,117342200,49638500,0,108,108,true,0
33015,0,0,67703700,117342200,49638500,0,94,94,true,0
33016,0,0,67703700,117342200,49638500,0,110,110,true,0
33017,0,0,67703700,117347350,49643650,0,10,113,false,0
33018,0,0,67703700,117351700,49648000,0,0,87,false,0
33019,0,0,67703700,117356150,49652450,0,0,89,false,0
33020,0,0,67810320,117360350,49550030,0,0,84,false,0
33021,0,0,67810320,117365250,49554930,0,0,98,false,0
33022,0,0,67810320,117369550,49559230,0,0,86,false,0
33023,0,0,67810320,117374700,49564380,0,0,103,false,0
33024,0,0,67810320,117379850,49569530,0,10,113,false,0
33025,0,0,67810320,117379850,49569530,0,110,110,true,0
33026,0,0,67810320,117379850,49569530,0,113,113,true,0
33027,0,0,67810320,117379850,49569530,0,95,95,true,0
33028,0,0,67810320,117379850,49569530,0,91,91,true,0
33029,0,0,67810320,117385000,49574680,0,1,104,false,0
33030,0,0,67810320,117389600,49579280,0,0,92,false,0
33031,0,0,67810320,117394300,49583980,0,0,94,false,0
33032,0,0,67810320,117398200,49587880,0,0,78,false,0
33033,0,0,67810320,117403350,49593030,0,0,103,false,0
33034,0,0,67810320,117408500,49598180,0,6,109,false,0
33035,0,0,67810320,117413150,49602830,0,0,93,false,0
33036,0,0,67810320,117418300,49607980,0,9,112,false,0
33037,0,0,67810320,117418300,49607980,0,95,95,true,0
33038,0,0,67810320,117418300,49607980,0,91,91,true,0
33039,0,0,67810320,117418300,49607980,0,120,120,true,0
33040,0,0,67810320,117418300,49607980,0,97,97,true,0
33041,0,0,67810320,117418300,49607980,0,90,90,true,0
33042,0,0,67810320,117418300,49607980,0,89,89,true,0
33043,0,0,67810320,117418300,49607980,0,106,106,true,0
33044,0,0,67810320,117418300,49607980,0,94,94,true,0
33045,0,0,67810320,117423400,49613080,0,0,102,false,0
33046,0,0,67810320,117428400,49618080,0,0,100,false,0
33047,0,0,67810320,117433000,49622680,0,0,92,false,0
33048,0,0,67810320,117433000,49622680,0,109,109,true,0
33049,0,0,67810320,117433000,49622680,0,94,94,true,0
33050,0,0,67810320,117437900,49627580,0,0,98,false,0
33051,0,0,67810320,117442600,49632280,0,0,94,false,0
33052,0,0,67810320,117442600,49632280,0,97,97,true,0
33053,0,0,67810320,117442600,49632280,0,80,80,true,0
33054,0,0,67810320,117442600,49632280,0,83,83,true,0
33055,0,0,67810320,117447750,49637430,0,4,107,false,0
33056,0,0,67810320,117452450,49642130,0,0,94,false,0
33057,0,0,67810320,117457600,49647280,0,7,110,false,0
33058,0,0,67810320,117457600,49647280,0,107,107,true,0
33059,0,0,67810320,117462350,49652030,0,0,95,false,0
33060,0,0,67810320,117467250,49656930,0,0,98,false,0
33061,0,0,67810320,117472400,49662080,0,10,113,false,0
33062,0,0,67810320,117477550,49667230,0,1,104,false,0
33063,0,0,67810320,117477550,49667230,0,89,89,true,0
33064,0,0,67810320,117477550,49667230,0,89,89,true,0
33065,0,0,67810320,117477550,49667230,0,105,105,true,0
33066,0,0,67810320,117477550,49667230,0,88,88,true,0
33067,0,0,67810320,117477550,49667230,0,91,91,true,0
33068,0,0,67810320,117482450,49672130,0,0,98,false,0
33069,0,0,67810320,117487600,49677280,0,3,106,false,0
33070,0,0,67810320,117492650,49682330,0,0,101,false,0
33071,0,0,67810320,117497750,49687430,0,0,102,false,0
33072,0,0,67916940,117502900,49585960,0,9,112,false,0
33073,0,0,67916940,117502900,49585960,0,89,89,true,0
33074,0,0,67916940,117507700,49590760,0,0,96,false,0
33075,0,0,67916940,117512850,49595910,0,4,107,false,0
33076,0,0,67916940,117518000,49601060,0,3,106,false,0
33077,0,0,67916940,117522750,49605810,0,0,95,false,0
33078,0,0,67916940,117522750,49605810,0,112,112,true,0
33079,0,0,67916940,117522750,49605810,0,98,98,true,0
33080,0,0,67916940,117522750,49605810,0,85,85,true,0
33081,0,0,67916940,117527900,49610960,0,16,119,false,0
33082,0,0,67916940,117533050,49616110,0,2,105,false,0
33083,0,0,67916940,117533050,49616110,0,86,86,true,0
33084,0,0,67916940,117538200,49621260,0,0,103,false,0
33085,0,0,67916940,117543350,49626410,0,11,114,false,0
33086,0,0,67916940,117547450,49630510,0,0,82,false,0
33087,0,0,67916940,117552600,49635660,0,6,109,false,0
33088,0,0,67916940,117557750,49640810,0,12,115,false,0
33089,0,0,67916940,117562150,49645210,0,0,88,false,0
33090,0,0,67916940,117566750,49649810,0,0,92,false,0
33091,0,0,67916940,117570400,49653460,0,0,73,false,0
33092,0,0,67916940,117575250,49658310,0,0,97,false,0
33093,0,0,67916940,117580200,49663260,0,0,99,false,0
33094,0,0,67916940,117580200,49663260,0,90,90,true,0
33095,0,0,67916940,117585000,49668060,0,0,96,false,0
33096,0,0,67916940,117589950,49673010,0,0,99,false,0
33097,0,0,67916940,117594850,49677910,0,0,98,false,0
33098,0,0,67916940,117599450,49682510,0,0,92,false,0
33099,0,0,67916940,117604600,49687660,0,0,103,false,0
33100,0,0,67916940,117609750,49692810,0,6,109,false,0
33101,0,0,67916940,117614450,49697510,0,0,94,false,0
33102,0,0,67916940,117619400,49702460,0,0,99,false,0
33103,0,0,67916940,117619400,49702460,0,89,89,true,0
33104,0,0,67916940,117619400,49702460,0,101,101,true,0
33105,0,0,67916940,117624550,49707610,0,6,109,false,0
33106,0,0,67916940,117629400,49712460,0,0,97,false,0
33107,0,0,67916940,117634300,49717360,0,0,98,false,0
33108,0,0,67916940,117638950,49722010,0,0,93,false,0
33109,0,0,67916940,117644100,49727160,0,1,104,false,0
33110,0,0,67916940,117649250,49732310,0,0,103,false,0
33111,0,0,67916940,117653900,49736960,0,0,93,false,0
33112,0,0,67916940,117659050,49742110,0,5,108,false,0
33113,0,0,67916940,117663900,49746960,0,0,97,false,0
33114,0,0,67916940,117668600,49751660,0,0,94,false,0
33115,0,0,67916940,117673750,49756810,0,13,116,false,0
33116,0,0,67916940,117678500,49761560,0,0,95,false,0
33117,0,0,67916940,117683300,49766360,0,0,96,false,0
33118,0,0,67916940,117688300,49771360,0,0,100,false,0
33119,0,0,67916940,117693050,49776110,0,0,95,false,0
33120,0,0,67916940,117697750,49780810,0,0,94,false,0
33121,0,0,67916940,117702150,49785210,0,0,88,false,0
33122,0,0,67916940,117707300,49790360,0,19,122,false,0
33123,0,0,67916940,117707300,49790360,0,114,114,true,0
33124,0,0,68023560,117712100,49688540,0,0,96,false,0
33125,0,0,68023560,117716350,49692790,0,0,85,false,0
33126,0,0,68023560,117721500,49697940,0,8,111,false,0
33127,0,0,68023560,117726500,49702940,0,0,100,false,0
33128,0,0,68023560,117731650,49708090,0,8,111,false,0
33129,0,0,68023560,117736750,49713190,0,0,102,false,0
33130,0,0,68023560,117741550,49717990,0,0,96,false,0
33131,0,0,68023560,117741550,49717990,0,112,112,true,0
33132,0,0,68023560,117746700,49723140,0,5,108,false,0
33133,0,0,68023560,117751850,49728290,0,11,114,false,0
33134,0,0,68023560,117756250,49732690,0,0,88,false,0
33135,0,0,68023560,117761400,49737840,0,0,103,false,0
33136,0,0,68023560,117761400,49737840,0,110,110,true,0
33137,0,0,68023560,117761400,49737840,0,115,115,true,0
33138,0,0,68023560,117766550,49742990,0,17,120,false,0
33139,0,0,68023560,117771700,49748140,0,1,104,false,0
33140,0,0,68023560,117776850,49753290,0,2,105,false,0
33141,0,0,68023560,117782000,49758440,0,5,108,false,0
33142,0,0,68023560,117787050,49763490,0,0,101,false,0
33143,0,0,68023560,117792200,49768640,0,3,106,false,0
33144,0,0,68023560,117797350,49773790,0,5,108,false,0
33145,0,0,68023560,117802150,49778590,0,0,96,false,0
33146,0,0,68023560,117807100,49783540,0,0,99,false,0
33147,0,0,68023560,117811150,49787590,0,0,81,false,0
33148,0,0,68023560,117816300,49792740,0,1,104,false,0
33149,0,0,68023560,117821300,49797740,0,0,100,false,0
33150,0,0,68023560,117821300,49797740,0,122,122,true,0
33151,0,0,68023560,117821300,49797740,0,101,101,true,0
33152,0,0,68023560,117821300,49797740,0,93,93,true,0
33153,0,0,68023560,117821300,49797740,0,93,93,true,0
33154,0,0,68023560,117821300,49797740,0,94,94,true,0
33155,0,0,68023560,117821300,49797740,0,97,97,true,0
33156,0,0,68023560,117826450,49802890,0,12,115,false,0
33157,0,0,68023560,117831250,49807690,0,0,96,false,0
33158,0,0,68023560,117831250,49807690,0,101,101,true,0
33159,0,0,68023560,117831250,49807690,0,121,121,true,0
33160,0,0,68023560,117831250,49807690,0,101,101,true,0
33161,0,0,68023560,117831250,49807690,0,102,102,true,0
33162,0,0,68023560,117835950,49812390,0,0,94,false,0
33163,0,0,68023560,117841100,49817540,0,3,106,false,0
33164,0,0,68023560,117846250,49822690,0,17,120,false,0
33165,0,0,68023560,117851400,49827840,0,12,115,false,0
33166,0,0,68023560,117851400,49827840,0,109,109,true,0
33167,0,0,68023560,117851400,49827840,0,103,103,true,0
33168,0,0,68023560,117851400,49827840,0,103,103,true,0
33169,0,0,68023560,117856550,49832990,0,4,107,false,0
33170,0,0,68023560,117861300,49837740,0,0,95,false,0
33171,0,0,68023560,117866400,49842840,0,0,102,false,0
33172,0,0,68023560,117871550,49847990,0,9,112,false,0
33173,0,0,68023560,117875950,49852390,0,0,88,false,0
33174,0,0,68023560,117881000,49857440,0,0,101,false,0
33175,0,0,68023560,117885950,49862390,0,0,99,false,0
33176,0,0,68130180,117890650,49760470,0,0,94,false,0
33177,0,0,68130180,117895650,49765470,0,0,100,false,0
33178,0,0,68130180,117900700,49770520,0,0,101,false,0
33179,0,0,68130180,117905750,49775570,0,0,101,false,0
33180,0,0,68130180,117910900,49780720,0,2,105,false,0
33181,0,0,68130180,117915850,49785670,0,0,99,false,0
33182,0,0,68130180,117921000,49790820,0,6,109,false,0
33183,0,0,68130180,117925150,49794970,0,0,83,false,0
33184,0,0,68130180,117930300,49800120,0,2,105,false,0
33185,0,0,68130180,117935450,49805270,0,0,103,false,0
33186,0,0,68130180,117935450,49805270,0,103,103,true,0
33187,0,0,68130180,117940450,49810270,0,0,100,false,0
33188,0,0,68130180,117945500,49815320,0,0,101,false,0
33189,0,0,68130180,117945500,49815320,0,86,86,true,0
33190,0,0,68130180,117945500,49815320,0,103,103,true,0
33191,0,0,68130180,117950400,49820220,0,0,98,false,0
33192,0,0,68130180,117954900,49824720,0,0,90,false,0
33193,0,0,68130180,117960050,49829870,0,5,108,false,0
33194,0,0,68130180,117963850,49833670,0,0,76,false,0
33195,0,0,68130180,117968500,49838320,0,0,93,false,0
33196,0,0,68130180,117973500,49843320,0,0,100,false,0
33197,0,0,68130180,117973500,49843320,0,95,95,true,0
33198,0,0,68130180,117977600,49847420,0,0,82,false,0
33199,0,0,68130180,117982750,49852570,0,1,104,false,0
33200,0,0,68130180,117987450,49857270,0,0,94,false,0
33201,0,0,68130180,117992450,49862270,0,0,100,false,0
33202,0,0,68130180,117992450,49862270,0,114,114,true,0
33203,0,0,68130180,117997600,49867420,0,2,105,false,0
33204,0,0,68130180,118001750,49871570,0,0,83,false,0
33205,0,0,68130180,118006550,49876370,0,0,96,false,0
33206,0,0,68130180,118011150,49880970,0,0,92,false,0
33207,0,0,68130180,118016050,49885870,0,0,98,false,0
33208,0,0,68130180,118021200,49891020,0,16,119,false,0
33209,0,0,68130180,118021200,49891020,0,81,81,true,0
33210,0,0,68130180,118021200,49891020,0,99,99,true,0
33211,0,0,68130180,118021200,49891020,0,96,96,true,0
33212,0,0,68130180,118021200,49891020,0,99,99,true,0
33213,0,0,68130180,118021200,49891020,0,92,92,true,0
33214,0,0,68130180,118021200,49891020,0,105,105,true,0
33215,0,0,68130180,118021200,49891020,0,107,107,true,0
33216,0,0,68130180,118025400,49895220,0,0,84,false,0
33217,0,0,68130180,118030550,49900370,0,9,112,false,0
33218,0,0,68130180,118035700,49905520,0,0,103,false,0
33219,0,0,68130180,118039650,49909470,0,0,79,false,0
33220,0,0,68130180,118043600,49913420,0,0,79,false,0
33221,0,0,68130180,118048750,49918570,0,2,105,false,0
33222,0,0,68130180,118053900,49923720,0,4,107,false,0
33223,0,0,68130180,118059050,49928870,0,1,104,false,0
33224,0,0,68130180,118059050,49928870,0,109,109,true,0
33225,0,0,68130180,118059050,49928870,0,101,101,true,0
33226,0,0,68130180,118059050,49928870,0,87,87,true,0
33227,0,0,68130180,118059050,49928870,0,99,99,true,0
33228,0,0,68236800,118059050,49822250,0,99,99,true,0
33229,0,0,68236800,118059050,49822250,0,101,101,true,0
33230,0,0,68236800,118059050,49822250,0,97,97,true,0
33231,0,0,68236800,118059050,49822250,0,107,107,true,0
33232,0,0,68236800,118059050,49822250,0,107,107,true,0
33233,0,0,68236800,118064200,49827400,0,17,120,false,0
33234,0,0,68236800,118068900,49832100,0,0,94,false,0
33235,0,0,68236800,118073400,49836600,0,0,90,false,0
33236,0,0,68236800,118078400,49841600,0,0,100,false,0
33237,0,0,68236800,118083550,49846750,0,0,103,false,0
33238,0,0,68236800,118088200,49851400,0,0,93,false,0
33239,0,0,68236800,118093350,49856550,0,0,103,false,0
33240,0,0,68236800,118098450,49861650,0,0,102,false,0
33241,0,0,68236800,118103600,49866800,0,10,113,false,0
33242,0,0,68236800,118108450,49871650,0,0,97,false,0
33243,0,0,68236800,118113600,49876800,0,11,114,false,0
33244,0,0,68236800,118113600,49876800,0,101,101,true,0
33245,0,0,68236800,118118350,49881550,0,0,95,false,0
33246,0,0,68236800,118123500,49886700,0,15,118,false,0
33247,0,0,68236800,118128650,49891850,0,2,105,false,0
33248,0,0,68236800,118133600,49896800,0,0,99,false,0
33249,0,0,68236800,118138350,49901550,0,0,95,false,0
33250,0,0,68236800,118143500,49906700,0,12,115,false,0
33251,0,0,68236800,118148650,49911850,0,3,106,false,0
33252,0,0,68236800,118153500,49916700,0,0,97,false,0
33253,0,0,68236800,118158000,49921200,0,0,90,false,0
33254,0,0,68236800,118158000,49921200,0,107,107,true,0
33255,0,0,68236800,118158000,49921200,0,92,92,true,0
33256,0,0,68236800,118163150,49926350,0,1,104,false,0
33257,0,0,68236800,118167300,49930500,0,0,83,false,0
33258,0,0,68236800,118172450,49935650,0,2,105,false,0
33259,0,0,68236800,118177400,49940600,0,0,99,false,0
33260,0,0,68236800,118182100,49945300,0,0,94,false,0
33261,0,0,68236800,118187250,49950450,0,9,112,false,0
33262,0,0,68236800,118192300,49955500,0,0,101,false,0
33263,0,0,68236800,118197450,49960650,0,14,117,false,0
33264,0,0,68236800,118202600,49965800,0,8,111,false,0
33265,0,0,68236800,118207350,49970550,0,0,95,false,0
33266,0,0,68236800,118212400,49975600,0,0,101,false,0
33267,0,0,68236800,118217050,49980250,0,0,93,false,0
33268,0,0,68236800,118221650,49984850,0,0,92,false,0
33269,0,0,68236800,118226800,49990000,0,1,104,false,0
33270,0,0,68236800,118230700,49993900,0,0,78,false,0
33271,0,0,68236800,118230700,49993900,0,105,105,true,0
33272,0,0,68236800,118234700,49997900,0,0,80,false,0
33273,0,0,68236800,118239750,50002950,0,0,101,false,0
33274,0,0,68236800,118243300,50006500,0,0,71,false,0
33275,0,0,68236800,118248250,50011450,0,0,99,false,0
33276,0,0,68236800,118252850,50016050,0,0,92,false,0
33277,0,0,68236800,118257700,50020900,0,0,97,false,0
33278,0,0,68236800,118262450,50025650,0,0,95,false,0
33279,0,0,68236800,118267100,50030300,0,0,93,false,0
33280,0,0,68343420,118272250,49928830,0,6,109,false,0
33281,0,0,68343420,118276900,49933480,0,0,93,false,0
33282,0,0,68343420,118282050,49938630,0,6,109,false,0
33283,0,0,68343420,118282050,49938630,0,109,109,true,0
33284,0,0,68343420,118286650,49943230,0,0,92,false,0
33285,0,0,68343420,118291800,49948380,0,1,104,false,0
33286,0,0,68343420,118296100,49952680,0,0,86,false,0
33287,0,0,68343420,118301000,49957580,0,0,98,false,0
33288,0,0,68343420,118301000,49957580,0,89,89,true,0
33289,0,0,68343420,118306150,49962730,0,5,108,false,0
33290,0,0,68343420,118311300,49967880,0,27,130,false,0
33291,0,0,68343420,118316000,49972580,0,0,94,false,0
33292,0,0,68343420,118316000,49972580,0,84,84,true,0
33293,0,0,68343420,118321100,49977680,0,0,102,false,0
33294,0,0,68343420,118326250,49982830,0,18,121,false,0
33295,0,0,68343420,118330900,49987480,0,0,93,false,0
33296,0,0,68343420,118335850,49992430,0,0,99,false,0
33297,0,0,68343420,118340700,49997280,0,0,97,false,0
33298,0,0,68343420,118340700,49997280,0,100,100,true,0
33299,0,0,68343420,118340700,49997280,0,99,99,true,0
33300,0,0,68343420,118340700,49997280,0,131,131,true,0
33301,0,0,68343420,118345300,50001880,0,0,92,false,0
33302,0,0,68343420,118350200,50006780,0,0,98,false,0
33303,0,0,68343420,118350200,50006780,0,85,85,true,0
33304,0,0,68343420,118350200,50006780,0,102,102,true,0
33305,0,0,68343420,118355350,50011930,0,2,105,false,0
33306,0,0,68343420,118360000,50016580,0,0,93,false,0
33307,0,0,68343420,118364300,50020880,0,0,86,false,0
33308,0,0,68343420,118368950,50025530,0,0,93,false,0
33309,0,0,68343420,118374050,50030630,0,0,102,false,0
33310,0,0,68343420,118378850,50035430,0,0,96,false,0
33311,0,0,68343420,118383400,50039980,0,0,91,false,0
33312,0,0,68343420,118388050,50044630,0,0,93,false,0
33313,0,0,68343420,118393200,50049780,0,2,105,false,0
33314,0,0,68343420,118398350,50054930,0,16,119,false,0
33315,0,0,68343420,118403400,50059980,0,0,101,false,0
33316,0,0,68343420,118408100,50064680,0,0,94,false,0
33317,0,0,68343420,118412900,50069480,0,0,96,false,0
33318,0,0,68343420,118417900,50074480,0,0,100,false,0
33319,0,0,68343420,118422250,50078830,0,0,87,false,0
33320,0,0,68343420,118426900,50083480,0,0,93,false,0
33321,0,0,68343420,118431850,50088430,0,0,99,false,0
33322,0,0,68343420,118431850,50088430,0,107,107,true,0
33323,0,0,68343420,118431850,50088430,0,88,88,true,0
33324,0,0,68343420,118436600,50093180,0,0,95,false,0
33325,0,0,68343420,118440850,50097430,0,0,85,false,0
33326,0,0,68343420,118446000,50102580,0,1,104,false,0
33327,0,0,68343420,118451100,50107680,0,0,102,false,0
33328,0,0,68343420,118456250,50112830,0,3,106,false,0
33329,0,0,68343420,118460950,50117530,0,0,94,false,0
33330,0,0,68343420,118465050,50121630,0,0,82,false,0
33331,0,0,68343420,118465050,50121630,0,96,96,true,0
33332,0,0,68450040,118465050,50015010,0,81,81,true,0
33333,0,0,68450040,118465050,50015010,0,108,108,true,0
33334,0,0,68450040,118470200,50020160,0,11,114,false,0
33335,0,0,68450040,118475350,50025310,0,6,109,false,0
33336,0,0,68450040,118480500,50030460,0,0,103,false,0
33337,0,0,68450040,118485400,50035360,0,0,98,false,0
33338,0,0,68450040,118485400,50035360,0,104,104,true,0
33339,0,0,68450040,118490250,50040210,0,0,97,false,0
33340,0,0,68450040,118494450,50044410,0,0,84,false,0
33341,0,0,68450040,118499600,50049560,0,11,114,false,0
33342,0,0,68450040,118503500,50053460,0,0,78,false,0
33343,0,0,68450040,118508600,50058560,0,0,102,false,0
33344,0,0,68450040,118513300,50063260,0,0,94,false,0
33345,0,0,68450040,118518150,50068110,0,0,97,false,0
33346,0,0,68450040,118522850,50072810,0,0,94,false,0
33347,0,0,68450040,118528000,50077960,0,3,106,false,0
33348,0,0,68450040,118532600,50082560,0,0,92,false,0
33349,0,0,68450040,118537200,50087160,0,0,92,false,0
33350,0,0,68450040,118542000,50091960,0,0,96,false,0
33351,0,0,68450040,118542000,50091960,0,97,97,true,0
33352,0,0,68450040,118546750,50096710,0,0,95,false,0
33353,0,0,68450040,118550550,50100510,0,0,76,false,0
33354,0,0,68450040,118555700,50105660,0,12,115,false,0
33355,0,0,68450040,118555700,50105660,0,87,87,true,0
33356,0,0,68450040,118560100,50110060,0,0,88,false,0
33357,0,0,68450040,118565250,50115210,0,1,104,false,0
33358,0,0,68450040,118569700,50119660,0,0,89,false,0
33359,0,0,68450040,118569700,50119660,0,96,96,true,0
33360,0,0,68450040,118569700,50119660,0,107,107,true,0
33361,0,0,68450040,118569700,50119660,0,104,104,true,0
33362,0,0,68450040,118569700,50119660,0,93,93,true,0
33363,0,0,68450040,118569700,50119660,0,111,111,true,0
33364,0,0,68450040,118569700,50119660,0,96,96,true,0
33365,0,0,68450040,118574450,50124410,0,0,95,false,0
33366,0,0,68450040,118578900,50128860,0,0,89,false,0
33367,0,0,68450040,118584050,50134010,0,11,114,false,0
33368,0,0,68450040,118588450,50138410,0,0,88,false,0
33369,0,0,68450040,118593100,50143060,0,0,93,false,0
33370,0,0,68450040,118598250,50148210,0,2,105,false,0
33371,0,0,68450040,118603400,50153360,0,3,106,false,0
33372,0,0,68450040,118608550,50158510,0,5,108,false,0
33373,0,0,68450040,118613050,50163010,0,0,90,false,0
33374,0,0,68450040,118617300,50167260,0,0,85,false,0
33375,0,0,68450040,118622400,50172360,0,0,102,false,0
33376,0,0,68450040,118627250,50177210,0,0,97,false,0
33377,0,0,68450040,118631900,50181860,0,0,93,false,0
33378,0,0,68450040,118637050,50187010,0,11,114,false,0
33379,0,0,68450040,118642200,50192160,0,3,106,false,0
33380,0,0,68450040,118642200,50192160,0,104,104,true,0
33381,0,0,68450040,118647350,50197310,0,0,103,false,0
33382,0,0,68450040,118652250,50202210,0,0,98,false,0
33383,0,0,68450040,118657200,50207160,0,0,99,false,0
33384,0,0,68556660,118662300,50105640,0,0,102,false,0
33385,0,0,68556660,118666850,50110190,0,0,91,false,0
33386,0,0,68556660,118671050,50114390,0,0,84,false,0
33387,0,0,68556660,118676200,50119540,0,11,114,false,0
33388,0,0,68556660,118680750,50124090,0,0,91,false,0
33389,0,0,68556660,118685900,50129240,0,5,108,false,0
33390,0,0,68556660,118691000,50134340,0,0,102,false,0
33391,0,0,68556660,118696100,50139440,0,0,102,false,0
33392,0,0,68556660,118696100,50139440,0,88,88,true,0
33393,0,0,68556660,118701050,50144390,0,0,99,false,0
33394,0,0,68556660,118706200,50149540,0,3,106,false,0
33395,0,0,68556660,118711350,50154690,0,4,107,false,0
33396,0,0,68556660,118715850,50159190,0,0,90,false,0
33397,0,0,68556660,118720600,50163940,0,0,95,false,0
33398,0,0,68556660,118720600,50163940,0,105,105,true,0
33399,0,0,68556660,118725250,50168590,0,0,93,false,0
33400,0,0,68556660,118729650,50172990,0,0,88,false,0
33401,0,0,68556660,118734400,50177740,0,0,95,false,0
33402,0,0,68556660,118739550,50182890,0,7,110,false,0
33403,0,0,68556660,118739550,50182890,0,97,97,true,0
33404,0,0,68556660,118739550,50182890,0,124,124,true,0
33405,0,0,68556660,118739550,50182890,0,98,98,true,0
33406,0,0,68556660,118739550,50182890,0,99,99,true,0
33407,0,0,68556660,118739550,50182890,0,105,105,true,0
33408,0,0,68556660,118739550,50182890,0,108,108,true,0
33409,0,0,68556660,118744450,50187790,0,0,98,false,0
33410,0,0,68556660,118749600,50192940,0,2,105,false,0
33411,0,0,68556660,118754100,50197440,0,0,90,false,0
33412,0,0,68556660,118759250,50202590,0,11,114,false,0
33413,0,0,68556660,118764100,50207440,0,0,97,false,0
33414,0,0,68556660,118768850,50212190,0,0,95,false,0
33415,0,0,68556660,118768850,50212190,0,86,86,true,0
33416,0,0,68556660,118773550,50216890,0,0,94,false,0
33417,0,0,68556660,118778700,50222040,0,1,104,false,0
33418,0,0,68556660,118783850,50227190,0,4,107,false,0
33419,0,0,68556660,118788750,50232090,0,0,98,false,0
33420,0,0,68556660,118793700,50237040,0,0,99,false,0
33421,0,0,68556660,118793700,50237040,0,104,104,true,0
33422,0,0,68556660,118793700,50237040,0,98,98,true,0
33423,0,0,68556660,118793700,50237040,0,98,98,true,0
33424,0,0,68556660,118798150,50241490,0,0,89,false,0
33425,0,0,68556660,118803300,50246640,0,0,103,false,0
33426,0,0,68556660,118807450,50250790,0,0,83,false,0
33427,0,0,68556660,118812600,50255940,0,10,113,false,0
33428,0,0,68556660,118817500,50260840,0,0,98,false,0
33429,0,0,68556660,118822450,50265790,0,0,99,false,0
33430,0,0,68556660,118822450,50265790,0,91,91,true,0
33431,0,0,68556660,118822450,50265790,0,90,90,true,0
33432,0,0,68556660,118827100,50270440,0,0,93,false,0
33433,0,0,68556660,118832050,50275390,0,0,99,false,0
33434,0,0,68556660,118832050,50275390,0,94,94,true,0
33435,0,0,68556660,118832050,50275390,0,115,115,true,0
33436,0,0,68663280,118832050,50168770,0,91,91,true,0
33437,0,0,68663280,118832050,50168770,0,96,96,true,0
33438,0,0,68663280,118837200,50173920,0,6,109,false,0
33439,0,0,68663280,118842350,50179070,0,14,117,false,0
33440,0,0,68663280,118847500,50184220,0,11,114,false,0
33441,0,0,68663280,118852450,50189170,0,0,99,false,0
33442,0,0,68663280,118857500,50194220,0,0,101,false,0
33443,0,0,68663280,118862650,50199370,0,11,114,false,0
33444,0,0,68663280,118867400,50204120,0,0,95,false,0
33445,0,0,68663280,118872550,50209270,0,11,114,false,0
33446,0,0,68663280,118877600,50214320,0,0,101,false,0
33447,0,0,68663280,118881600,50218320,0,0,80,false,0
33448,0,0,68663280,118886750,50223470,0,2,105,false,0
33449,0,0,68663280,118891900,50228620,0,0,103,false,0
33450,0,0,68663280,118897000,50233720,0,0,102,false,0
33451,0,0,68663280,118901900,50238620,0,0,98,false,0
33452,0,0,68663280,118901900,50238620,0,102,102,true,0
33453,0,0,68663280,118901900,50238620,0,89,89,true,0
33454,0,0,68663280,118907050,50243770,0,9,112,false,0
33455,0,0,68663280,118912200,50248920,0,4,107,false,0
33456,0,0,68663280,118917350,50254070,0,11,114,false,0
33457,0,0,68663280,118922200,50258920,0,0,97,false,0
33458,0,0,68663280,118926700,50263420,0,0,90,false,0
33459,0,0,68663280,118926700,50263420,0,108,108,true,0
33460,0,0,68663280,118926700,50263420,0,89,89,true,0
33461,0,0,68663280,118931150,50267870,0,0,89,false,0
33462,0,0,68663280,118936300,50273020,0,5,108,false,0
33463,0,0,68663280,118941100,50277820,0,0,96,false,0
33464,0,0,68663280,118946250,50282970,0,13,116,false,0
33465,0,0,68663280,118950550,50287270,0,0,86,false,0
33466,0,0,68663280,118955450,50292170,0,0,98,false,0
33467,0,0,68663280,118960350,50297070,0,0,98,false,0
33468,0,0,68663280,118965350,50302070,0,0,100,false,0
33469,0,0,68663280,118970500,50307220,0,3,106,false,0
33470,0,0,68663280,118974150,50310870,0,0,73,false,0
33471,0,0,68663280,118974150,50310870,0,103,103,true,0
33472,0,0,68663280,118974150,50310870,0,104,104,true,0
33473,0,0,68663280,118974150,50310870,0,100,100,true,0
33474,0,0,68663280,118974150,50310870,0,92,92,true,0
33475,0,0,68663280,118979300,50316020,0,12,115,false,0
33476,0,0,68663280,118984250,50320970,0,0,99,false,0
33477,0,0,68663280,118988600,50325320,0,0,87,false,0
33478,0,0,68663280,118992400,50329120,0,0,76,false,0
33479,0,0,68663280,118992400,50329120,0,115,115,true,0
33480,0,0,68663280,118992400,50329120,0,100,100,true,0
33481,0,0,68663280,118992400,50329120,0,95,95,true,0
33482,0,0,68663280,118992400,50329120,0,102,102,true,0
33483,0,0,68663280,118992400,50329120,0,106,106,true,0
33484,0,0,68663280,118992400,50329120,0,104,104,true,0
33485,0,0,68663280,118997400,50334120,0,0,100,false,0
33486,0,0,68663280,119002450,50339170,0,0,101,false,0
33487,0,0,68663280,119007300,50344020,0,0,97,false,0
33488,0,0,68769900,119012450,50242550,0,0,103,false,0
33489,0,0,68769900,119017250,50247350,0,0,96,false,0
33490,0,0,68769900,119022150,50252250,0,0,98,false,0
33491,0,0,68769900,119026150,50256250,0,0,80,false,0
33492,0,0,68769900,119031300,50261400,0,8,111,false,0
33493,0,0,68769900,119031300,50261400,0,103,103,true,0
33494,0,0,68769900,119036450,50266550,0,2,105,false,0
33495,0,0,68769900,119041550,50271650,0,0,102,false,0
33496,0,0,68769900,119045950,50276050,0,0,88,false,0
33497,0,0,68769900,119051100,50281200,0,5,108,false,0
33498,0,0,68769900,119051100,50281200,0,109,109,true,0
33499,0,0,68769900,119056250,50286350,0,5,108,false,0
33500,0,0,68769900,119061400,50291500,0,0,103,false,0
33501,0,0,68769900,119066150,50296250,0,0,95,false,0
33502,0,0,68769900,119071300,50301400,0,8,111,false,0
33503,0,0,68769900,119076450,50306550,0,20,123,false,0
33504,0,0,68769900,119076450,50306550,0,117,117,true,0
33505,0,0,68769900,119076450,50306550,0,107,107,true,0
33506,0,0,68769900,119076450,50306550,0,109,109,true,0
33507,0,0,68769900,119076450,50306550,0,88,88,true,0
33508,0,0,68769900,119076450,50306550,0,91,91,true,0
33509,0,0,68769900,119076450,50306550,0,94,94,true,0
33510,0,0,68769900,119080700,50310800,0,0,85,false,0
33511,0,0,68769900,119085500,50315600,0,0,96,false,0
33512,0,0,68769900,119089600,50319700,0,0,82,false,0
33513,0,0,68769900,119094500,50324600,0,0,98,false,0
33514,0,0,68769900,119099350,50329450,0,0,97,false,0
33515,0,0,68769900,119104450,50334550,0,0,102,false,0
33516,0,0,68769900,119109600,50339700,0,22,125,false,0
33517,0,0,68769900,119109600,50339700,0,105,105,true,0
33518,0,0,68769900,119109600,50339700,0,94,94,true,0
33519,0,0,68769900,119109600,50339700,0,103,103,true,0
33520,0,0,68769900,119114200,50344300,0,0,92,false,0
33521,0,0,68769900,119119300,50349400,0,0,102,false,0
33522,0,0,68769900,119124450,50354550,0,7,110,false,0
33523,0,0,68769900,119128500,50358600,0,0,81,false,0
33524,0,0,68769900,119133450,50363550,0,0,99,false,0
33525,0,0,68769900,119133450,50363550,0,102,102,true,0
33526,0,0,68769900,119138600,50368700,0,8,111,false,0
33527,0,0,68769900,119143300,50373400,0,0,94,false,0
33528,0,0,68769900,119148400,50378500,0,0,102,false,0
33529,0,0,68769900,119153100,50383200,0,0,94,false,0
33530,0,0,68769900,119158250,50388350,0,0,103,false,0
33531,0,0,68769900,119163100,50393200,0,0,97,false,0
33532,0,0,68769900,119168000,50398100,0,0,98,false,0
33533,0,0,68769900,119172900,50403000,0,0,98,false,0
33534,0,0,68769900,119177750,50407850,0,0,97,false,0
33535,0,0,68769900,119182900,50413000,0,5,108,false,0
33536,0,0,68769900,119188050,50418150,0,7,110,false,0
33537,0,0,68769900,119193050,50423150,0,0,100,false,0
33538,0,0,68769900,119197600,50427700,0,0,91,false,0
33539,0,0,68769900,119202450,50432550,0,0,97,false,0
33540,0,0,68876520,119206750,50330230,0,0,86,false,0
33541,0,0,68876520,119211200,50334680,0,0,89,false,0
33542,0,0,68876520,119215700,50339180,0,0,90,false,0
33543,0,0,68876520,119215700,50339180,0,107,107,true,0
33544,0,0,68876520,119215700,50339180,0,89,89,true,0
33545,0,0,68876520,119220300,50343780,0,0,92,false,0
33546,0,0,68876520,119225150,50348630,0,0,97,false,0
33547,0,0,68876520,119230300,50353780,0,0,103,false,0
33548,0,0,68876520,119235450,50358930,0,1,104,false,0
33549,0,0,68876520,119240000,50363480,0,0,91,false,0
33550,0,0,68876520,119245150,50368630,0,1,104,false,0
33551,0,0,68876520,119249850,50373330,0,0,94,false,0
33552,0,0,68876520,119254550,50378030,0,0,94,false,0
33553,0,0,68876520,119254550,50378030,0,94,94,true,0
33554,0,0,68876520,119259500,50382980,0,0,99,false,0
33555,0,0,68876520,119264550,50388030,0,0,101,false,0
33556,0,0,68876520,119264550,50388030,0,102,102,true,0
33557,0,0,68876520,119264550,50388030,0,108,108,true,0
33558,0,0,68876520,119269600,50393080,0,0,101,false,0
33559,0,0,68876520,119274400,50397880,0,0,96,false,0
33560,0,0,68876520,119279350,50402830,0,0,99,false,0
33561,0,0,68876520,119284100,50407580,0,0,95,false,0
33562,0,0,68876520,119289100,50412580,0,0,100,false,0
33563,0,0,68876520,119289100,50412580,0,95,95,true,0
33564,0,0,68876520,119289100,50412580,0,91,91,true,0
33565,0,0,68876520,119294250,50417730,0,2,105,false,0
33566,0,0,68876520,119299400,50422880,0,7,110,false,0
33567,0,0,68876520,119304350,50427830,0,0,99,false,0
33568,0,0,68876520,119304350,50427830,0,81,81,true,0
33569,0,0,68876520,119304350,50427830,0,110,110,true,0
33570,0,0,68876520,119309050,50432530,0,0,94,false,0
33571,0,0,68876520,119313850,50437330,0,0,96,false,0
33572,0,0,68876520,119318000,50441480,0,0,83,false,0
33573,0,0,68876520,119322150,50445630,0,0,83,false,0
33574,0,0,68876520,119327300,50450780,0,12,115,false,0
33575,0,0,68876520,119332200,50455680,0,0,98,false,0
33576,0,0,68876520,119337350,50460830,0,9,112,false,0
33577,0,0,68876520,119342500,50465980,0,6,109,false,0
33578,0,0,68876520,119347300,50470780,0,0,96,false,0
33579,0,0,68876520,119352450,50475930,0,0,103,false,0
33580,0,0,68876520,119357600,50481080,0,2,105,false,0
33581,0,0,68876520,119362750,50486230,0,13,116,false,0
33582,0,0,68876520,119367450,50490930,0,0,94,false,0
33583,0,0,68876520,119372600,50496080,0,6,109,false,0
33584,0,0,68876520,119372600,50496080,0,79,79,true,0
33585,0,0,68876520,119372600,50496080,0,93,93,true,0
33586,0,0,68876520,119372600,50496080,0,104,104,true,0
33587,0,0,68876520,119372600,50496080,0,97,97,true,0
33588,0,0,68876520,119376950,50500430,0,0,87,false,0
33589,0,0,68876520,119381500,50504980,0,0,91,false,0
33590,0,0,68876520,119386200,50509680,0,0,94,false,0
33591,0,0,68876520,119391050,50514530,0,0,97,false,0
33592,0,0,68983140,119396000,50412860,0,0,99,false,0
33593,0,0,68983140,119400850,50417710,0,0,97,false,0
33594,0,0,68983140,119405850,50422710,0,0,100,false,0
33595,0,0,68983140,119411000,50427860,0,2,105,false,0
33596,0,0,68983140,119416100,50432960,0,0,102,false,0
33597,0,0,68983140,119421200,50438060,0,0,102,false,0
33598,0,0,68983140,119426000,50442860,0,0,96,false,0
33599,0,0,68983140,119430350,50447210,0,0,87,false,0
33600,0,0,68983140,119435100,50451960,0,0,95,false,0
33601,0,0,68983140,119439200,50456060,0,0,82,false,0
33602,0,0,68983140,119444350,50461210,0,0,103,false,0
33603,0,0,68983140,119449500,50466360,0,5,108,false,0
33604,0,0,68983140,119449500,50466360,0,111,111,true,0
33605,0,0,68983140,119449500,50466360,0,118,118,true,0
33606,0,0,68983140,119449500,50466360,0,113,113,true,0
33607,0,0,68983140,119449500,50466360,0,94,94,true,0
33608,0,0,68983140,119454650,50471510,0,11,114,false,0
33609,0,0,68983140,119459100,50475960,0,0,89,false,0
33610,0,0,68983140,119464250,50481110,0,6,109,false,0
33611,0,0,68983140,119464250,50481110,0,91,91,true,0
33612,0,0,68983140,119468700,50485560,0,0,89,false,0
33613,0,0,68983140,119473850,50490710,0,11,114,false,0
33614,0,0,68983140,119479000,50495860,0,9,112,false,0
33615,0,0,68983140,119483350,50500210,0,0,87,false,0
33616,0,0,68983140,119488400,50505260,0,0,101,false,0
33617,0,0,68983140,119493100,50509960,0,0,94,false,0
33618,0,0,68983140,119497500,50514360,0,0,88,false,0
33619,0,0,68983140,119497500,50514360,0,109,109,true,0
33620,0,0,68983140,119502650,50519510,0,1,104,false,0
33621,0,0,68983140,119507450,50524310,0,0,96,false,0
33622,0,0,68983140,119512600,50529460,0,1,104,false,0
33623,0,0,68983140,119517600,50534460,0,0,100,false,0
33624,0,0,68983140,119522500,50539360,0,0,98,false,0
33625,0,0,68983140,119527550,50544410,0,0,101,false,0
33626,0,0,68983140,119532700,50549560,0,5,108,false,0
33627,0,0,68983140,119537850,50554710,0,18,121,false,0
33628,0,0,68983140,119537850,50554710,0,105,105,true,0
33629,0,0,68983140,119537850,50554710,0,96,96,true,0
33630,0,0,68983140,119537850,50554710,0,93,93,true,0
33631,0,0,68983140,119542200,50559060,0,0,87,false,0
33632,0,0,68983140,119547050,50563910,0,0,97,false,0
33633,0,0,68983140,119551350,50568210,0,0,86,false,0
33634,0,0,68983140,119551350,50568210,0,91,91,true,0
33635,0,0,68983140,119551350,50568210,0,96,96,true,0
33636,0,0,68983140,119551350,50568210,0,101,101,true,0
33637,0,0,68983140,119556500,50573360,0,1,104,false,0
33638,0,0,68983140,119560650,50577510,0,0,83,false,0
33639,0,0,68983140,119565800,50582660,0,19,122,false,0
33640,0,0,68983140,119570650,50587510,0,0,97,false,0
33641,0,0,68983140,119575150,50592010,0,0,90,false,0
33642,0,0,68983140,119575150,50592010,0,118,118,true,0
33643,0,0,68983140,119579350,50596210,0,0,84,false,0
33644,0,0,69089760,119584350,50494590,0,0,100,false,0
33645,0,0,69089760,119589150,50499390,0,0,96,false,0
33646,0,0,69089760,119594100,50504340,0,0,99,false,0
33647,0,0,69089760,119599150,50509390,0,0,101,false,0
33648,0,0,69089760,119604300,50514540,0,0,103,false,0
33649,0,0,69089760,119604300,50514540,0,95,95,true,0
33650,0,0,69089760,119609000,50519240,0,0,94,false,0
33651,0,0,69089760,119613900,50524140,0,0,98,false,0
33652,0,0,69089760,119619050,50529290,0,8,111,false,0
33653,0,0,69089760,119624200,50534440,0,3,106,false,0
33654,0,0,69089760,119629350,50539590,0,9,112,false,0
33655,0,0,69089760,119634450,50544690,0,0,102,false,0
33656,0,0,69089760,119639200,50549440,0,0,95,false,0
33657,0,0,69089760,119644200,50554440,0,0,100,false,0
33658,0,0,69089760,119649350,50559590,0,2,105,false,0
33659,0,0,69089760,119654100,50564340,0,0,95,false,0
33660,0,0,69089760,119659250,50569490,0,2,105,false,0
33661,0,0,69089760,119664400,50574640,0,11,114,false,0
33662,0,0,69089760,119669100,50579340,0,0,94,false,0
33663,0,0,69089760,119673350,50583590,0,0,85,false,0
33664,0,0,69089760,119677950,50588190,0,0,92,false,0
33665,0,0,69089760,119682550,50592790,0,0,92,false,0
33666,0,0,69089760,119687600,50597840,0,0,101,false,0
33667,0,0,69089760,119692450,50602690,0,0,97,false,0
33668,0,0,69089760,119697600,50607840,0,3,106,false,0
33669,0,0,69089760,119702000,50612240,0,0,88,false,0
33670,0,0,69089760,119705200,50615440,0,0,64,false,0
33671,0,0,69089760,119710250,50620490,0,0,101,false,0
33672,0,0,69089760,119714900,50625140,0,0,93,false,0
33673,0,0,69089760,119714900,50625140,0,96,96,true,0
33674,0,0,69089760,119720050,50630290,0,0,103,false,0
33675,0,0,69089760,119724850,50635090,0,0,96,false,0
33676,0,0,69089760,119729850,50640090,0,0,100,false,0
33677,0,0,69089760,119734200,50644440,0,0,87,false,0
33678,0,0,69089760,119738450,50648690,0,0,85,false,0
33679,0,0,69089760,119743500,50653740,0,0,101,false,0
33680,0,0,69089760,119748150,50658390,0,0,93,false,0
33681,0,0,69089760,119753300,50663540,0,1,104,false,0
33682,0,0,69089760,119758450,50668690,0,0,103,false,0
33683,0,0,69089760,119763000,50673240,0,0,91,false,0
33684,0,0,69089760,119767800,50678040,0,0,96,false,0
33685,0,0,69089760,119772900,50683140,0,0,102,false,0
33686,0,0,69089760,119777550,50687790,0,0,93,false,0
33687,0,0,69089760,119782300,50692540,0,0,95,false,0
33688,0,0,69089760,119786950,50697190,0,0,93,false,0
33689,0,0,69089760,119791350,50701590,0,0,88,false,0
33690,0,0,69089760,119796050,50706290,0,0,94,false,0
33691,0,0,69089760,119801200,50711440,0,2,105,false,0
33692,0,0,69089760,119806250,50716490,0,0,101,false,0
33693,0,0,69089760,119811200,50721440,0,0,99,false,0
33694,0,0,69089760,119816350,50726590,0,4,107,false,0
33695,0,0,69089760,119821500,50731740,0,9,112,false,0
33696,0,0,69196380,119826550,50630170,0,0,101,false,0
33697,0,0,69196380,119831300,50634920,0,0,95,false,0
33698,0,0,69196380,119835850,50639470,0,0,91,false,0
33699,0,0,69196380,119835850,50639470,0,123,123,true,0
33700,0,0,69196380,119835850,50639470,0,108,108,true,0
33701,0,0,69196380,119835850,50639470,0,104,104,true,0
33702,0,0,69196380,119841000,50644620,0,2,105,false,0
33703,0,0,69196380,119846150,50649770,0,4,107,false,0
33704,0,0,69196380,119851100,50654720,0,0,99,false,0
33705,0,0,69196380,119855700,50659320,0,0,92,false,0
33706,0,0,69196380,119860850,50664470,0,8,111,false,0
33707,0,0,69196380,119865350,50668970,0,0,90,false,0
33708,0,0,69196380,119870500,50674120,0,3,106,false,0
33709,0,0,69196380,119870500,50674120,0,112,112,true,0
33710,0,0,69196380,119875650,50679270,0,1,104,false,0
33711,0,0,69196380,119880800,50684420,0,3,106,false,0
33712,0,0,69196380,119885200,50688820,0,0,88,false,0
33713,0,0,69196380,119890200,50693820,0,0,100,false,0
33714,0,0,69196380,119894900,50698520,0,0,94,false,0
33715,0,0,69196380,119899350,50702970,0,0,89,false,0
33716,0,0,69196380,119899350,50702970,0,86,86,true,0
33717,0,0,69196380,119904500,50708120,0,13,116,false,0
33718,0,0,69196380,119909650,50713270,0,1,104,false,0
33719,0,0,69196380,119914800,50718420,0,6,109,false,0
33720,0,0,69196380,119919950,50723570,0,4,107,false,0
33721,0,0,69196380,119919950,50723570,0,101,101,true,0
33722,0,0,69196380,119925000,50728620,0,0,101,false,0
33723,0,0,69196380,119929950,50733570,0,0,99,false,0
33724,0,0,69196380,119929950,50733570,0,100,100,true,0
33725,0,0,69196380,119934050,50737670,0,0,82,false,0
33726,0,0,69196380,119939200,50742820,0,2,105,false,0
33727,0,0,69196380,119944350,50747970,0,0,103,false,0
33728,0,0,69196380,119949350,50752970,0,0,100,false,0
33729,0,0,69196380,119954350,50757970,0,0,100,false,0
33730,0,0,69196380,119959500,50763120,0,10,113,false,0
33731,0,0,69196380,119959500,50763120,0,93,93,true,0
33732,0,0,69196380,119959500,50763120,0,114,114,true,0
33733,0,0,69196380,119959500,50763120,0,89,89,true,0
33734,0,0,69196380,119959500,50763120,0,97,97,true,0
33735,0,0,69196380,119959500,50763120,0,96,96,true,0
33736,0,0,69196380,119959500,50763120,0,99,99,true,0
33737,0,0,69196380,119959500,50763120,0,104,104,true,0
33738,0,0,69196380,119964500,50768120,0,0,100,false,0
33739,0,0,69196380,119969050,50772670,0,0,91,false,0
33740,0,0,69196380,119969050,50772670,0,90,90,true,0
33741,0,0,69196380,119969050,50772670,0,107,107,true,0
33742,0,0,69196380,119969050,50772670,0,108,108,true,0
33743,0,0,69196380,119969050,50772670,0,102,102,true,0
33744,0,0,69196380,119969050,50772670,0,111,111,true,0
33745,0,0,69196380,119969050,50772670,0,87,87,true,0
33746,0,0,69196380,119969050,50772670,0,109,109,true,0
33747,0,0,69196380,119974200,50777820,0,0,103,false,0
33748,0,0,69303000,119979000,50676000,0,0,96,false,0
33749,0,0,69303000,119984100,50681100,0,0,102,false,0
33750,0,0,69303000,119988900,50685900,0,0,96,false,0
33751,0,0,69303000,119994050,50691050,0,3,106,false,0
33752,0,0,69303000,119998900,50695900,0,0,97,false,0
33753,0,0,69303000,120003350,50700350,0,0,89,false,0
33754,0,0,69303000,120008500,50705500,0,0,103,false,0
33755,0,0,69303000,120013500,50710500,0,0,100,false,0
33756,0,0,69303000,120018150,50715150,0,0,93,false,0
33757,0,0,69303000,120023050,50720050,0,0,98,false,0
33758,0,0,69303000,120028200,50725200,0,0,103,false,0
33759,0,0,69303000,120028200,50725200,0,95,95,true,0
33760,0,0,69303000,120028200,50725200,0,101,101,true,0
33761,0,0,69303000,120033050,50730050,0,0,97,false,0
33762,0,0,69303000,120037350,50734350,0,0,86,false,0
33763,0,0,69303000,120042500,50739500,0,3,106,false,0
33764,0,0,69303000,120042500,50739500,0,85,85,true,0
33765,0,0,69303000,120042500,50739500,0,98,98,true,0
33766,0,0,69303000,120047650,50744650,0,0,103,false,0
33767,0,0,69303000,120052800,50749800,0,0,103,false,0
33768,0,0,69303000,120057550,50754550,0,0,95,false,0
33769,0,0,69303000,120062700,50759700,0,0,103,false,0
33770,0,0,69303000,120067600,50764600,0,0,98,false,0
33771,0,0,69303000,120072750,50769750,0,6,109,false,0
33772,0,0,69303000,120077900,50774900,0,25,128,false,0
33773,0,0,69303000,120083050,50780050,0,2,105,false,0
33774,0,0,69303000,120088200,50785200,0,3,106,false,0
33775,0,0,69303000,120093350,50790350,0,4,107,false,0
33776,0,0,69303000,120098400,50795400,0,0,101,false,0
33777,0,0,69303000,120103200,50800200,0,0,96,false,0
33778,0,0,69303000,120107700,50804700,0,0,90,false,0
33779,0,0,69303000,120112100,50809100,0,0,88,false,0
33780,0,0,69303000,120112100,50809100,0,106,106,true,0
33781,0,0,69303000,120112100,50809100,0,109,109,true,0
33782,0,0,69303000,120112100,50809100,0,122,122,true,0
33783,0,0,69303000,120112100,50809100,0,104,104,true,0
33784,0,0,69303000,120117250,50814250,0,24,127,false,0
33785,0,0,69303000,120121800,50818800,0,0,91,false,0
33786,0,0,69303000,120126950,50823950,0,16,119,false,0
33787,0,0,69303000,120132100,50829100,0,6,109,false,0
33788,0,0,69303000,120136900,50833900,0,0,96,false,0
33789,0,0,69303000,120142050,50839050,0,4,107,false,0
33790,0,0,69303000,120142050,50839050,0,89,89,true,0
33791,0,0,69303000,120142050,50839050,0,88,88,true,0
33792,0,0,69303000,120147200,50844200,0,12,115,false,0
33793,0,0,69303000,120152350,50849350,0,2,105,false,0
33794,0,0,69303000,120157500,50854500,0,10,113,false,0
33795,0,0,69303000,120157500,50854500,0,80,80,true,0
33796,0,0,69303000,120157500,50854500,0,97,97,true,0
33797,0,0,69303000,120157500,50854500,0,93,93,true,0
33798,0,0,69303000,120157500,50854500,0,98,98,true,0
33799,0,0,69303000,120157500,50854500,0,89,89,true,0
33800,0,0,69409620,120157500,50747880,0,96,96,true,0
33801,0,0,69409620,120162200,50752580,0,0,94,false,0
33802,0,0,69409620,120166050,50756430,0,0,77,false,0
33803,0,0,69409620,120171200,50761580,0,3,106,false,0
33804,0,0,69409620,120176150,50766530,0,0,99,false,0
33805,0,0,69409620,120181300,50771680,0,1,104,false,0
33806,0,0,69409620,120186300,50776680,0,0,100,false,0
33807,0,0,69409620,120190550,50780930,0,0,85,false,0
33808,0,0,69409620,120190550,50780930,0,103,103,true,0
33809,0,0,69409620,120195450,50785830,0,0,98,false,0
33810,0,0,69409620,120199250,50789630,0,0,76,false,0
33811,0,0,69409620,120204150,50794530,0,0,98,false,0
33812,0,0,69409620,120204150,50794530,0,92,92,true,0
33813,0,0,69409620,120204150,50794530,0,94,94,true,0
33814,0,0,69409620,120208750,50799130,0,0,92,false,0
33815,0,0,69409620,120213900,50804280,0,1,104,false,0
33816,0,0,69409620,120218750,50809130,0,0,97,false,0
33817,0,0,69409620,120223800,50814180,0,0,101,false,0
33818,0,0,69409620,120228950,50819330,0,1,104,false,0
33819,0,0,69409620,120233650,50824030,0,0,94,false,0
33820,0,0,69409620,120238800,50829180,0,3,106,false,0
33821,0,0,69409620,120243950,50834330,0,0,103,false,0
33822,0,0,69409620,120249100,50839480,0,10,113,false,0
33823,0,0,69409620,120254150,50844530,0,0,101,false,0
33824,0,0,69409620,120259300,50849680,0,2,105,false,0
33825,0,0,69409620,120259300,50849680,0,96,96,true,0
33826,0,0,69409620,120264450,50854830,0,7,110,false,0
33827,0,0,69409620,120269200,50859580,0,0,95,false,0
33828,0,0,69409620,120273750,50864130,0,0,91,false,0
33829,0,0,69409620,120273750,50864130,0,99,99,true,0
33830,0,0,69409620,120278900,50869280,0,5,108,false,0
33831,0,0,69409620,120283450,50873830,0,0,91,false,0
33832,0,0,69409620,120288600,50878980,0,11,114,false,0
33833,0,0,69409620,120293750,50884130,0,2,105,false,0
33834,0,0,69409620,120298600,50888980,0,0,97,false,0
33835,0,0,69409620,120303750,50894130,0,0,103,false,0
33836,0,0,69409620,120308300,50898680,0,0,91,false,0
33837,0,0,69409620,120308300,50898680,0,106,106,true,0
33838,0,0,69409620,120308300,50898680,0,77,77,true,0
33839,0,0,69409620,120308300,50898680,0,122,122,true,0
33840,0,0,69409620,120308300,50898680,0,121,121,true,0
33841,0,0,69409620,120313450,50903830,0,4,107,false,0
33842,0,0,69409620,120317700,50908080,0,0,85,false,0
33843,0,0,69409620,120322250,50912630,0,0,91,false,0
33844,0,0,69409620,120327400,50917780,0,0,103,false,0
33845,0,0,69409620,120332150,50922530,0,0,95,false,0
33846,0,0,69409620,120337200,50927580,0,0,101,false,0
33847,0,0,69409620,120342000,50932380,0,0,96,false,0
33848,0,0,69409620,120347150,50937530,0,3,106,false,0
33849,0,0,69409620,120352150,50942530,0,0,100,false,0
33850,0,0,69409620,120356550,50946930,0,0,88,false,0
33851,0,0,69409620,120361700,50952080,0,11,114,false,0
33852,0,0,69516240,120366750,50850510,0,0,101,false,0
33853,0,0,69516240,120371850,50855610,0,0,102,false,0
33854,0,0,69516240,120377000,50860760,0,3,106,false,0
33855,0,0,69516240,120377000,50860760,0,107,107,true,0
33856,0,0,69516240,120381200,50864960,0,0,84,false,0
33857,0,0,69516240,120386250,50870010,0,0,101,false,0
33858,0,0,69516240,120391300,50875060,0,0,101,false,0
33859,0,0,69516240,120396450,50880210,0,7,110,false,0
33860,0,0,69516240,120400600,50884360,0,0,83,false,0
33861,0,0,69516240,120400600,50884360,0,97,97,true,0
33862,0,0,69516240,120405250,50889010,0,0,93,false,0
33863,0,0,69516240,120409750,50893510,0,0,90,false,0
33864,0,0,69516240,120414900,50898660,0,10,113,false,0
33865,0,0,69516240,120420050,50903810,0,0,103,false,0
33866,0,0,69516240,120424350,50908110,0,0,86,false,0
33867,0,0,69516240,120429500,50913260,0,3,106,false,0
33868,0,0,69516240,120429500,50913260,0,87,87,true,0
33869,0,0,69516240,120433400,50917160,0,0,78,false,0
33870,0,0,69516240,120438250,50922010,0,0,97,false,0
33871,0,0,69516240,120438250,50922010,0,108,108,true,0
33872,0,0,69516240,120443150,50926910,0,0,98,false,0
33873,0,0,69516240,120447700,50931460,0,0,91,false,0
33874,0,0,69516240,120447700,50931460,0,100,100,true,0
33875,0,0,69516240,120447700,50931460,0,96,96,true,0
33876,0,0,69516240,120447700,50931460,0,88,88,true,0
33877,0,0,69516240,120447700,50931460,0,93,93,true,0
33878,0,0,69516240,120447700,50931460,0,125,125,true,0
33879,0,0,69516240,120447700,50931460,0,85,85,true,0
33880,0,0,69516240,120447700,50931460,0,95,95,true,0
33881,0,0,69516240,120452850,50936610,0,13,116,false,0
33882,0,0,69516240,120457950,50941710,0,0,102,false,0
33883,0,0,69516240,120462800,50946560,0,0,97,false,0
33884,0,0,69516240,120467800,50951560,0,0,100,false,0
33885,0,0,69516240,120472250,50956010,0,0,89,false,0
33886,0,0,69516240,120476700,50960460,0,0,89,false,0
33887,0,0,69516240,120481050,50964810,0,0,87,false,0
33888,0,0,69516240,120485900,50969660,0,0,97,false,0
33889,0,0,69516240,120490600,50974360,0,0,94,false,0
33890,0,0,69516240,120494650,50978410,0,0,81,false,0
33891,0,0,69516240,120499800,50983560,0,2,105,false,0
33892,0,0,69516240,120504350,50988110,0,0,91,false,0
33893,0,0,69516240,120509050,50992810,0,0,94,false,0
33894,0,0,69516240,120509050,50992810,0,112,112,true,0
33895,0,0,69516240,120509050,50992810,0,96,96,true,0
33896,0,0,69516240,120509050,50992810,0,91,91,true,0
33897,0,0,69516240,120509050,50992810,0,84,84,true,0
33898,0,0,69516240,120514200,50997960,0,10,113,false,0
33899,0,0,69516240,120519200,51002960,0,0,100,false,0
33900,0,0,69516240,120524350,51008110,0,10,113,false,0
33901,0,0,69516240,120529050,51012810,0,0,94,false,0
33902,0,0,69516240,120533700,51017460,0,0,93,false,0
33903,0,0,69516240,120538250,51022010,0,0,91,false,0
33904,0,0,69622860,120543050,50920190,0,0,96,false,0
33905,0,0,69622860,120547200,50924340,0,0,83,false,0
33906,0,0,69622860,120552150,50929290,0,0,99,false,0
33907,0,0,69622860,120557300,50934440,0,3,106,false,0
33908,0,0,69622860,120561150,50938290,0,0,77,false,0
33909,0,0,69622860,120566300,50943440,0,12,115,false,0
33910,0,0,69622860,120571450,50948590,0,5,108,false,0
33911,0,0,69622860,120576250,50953390,0,0,96,false,0
33912,0,0,69622860,120580800,50957940,0,0,91,false,0
33913,0,0,69622860,120580800,50957940,0,103,103,true,0
33914,0,0,69622860,120580800,50957940,0,90,90,true,0
33915,0,0,69622860,120580800,50957940,0,98,98,true,0
33916,0,0,69622860,120585950,50963090,0,7,110,false,0
33917,0,0,69622860,120591100,50968240,0,0,103,false,0
33918,0,0,69622860,120596250,50973390,0,20,123,false,0
33919,0,0,69622860,120601200,50978340,0,0,99,false,0
33920,0,0,69622860,120606300,50983440,0,0,102,false,0
33921,0,0,69622860,120611000,50988140,0,0,94,false,0
33922,0,0,69622860,120616150,50993290,0,12,115,false,0
33923,0,0,69622860,120621300,50998440,0,7,110,false,0
33924,0,0,69622860,120626450,51003590,0,4,107,false,0
33925,0,0,69622860,120630400,51007540,0,0,79,false,0
33926,0,0,69622860,120635350,51012490,0,0,99,false,0
33927,0,0,69622860,120635350,51012490,0,80,80,true,0
33928,0,0,69622860,120635350,51012490,0,101,101,true,0
33929,0,0,69622860,120640500,51017640,0,5,108,false,0
33930,0,0,69622860,120645600,51022740,0,0,102,false,0
33931,0,0,69622860,120650400,51027540,0,0,96,false,0
33932,0,0,69622860,120655250,51032390,0,0,97,false,0
33933,0,0,69622860,120660400,51037540,0,9,112,false,0
33934,0,0,69622860,120665200,51042340,0,0,96,false,0
33935,0,0,69622860,120670350,51047490,0,14,117,false,0
33936,0,0,69622860,120675100,51052240,0,0,95,false,0
33937,0,0,69622860,120680250,51057390,0,0,103,false,0
33938,0,0,69622860,120685200,51062340,0,0,99,false,0
33939,0,0,69622860,120689300,51066440,0,0,82,false,0
33940,0,0,69622860,120693800,51070940,0,0,90,false,0
33941,0,0,69622860,120698000,51075140,0,0,84,false,0
33942,0,0,69622860,120702850,51079990,0,0,97,false,0
33943,0,0,69622860,120708000,51085140,0,3,106,false,0
33944,0,0,69622860,120713000,51090140,0,0,100,false,0
33945,0,0,69622860,120718150,51095290,0,6,109,false,0
33946,0,0,69622860,120723300,51100440,0,5,108,false,0
33947,0,0,69622860,120728000,51105140,0,0,94,false,0
33948,0,0,69622860,120732800,51109940,0,0,96,false,0
33949,0,0,69622860,120737900,51115040,0,0,102,false,0
33950,0,0,69622860,120737900,51115040,0,99,99,true,0
33951,0,0,69622860,120737900,51115040,0,105,105,true,0
33952,0,0,69622860,120742950,51120090,0,0,101,false,0
33953,0,0,69622860,120747700,51124840,0,0,95,false,0
33954,0,0,69622860,120752750,51129890,0,0,101,false,0
33955,0,0,69622860,120757900,51135040,0,11,114,false,0
33956,0,0,69729480,120763050,51033570,0,5,108,false,0
33957,0,0,69729480,120767750,51038270,0,0,94,false,0
33958,0,0,69729480,120767750,51038270,0,98,98,true,0
33959,0,0,69729480,120772900,51043420,0,11,114,false,0
33960,0,0,69729480,120777750,51048270,0,0,97,false,0
33961,0,0,69729480,120782900,51053420,0,12,115,false,0
33962,0,0,69729480,120788050,51058570,0,10,113,false,0
33963,0,0,69729480,120793200,51063720,0,5,108,false,0
33964,0,0,69729480,120798350,51068870,0,8,111,false,0
33965,0,0,69729480,120802800,51073320,0,0,89,false,0
33966,0,0,69729480,120807250,51077770,0,0,89,false,0
33967,0,0,69729480,120811850,51082370,0,0,92,false,0
33968,0,0,69729480,120816450,51086970,0,0,92,false,0
33969,0,0,69729480,120821350,51091870,0,0,98,false,0
33970,0,0,69729480,120821350,51091870,0,112,112,true,0
33971,0,0,69729480,120826000,51096520,0,0,93,false,0
33972,0,0,69729480,120831150,51101670,0,2,105,false,0
33973,0,0,69729480,120836300,51106820,0,3,106,false,0
33974,0,0,69729480,120841450,51111970,0,3,106,false,0
33975,0,0,69729480,120846150,51116670,0,0,94,false,0
33976,0,0,69729480,120851300,51121820,0,0,103,false,0
33977,0,0,69729480,120855600,51126120,0,0,86,false,0
33978,0,0,69729480,120855600,51126120,0,100,100,true,0
33979,0,0,69729480,120855600,51126120,0,91,91,true,0
33980,0,0,69729480,120855600,51126120,0,109,109,true,0
33981,0,0,69729480,120855600,51126120,0,104,104,true,0
33982,0,0,69729480,120855600,51126120,0,111,111,true,0
33983,0,0,69729480,120855600,51126120,0,111,111,true,0
33984,0,0,69729480,120855600,51126120,0,94,94,true,0
33985,0,0,69729480,120855600,51126120,0,110,110,true,0
33986,0,0,69729480,120855600,51126120,0,98,98,true,0
33987,0,0,69729480,120855600,51126120,0,74,74,true,0
33988,0,0,69729480,120860750,51131270,0,9,112,false,0
33989,0,0,69729480,120865900,51136420,0,0,103,false,0
33990,0,0,69729480,120871050,51141570,0,3,106,false,0
33991,0,0,69729480,120875950,51146470,0,0,98,false,0
33992,0,0,69729480,120881100,51151620,0,8,111,false,0
33993,0,0,69729480,120885550,51156070,0,0,89,false,0
33994,0,0,69729480,120890550,51161070,0,0,100,false,0
33995,0,0,69729480,120895400,51165920,0,0,97,false,0
33996,0,0,69729480,120900550,51171070,0,5,108,false,0
33997,0,0,69729480,120905700,51176220,0,8,111,false,0
33998,0,0,69729480,120910700,51181220,0,0,100,false,0
33999,0,0,69729480,120915350,51185870,0,0,93,false,0
34000,0,0,69729480,120920300,51190820,0,0,99,false,0
34001,0,0,69729480,120925150,51195670,0,0,97,false,0
34002,0,0,69729480,120925150,51195670,0,110,110,true,0
34003,0,0,69729480,120925150,51195670,0,84,84,true,0
34004,0,0,69729480,120930150,51200670,0,0,100,false,0
34005,0,0,69729480,120935000,51205520,0,0,97,false,0
34006,0,0,69729480,120935000,51205520,0,105,105,true,0
34007,0,0,69729480,120935000,51205520,0,107,107,true,0
34008,0,0,69836100,120940100,51104000,0,0,102,false,0
34009,0,0,69836100,120945250,51109150,0,6,109,false,0
34010,0,0,69836100,120950400,51114300,0,6,109,false,0
34011,0,0,69836100,120954800,51118700,0,0,88,false,0
34012,0,0,69836100,120954800,51118700,0,89,89,true,0
34013,0,0,69836100,120959950,51123850,0,5,108,false,0
34014,0,0,69836100,120965050,51128950,0,0,102,false,0
34015,0,0,69836100,120970200,51134100,0,2,105,false,0
34016,0,0,69836100,120970200,51134100,0,90,90,true,0
34017,0,0,69836100,120974600,51138500,0,0,88,false,0
34018,0,0,69836100,120979450,51143350,0,0,97,false,0
34019,0,0,69836100,120984100,51148000,0,0,93,false,0
34020,0,0,69836100,120988750,51152650,0,0,93,false,0
34021,0,0,69836100,120993550,51157450,0,0,96,false,0
34022,0,0,69836100,120998150,51162050,0,0,92,false,0
34023,0,0,69836100,120998150,51162050,0,91,91,true,0
34024,0,0,69836100,120998150,51162050,0,108,108,true,0
34025,0,0,69836100,120998150,51162050,0,115,115,true,0
34026,0,0,69836100,121003150,51167050,0,0,100,false,0
34027,0,0,69836100,121007750,51171650,0,0,92,false,0
34028,0,0,69836100,121012250,51176150,0,0,90,false,0
34029,0,0,69836100,121016850,51180750,0,0,92,false,0
34030,0,0,69836100,121021600,51185500,0,0,95,false,0
34031,0,0,69836100,121026550,51190450,0,0,99,false,0
34032,0,0,69836100,121031700,51195600,0,7,110,false,0
34033,0,0,69836100,121036850,51200750,0,3,106,false,0
34034,0,0,69836100,121036850,51200750,0,105,105,true,0
34035,0,0,69836100,121036850,51200750,0,90,90,true,0
34036,0,0,69836100,121041750,51205650,0,0,98,false,0
34037,0,0,69836100,121046500,51210400,0,0,95,false,0
34038,0,0,69836100,121051300,51215200,0,0,96,false,0
34039,0,0,69836100,121056450,51220350,0,3,106,false,0
34040,0,0,69836100,121061600,51225500,0,15,118,false,0
34041,0,0,69836100,121066750,51230650,0,2,105,false,0
34042,0,0,69836100,121071900,51235800,0,14,117,false,0
34043,0,0,69836100,121071900,51235800,0,92,92,true,0
34044,0,0,69836100,121071900,51235800,0,96,96,true,0
34045,0,0,69836100,121071900,51235800,0,75,75,true,0
34046,0,0,69836100,121071900,51235800,0,85,85,true,0
34047,0,0,69836100,121076550,51240450,0,0,93,false,0
34048,0,0,69836100,121081700,51245600,0,7,110,false,0
34049,0,0,69836100,121086850,51250750,0,3,106,false,0
34050,0,0,69836100,121091550,51255450,0,0,94,false,0
34051,0,0,69836100,121096700,51260600,0,3,106,false,0
34052,0,0,69836100,121101350,51265250,0,0,93,false,0
34053,0,0,69836100,121106500,51270400,0,15,118,false,0
34054,0,0,69836100,121110800,51274700,0,0,86,false,0
34055,0,0,69836100,121115950,51279850,0,1,104,false,0
34056,0,0,69836100,121119950,51283850,0,0,80,false,0
34057,0,0,69836100,121125100,51289000,0,0,103,false,0
34058,0,0,69836100,121129800,51293700,0,0,94,false,0
34059,0,0,69836100,121134950,51298850,0,8,111,false,0
34060,0,0,69942720,121140100,51197380,0,10,113,false,0
34061,0,0,69942720,121140100,51197380,0,93,93,true,0
34062,0,0,69942720,121140100,51197380,0,101,101,true,0
34063,0,0,69942720,121140100,51197380,0,91,91,true,0
34064,0,0,69942720,121140100,51197380,0,93,93,true,0
34065,0,0,69942720,121140100,51197380,0,96,96,true,0
34066,0,0,69942720,121140100,51197380,0,107,107,true,0
34067,0,0,69942720,121140100,51197380,0,99,99,true,0
34068,0,0,69942720,121140100,51197380,0,95,95,true,0
34069,0,0,69942720,121140100,51197380,0,113,113,true,0
34070,0,0,69942720,121140100,51197380,0,100,100,true,0
34071,0,0,69942720,121144250,51201530,0,0,83,false,0
34072,0,0,69942720,121149150,51206430,0,0,98,false,0
34073,0,0,69942720,121154100,51211380,0,0,99,false,0
34074,0,0,69942720,121158400,51215680,0,0,86,false,0
34075,0,0,69942720,121163550,51220830,0,2,105,false,0
34076,0,0,69942720,121168050,51225330,0,0,90,false,0
34077,0,0,69942720,121173200,51230480,0,12,115,false,0
34078,0,0,69942720,121178150,51235430,0,0,99,false,0
34079,0,0,69942720,121183200,51240480,0,0,101,false,0
34080,0,0,69942720,121188350,51245630,0,6,109,false,0
34081,0,0,69942720,121188350,51245630,0,85,85,true,0
34082,0,0,69942720,121193500,51250780,0,2,105,false,0
34083,0,0,69942720,121198150,51255430,0,0,93,false,0
34084,0,0,69942720,121203300,51260580,0,22,125,false,0
34085,0,0,69942720,121208450,51265730,0,5,108,false,0
34086,0,0,69942720,121213450,51270730,0,0,100,false,0
34087,0,0,69942720,121218350,51275630,0,0,98,false,0
34088,0,0,69942720,121218350,51275630,0,113,113,true,0
34089,0,0,69942720,121218350,51275630,0,85,85,true,0
34090,0,0,69942720,121218350,51275630,0,92,92,true,0
34091,0,0,69942720,121223500,51280780,0,2,105,false,0
34092,0,0,69942720,121228200,51285480,0,0,94,false,0
34093,0,0,69942720,121232050,51289330,0,0,77,false,0
34094,0,0,69942720,121236950,51294230,0,0,98,false,0
34095,0,0,69942720,121242100,51299380,0,14,117,false,0
34096,0,0,69942720,121246550,51303830,0,0,89,false,0
34097,0,0,69942720,121251550,51308830,0,0,100,false,0
34098,0,0,69942720,121256400,51313680,0,0,97,false,0
34099,0,0,69942720,121256400,51313680,0,108,108,true,0
34100,0,0,69942720,121261550,51318830,0,20,123,false,0
34101,0,0,69942720,121266700,51323980,0,2,105,false,0
34102,0,0,69942720,121271800,51329080,0,0,102,false,0
34103,0,0,69942720,121276700,51333980,0,0,98,false,0
34104,0,0,69942720,121280950,51338230,0,0,85,false,0
34105,0,0,69942720,121286100,51343380,0,13,116,false,0
34106,0,0,69942720,121286100,51343380,0,96,96,true,0
34107,0,0,69942720,121291250,51348530,0,8,111,false,0
34108,0,0,69942720,121296150,51353430,0,0,98,false,0
34109,0,0,69942720,121296150,51353430,0,96,96,true,0
34110,0,0,69942720,121300850,51358130,0,0,94,false,0
34111,0,0,69942720,121306000,51363280,0,4,107,false,0
34112,0,0,70049340,121310350,51261010,0,0,87,false,0
34113,0,0,70049340,121315500,51266160,0,4,107,false,0
34114,0,0,70049340,121320650,51271310,0,1,104,false,0
34115,0,0,70049340,121320650,51271310,0,105,105,true,0
34116,0,0,70049340,121320650,51271310,0,116,116,true,0
34117,0,0,70049340,121320650,51271310,0,103,103,true,0
34118,0,0,70049340,121320650,51271310,0,80,80,true,0
34119,0,0,70049340,121320650,51271310,0,111,111,true,0
34120,0,0,70049340,121325700,51276360,0,0,101,false,0
34121,0,0,70049340,121330050,51280710,0,0,87,false,0
34122,0,0,70049340,121330050,51280710,0,89,89,true,0
34123,0,0,70049340,121335050,51285710,0,0,100,false,0
34124,0,0,70049340,121339750,51290410,0,0,94,false,0
34125,0,0,70049340,121343800,51294460,0,0,81,false,0
34126,0,0,70049340,121348700,51299360,0,0,98,false,0
34127,0,0,70049340,121353850,51304510,0,13,116,false,0
34128,0,0,70049340,121359000,51309660,0,15,118,false,0
34129,0,0,70049340,121363750,51314410,0,0,95,false,0
34130,0,0,70049340,121368050,51318710,0,0,86,false,0
34131,0,0,70049340,121372450,51323110,0,0,88,false,0
34132,0,0,70049340,121376600,51327260,0,0,83,false,0
34133,0,0,70049340,121381750,51332410,0,3,106,false,0
34134,0,0,70049340,121386900,51337560,0,16,119,false,0
34135,0,0,70049340,121392050,51342710,0,3,106,false,0
34136,0,0,70049340,121396150,51346810,0,0,82,false,0
34137,0,0,70049340,121401300,51351960,0,2,105,false,0
34138,0,0,70049340,121406400,51357060,0,0,102,false,0
34139,0,0,70049340,121411100,51361760,0,0,94,false,0
34140,0,0,70049340,121416250,51366910,0,6,109,false,0
34141,0,0,70049340,121421400,51372060,0,0,103,false,0
34142,0,0,70049340,121426550,51377210,0,1,104,false,0
34143,0,0,70049340,121426550,51377210,0,88,88,true,0
34144,0,0,70049340,121426550,51377210,0,105,105,true,0
34145,0,0,70049340,121426550,51377210,0,97,97,true,0
34146,0,0,70049340,121431700,51382360,0,6,109,false,0
34147,0,0,70049340,121435900,51386560,0,0,84,false,0
34148,0,0,70049340,121435900,51386560,0,94,94,true,0
34149,0,0,70049340,121435900,51386560,0,96,96,true,0
34150,0,0,70049340,121435900,51386560,0,116,116,true,0
34151,0,0,70049340,121435900,51386560,0,89,89,true,0
34152,0,0,70049340,121435900,51386560,0,88,88,true,0
34153,0,0,70049340,121435900,51386560,0,99,99,true,0
34154,0,0,70049340,121441050,51391710,0,5,108,false,0
34155,0,0,70049340,121446150,51396810,0,0,102,false,0
34156,0,0,70049340,121451100,51401760,0,0,99,false,0
34157,0,0,70049340,121456250,51406910,0,1,104,false,0
34158,0,0,70049340,121461050,51411710,0,0,96,false,0
34159,0,0,70049340,121466150,51416810,0,0,102,false,0
34160,0,0,70049340,121471300,51421960,0,1,104,false,0
34161,0,0,70049340,121475300,51425960,0,0,80,false,0
34162,0,0,70049340,121480450,51431110,0,9,112,false,0
34163,0,0,70049340,121484750,51435410,0,0,86,false,0
34164,0,0,70155960,121489900,51333940,0,5,108,false,0
34165,0,0,70155960,121494350,51338390,0,0,89,false,0
34166,0,0,70155960,121499150,51343190,0,0,96,false,0
34167,0,0,70155960,121504300,51348340,0,1,104,false,0
34168,0,0,70155960,121509450,51353490,0,1,104,false,0
34169,0,0,70155960,121514200,51358240,0,0,95,false,0
34170,0,0,70155960,121519350,51363390,0,7,110,false,0
34171,0,0,70155960,121524150,51368190,0,0,96,false,0
34172,0,0,70155960,121528750,51372790,0,0,92,false,0
34173,0,0,70155960,121533100,51377140,0,0,87,false,0
34174,0,0,70155960,121537700,51381740,0,0,92,false,0
34175,0,0,70155960,121542350,51386390,0,0,93,false,0
34176,0,0,70155960,121547500,51391540,0,9,112,false,0
34177,0,0,70155960,121552150,51396190,0,0,93,false,0
34178,0,0,70155960,121557100,51401140,0,0,99,false,0
34179,0,0,70155960,121562000,51406040,0,0,98,false,0
34180,0,0,70155960,121567150,51411190,0,4,107,false,0
34181,0,0,70155960,121572300,51416340,0,6,109,false,0
34182,0,0,70155960,121577000,51421040,0,0,94,false,0
34183,0,0,70155960,121581450,51425490,0,0,89,false,0
34184,0,0,70155960,121586600,51430640,0,1,104,false,0
34185,0,0,70155960,121591400,51435440,0,0,96,false,0
34186,0,0,70155960,121595400,51439440,0,0,80,false,0
34187,0,0,70155960,121600150,51444190,0,0,95,false,0
34188,0,0,70155960,121604200,51448240,0,0,81,false,0
34189,0,0,70155960,121608350,51452390,0,0,83,false,0
34190,0,0,70155960,121613000,51457040,0,0,93,false,0
34191,0,0,70155960,121617700,51461740,0,0,94,false,0
34192,0,0,70155960,121622850,51466890,0,0,103,false,0
34193,0,0,70155960,121628000,51472040,0,2,105,false,0
34194,0,0,70155960,121633150,51477190,0,11,114,false,0
34195,0,0,70155960,121638300,51482340,0,7,110,false,0
34196,0,0,70155960,121643150,51487190,0,0,97,false,0
34197,0,0,70155960,121647800,51491840,0,0,93,false,0
34198,0,0,70155960,121652950,51496990,0,4,107,false,0
34199,0,0,70155960,121658100,51502140,0,8,111,false,0
34200,0,0,70155960,121662600,51506640,0,0,90,false,0
34201,0,0,70155960,121667750,51511790,0,20,123,false,0
34202,0,0,70155960,121672750,51516790,0,0,100,false,0
34203,0,0,70155960,121677900,51521940,0,1,104,false,0
34204,0,0,70155960,121682350,51526390,0,0,89,false,0
34205,0,0,70155960,121687500,51531540,0,6,109,false,0
34206,0,0,70155960,121692650,51536690,0,1,104,false,0
34207,0,0,70155960,121697550,51541590,0,0,98,false,0
34208,0,0,70155960,121702600,51546640,0,0,101,false,0
34209,0,0,70155960,121706700,51550740,0,0,82,false,0
34210,0,0,70155960,121711850,51555890,0,3,106,false,0
34211,0,0,70155960,121717000,51561040,0,4,107,false,0
34212,0,0,70155960,121722150,51566190,0,10,113,false,0
34213,0,0,70155960,121722150,51566190,0,99,99,true,0
34214,0,0,70155960,121722150,51566190,0,103,103,true,0
34215,0,0,70155960,121726700,51570740,0,0,91,false,0
34216,0,0,70262580,121731850,51469270,0,2,105,false,0
34217,0,0,70262580,121731850,51469270,0,117,117,true,0
34218,0,0,70262580,121736650,51474070,0,0,96,false,0
34219,0,0,70262580,121740550,51477970,0,0,78,false,0
34220,0,0,70262580,121744800,51482220,0,0,85,false,0
34221,0,0,70262580,121749950,51487370,0,1,104,false,0
34222,0,0,70262580,121755100,51492520,0,2,105,false,0
34223,0,0,70262580,121759800,51497220,0,0,94,false,0
34224,0,0,70262580,121759800,51497220,0,91,91,true,0
34225,0,0,70262580,121759800,51497220,0,69,69,true,0
34226,0,0,70262580,121759800,51497220,0,99,99,true,0
34227,0,0,70262580,121764450,51501870,0,0,93,false,0
34228,0,0,70262580,121768600,51506020,0,0,83,false,0
34229,0,0,70262580,121773400,51510820,0,0,96,false,0
34230,0,0,70262580,121777100,51514520,0,0,74,false,0
34231,0,0,70262580,121781400,51518820,0,0,86,false,0
34232,0,0,70262580,121786550,51523970,0,6,109,false,0
34233,0,0,70262580,121791650,51529070,0,0,102,false,0
34234,0,0,70262580,121791650,51529070,0,115,115,true,0
34235,0,0,70262580,121791650,51529070,0,85,85,true,0
34236,0,0,70262580,121791650,51529070,0,100,100,true,0
34237,0,0,70262580,121791650,51529070,0,103,103,true,0
34238,0,0,70262580,121796100,51533520,0,0,89,false,0
34239,0,0,70262580,121800850,51538270,0,0,95,false,0
34240,0,0,70262580,121805300,51542720,0,0,89,false,0
34241,0,0,70262580,121810450,51547870,0,8,111,false,0
34242,0,0,70262580,121815600,51553020,0,17,120,false,0
34243,0,0,70262580,121820600,51558020,0,0,100,false,0
34244,0,0,70262580,121825600,51563020,0,0,100,false,0
34245,0,0,70262580,121830300,51567720,0,0,94,false,0
34246,0,0,70262580,121835000,51572420,0,0,94,false,0
34247,0,0,70262580,121839500,51576920,0,0,90,false,0
34248,0,0,70262580,121844550,51581970,0,0,101,false,0
34249,0,0,70262580,121849700,51587120,0,4,107,false,0
34250,0,0,70262580,121854350,51591770,0,0,93,false,0
34251,0,0,70262580,121859500,51596920,0,9,112,false,0
34252,0,0,70262580,121864650,51602070,0,2,105,false,0
34253,0,0,70262580,121869800,51607220,0,5,108,false,0
34254,0,0,70262580,121874850,51612270,0,0,101,false,0
34255,0,0,70262580,121874850,51612270,0,109,109,true,0
34256,0,0,70262580,121874850,51612270,0,112,112,true,0
34257,0,0,70262580,121874850,51612270,0,112,112,true,0
34258,0,0,70262580,121874850,51612270,0,81,81,true,0
34259,0,0,70262580,121874850,51612270,0,99,99,true,0
34260,0,0,70262580,121880000,51617420,0,6,109,false,0
34261,0,0,70262580,121885150,51622570,0,7,110,false,0
34262,0,0,70262580,121890300,51627720,0,7,110,false,0
34263,0,0,70262580,121895450,51632870,0,5,108,false,0
34264,0,0,70262580,121900600,51638020,0,7,110,false,0
34265,0,0,70262580,121905550,51642970,0,0,99,false,0
34266,0,0,70262580,121910550,51647970,0,0,100,false,0
34267,0,0,70262580,121914400,51651820,0,0,77,false,0
34268,0,0,70369200,121918800,51549600,0,0,88,false,0
34269,0,0,70369200,121923950,51554750,0,2,105,false,0
34270,0,0,70369200,121928250,51559050,0,0,86,false,0
34271,0,0,70369200,121933400,51564200,0,3,106,false,0
34272,0,0,70369200,121938150,51568950,0,0,95,false,0
34273,0,0,70369200,121942250,51573050,0,0,82,false,0
34274,0,0,70369200,121942250,51573050,0,97,97,true,0
34275,0,0,70369200,121947400,51578200,0,6,109,false,0
34276,0,0,70369200,121952350,51583150,0,0,99,false,0
34277,0,0,70369200,121957500,51588300,0,2,105,false,0
34278,0,0,70369200,121962650,51593450,0,8,111,false,0
34279,0,0,70369200,121967350,51598150,0,0,94,false,0
34280,0,0,70369200,121972500,51603300,0,4,107,false,0
34281,0,0,70369200,121977650,51608450,0,3,106,false,0
34282,0,0,70369200,121982800,51613600,0,14,117,false,0
34283,0,0,70369200,121987950,51618750,0,1,104,false,0
34284,0,0,70369200,121987950,51618750,0,101,101,true,0
34285,0,0,70369200,121987950,51618750,0,110,110,true,0
34286,0,0,70369200,121987950,51618750,0,104,104,true,0
34287,0,0,70369200,121993100,51623900,0,7,110,false,0
34288,0,0,70369200,121998250,51629050,0,6,109,false,0
34289,0,0,70369200,122003400,51634200,0,7,110,false,0
34290,0,0,70369200,122008550,51639350,0,7,110,false,0
34291,0,0,70369200,122008550,51639350,0,104,104,true,0
34292,0,0,70369200,122013700,51644500,0,16,119,false,0
34293,0,0,70369200,122018400,51649200,0,0,94,false,0
34294,0,0,70369200,122023350,51654150,0,0,99,false,0
34295,0,0,70369200,122028400,51659200,0,0,101,false,0
34296,0,0,70369200,122033200,51664000,0,0,96,false,0
34297,0,0,70369200,122038350,51669150,0,23,126,false,0
34298,0,0,70369200,122043500,51674300,0,2,105,false,0
34299,0,0,70369200,122048400,51679200,0,0,98,false,0
34300,0,0,70369200,122053300,51684100,0,0,98,false,0
34301,0,0,70369200,122058450,51689250,0,1,104,false,0
34302,0,0,70369200,122062600,51693400,0,0,83,false,0
34303,0,0,70369200,122067750,51698550,0,5,108,false,0
34304,0,0,70369200,122067750,51698550,0,103,103,true,0
34305,0,0,70369200,122067750,51698550,0,94,94,true,0
34306,0,0,70369200,122067750,51698550,0,98,98,true,0
34307,0,0,70369200,122067750,51698550,0,106,106,true,0
34308,0,0,70369200,122067750,51698550,0,101,101,true,0
34309,0,0,70369200,122067750,51698550,0,101,101,true,0
34310,0,0,70369200,122067750,51698550,0,94,94,true,0
34311,0,0,70369200,122067750,51698550,0,108,108,true,0
34312,0,0,70369200,122072900,51703700,0,2,105,false,0
34313,0,0,70369200,122077650,51708450,0,0,95,false,0
34314,0,0,70369200,122082800,51713600,0,5,108,false,0
34315,0,0,70369200,122082800,51713600,0,96,96,true,0
34316,0,0,70369200,122087650,51718450,0,0,97,false,0
34317,0,0,70369200,122092550,51723350,0,0,98,false,0
34318,0,0,70369200,122092550,51723350,0,107,107,true,0
34319,0,0,70369200,122097450,51728250,0,0,98,false,0
34320,0,0,70475820,122101150,51625330,0,0,74,false,0
34321,0,0,70475820,122106050,51630230,0,0,98,false,0
34322,0,0,70475820,122111050,51635230,0,0,100,false,0
34323,0,0,70475820,122116200,51640380,0,2,105,false,0
34324,0,0,70475820,122120650,51644830,0,0,89,false,0
34325,0,0,70475820,122125800,51649980,0,6,109,false,0
34326,0,0,70475820,122125800,51649980,0,102,102,true,0
34327,0,0,70475820,122129900,51654080,0,0,82,false,0
34328,0,0,70475820,122134650,51658830,0,0,95,false,0
34329,0,0,70475820,122134650,51658830,0,98,98,true,0
34330,0,0,70475820,122134650,51658830,0,103,103,true,0
34331,0,0,70475820,122134650,51658830,0,105,105,true,0
34332,0,0,70475820,122134650,51658830,0,113,113,true,0
34333,0,0,70475820,122138950,51663130,0,0,86,false,0
34334,0,0,70475820,122142800,51666980,0,0,77,false,0
34335,0,0,70475820,122142800,51666980,0,102,102,true,0
34336,0,0,70475820,122142800,51666980,0,95,95,true,0
34337,0,0,70475820,122142800,51666980,0,98,98,true,0
34338,0,0,70475820,122142800,51666980,0,97,97,true,0
34339,0,0,70475820,122142800,51666980,0,95,95,true,0
34340,0,0,70475820,122142800,51666980,0,103,103,true,0
34341,0,0,70475820,122142800,51666980,0,88,88,true,0
34342,0,0,70475820,122142800,51666980,0,85,85,true,0
34343,0,0,70475820,122142800,51666980,0,94,94,true,0
34344,0,0,70475820,122142800,51666980,0,98,98,true,0
34345,0,0,70475820,122142800,51666980,0,96,96,true,0
34346,0,0,70475820,122147950,51672130,0,17,120,false,0
34347,0,0,70475820,122153100,51677280,0,15,118,false,0
34348,0,0,70475820,122153100,51677280,0,101,101,true,0
34349,0,0,70475820,122157750,51681930,0,0,93,false,0
34350,0,0,70475820,122162800,51686980,0,0,101,false,0
34351,0,0,70475820,122167950,51692130,0,4,107,false,0
34352,0,0,70475820,122173100,51697280,0,2,105,false,0
34353,0,0,70475820,122177550,51701730,0,0,89,false,0
34354,0,0,70475820,122182700,51706880,0,6,109,false,0
34355,0,0,70475820,122187750,51711930,0,0,101,false,0
34356,0,0,70475820,122192400,51716580,0,0,93,false,0
34357,0,0,70475820,122197450,51721630,0,0,101,false,0
34358,0,0,70475820,122197450,51721630,0,103,103,true,0
34359,0,0,70475820,122202300,51726480,0,0,97,false,0
34360,0,0,70475820,122207450,51731630,0,0,103,false,0
34361,0,0,70475820,122211950,51736130,0,0,90,false,0
34362,0,0,70475820,122216900,51741080,0,0,99,false,0
34363,0,0,70475820,122221450,51745630,0,0,91,false,0
34364,0,0,70475820,122226050,51750230,0,0,92,false,0
34365,0,0,70475820,122226050,51750230,0,92,92,true,0
34366,0,0,70475820,122226050,51750230,0,97,97,true,0
34367,0,0,70475820,122231200,51755380,0,0,103,false,0
34368,0,0,70475820,122236350,51760530,0,12,115,false,0
34369,0,0,70475820,122241500,51765680,0,9,112,false,0
34370,0,0,70475820,122246600,51770780,0,0,102,false,0
34371,0,0,70475820,122250800,51774980,0,0,84,false,0
34372,0,0,70582440,122255950,51673510,0,14,117,false,0
34373,0,0,70582440,122259950,51677510,0,0,80,false,0
34374,0,0,70582440,122264550,51682110,0,0,92,false,0
34375,0,0,70582440,122268750,51686310,0,0,84,false,0
34376,0,0,70582440,122273450,51691010,0,0,94,false,0
34377,0,0,70582440,122273450,51691010,0,99,99,true,0
34378,0,0,70582440,122273450,51691010,0,93,93,true,0
34379,0,0,70582440,122278050,51695610,0,0,92,false,0
34380,0,0,70582440,122283000,51700560,0,0,99,false,0
34381,0,0,70582440,122287950,51705510,0,0,99,false,0
34382,0,0,70582440,122292550,51710110,0,0,92,false,0
34383,0,0,70582440,122296750,51714310,0,0,84,false,0
34384,0,0,70582440,122301850,51719410,0,0,102,false,0
34385,0,0,70582440,122307000,51724560,0,15,118,false,0
34386,0,0,70582440,122312150,51729710,0,13,116,false,0
34387,0,0,70582440,122317300,51734860,0,7,110,false,0
34388,0,0,70582440,122321450,51739010,0,0,83,false,0
34389,0,0,70582440,122325400,51742960,0,0,79,false,0
34390,0,0,70582440,122330550,51748110,0,3,106,false,0
34391,0,0,70582440,122335050,51752610,0,0,90,false,0
34392,0,0,70582440,122339750,51757310,0,0,94,false,0
34393,0,0,70582440,122339750,51757310,0,106,106,true,0
34394,0,0,70582440,122344900,51762460,0,0,103,false,0
34395,0,0,70582440,122349250,51766810,0,0,87,false,0
34396,0,0,70582440,122354400,51771960,0,0,103,false,0
34397,0,0,70582440,122359300,51776860,0,0,98,false,0
34398,0,0,70582440,122363500,51781060,0,0,84,false,0
34399,0,0,70582440,122368400,51785960,0,0,98,false,0
34400,0,0,70582440,122373150,51790710,0,0,95,false,0
34401,0,0,70582440,122378300,51795860,0,10,113,false,0
34402,0,0,70582440,122383300,51800860,0,0,100,false,0
34403,0,0,70582440,122388450,51806010,0,6,109,false,0
34404,0,0,70582440,122392900,51810460,0,0,89,false,0
34405,0,0,70582440,122398050,51815610,0,3,106,false,0
34406,0,0,70582440,122402200,51819760,0,0,83,false,0
34407,0,0,70582440,122406550,51824110,0,0,87,false,0
34408,0,0,70582440,122411350,51828910,0,0,96,false,0
34409,0,0,70582440,122416450,51834010,0,0,102,false,0
34410,0,0,70582440,122420750,51838310,0,0,86,false,0
34411,0,0,70582440,122425200,51842760,0,0,89,false,0
34412,0,0,70582440,122430350,51847910,0,18,121,false,0
34413,0,0,70582440,122435500,51853060,0,8,111,false,0
34414,0,0,70582440,122440650,51858210,0,1,104,false,0
34415,0,0,70582440,122440650,51858210,0,109,109,true,0
34416,0,0,70582440,122440650,51858210,0,92,92,true,0
34417,0,0,70582440,122440650,51858210,0,90,90,true,0
34418,0,0,70582440,122440650,51858210,0,105,105,true,0
34419,0,0,70582440,122440650,51858210,0,105,105,true,0
34420,0,0,70582440,122440650,51858210,0,108,108,true,0
34421,0,0,70582440,122440650,51858210,0,111,111,true,0
34422,0,0,70582440,122440650,51858210,0,115,115,true,0
34423,0,0,70582440,122440650,51858210,0,124,124,true,0
34424,0,0,70689060,122440650,51751590,0,99,99,true,0
34425,0,0,70689060,122445800,51756740,0,0,103,false,0
34426,0,0,70689060,122449750,51760690,0,0,79,false,0
34427,0,0,70689060,122449750,51760690,0,114,114,true,0
34428,0,0,70689060,122449750,51760690,0,100,100,true,0
34429,0,0,70689060,122449750,51760690,0,87,87,true,0
34430,0,0,70689060,122454850,51765790,0,0,102,false,0
34431,0,0,70689060,122459300,51770240,0,0,89,false,0
34432,0,0,70689060,122464300,51775240,0,0,100,false,0
34433,0,0,70689060,122469350,51780290,0,0,101,false,0
34434,0,0,70689060,122474500,51785440,0,8,111,false,0
34435,0,0,70689060,122478700,51789640,0,0,84,false,0
34436,0,0,70689060,122483850,51794790,0,4,107,false,0
34437,0,0,70689060,122489000,51799940,0,16,119,false,0
34438,0,0,70689060,122494150,51805090,0,0,103,false,0
34439,0,0,70689060,122494150,51805090,0,91,91,true,0
34440,0,0,70689060,122494150,51805090,0,106,106,true,0
34441,0,0,70689060,122498900,51809840,0,0,95,false,0
34442,0,0,70689060,122503450,51814390,0,0,91,false,0
34443,0,0,70689060,122503450,51814390,0,81,81,true,0
34444,0,0,70689060,122507900,51818840,0,0,89,false,0
34445,0,0,70689060,122513050,51823990,0,0,103,false,0
34446,0,0,70689060,122513050,51823990,0,103,103,true,0
34447,0,0,70689060,122513050,51823990,0,89,89,true,0
34448,0,0,70689060,122513050,51823990,0,89,89,true,0
34449,0,0,70689060,122513050,51823990,0,93,93,true,0
34450,0,0,70689060,122513050,51823990,0,99,99,true,0
34451,0,0,70689060,122513050,51823990,0,94,94,true,0
34452,0,0,70689060,122513050,51823990,0,95,95,true,0
34453,0,0,70689060,122518100,51829040,0,0,101,false,0
34454,0,0,70689060,122523050,51833990,0,0,99,false,0
34455,0,0,70689060,122523050,51833990,0,89,89,true,0
34456,0,0,70689060,122528000,51838940,0,0,99,false,0
34457,0,0,70689060,122532450,51843390,0,0,89,false,0
34458,0,0,70689060,122536800,51847740,0,0,87,false,0
34459,0,0,70689060,122541700,51852640,0,0,98,false,0
34460,0,0,70689060,122545950,51856890,0,0,85,false,0
34461,0,0,70689060,122551100,51862040,0,6,109,false,0
34462,0,0,70689060,122556050,51866990,0,0,99,false,0
34463,0,0,70689060,122560750,51871690,0,0,94,false,0
34464,0,0,70689060,122565900,51876840,0,6,109,false,0
34465,0,0,70689060,122565900,51876840,0,86,86,true,0
34466,0,0,70689060,122565900,51876840,0,104,104,true,0
34467,0,0,70689060,122570950,51881890,0,0,101,false,0
34468,0,0,70689060,122575550,51886490,0,0,92,false,0
34469,0,0,70689060,122580300,51891240,0,0,95,false,0
34470,0,0,70689060,122585300,51896240,0,0,100,false,0
34471,0,0,70689060,122590450,51901390,0,5,108,false,0
34472,0,0,70689060,122595100,51906040,0,0,93,false,0
34473,0,0,70689060,122599200,51910140,0,0,82,false,0
34474,0,0,70689060,122604350,51915290,0,2,105,false,0
34475,0,0,70689060,122609500,51920440,0,9,112,false,0
34476,0,0,70795680,122614450,51818770,0,0,99,false,0
34477,0,0,70795680,122619600,51823920,0,5,108,false,0
34478,0,0,70795680,122624750,51829070,0,18,121,false,0
34479,0,0,70795680,122629600,51833920,0,0,97,false,0
34480,0,0,70795680,122629600,51833920,0,115,115,true,0
34481,0,0,70795680,122633750,51838070,0,0,83,false,0
34482,0,0,70795680,122638550,51842870,0,0,96,false,0
34483,0,0,70795680,122643650,51847970,0,0,102,false,0
34484,0,0,70795680,122648800,51853120,0,9,112,false,0
34485,0,0,70795680,122653950,51858270,0,8,111,false,0
34486,0,0,70795680,122658850,51863170,0,0,98,false,0
34487,0,0,70795680,122664000,51868320,0,9,112,false,0
34488,0,0,70795680,122669150,51873470,0,5,108,false,0
34489,0,0,70795680,122674300,51878620,0,0,103,false,0
34490,0,0,70795680,122679450,51883770,0,6,109,false,0
34491,0,0,70795680,122684600,51888920,0,6,109,false,0
34492,0,0,70795680,122684600,51888920,0,115,115,true,0
34493,0,0,70795680,122684600,51888920,0,102,102,true,0
34494,0,0,70795680,122684600,51888920,0,98,98,true,0
34495,0,0,70795680,122684600,51888920,0,111,111,true,0
34496,0,0,70795680,122688650,51892970,0,0,81,false,0
34497,0,0,70795680,122693800,51898120,0,1,104,false,0
34498,0,0,70795680,122698750,51903070,0,0,99,false,0
34499,0,0,70795680,122703400,51907720,0,0,93,false,0
34500,0,0,70795680,122708050,51912370,0,0,93,false,0
34501,0,0,70795680,122713100,51917420,0,0,101,false,0
34502,0,0,70795680,122718250,51922570,0,23,126,false,0
34503,0,0,70795680,122723400,51927720,0,0,103,false,0
34504,0,0,70795680,122728100,51932420,0,0,94,false,0
34505,0,0,70795680,122733250,51937570,0,11,114,false,0
34506,0,0,70795680,122738400,51942720,0,9,112,false,0
34507,0,0,70795680,122743000,51947320,0,0,92,false,0
34508,0,0,70795680,122747450,51951770,0,0,89,false,0
34509,0,0,70795680,122752600,51956920,0,0,103,false,0
34510,0,0,70795680,122752600,51956920,0,97,97,true,0
34511,0,0,70795680,122755850,51960170,0,0,65,false,0
34512,0,0,70795680,122761000,51965320,0,10,113,false,0
34513,0,0,70795680,122765000,51969320,0,0,80,false,0
34514,0,0,70795680,122770150,51974470,0,10,113,false,0
34515,0,0,70795680,122774900,51979220,0,0,95,false,0
34516,0,0,70795680,122779550,51983870,0,0,93,false,0
34517,0,0,70795680,122784700,51989020,0,7,110,false,0
34518,0,0,70795680,122789550,51993870,0,0,97,false,0
34519,0,0,70795680,122794200,51998520,0,0,93,false,0
34520,0,0,70795680,122799050,52003370,0,0,97,false,0
34521,0,0,70795680,122803700,52008020,0,0,93,false,0
34522,0,0,70795680,122808750,52013070,0,0,101,false,0
34523,0,0,70795680,122813250,52017570,0,0,90,false,0
34524,0,0,70795680,122818400,52022720,0,11,114,false,0
34525,0,0,70795680,122818400,52022720,0,95,95,true,0
34526,0,0,70795680,122818400,52022720,0,94,94,true,0
34527,0,0,70795680,122818400,52022720,0,105,105,true,0
34528,0,0,70902300,122818400,51916100,0,85,85,true,0
34529,0,0,70902300,122818400,51916100,0,83,83,true,0
34530,0,0,70902300,122823500,51921200,0,0,102,false,0
34531,0,0,70902300,122828150,51925850,0,0,93,false,0
34532,0,0,70902300,122828150,51925850,0,90,90,true,0
34533,0,0,70902300,122828150,51925850,0,95,95,true,0
34534,0,0,70902300,122833050,51930750,0,0,98,false,0
34535,0,0,70902300,122837900,51935600,0,0,97,false,0
34536,0,0,70902300,122837900,51935600,0,100,100,true,0
34537,0,0,70902300,122837900,51935600,0,93,93,true,0
34538,0,0,70902300,122843000,51940700,0,0,102,false,0
34539,0,0,70902300,122848150,51945850,0,6,109,false,0
34540,0,0,70902300,122853300,51951000,0,4,107,false,0
34541,0,0,70902300,122853300,51951000,0,101,101,true,0
34542,0,0,70902300,122853300,51951000,0,88,88,true,0
34543,0,0,70902300,122853300,51951000,0,101,101,true,0
34544,0,0,70902300,122858050,51955750,0,0,95,false,0
34545,0,0,70902300,122863100,51960800,0,0,101,false,0
34546,0,0,70902300,122868150,51965850,0,0,101,false,0
34547,0,0,70902300,122873300,51971000,0,1,104,false,0
34548,0,0,70902300,122878150,51975850,0,0,97,false,0
34549,0,0,70902300,122883300,51981000,0,2,105,false,0
34550,0,0,70902300,122888450,51986150,0,2,105,false,0
34551,0,0,70902300,122893200,51990900,0,0,95,false,0
34552,0,0,70902300,122898250,51995950,0,0,101,false,0
34553,0,0,70902300,122902650,52000350,0,0,88,false,0
34554,0,0,70902300,122907700,52005400,0,0,101,false,0
34555,0,0,70902300,122912850,52010550,0,2,105,false,0
34556,0,0,70902300,122918000,52015700,0,14,117,false,0
34557,0,0,70902300,122922600,52020300,0,0,92,false,0
34558,0,0,70902300,122927150,52024850,0,0,91,false,0
34559,0,0,70902300,122931800,52029500,0,0,93,false,0
34560,0,0,70902300,122931800,52029500,0,102,102,true,0
34561,0,0,70902300,122931800,52029500,0,98,98,true,0
34562,0,0,70902300,122931800,52029500,0,111,111,true,0
34563,0,0,70902300,122936950,52034650,0,9,112,false,0
34564,0,0,70902300,122942050,52039750,0,0,102,false,0
34565,0,0,70902300,122947200,52044900,0,2,105,false,0
34566,0,0,70902300,122952350,52050050,0,2,105,false,0
34567,0,0,70902300,122957350,52055050,0,0,100,false,0
34568,0,0,70902300,122962050,52059750,0,0,94,false,0
34569,0,0,70902300,122967200,52064900,0,1,104,false,0
34570,0,0,70902300,122972350,52070050,0,1,104,false,0
34571,0,0,70902300,122977150,52074850,0,0,96,false,0
34572,0,0,70902300,122977150,52074850,0,98,98,true,0
34573,0,0,70902300,122981150,52078850,0,0,80,false,0
34574,0,0,70902300,122986100,52083800,0,0,99,false,0
34575,0,0,70902300,122990700,52088400,0,0,92,false,0
34576,0,0,70902300,122995800,52093500,0,0,102,false,0
34577,0,0,70902300,123000850,52098550,0,0,101,false,0
34578,0,0,70902300,123006000,52103700,0,6,109,false,0
34579,0,0,70902300,123011150,52108850,0,5,108,false,0
34580,0,0,71008920,123015650,52006730,0,0,90,false,0
34581,0,0,71008920,123019750,52010830,0,0,82,false,0
34582,0,0,71008920,123019750,52010830,0,107,107,true,0
34583,0,0,71008920,123019750,52010830,0,95,95,true,0
34584,0,0,71008920,123024550,52015630,0,0,96,false,0
34585,0,0,71008920,123029050,52020130,0,0,90,false,0
34586,0,0,71008920,123034200,52025280,0,16,119,false,0
34587,0,0,71008920,123039350,52030430,0,8,111,false,0
34588,0,0,71008920,123044500,52035580,0,20,123,false,0
34589,0,0,71008920,123049550,52040630,0,0,101,false,0
34590,0,0,71008920,123054500,52045580,0,0,99,false,0
34591,0,0,71008920,123059650,52050730,0,7,110,false,0
34592,0,0,71008920,123064400,52055480,0,0,95,false,0
34593,0,0,71008920,123069250,52060330,0,0,97,false,0
34594,0,0,71008920,123074000,52065080,0,0,95,false,0
34595,0,0,71008920,123074000,52065080,0,97,97,true,0
34596,0,0,71008920,123074000,52065080,0,95,95,true,0
34597,0,0,71008920,123074000,52065080,0,98,98,true,0
34598,0,0,71008920,123074000,52065080,0,94,94,true,0
34599,0,0,71008920,123074000,52065080,0,82,82,true,0
34600,0,0,71008920,123078900,52069980,0,0,98,false,0
34601,0,0,71008920,123083750,52074830,0,0,97,false,0
34602,0,0,71008920,123088550,52079630,0,0,96,false,0
34603,0,0,71008920,123093700,52084780,0,6,109,false,0
34604,0,0,71008920,123098700,52089780,0,0,100,false,0
34605,0,0,71008920,123102600,52093680,0,0,78,false,0
34606,0,0,71008920,123106350,52097430,0,0,75,false,0
34607,0,0,71008920,123106350,52097430,0,91,91,true,0
34608,0,0,71008920,123106350,52097430,0,110,110,true,0
34609,0,0,71008920,123106350,52097430,0,97,97,true,0
34610,0,0,71008920,123106350,52097430,0,93,93,true,0
34611,0,0,71008920,123106350,52097430,0,116,116,true,0
34612,0,0,71008920,123106350,52097430,0,105,105,true,0
34613,0,0,71008920,123106350,52097430,0,95,95,true,0
34614,0,0,71008920,123106350,52097430,0,115,115,true,0
34615,0,0,71008920,123106350,52097430,0,102,102,true,0
34616,0,0,71008920,123106350,52097430,0,107,107,true,0
34617,0,0,71008920,123111500,52102580,0,15,118,false,0
34618,0,0,71008920,123116100,52107180,0,0,92,false,0
34619,0,0,71008920,123120750,52111830,0,0,93,false,0
34620,0,0,71008920,123125900,52116980,0,8,111,false,0
34621,0,0,71008920,123131050,52122130,0,5,108,false,0
34622,0,0,71008920,123136200,52127280,0,6,109,false,0
34623,0,0,71008920,123141350,52132430,0,17,120,false,0
34624,0,0,71008920,123141350,52132430,0,96,96,true,0
34625,0,0,71008920,123141350,52132430,0,94,94,true,0
34626,0,0,71008920,123141350,52132430,0,111,111,true,0
34627,0,0,71008920,123141350,52132430,0,117,117,true,0
34628,0,0,71008920,123141350,52132430,0,108,108,true,0
34629,0,0,71008920,123146500,52137580,0,16,119,false,0
34630,0,0,71008920,123151400,52142480,0,0,98,false,0
34631,0,0,71008920,123151400,52142480,0,100,100,true,0
34632,0,0,71115540,123156550,52041010,0,3,106,false,0
34633,0,0,71115540,123161700,52046160,0,6,109,false,0
34634,0,0,71115540,123166450,52050910,0,0,95,false,0
34635,0,0,71115540,123166450,52050910,0,94,94,true,0
34636,0,0,71115540,123171350,52055810,0,0,98,false,0
34637,0,0,71115540,123176000,52060460,0,0,93,false,0
34638,0,0,71115540,123179850,52064310,0,0,77,false,0
34639,0,0,71115540,123185000,52069460,0,8,111,false,0
34640,0,0,71115540,123190150,52074610,0,5,108,false,0
34641,0,0,71115540,123195300,52079760,0,0,103,false,0
34642,0,0,71115540,123200450,52084910,0,5,108,false,0
34643,0,0,71115540,123200450,52084910,0,112,112,true,0
34644,0,0,71115540,123204850,52089310,0,0,88,false,0
34645,0,0,71115540,123209900,52094360,0,0,101,false,0
34646,0,0,71115540,123214900,52099360,0,0,100,false,0
34647,0,0,71115540,123220050,52104510,0,8,111,false,0
34648,0,0,71115540,123220050,52104510,0,90,90,true,0
34649,0,0,71115540,123225200,52109660,0,1,104,false,0
34650,0,0,71115540,123229400,52113860,0,0,84,false,0
34651,0,0,71115540,123234550,52119010,0,1,104,false,0
34652,0,0,71115540,123239700,52124160,0,2,105,false,0
34653,0,0,71115540,123239700,52124160,0,106,106,true,0
34654,0,0,71115540,123244350,52128810,0,0,93,false,0
34655,0,0,71115540,123249350,52133810,0,0,100,false,0
34656,0,0,71115540,123254500,52138960,0,11,114,false,0
34657,0,0,71115540,123259650,52144110,0,1,104,false,0
34658,0,0,71115540,123264800,52149260,0,8,111,false,0
34659,0,0,71115540,123269850,52154310,0,0,101,false,0
34660,0,0,71115540,123275000,52159460,0,1,104,false,0
34661,0,0,71115540,123279450,52163910,0,0,89,false,0
34662,0,0,71115540,123284400,52168860,0,0,99,false,0
34663,0,0,71115540,123289500,52173960,0,0,102,false,0
34664,0,0,71115540,123294300,52178760,0,0,96,false,0
34665,0,0,71115540,123294300,52178760,0,85,85,true,0
34666,0,0,71115540,123294300,52178760,0,101,101,true,0
34667,0,0,71115540,123294300,52178760,0,103,103,true,0
34668,0,0,71115540,123294300,52178760,0,104,104,true,0
34669,0,0,71115540,123294300,52178760,0,114,114,true,0
34670,0,0,71115540,123299450,52183910,0,3,106,false,0
34671,0,0,71115540,123304050,52188510,0,0,92,false,0
34672,0,0,71115540,123307850,52192310,0,0,76,false,0
34673,0,0,71115540,123311450,52195910,0,0,72,false,0
34674,0,0,71115540,123311450,52195910,0,112,112,true,0
34675,0,0,71115540,123311450,52195910,0,88,88,true,0
34676,0,0,71115540,123311450,52195910,0,91,91,true,0
34677,0,0,71115540,123316600,52201060,0,3,106,false,0
34678,0,0,71115540,123321750,52206210,0,3,106,false,0
34679,0,0,71115540,123326850,52211310,0,0,102,false,0
34680,0,0,71115540,123331850,52216310,0,0,100,false,0
34681,0,0,71115540,123331850,52216310,0,101,101,true,0
34682,0,0,71115540,123331850,52216310,0,101,101,true,0
34683,0,0,71115540,123331850,52216310,0,107,107,true,0
34684,0,0,71222160,123331850,52109690,0,96,96,true,0
34685,0,0,71222160,123331850,52109690,0,92,92,true,0
34686,0,0,71222160,123331850,52109690,0,91,91,true,0
34687,0,0,71222160,123337000,52114840,0,1,104,false,0
34688,0,0,71222160,123342100,52119940,0,0,102,false,0
34689,0,0,71222160,123347250,52125090,0,3,106,false,0
34690,0,0,71222160,123351550,52129390,0,0,86,false,0
34691,0,0,71222160,123356700,52134540,0,14,117,false,0
34692,0,0,71222160,123361850,52139690,0,8,111,false,0
34693,0,0,71222160,123367000,52144840,0,9,112,false,0
34694,0,0,71222160,123372150,52149990,0,15,118,false,0
34695,0,0,71222160,123376600,52154440,0,0,89,false,0
34696,0,0,71222160,123376600,52154440,0,100,100,true,0
34697,0,0,71222160,123376600,52154440,0,88,88,true,0
34698,0,0,71222160,123381650,52159490,0,0,101,false,0
34699,0,0,71222160,123385900,52163740,0,0,85,false,0
34700,0,0,71222160,123390950,52168790,0,0,101,false,0
34701,0,0,71222160,123396000,52173840,0,0,101,false,0
34702,0,0,71222160,123400700,52178540,0,0,94,false,0
34703,0,0,71222160,123405850,52183690,0,7,110,false,0
34704,0,0,71222160,123411000,52188840,0,6,109,false,0
34705,0,0,71222160,123416100,52193940,0,0,102,false,0
34706,0,0,71222160,123421250,52199090,0,4,107,false,0
34707,0,0,71222160,123426000,52203840,0,0,95,false,0
34708,0,0,71222160,123431150,52208990,0,3,106,false,0
34709,0,0,71222160,123435350,52213190,0,0,84,false,0
34710,0,0,71222160,123439900,52217740,0,0,91,false,0
34711,0,0,71222160,123444600,52222440,0,0,94,false,0
34712,0,0,71222160,123449300,52227140,0,0,94,false,0
34713,0,0,71222160,123453800,52231640,0,0,90,false,0
34714,0,0,71222160,123458500,52236340,0,0,94,false,0
34715,0,0,71222160,123462800,52240640,0,0,86,false,0
34716,0,0,71222160,123467650,52245490,0,0,97,false,0
34717,0,0,71222160,123472800,52250640,0,4,107,false,0
34718,0,0,71222160,123477900,52255740,0,0,102,false,0
34719,0,0,71222160,123477900,52255740,0,98,98,true,0
34720,0,0,71222160,123483050,52260890,0,5,108,false,0
34721,0,0,71222160,123488200,52266040,0,17,120,false,0
34722,0,0,71222160,123493300,52271140,0,0,102,false,0
34723,0,0,71222160,123493300,52271140,0,111,111,true,0
34724,0,0,71222160,123498450,52276290,0,8,111,false,0
34725,0,0,71222160,123503300,52281140,0,0,97,false,0
34726,0,0,71222160,123508450,52286290,0,10,113,false,0
34727,0,0,71222160,123513400,52291240,0,0,99,false,0
34728,0,0,71222160,123513400,52291240,0,94,94,true,0
34729,0,0,71222160,123513400,52291240,0,103,103,true,0
34730,0,0,71222160,123513400,52291240,0,101,101,true,0
34731,0,0,71222160,123517800,52295640,0,0,88,false,0
34732,0,0,71222160,123522850,52300690,0,0,101,false,0
34733,0,0,71222160,123528000,52305840,0,13,116,false,0
34734,0,0,71222160,123528000,52305840,0,98,98,true,0
34735,0,0,71222160,123532500,52310340,0,0,90,false,0
34736,0,0,71328780,123537650,52208870,0,10,113,false,0
34737,0,0,71328780,123541250,52212470,0,0,72,false,0
34738,0,0,71328780,123541250,52212470,0,110,110,true,0
34739,0,0,71328780,123541250,52212470,0,112,112,true,0
34740,0,0,71328780,123546000,52217220,0,0,95,false,0
34741,0,0,71328780,123551100,52222320,0,0,102,false,0
34742,0,0,71328780,123556250,52227470,0,11,114,false,0
34743,0,0,71328780,123559950,52231170,0,0,74,false,0
34744,0,0,71328780,123559950,52231170,0,90,90,true,0
34745,0,0,71328780,123559950,52231170,0,93,93,true,0
34746,0,0,71328780,123559950,52231170,0,100,100,true,0
34747,0,0,71328780,123559950,52231170,0,103,103,true,0
34748,0,0,71328780,123565100,52236320,0,14,117,false,0
34749,0,0,71328780,123569950,52241170,0,0,97,false,0
34750,0,0,71328780,123574650,52245870,0,0,94,false,0
34751,0,0,71328780,123579800,52251020,0,10,113,false,0
34752,0,0,71328780,123584950,52256170,0,2,105,false,0
34753,0,0,71328780,123589600,52260820,0,0,93,false,0
34754,0,0,71328780,123594750,52265970,0,2,105,false,0
34755,0,0,71328780,123599800,52271020,0,0,101,false,0
34756,0,0,71328780,123599800,52271020,0,89,89,true,0
34757,0,0,71328780,123599800,52271020,0,98,98,true,0
34758,0,0,71328780,123604950,52276170,0,6,109,false,0
34759,0,0,71328780,123610100,52281320,0,21,124,false,0
34760,0,0,71328780,123615250,52286470,0,9,112,false,0
34761,0,0,71328780,123620400,52291620,0,10,113,false,0
34762,0,0,71328780,123625550,52296770,0,6,109,false,0
34763,0,0,71328780,123630500,52301720,0,0,99,false,0
34764,0,0,71328780,123635000,52306220,0,0,90,false,0
34765,0,0,71328780,123639500,52310720,0,0,90,false,0
34766,0,0,71328780,123644650,52315870,0,3,106,false,0
34767,0,0,71328780,123649400,52320620,0,0,95,false,0
34768,0,0,71328780,123649400,52320620,0,108,108,true,0
34769,0,0,71328780,123649400,52320620,0,110,110,true,0
34770,0,0,71328780,123649400,52320620,0,109,109,true,0
34771,0,0,71328780,123649400,52320620,0,95,95,true,0
34772,0,0,71328780,123649400,52320620,0,83,83,true,0
34773,0,0,71328780,123654550,52325770,0,0,103,false,0
34774,0,0,71328780,123659700,52330920,0,8,111,false,0
34775,0,0,71328780,123664500,52335720,0,0,96,false,0
34776,0,0,71328780,123669650,52340870,0,13,116,false,0
34777,0,0,71328780,123674650,52345870,0,0,100,false,0
34778,0,0,71328780,123674650,52345870,0,92,92,true,0
34779,0,0,71328780,123679400,52350620,0,0,95,false,0
34780,0,0,71328780,123684450,52355670,0,0,101,false,0
34781,0,0,71328780,123689300,52360520,0,0,97,false,0
34782,0,0,71328780,123689300,52360520,0,107,107,true,0
34783,0,0,71328780,123689300,52360520,0,120,120,true,0
34784,0,0,71328780,123689300,52360520,0,103,103,true,0
34785,0,0,71328780,123694300,52365520,0,0,100,false,0
34786,0,0,71328780,123699450,52370670,0,0,103,false,0
34787,0,0,71328780,123704300,52375520,0,0,97,false,0
34788,0,0,71435400,123708750,52273350,0,0,89,false,0
34789,0,0,71435400,123712800,52277400,0,0,81,false,0
34790,0,0,71435400,123717750,52282350,0,0,99,false,0
34791,0,0,71435400,123722900,52287500,0,13,116,false,0
34792,0,0,71435400,123726850,52291450,0,0,79,false,0
34793,0,0,71435400,123732000,52296600,0,9,112,false,0
34794,0,0,71435400,123737150,52301750,0,1,104,false,0
34795,0,0,71435400,123742300,52306900,0,10,113,false,0
34796,0,0,71435400,123747400,52312000,0,0,102,false,0
34797,0,0,71435400,123752350,52316950,0,0,99,false,0
34798,0,0,71435400,123757500,52322100,0,0,103,false,0
34799,0,0,71435400,123762650,52327250,0,5,108,false,0
34800,0,0,71435400,123762650,52327250,0,94,94,true,0
34801,0,0,71435400,123767800,52332400,0,18,121,false,0
34802,0,0,71435400,123771950,52336550,0,0,83,false,0
34803,0,0,71435400,123777100,52341700,0,8,111,false,0
34804,0,0,71435400,123781750,52346350,0,0,93,false,0
34805,0,0,71435400,123786250,52350850,0,0,90,false,0
34806,0,0,71435400,123786250,52350850,0,99,99,true,0
34807,0,0,71435400,123786250,52350850,0,86,86,true,0
34808,0,0,71435400,123790400,52355000,0,0,83,false,0
34809,0,0,71435400,123794150,52358750,0,0,75,false,0
34810,0,0,71435400,123798850,52363450,0,0,94,false,0
34811,0,0,71435400,123798850,52363450,0,90,90,true,0
34812,0,0,71435400,123802950,52367550,0,0,82,false,0
34813,0,0,71435400,123808100,52372700,0,0,103,false,0
34814,0,0,71435400,123813200,52377800,0,0,102,false,0
34815,0,0,71435400,123818350,52382950,0,10,113,false,0
34816,0,0,71435400,123823500,52388100,0,0,103,false,0
34817,0,0,71435400,123828650,52393250,0,0,103,false,0
34818,0,0,71435400,123833800,52398400,0,3,106,false,0
34819,0,0,71435400,123838950,52403550,0,0,103,false,0
34820,0,0,71435400,123844000,52408600,0,0,101,false,0
34821,0,0,71435400,123848250,52412850,0,0,85,false,0
34822,0,0,71435400,123853400,52418000,0,8,111,false,0
34823,0,0,71435400,123853400,52418000,0,91,91,true,0
34824,0,0,71435400,123853400,52418000,0,112,112,true,0
34825,0,0,71435400,123853400,52418000,0,97,97,true,0
34826,0,0,71435400,123853400,52418000,0,113,113,true,0
34827,0,0,71435400,123858550,52423150,0,6,109,false,0
34828,0,0,71435400,123863700,52428300,0,1,104,false,0
34829,0,0,71435400,123868100,52432700,0,0,88,false,0
34830,0,0,71435400,123873250,52437850,0,7,110,false,0
34831,0,0,71435400,123878400,52443000,0,11,114,false,0
34832,0,0,71435400,123883450,52448050,0,0,101,false,0
34833,0,0,71435400,123888100,52452700,0,0,93,false,0
34834,0,0,71435400,123893250,52457850,0,23,126,false,0
34835,0,0,71435400,123898150,52462750,0,0,98,false,0
34836,0,0,71435400,123902700,52467300,0,0,91,false,0
34837,0,0,71435400,123902700,52467300,0,101,101,true,0
34838,0,0,71435400,123906800,52471400,0,0,82,false,0
34839,0,0,71435400,123911900,52476500,0,0,102,false,0
34840,0,0,71542020,123916350,52374330,0,0,89,false,0
34841,0,0,71542020,123916350,52374330,0,97,97,true,0
34842,0,0,71542020,123916350,52374330,0,106,106,true,0
34843,0,0,71542020,123921000,52378980,0,0,93,false,0
34844,0,0,71542020,123926150,52384130,0,7,110,false,0
34845,0,0,71542020,123931300,52389280,0,9,112,false,0
34846,0,0,71542020,123936450,52394430,0,1,104,false,0
34847,0,0,71542020,123941400,52399380,0,0,99,false,0
34848,0,0,71542020,123941400,52399380,0,109,109,true,0
34849,0,0,71542020,123941400,52399380,0,95,95,true,0
34850,0,0,71542020,123945550,52403530,0,0,83,false,0
34851,0,0,71542020,123950700,52408680,0,2,105,false,0
34852,0,0,71542020,123950700,52408680,0,106,106,true,0
34853,0,0,71542020,123955850,52413830,0,22,125,false,0
34854,0,0,71542020,123960750,52418730,0,0,98,false,0
34855,0,0,71542020,123965550,52423530,0,0,96,false,0
34856,0,0,71542020,123965550,52423530,0,95,95,true,0
34857,0,0,71542020,123970300,52428280,0,0,95,false,0
34858,0,0,71542020,123975450,52433430,0,4,107,false,0
34859,0,0,71542020,123980400,52438380,0,0,99,false,0
34860,0,0,71542020,123985500,52443480,0,0,102,false,0
34861,0,0,71542020,123985500,52443480,0,89,89,true,0
34862,0,0,71542020,123985500,52443480,0,94,94,true,0
34863,0,0,71542020,123985500,52443480,0,103,103,true,0
34864,0,0,71542020,123985500,52443480,0,101,101,true,0
34865,0,0,71542020,123985500,52443480,0,87,87,true,0
34866,0,0,71542020,123989550,52447530,0,0,81,false,0
34867,0,0,71542020,123994700,52452680,0,9,112,false,0
34868,0,0,71542020,123999450,52457430,0,0,95,false,0
34869,0,0,71542020,124003950,52461930,0,0,90,false,0
34870,0,0,71542020,124008250,52466230,0,0,86,false,0
34871,0,0,71542020,124012800,52470780,0,0,91,false,0
34872,0,0,71542020,124017750,52475730,0,0,99,false,0
34873,0,0,71542020,124022750,52480730,0,0,100,false,0
34874,0,0,71542020,124027900,52485880,0,4,107,false,0
34875,0,0,71542020,124027900,52485880,0,78,78,true,0
34876,0,0,71542020,124033050,52491030,0,2,105,false,0
34877,0,0,71542020,124037500,52495480,0,0,89,false,0
34878,0,0,71542020,124042350,52500330,0,0,97,false,0
34879,0,0,71542020,124042350,52500330,0,83,83,true,0
34880,0,0,71542020,124042350,52500330,0,72,72,true,0
34881,0,0,71542020,124042350,52500330,0,109,109,true,0
34882,0,0,71542020,124042350,52500330,0,104,104,true,0
34883,0,0,71542020,124047400,52505380,0,0,101,false,0
34884,0,0,71542020,124052550,52510530,0,2,105,false,0
34885,0,0,71542020,124057700,52515680,0,0,103,false,0
34886,0,0,71542020,124062000,52519980,0,0,86,false,0
34887,0,0,71542020,124067150,52525130,0,9,112,false,0
34888,0,0,71542020,124072200,52530180,0,0,101,false,0
34889,0,0,71542020,124076500,52534480,0,0,86,false,0
34890,0,0,71542020,124081350,52539330,0,0,97,false,0
34891,0,0,71542020,124086100,52544080,0,0,95,false,0
34892,0,0,71648640,124091250,52442610,0,9,112,false,0
34893,0,0,71648640,124096100,52447460,0,0,97,false,0
34894,0,0,71648640,124100550,52451910,0,0,89,false,0
34895,0,0,71648640,124105700,52457060,0,10,113,false,0
34896,0,0,71648640,124110850,52462210,0,10,113,false,0
34897,0,0,71648640,124115900,52467260,0,0,101,false,0
34898,0,0,71648640,124121050,52472410,0,4,107,false,0
34899,0,0,71648640,124121050,52472410,0,108,108,true,0
34900,0,0,71648640,124121050,52472410,0,89,89,true,0
34901,0,0,71648640,124121050,52472410,0,97,97,true,0
34902,0,0,71648640,124121050,52472410,0,106,106,true,0
34903,0,0,71648640,124121050,52472410,0,122,122,true,0
34904,0,0,71648640,124121050,52472410,0,95,95,true,0
34905,0,0,71648640,124121050,52472410,0,92,92,true,0
34906,0,0,71648640,124126200,52477560,0,16,119,false,0
34907,0,0,71648640,124131350,52482710,0,4,107,false,0
34908,0,0,71648640,124135750,52487110,0,0,88,false,0
34909,0,0,71648640,124135750,52487110,0,105,105,true,0
34910,0,0,71648640,124135750,52487110,0,77,77,true,0
34911,0,0,71648640,124135750,52487110,0,103,103,true,0
34912,0,0,71648640,124135750,52487110,0,89,89,true,0
34913,0,0,71648640,124135750,52487110,0,106,106,true,0
34914,0,0,71648640,124135750,52487110,0,103,103,true,0
34915,0,0,71648640,124135750,52487110,0,95,95,true,0
34916,0,0,71648640,124135750,52487110,0,91,91,true,0
34917,0,0,71648640,124140900,52492260,0,6,109,false,0
34918,0,0,71648640,124145300,52496660,0,0,88,false,0
34919,0,0,71648640,124150450,52501810,0,9,112,false,0
34920,0,0,71648640,124154850,52506210,0,0,88,false,0
34921,0,0,71648640,124154850,52506210,0,93,93,true,0
34922,0,0,71648640,124160000,52511360,0,2,105,false,0
34923,0,0,71648640,124165050,52516410,0,0,101,false,0
34924,0,0,71648640,124169150,52520510,0,0,82,false,0
34925,0,0,71648640,124174300,52525660,0,3,106,false,0
34926,0,0,71648640,124179450,52530810,0,3,106,false,0
34927,0,0,71648640,124184300,52535660,0,0,97,false,0
34928,0,0,71648640,124189450,52540810,0,8,111,false,0
34929,0,0,71648640,124189450,52540810,0,106,106,true,0
34930,0,0,71648640,124194100,52545460,0,0,93,false,0
34931,0,0,71648640,124197950,52549310,0,0,77,false,0
34932,0,0,71648640,124203100,52554460,0,1,104,false,0
34933,0,0,71648640,124207800,52559160,0,0,94,false,0
34934,0,0,71648640,124207800,52559160,0,92,92,true,0
34935,0,0,71648640,124207800,52559160,0,111,111,true,0
34936,0,0,71648640,124207800,52559160,0,104,104,true,0
34937,0,0,71648640,124207800,52559160,0,91,91,true,0
34938,0,0,71648640,124207800,52559160,0,91,91,true,0
34939,0,0,71648640,124207800,52559160,0,96,96,true,0
34940,0,0,71648640,124207800,52559160,0,91,91,true,0
34941,0,0,71648640,124207800,52559160,0,91,91,true,0
34942,0,0,71648640,124207800,52559160,0,93,93,true,0
34943,0,0,71648640,124207800,52559160,0,101,101,true,0
34944,0,0,71755260,124207800,52452540,0,96,96,true,0
34945,0,0,71755260,124207800,52452540,0,84,84,true,0
34946,0,0,71755260,124212150,52456890,0,0,87,false,0
34947,0,0,71755260,124216950,52461690,0,0,96,false,0
34948,0,0,71755260,124221200,52465940,0,0,85,false,0
34949,0,0,71755260,124226050,52470790,0,0,97,false,0
34950,0,0,71755260,124226050,52470790,0,106,106,true,0
34951,0,0,71755260,124226050,52470790,0,96,96,true,0
34952,0,0,71755260,124231200,52475940,0,1,104,false,0
34953,0,0,71755260,124236350,52481090,0,10,113,false,0
34954,0,0,71755260,124241500,52486240,0,3,106,false,0
34955,0,0,71755260,124246250,52490990,0,0,95,false,0
34956,0,0,71755260,124251400,52496140,0,0,103,false,0
34957,0,0,71755260,124256550,52501290,0,1,104,false,0
34958,0,0,71755260,124261150,52505890,0,0,92,false,0
34959,0,0,71755260,124265600,52510340,0,0,89,false,0
34960,0,0,71755260,124270600,52515340,0,0,100,false,0
34961,0,0,71755260,124275750,52520490,0,4,107,false,0
34962,0,0,71755260,124275750,52520490,0,121,121,true,0
34963,0,0,71755260,124275750,52520490,0,118,118,true,0
34964,0,0,71755260,124275750,52520490,0,113,113,true,0
34965,0,0,71755260,124280900,52525640,0,1,104,false,0
34966,0,0,71755260,124286050,52530790,0,2,105,false,0
34967,0,0,71755260,124291100,52535840,0,0,101,false,0
34968,0,0,71755260,124295450,52540190,0,0,87,false,0
34969,0,0,71755260,124300600,52545340,0,3,106,false,0
34970,0,0,71755260,124305250,52549990,0,0,93,false,0
34971,0,0,71755260,124305250,52549990,0,98,98,true,0
34972,0,0,71755260,124310350,52555090,0,0,102,false,0
34973,0,0,71755260,124315450,52560190,0,0,102,false,0
34974,0,0,71755260,124319900,52564640,0,0,89,false,0
34975,0,0,71755260,124324550,52569290,0,0,93,false,0
34976,0,0,71755260,124329000,52573740,0,0,89,false,0
34977,0,0,71755260,124334150,52578890,0,7,110,false,0
34978,0,0,71755260,124339300,52584040,0,1,104,false,0
34979,0,0,71755260,124344450,52589190,0,13,116,false,0
34980,0,0,71755260,124348700,52593440,0,0,85,false,0
34981,0,0,71755260,124348700,52593440,0,96,96,true,0
34982,0,0,71755260,124353850,52598590,0,3,106,false,0
34983,0,0,71755260,124359000,52603740,0,1,104,false,0
34984,0,0,71755260,124364150,52608890,0,4,107,false,0
34985,0,0,71755260,124368400,52613140,0,0,85,false,0
34986,0,0,71755260,124373550,52618290,0,2,105,false,0
34987,0,0,71755260,124378150,52622890,0,0,92,false,0
34988,0,0,71755260,124383150,52627890,0,0,100,false,0
34989,0,0,71755260,124387850,52632590,0,0,94,false,0
34990,0,0,71755260,124392450,52637190,0,0,92,false,0
34991,0,0,71755260,124397500,52642240,0,0,101,false,0
34992,0,0,71755260,124402450,52647190,0,0,99,false,0
34993,0,0,71755260,124407450,52652190,0,0,100,false,0
34994,0,0,71755260,124412200,52656940,0,0,95,false,0
34995,0,0,71755260,124412200,52656940,0,104,104,true,0
34996,0,0,71861880,124412200,52550320,0,109,109,true,0
34997,0,0,71861880,124412200,52550320,0,90,90,true,0
34998,0,0,71861880,124412200,52550320,0,92,92,true,0
34999,0,0,71861880,124416600,52554720,0,0,88,false,0
35000,0,0,71861880,124420750,52558870,0,0,83,false,0
35001,0,0,71861880,124425900,52564020,0,10,113,false,0
35002,0,0,71861880,124431050,52569170,0,26,129,false,0
35003,0,0,71861880,124436200,52574320,0,1,104,false,0
35004,0,0,71861880,124440650,52578770,0,0,89,false,0
35005,0,0,71861880,124445500,52583620,0,0,97,false,0
35006,0,0,71861880,124445500,52583620,0,102,102,true,0
35007,0,0,71861880,124445500,52583620,0,95,95,true,0
35008,0,0,71861880,124445500,52583620,0,105,105,true,0
35009,0,0,71861880,124445500,52583620,0,84,84,true,0
35010,0,0,71861880,124445500,52583620,0,115,115,true,0
35011,0,0,71861880,124450650,52588770,0,5,108,false,0
35012,0,0,71861880,124455800,52593920,0,5,108,false,0
35013,0,0,71861880,124460900,52599020,0,0,102,false,0
35014,0,0,71861880,124460900,52599020,0,102,102,true,0
35015,0,0,71861880,124460900,52599020,0,119,119,true,0
35016,0,0,71861880,124466050,52604170,0,4,107,false,0
35017,0,0,71861880,124471200,52609320,0,5,108,false,0
35018,0,0,71861880,124476350,52614470,0,8,111,false,0
35019,0,0,71861880,124481500,52619620,0,7,110,false,0
35020,0,0,71861880,124486650,52624770,0,8,111,false,0
35021,0,0,71861880,124491600,52629720,0,0,99,false,0
35022,0,0,71861880,124496750,52634870,0,15,118,false,0
35023,0,0,71861880,124501900,52640020,0,9,112,false,0
35024,0,0,71861880,124501900,52640020,0,89,89,true,0
35025,0,0,71861880,124506800,52644920,0,0,98,false,0
35026,0,0,71861880,124511800,52649920,0,0,100,false,0
35027,0,0,71861880,124516950,52655070,0,1,104,false,0
35028,0,0,71861880,124521250,52659370,0,0,86,false,0
35029,0,0,71861880,124521250,52659370,0,95,95,true,0
35030,0,0,71861880,124525350,52663470,0,0,82,false,0
35031,0,0,71861880,124530050,52668170,0,0,94,false,0
35032,0,0,71861880,124530050,52668170,0,89,89,true,0
35033,0,0,71861880,124530050,52668170,0,101,101,true,0
35034,0,0,71861880,124530050,52668170,0,109,109,true,0
35035,0,0,71861880,124535200,52673320,0,1,104,false,0
35036,0,0,71861880,124539650,52677770,0,0,89,false,0
35037,0,0,71861880,124539650,52677770,0,96,96,true,0
35038,0,0,71861880,124544600,52682720,0,0,99,false,0
35039,0,0,71861880,124549750,52687870,0,8,111,false,0
35040,0,0,71861880,124553800,52691920,0,0,81,false,0
35041,0,0,71861880,124558550,52696670,0,0,95,false,0
35042,0,0,71861880,124558550,52696670,0,92,92,true,0
35043,0,0,71861880,124558550,52696670,0,116,116,true,0
35044,0,0,71861880,124558550,52696670,0,107,107,true,0
35045,0,0,71861880,124563200,52701320,0,0,93,false,0
35046,0,0,71861880,124567550,52705670,0,0,87,false,0
35047,0,0,71861880,124571450,52709570,0,0,78,false,0
35048,0,0,71968500,124575850,52607350,0,0,88,false,0
35049,0,0,71968500,124581000,52612500,0,4,107,false,0
35050,0,0,71968500,124581000,52612500,0,90,90,true,0
35051,0,0,71968500,124586150,52617650,0,3,106,false,0
35052,0,0,71968500,124591300,52622800,0,3,106,false,0
35053,0,0,71968500,124596250,52627750,0,0,99,false,0
35054,0,0,71968500,124596250,52627750,0,101,101,true,0
35055,0,0,71968500,124601400,52632900,0,12,115,false,0
35056,0,0,71968500,124606050,52637550,0,0,93,false,0
35057,0,0,71968500,124606050,52637550,0,99,99,true,0
35058,0,0,71968500,124606050,52637550,0,90,90,true,0
35059,0,0,71968500,124606050,52637550,0,120,120,true,0
35060,0,0,71968500,124606050,52637550,0,87,87,true,0
35061,0,0,71968500,124606050,52637550,0,85,85,true,0
35062,0,0,71968500,124610700,52642200,0,0,93,false,0
35063,0,0,71968500,124615450,52646950,0,0,95,false,0
35064,0,0,71968500,124620250,52651750,0,0,96,false,0
35065,0,0,71968500,124620250,52651750,0,91,91,true,0
35066,0,0,71968500,124620250,52651750,0,109,109,true,0
35067,0,0,71968500,124620250,52651750,0,86,86,true,0
35068,0,0,71968500,124620250,52651750,0,98,98,true,0
35069,0,0,71968500,124625400,52656900,0,0,103,false,0
35070,0,0,71968500,124629900,52661400,0,0,90,false,0
35071,0,0,71968500,124634450,52665950,0,0,91,false,0
35072,0,0,71968500,124639600,52671100,0,8,111,false,0
35073,0,0,71968500,124643450,52674950,0,0,77,false,0
35074,0,0,71968500,124648500,52680000,0,0,101,false,0
35075,0,0,71968500,124653650,52685150,0,2,105,false,0
35076,0,0,71968500,124658800,52690300,0,3,106,false,0
35077,0,0,71968500,124663550,52695050,0,0,95,false,0
35078,0,0,71968500,124663550,52695050,0,104,104,true,0
35079,0,0,71968500,124663550,52695050,0,94,94,true,0
35080,0,0,71968500,124663550,52695050,0,98,98,true,0
35081,0,0,71968500,124667550,52699050,0,0,80,false,0
35082,0,0,71968500,124672150,52703650,0,0,92,false,0
35083,0,0,71968500,124676850,52708350,0,0,94,false,0
35084,0,0,71968500,124681250,52712750,0,0,88,false,0
35085,0,0,71968500,124685000,52716500,0,0,75,false,0
35086,0,0,71968500,124690150,52721650,0,6,109,false,0
35087,0,0,71968500,124695300,52726800,0,9,112,false,0
35088,0,0,71968500,124700450,52731950,0,0,103,false,0
35089,0,0,71968500,124705600,52737100,0,0,103,false,0
35090,0,0,71968500,124710050,52741550,0,0,89,false,0
35091,0,0,71968500,124714450,52745950,0,0,88,false,0
35092,0,0,71968500,124718800,52750300,0,0,87,false,0
35093,0,0,71968500,124723700,52755200,0,0,98,false,0
35094,0,0,71968500,124728850,52760350,0,0,103,false,0
35095,0,0,71968500,124733200,52764700,0,0,87,false,0
35096,0,0,71968500,124737850,52769350,0,0,93,false,0
35097,0,0,71968500,124742550,52774050,0,0,94,false,0
35098,0,0,71968500,124742550,52774050,0,102,102,true,0
35099,0,0,71968500,124742550,52774050,0,110,110,true,0
35100,0,0,72075120,124747700,52672580,0,5,108,false,0
35101,0,0,72075120,124752000,52676880,0,0,86,false,0
35102,0,0,72075120,124757150,52682030,0,14,117,false,0
35103,0,0,72075120,124762300,52687180,0,0,103,false,0
35104,0,0,72075120,124762300,52687180,0,106,106,true,0
35105,0,0,72075120,124762300,52687180,0,117,117,true,0
35106,0,0,72075120,124762300,52687180,0,95,95,true,0
35107,0,0,72075120,124762300,52687180,0,91,91,true,0
35108,0,0,72075120,124767150,52692030,0,0,97,false,0
35109,0,0,72075120,124772050,52696930,0,0,98,false,0
35110,0,0,72075120,124776300,52701180,0,0,85,false,0
35111,0,0,72075120,124780400,52705280,0,0,82,false,0
35112,0,0,72075120,124784850,52709730,0,0,89,false,0
35113,0,0,72075120,124784850,52709730,0,91,91,true,0
35114,0,0,72075120,124784850,52709730,0,89,89,true,0
35115,0,0,72075120,124784850,52709730,0,94,94,true,0
35116,0,0,72075120,124789550,52714430,0,0,94,false,0
35117,0,0,72075120,124794400,52719280,0,0,97,false,0
35118,0,0,72075120,124799500,52724380,0,0,102,false,0
35119,0,0,72075120,124803900,52728780,0,0,88,false,0
35120,0,0,72075120,124808650,52733530,0,0,95,false,0
35121,0,0,72075120,124813300,52738180,0,0,93,false,0
35122,0,0,72075120,124818450,52743330,0,13,116,false,0
35123,0,0,72075120,124823600,52748480,0,2,105,false,0
35124,0,0,72075120,124828450,52753330,0,0,97,false,0
35125,0,0,72075120,124833350,52758230,0,0,98,false,0
35126,0,0,72075120,124838500,52763380,0,4,107,false,0
35127,0,0,72075120,124838500,52763380,0,91,91,true,0
35128,0,0,72075120,124838500,52763380,0,111,111,true,0
35129,0,0,72075120,124842700,52767580,0,0,84,false,0
35130,0,0,72075120,124847000,52771880,0,0,86,false,0
35131,0,0,72075120,124847000,52771880,0,98,98,true,0
35132,0,0,72075120,124847000,52771880,0,109,109,true,0
35133,0,0,72075120,124852100,52776980,0,0,102,false,0
35134,0,0,72075120,124856850,52781730,0,0,95,false,0
35135,0,0,72075120,124856850,52781730,0,101,101,true,0
35136,0,0,72075120,124856850,52781730,0,101,101,true,0
35137,0,0,72075120,124856850,52781730,0,91,91,true,0
35138,0,0,72075120,124856850,52781730,0,99,99,true,0
35139,0,0,72075120,124856850,52781730,0,117,117,true,0
35140,0,0,72075120,124856850,52781730,0,105,105,true,0
35141,0,0,72075120,124856850,52781730,0,104,104,true,0
35142,0,0,72075120,124856850,52781730,0,117,117,true,0
35143,0,0,72075120,124862000,52786880,0,4,107,false,0
35144,0,0,72075120,124867150,52792030,0,11,114,false,0
35145,0,0,72075120,124871550,52796430,0,0,88,false,0
35146,0,0,72075120,124876700,52801580,0,8,111,false,0
35147,0,0,72075120,124881850,52806730,0,4,107,false,0
35148,0,0,72075120,124887000,52811880,0,8,111,false,0
35149,0,0,72075120,124891550,52816430,0,0,91,false,0
35150,0,0,72075120,124891550,52816430,0,95,95,true,0
35151,0,0,72075120,124896700,52821580,0,12,115,false,0
35152,0,0,72181740,124901700,52719960,0,0,100,false,0
35153,0,0,72181740,124906850,52725110,0,9,112,false,0
35154,0,0,72181740,124906850,52725110,0,98,98,true,0
35155,0,0,72181740,124906850,52725110,0,86,86,true,0
35156,0,0,72181740,124906850,52725110,0,97,97,true,0
35157,0,0,72181740,124906850,52725110,0,92,92,true,0
35158,0,0,72181740,124906850,52725110,0,97,97,true,0
35159,0,0,72181740,124906850,52725110,0,77,77,true,0
35160,0,0,72181740,124912000,52730260,0,20,123,false,0
35161,0,0,72181740,124917150,52735410,0,17,120,false,0
35162,0,0,72181740,124917150,52735410,0,93,93,true,0
35163,0,0,72181740,124922200,52740460,0,0,101,false,0
35164,0,0,72181740,124927000,52745260,0,0,96,false,0
35165,0,0,72181740,124931300,52749560,0,0,86,false,0
35166,0,0,72181740,124936450,52754710,0,8,111,false,0
35167,0,0,72181740,124941100,52759360,0,0,93,false,0
35168,0,0,72181740,124946000,52764260,0,0,98,false,0
35169,0,0,72181740,124951150,52769410,0,0,103,false,0
35170,0,0,72181740,124956150,52774410,0,0,100,false,0
35171,0,0,72181740,124959800,52778060,0,0,73,false,0
35172,0,0,72181740,124964950,52783210,0,26,129,false,0
35173,0,0,72181740,124970100,52788360,0,6,109,false,0
35174,0,0,72181740,124975250,52793510,0,2,105,false,0
35175,0,0,72181740,124979550,52797810,0,0,86,false,0
35176,0,0,72181740,124984700,52802960,0,1,104,false,0
35177,0,0,72181740,124989700,52807960,0,0,100,false,0
35178,0,0,72181740,124994500,52812760,0,0,96,false,0
35179,0,0,72181740,124999650,52817910,0,2,105,false,0
35180,0,0,72181740,125004150,52822410,0,0,90,false,0
35181,0,0,72181740,125009300,52827560,0,12,115,false,0
35182,0,0,72181740,125013850,52832110,0,0,91,false,0
35183,0,0,72181740,125013850,52832110,0,101,101,true,0
35184,0,0,72181740,125013850,52832110,0,99,99,true,0
35185,0,0,72181740,125018900,52837160,0,0,101,false,0
35186,0,0,72181740,125023500,52841760,0,0,92,false,0
35187,0,0,72181740,125027900,52846160,0,0,88,false,0
35188,0,0,72181740,125032650,52850910,0,0,95,false,0
35189,0,0,72181740,125037700,52855960,0,0,101,false,0
35190,0,0,72181740,125042350,52860610,0,0,93,false,0
35191,0,0,72181740,125047500,52865760,0,0,103,false,0
35192,0,0,72181740,125051950,52870210,0,0,89,false,0
35193,0,0,72181740,125057000,52875260,0,0,101,false,0
35194,0,0,72181740,125061250,52879510,0,0,85,false,0
35195,0,0,72181740,125065600,52883860,0,0,87,false,0
35196,0,0,72181740,125070750,52889010,0,0,103,false,0
35197,0,0,72181740,125070750,52889010,0,92,92,true,0
35198,0,0,72181740,125070750,52889010,0,87,87,true,0
35199,0,0,72181740,125070750,52889010,0,123,123,true,0
35200,0,0,72181740,125075900,52894160,0,5,108,false,0
35201,0,0,72181740,125081050,52899310,0,1,104,false,0
35202,0,0,72181740,125085750,52904010,0,0,94,false,0
35203,0,0,72181740,125090900,52909160,0,17,120,false,0
35204,0,0,72288360,125095500,52807140,0,0,92,false,0
35205,0,0,72288360,125100650,52812290,0,20,123,false,0
35206,0,0,72288360,125100650,52812290,0,97,97,true,0
35207,0,0,72288360,125100650,52812290,0,86,86,true,0
35208,0,0,72288360,125105600,52817240,0,0,99,false,0
35209,0,0,72288360,125110750,52822390,0,7,110,false,0
35210,0,0,72288360,125115150,52826790,0,0,88,false,0
35211,0,0,72288360,125120300,52831940,0,4,107,false,0
35212,0,0,72288360,125125250,52836890,0,0,99,false,0
35213,0,0,72288360,125130250,52841890,0,0,100,false,0
35214,0,0,72288360,125135400,52847040,0,6,109,false,0
35215,0,0,72288360,125140300,52851940,0,0,98,false,0
35216,0,0,72288360,125145400,52857040,0,0,102,false,0
35217,0,0,72288360,125150550,52862190,0,13,116,false,0
35218,0,0,72288360,125154850,52866490,0,0,86,false,0
35219,0,0,72288360,125160000,52871640,0,11,114,false,0
35220,0,0,72288360,125164950,52876590,0,0,99,false,0
35221,0,0,72288360,125169650,52881290,0,0,94,false,0
35222,0,0,72288360,125174150,52885790,0,0,90,false,0
35223,0,0,72288360,125174150,52885790,0,93,93,true,0
35224,0,0,72288360,125179300,52890940,0,12,115,false,0
35225,0,0,72288360,125184450,52896090,0,1,104,false,0
35226,0,0,72288360,125189600,52901240,0,5,108,false,0
35227,0,0,72288360,125194000,52905640,0,0,88,false,0
35228,0,0,72288360,125199150,52910790,0,2,105,false,0
35229,0,0,72288360,125203700,52915340,0,0,91,false,0
35230,0,0,72288360,125208600,52920240,0,0,98,false,0
35231,0,0,72288360,125213750,52925390,0,1,104,false,0
35232,0,0,72288360,125218900,52930540,0,7,110,false,0
35233,0,0,72288360,125223850,52935490,0,0,99,false,0
35234,0,0,72288360,125223850,52935490,0,102,102,true,0
35235,0,0,72288360,125223850,52935490,0,106,106,true,0
35236,0,0,72288360,125223850,52935490,0,113,113,true,0
35237,0,0,72288360,125223850,52935490,0,118,118,true,0
35238,0,0,72288360,125223850,52935490,0,101,101,true,0
35239,0,0,72288360,125228750,52940390,0,0,98,false,0
35240,0,0,72288360,125233900,52945540,0,3,106,false,0
35241,0,0,72288360,125239000,52950640,0,0,102,false,0
35242,0,0,72288360,125243550,52955190,0,0,91,false,0
35243,0,0,72288360,125248150,52959790,0,0,92,false,0
35244,0,0,72288360,125253300,52964940,0,9,112,false,0
35245,0,0,72288360,125258450,52970090,0,10,113,false,0
35246,0,0,72288360,125263600,52975240,0,6,109,false,0
35247,0,0,72288360,125268750,52980390,0,15,118,false,0
35248,0,0,72288360,125273750,52985390,0,0,100,false,0
35249,0,0,72288360,125278350,52989990,0,0,92,false,0
35250,0,0,72288360,125283500,52995140,0,6,109,false,0
35251,0,0,72288360,125288650,53000290,0,3,106,false,0
35252,0,0,72288360,125293500,53005140,0,0,97,false,0
35253,0,0,72288360,125298650,53010290,0,3,106,false,0
35254,0,0,72288360,125302850,53014490,0,0,84,false,0
35255,0,0,72288360,125307900,53019540,0,0,101,false,0
35256,0,0,72394980,125312150,52917170,0,0,85,false,0
35257,0,0,72394980,125317300,52922320,0,8,111,false,0
35258,0,0,72394980,125322450,52927470,0,10,113,false,0
35259,0,0,72394980,125327600,52932620,0,3,106,false,0
35260,0,0,72394980,125332300,52937320,0,0,94,false,0
35261,0,0,72394980,125337100,52942120,0,0,96,false,0
35262,0,0,72394980,125341900,52946920,0,0,96,false,0
35263,0,0,72394980,125347050,52952070,0,2,105,false,0
35264,0,0,72394980,125352200,52957220,0,2,105,false,0
35265,0,0,72394980,125357350,52962370,0,2,105,false,0
35266,0,0,72394980,125361250,52966270,0,0,78,false,0
35267,0,0,72394980,125365300,52970320,0,0,81,false,0
35268,0,0,72394980,125370050,52975070,0,0,95,false,0
35269,0,0,72394980,125374100,52979120,0,0,81,false,0
35270,0,0,72394980,125379250,52984270,0,14,117,false,0
35271,0,0,72394980,125383900,52988920,0,0,93,false,0
35272,0,0,72394980,125388800,52993820,0,0,98,false,0
35273,0,0,72394980,125393600,52998620,0,0,96,false,0
35274,0,0,72394980,125393600,52998620,0,106,106,true,0
35275,0,0,72394980,125393600,52998620,0,104,104,true,0
35276,0,0,72394980,125398750,53003770,0,3,106,false,0
35277,0,0,72394980,125403450,53008470,0,0,94,false,0
35278,0,0,72394980,125408600,53013620,0,10,113,false,0
35279,0,0,72394980,125413750,53018770,0,6,109,false,0
35280,0,0,72394980,125413750,53018770,0,98,98,true,0
35281,0,0,72394980,125418900,53023920,0,10,113,false,0
35282,0,0,72394980,125424050,53029070,0,3,106,false,0
35283,0,0,72394980,125424050,53029070,0,89,89,true,0
35284,0,0,72394980,125424050,53029070,0,94,94,true,0
35285,0,0,72394980,125424050,53029070,0,94,94,true,0
35286,0,0,72394980,125429200,53034220,0,6,109,false,0
35287,0,0,72394980,125434200,53039220,0,0,100,false,0
35288,0,0,72394980,125439350,53044370,0,1,104,false,0
35289,0,0,72394980,125443300,53048320,0,0,79,false,0
35290,0,0,72394980,125443300,53048320,0,93,93,true,0
35291,0,0,72394980,125443300,53048320,0,91,91,true,0
35292,0,0,72394980,125443300,53048320,0,114,114,true,0
35293,0,0,72394980,125443300,53048320,0,117,117,true,0
35294,0,0,72394980,125448150,53053170,0,0,97,false,0
35295,0,0,72394980,125453300,53058320,0,1,104,false,0
35296,0,0,72394980,125453300,53058320,0,106,106,true,0
35297,0,0,72394980,125458300,53063320,0,0,100,false,0
35298,0,0,72394980,125462900,53067920,0,0,92,false,0
35299,0,0,72394980,125468050,53073070,0,1,104,false,0
35300,0,0,72394980,125473000,53078020,0,0,99,false,0
35301,0,0,72394980,125478150,53083170,0,2,105,false,0
35302,0,0,72394980,125483300,53088320,0,1,104,false,0
35303,0,0,72394980,125487350,53092370,0,0,81,false,0
35304,0,0,72394980,125492500,53097520,0,2,105,false,0
35305,0,0,72394980,125497650,53102670,0,4,107,false,0
35306,0,0,72394980,125502800,53107820,0,7,110,false,0
35307,0,0,72394980,125507800,53112820,0,0,100,false,0
35308,0,0,72501600,125512700,53011100,0,0,98,false,0
35309,0,0,72501600,125512700,53011100,0,100,100,true,0
35310,0,0,72501600,125517600,53016000,0,0,98,false,0
35311,0,0,72501600,125522750,53021150,0,8,111,false,0
35312,0,0,72501600,125522750,53021150,0,105,105,true,0
35313,0,0,72501600,125527900,53026300,0,4,107,false,0
35314,0,0,72501600,125533050,53031450,0,10,113,false,0
35315,0,0,72501600,125538200,53036600,0,0,103,false,0
35316,0,0,72501600,125542300,53040700,0,0,82,false,0
35317,0,0,72501600,125542300,53040700,0,99,99,true,0
35318,0,0,72501600,125542300,53040700,0,92,92,true,0
35319,0,0,72501600,125547450,53045850,0,0,103,false,0
35320,0,0,72501600,125551450,53049850,0,0,80,false,0
35321,0,0,72501600,125556550,53054950,0,0,102,false,0
35322,0,0,72501600,125561700,53060100,0,0,103,false,0
35323,0,0,72501600,125566850,53065250,0,11,114,false,0
35324,0,0,72501600,125566850,53065250,0,107,107,true,0
35325,0,0,72501600,125566850,53065250,0,106,106,true,0
35326,0,0,72501600,125566850,53065250,0,97,97,true,0
35327,0,0,72501600,125571500,53069900,0,0,93,false,0
35328,0,0,72501600,125576650,53075050,0,16,119,false,0
35329,0,0,72501600,125581800,53080200,0,8,111,false,0
35330,0,0,72501600,125586950,53085350,0,4,107,false,0
35331,0,0,72501600,125592100,53090500,0,3,106,false,0
35332,0,0,72501600,125592100,53090500,0,90,90,true,0
35333,0,0,72501600,125597100,53095500,0,0,100,false,0
35334,0,0,72501600,125602250,53100650,0,11,114,false,0
35335,0,0,72501600,125607400,53105800,0,8,111,false,0
35336,0,0,72501600,125612350,53110750,0,0,99,false,0
35337,0,0,72501600,125617500,53115900,0,1,104,false,0
35338,0,0,72501600,125617500,53115900,0,109,109,true,0
35339,0,0,72501600,125617500,53115900,0,90,90,true,0
35340,0,0,72501600,125622650,53121050,0,15,118,false,0
35341,0,0,72501600,125627800,53126200,0,3,106,false,0
35342,0,0,72501600,125632950,53131350,0,8,111,false,0
35343,0,0,72501600,125637650,53136050,0,0,94,false,0
35344,0,0,72501600,125642500,53140900,0,0,97,false,0
35345,0,0,72501600,125647500,53145900,0,0,100,false,0
35346,0,0,72501600,125652650,53151050,0,3,106,false,0
35347,0,0,72501600,125657800,53156200,0,10,113,false,0
35348,0,0,72501600,125662950,53161350,0,3,106,false,0
35349,0,0,72501600,125668050,53166450,0,0,102,false,0
35350,0,0,72501600,125672700,53171100,0,0,93,false,0
35351,0,0,72501600,125677400,53175800,0,0,94,false,0
35352,0,0,72501600,125682550,53180950,0,6,109,false,0
35353,0,0,72501600,125687250,53185650,0,0,94,false,0
35354,0,0,72501600,125692400,53190800,0,11,114,false,0
35355,0,0,72501600,125696700,53195100,0,0,86,false,0
35356,0,0,72501600,125701850,53200250,0,3,106,false,0
35357,0,0,72501600,125707000,53205400,0,7,110,false,0
35358,0,0,72501600,125711750,53210150,0,0,95,false,0
35359,0,0,72501600,125711750,53210150,0,109,109,true,0
35360,0,0,72608220,125716900,53108680,0,1,104,false,0
35361,0,0,72608220,125721550,53113330,0,0,93,false,0
35362,0,0,72608220,125726700,53118480,0,6,109,false,0
35363,0,0,72608220,125731850,53123630,0,1,104,false,0
35364,0,0,72608220,125731850,53123630,0,92,92,true,0
35365,0,0,72608220,125736250,53128030,0,0,88,false,0
35366,0,0,72608220,125741100,53132880,0,0,97,false,0
35367,0,0,72608220,125746200,53137980,0,0,102,false,0
35368,0,0,72608220,125751100,53142880,0,0,98,false,0
35369,0,0,72608220,125756000,53147780,0,0,98,false,0
35370,0,0,72608220,125756000,53147780,0,95,95,true,0
35371,0,0,72608220,125756000,53147780,0,94,94,true,0
35372,0,0,72608220,125756000,53147780,0,98,98,true,0
35373,0,0,72608220,125756000,53147780,0,97,97,true,0
35374,0,0,72608220,125760350,53152130,0,0,87,false,0
35375,0,0,72608220,125765150,53156930,0,0,96,false,0
35376,0,0,72608220,125769950,53161730,0,0,96,false,0
35377,0,0,72608220,125774300,53166080,0,0,87,false,0
35378,0,0,72608220,125779450,53171230,0,24,127,false,0
35379,0,0,72608220,125784600,53176380,0,10,113,false,0
35380,0,0,72608220,125789750,53181530,0,0,103,false,0
35381,0,0,72608220,125794900,53186680,0,16,119,false,0
35382,0,0,72608220,125794900,53186680,0,93,93,true,0
35383,0,0,72608220,125799800,53191580,0,0,98,false,0
35384,0,0,72608220,125804950,53196730,0,12,115,false,0
35385,0,0,72608220,125810000,53201780,0,0,101,false,0
35386,0,0,72608220,125810000,53201780,0,104,104,true,0
35387,0,0,72608220,125810000,53201780,0,95,95,true,0
35388,0,0,72608220,125815150,53206930,0,8,111,false,0
35389,0,0,72608220,125820300,53212080,0,8,111,false,0
35390,0,0,72608220,125825200,53216980,0,0,98,false,0
35391,0,0,72608220,125825200,53216980,0,102,102,true,0
35392,0,0,72608220,125825200,53216980,0,98,98,true,0
35393,0,0,72608220,125825200,53216980,0,100,100,true,0
35394,0,0,72608220,125830350,53222130,0,8,111,false,0
35395,0,0,72608220,125835500,53227280,0,1,104,false,0
35396,0,0,72608220,125840650,53232430,0,7,110,false,0
35397,0,0,72608220,125844800,53236580,0,0,83,false,0
35398,0,0,72608220,125849600,53241380,0,0,96,false,0
35399,0,0,72608220,125854750,53246530,0,3,106,false,0
35400,0,0,72608220,125859550,53251330,0,0,96,false,0
35401,0,0,72608220,125859550,53251330,0,82,82,true,0
35402,0,0,72608220,125859550,53251330,0,108,108,true,0
35403,0,0,72608220,125859550,53251330,0,100,100,true,0
35404,0,0,72608220,125859550,53251330,0,92,92,true,0
35405,0,0,72608220,125864700,53256480,0,15,118,false,0
35406,0,0,72608220,125868950,53260730,0,0,85,false,0
35407,0,0,72608220,125874100,53265880,0,29,132,false,0
35408,0,0,72608220,125878300,53270080,0,0,84,false,0
35409,0,0,72608220,125883000,53274780,0,0,94,false,0
35410,0,0,72608220,125888150,53279930,0,1,104,false,0
35411,0,0,72608220,125893100,53284880,0,0,99,false,0
35412,0,0,72714840,125897200,53182360,0,0,82,false,0
35413,0,0,72714840,125902350,53187510,0,8,111,false,0
35414,0,0,72714840,125906950,53192110,0,0,92,false,0
35415,0,0,72714840,125911700,53196860,0,0,95,false,0
35416,0,0,72714840,125916850,53202010,0,1,104,false,0
35417,0,0,72714840,125922000,53207160,0,0,103,false,0
35418,0,0,72714840,125922000,53207160,0,91,91,true,0
35419,0,0,72714840,125927150,53212310,0,3,106,false,0
35420,0,0,72714840,125932200,53217360,0,0,101,false,0
35421,0,0,72714840,125936950,53222110,0,0,95,false,0
35422,0,0,72714840,125941600,53226760,0,0,93,false,0
35423,0,0,72714840,125946750,53231910,0,2,105,false,0
35424,0,0,72714840,125951200,53236360,0,0,89,false,0
35425,0,0,72714840,125956350,53241510,0,4,107,false,0
35426,0,0,72714840,125960850,53246010,0,0,90,false,0
35427,0,0,72714840,125965800,53250960,0,0,99,false,0
35428,0,0,72714840,125970950,53256110,0,5,108,false,0
35429,0,0,72714840,125975650,53260810,0,0,94,false,0
35430,0,0,72714840,125980100,53265260,0,0,89,false,0
35431,0,0,72714840,125985250,53270410,0,1,104,false,0
35432,0,0,72714840,125990400,53275560,0,12,115,false,0
35433,0,0,72714840,125994950,53280110,0,0,91,false,0
35434,0,0,72714840,126000100,53285260,0,14,117,false,0
35435,0,0,72714840,126004700,53289860,0,0,92,false,0
35436,0,0,72714840,126009700,53294860,0,0,100,false,0
35437,0,0,72714840,126014850,53300010,0,8,111,false,0
35438,0,0,72714840,126020000,53305160,0,2,105,false,0
35439,0,0,72714840,126024200,53309360,0,0,84,false,0
35440,0,0,72714840,126028550,53313710,0,0,87,false,0
35441,0,0,72714840,126033600,53318760,0,0,101,false,0
35442,0,0,72714840,126038650,53323810,0,0,101,false,0
35443,0,0,72714840,126043650,53328810,0,0,100,false,0
35444,0,0,72714840,126048800,53333960,0,3,106,false,0
35445,0,0,72714840,126053750,53338910,0,0,99,false,0
35446,0,0,72714840,126053750,53338910,0,97,97,true,0
35447,0,0,72714840,126053750,53338910,0,82,82,true,0
35448,0,0,72714840,126053750,53338910,0,90,90,true,0
35449,0,0,72714840,126053750,53338910,0,104,104,true,0
35450,0,0,72714840,126053750,53338910,0,94,94,true,0
35451,0,0,72714840,126053750,53338910,0,110,110,true,0
35452,0,0,72714840,126058900,53344060,0,5,108,false,0
35453,0,0,72714840,126064050,53349210,0,4,107,false,0
35454,0,0,72714840,126069200,53354360,0,7,110,false,0
35455,0,0,72714840,126074200,53359360,0,0,100,false,0
35456,0,0,72714840,126079150,53364310,0,0,99,false,0
35457,0,0,72714840,126079150,53364310,0,110,110,true,0
35458,0,0,72714840,126084300,53369460,0,9,112,false,0
35459,0,0,72714840,126089450,53374610,0,4,107,false,0
35460,0,0,72714840,126094600,53379760,0,10,113,false,0
35461,0,0,72714840,126099050,53384210,0,0,89,false,0
35462,0,0,72714840,126103650,53388810,0,0,92,false,0
35463,0,0,72714840,126108350,53393510,0,0,94,false,0
35464,0,0,72821460,126113500,53292040,0,12,115,false,0
35465,0,0,72821460,126113500,53292040,0,103,103,true,0
35466,0,0,72821460,126113500,53292040,0,87,87,true,0
35467,0,0,72821460,126113500,53292040,0,94,94,true,0
35468,0,0,72821460,126113500,53292040,0,92,92,true,0
35469,0,0,72821460,126117950,53296490,0,0,89,false,0
35470,0,0,72821460,126122350,53300890,0,0,88,false,0
35471,0,0,72821460,126127300,53305840,0,0,99,false,0
35472,0,0,72821460,126132200,53310740,0,0,98,false,0
35473,0,0,72821460,126136700,53315240,0,0,90,false,0
35474,0,0,72821460,126136700,53315240,0,73,73,true,0
35475,0,0,72821460,126136700,53315240,0,109,109,true,0
35476,0,0,72821460,126141850,53320390,0,1,104,false,0
35477,0,0,72821460,126145100,53323640,0,0,65,false,0
35478,0,0,72821460,126150050,53328590,0,0,99,false,0
35479,0,0,72821460,126155200,53333740,0,1,104,false,0
35480,0,0,72821460,126155200,53333740,0,92,92,true,0
35481,0,0,72821460,126155200,53333740,0,84,84,true,0
35482,0,0,72821460,126160350,53338890,0,12,115,false,0
35483,0,0,72821460,126165500,53344040,0,16,119,false,0
35484,0,0,72821460,126170500,53349040,0,0,100,false,0
35485,0,0,72821460,126174850,53353390,0,0,87,false,0
35486,0,0,72821460,126180000,53358540,0,8,111,false,0
35487,0,0,72821460,126184450,53362990,0,0,89,false,0
35488,0,0,72821460,126189600,53368140,0,7,110,false,0
35489,0,0,72821460,126194550,53373090,0,0,99,false,0
35490,0,0,72821460,126199700,53378240,0,13,116,false,0
35491,0,0,72821460,126204750,53383290,0,0,101,false,0
35492,0,0,72821460,126209900,53388440,0,12,115,false,0
35493,0,0,72821460,126215050,53393590,0,21,124,false,0
35494,0,0,72821460,126219950,53398490,0,0,98,false,0
35495,0,0,72821460,126224400,53402940,0,0,89,false,0
35496,0,0,72821460,126228800,53407340,0,0,88,false,0
35497,0,0,72821460,126233950,53412490,0,3,106,false,0
35498,0,0,72821460,126233950,53412490,0,110,110,true,0
35499,0,0,72821460,126239100,53417640,0,2,105,false,0
35500,0,0,72821460,126244250,53422790,0,5,108,false,0
35501,0,0,72821460,126249400,53427940,0,3,106,false,0
35502,0,0,72821460,126253850,53432390,0,0,89,false,0
35503,0,0,72821460,126259000,53437540,0,17,120,false,0
35504,0,0,72821460,126264050,53442590,0,0,101,false,0
35505,0,0,72821460,126264050,53442590,0,89,89,true,0
35506,0,0,72821460,126264050,53442590,0,107,107,true,0
35507,0,0,72821460,126264050,53442590,0,89,89,true,0
35508,0,0,72821460,126264050,53442590,0,95,95,true,0
35509,0,0,72821460,126264050,53442590,0,86,86,true,0
35510,0,0,72821460,126268650,53447190,0,0,92,false,0
35511,0,0,72821460,126273000,53451540,0,0,87,false,0
35512,0,0,72821460,126277900,53456440,0,0,98,false,0
35513,0,0,72821460,126283050,53461590,0,5,108,false,0
35514,0,0,72821460,126287600,53466140,0,0,91,false,0
35515,0,0,72821460,126292200,53470740,0,0,92,false,0
35516,0,0,72928080,126297350,53369270,0,11,114,false,0
35517,0,0,72928080,126302500,53374420,0,4,107,false,0
35518,0,0,72928080,126307300,53379220,0,0,96,false,0
35519,0,0,72928080,126312450,53384370,0,0,103,false,0
35520,0,0,72928080,126317250,53389170,0,0,96,false,0
35521,0,0,72928080,126322400,53394320,0,6,109,false,0
35522,0,0,72928080,126322400,53394320,0,86,86,true,0
35523,0,0,72928080,126327550,53399470,0,3,106,false,0
35524,0,0,72928080,126332700,53404620,0,2,105,false,0
35525,0,0,72928080,126337800,53409720,0,0,102,false,0
35526,0,0,72928080,126342950,53414870,0,0,103,false,0
35527,0,0,72928080,126348100,53420020,0,3,106,false,0
35528,0,0,72928080,126353250,53425170,0,9,112,false,0
35529,0,0,72928080,126353250,53425170,0,106,106,true,0
35530,0,0,72928080,126358000,53429920,0,0,95,false,0
35531,0,0,72928080,126363150,53435070,0,10,113,false,0
35532,0,0,72928080,126367150,53439070,0,0,80,false,0
35533,0,0,72928080,126367150,53439070,0,98,98,true,0
35534,0,0,72928080,126367150,53439070,0,90,90,true,0
35535,0,0,72928080,126367150,53439070,0,99,99,true,0
35536,0,0,72928080,126367150,53439070,0,94,94,true,0
35537,0,0,72928080,126372300,53444220,0,1,104,false,0
35538,0,0,72928080,126377450,53449370,0,2,105,false,0
35539,0,0,72928080,126382150,53454070,0,0,94,false,0
35540,0,0,72928080,126382150,53454070,0,111,111,true,0
35541,0,0,72928080,126387150,53459070,0,0,100,false,0
35542,0,0,72928080,126392300,53464220,0,11,114,false,0
35543,0,0,72928080,126397450,53469370,0,3,106,false,0
35544,0,0,72928080,126397450,53469370,0,99,99,true,0
35545,0,0,72928080,126397450,53469370,0,96,96,true,0
35546,0,0,72928080,126397450,53469370,0,102,102,true,0
35547,0,0,72928080,126397450,53469370,0,92,92,true,0
35548,0,0,72928080,126397450,53469370,0,107,107,true,0
35549,0,0,72928080,126402000,53473920,0,0,91,false,0
35550,0,0,72928080,126407050,53478970,0,0,101,false,0
35551,0,0,72928080,126412200,53484120,0,17,120,false,0
35552,0,0,72928080,126417350,53489270,0,6,109,false,0
35553,0,0,72928080,126422500,53494420,0,16,119,false,0
35554,0,0,72928080,126427650,53499570,0,4,107,false,0
35555,0,0,72928080,126432800,53504720,0,3,106,false,0
35556,0,0,72928080,126436650,53508570,0,0,77,false,0
35557,0,0,72928080,126441800,53513720,0,7,110,false,0
35558,0,0,72928080,126446100,53518020,0,0,86,false,0
35559,0,0,72928080,126446100,53518020,0,82,82,true,0
35560,0,0,72928080,126446100,53518020,0,101,101,true,0
35561,0,0,72928080,126451150,53523070,0,0,101,false,0
35562,0,0,72928080,126456300,53528220,0,17,120,false,0
35563,0,0,72928080,126461400,53533320,0,0,102,false,0
35564,0,0,72928080,126466300,53538220,0,0,98,false,0
35565,0,0,72928080,126471450,53543370,0,13,116,false,0
35566,0,0,72928080,126475900,53547820,0,0,89,false,0
35567,0,0,72928080,126481050,53552970,0,0,103,false,0
35568,0,0,73034700,126485950,53451250,0,0,98,false,0
35569,0,0,73034700,126489950,53455250,0,0,80,false,0
35570,0,0,73034700,126495100,53460400,0,1,104,false,0
35571,0,0,73034700,126495100,53460400,0,96,96,true,0
35572,0,0,73034700,126495100,53460400,0,86,86,true,0
35573,0,0,73034700,126495100,53460400,0,82,82,true,0
35574,0,0,73034700,126495100,53460400,0,90,90,true,0
35575,0,0,73034700,126499900,53465200,0,0,96,false,0
35576,0,0,73034700,126504800,53470100,0,0,98,false,0
35577,0,0,73034700,126509950,53475250,0,8,111,false,0
35578,0,0,73034700,126514550,53479850,0,0,92,false,0
35579,0,0,73034700,126519700,53485000,0,0,103,false,0
35580,0,0,73034700,126524800,53490100,0,0,102,false,0
35581,0,0,73034700,126529600,53494900,0,0,96,false,0
35582,0,0,73034700,126534550,53499850,0,0,99,false,0
35583,0,0,73034700,126539650,53504950,0,0,102,false,0
35584,0,0,73034700,126539650,53504950,0,90,90,true,0
35585,0,0,73034700,126544800,53510100,0,1,104,false,0
35586,0,0,73034700,126549450,53514750,0,0,93,false,0
35587,0,0,73034700,126554200,53519500,0,0,95,false,0
35588,0,0,73034700,126558050,53523350,0,0,77,false,0
35589,0,0,73034700,126558050,53523350,0,95,95,true,0
35590,0,0,73034700,126562850,53528150,0,0,96,false,0
35591,0,0,73034700,126567500,53532800,0,0,93,false,0
35592,0,0,73034700,126572650,53537950,0,9,112,false,0
35593,0,0,73034700,126577400,53542700,0,0,95,false,0
35594,0,0,73034700,126582550,53547850,0,3,106,false,0
35595,0,0,73034700,126582550,53547850,0,110,110,true,0
35596,0,0,73034700,126582550,53547850,0,111,111,true,0
35597,0,0,73034700,126582550,53547850,0,91,91,true,0
35598,0,0,73034700,126582550,53547850,0,108,108,true,0
35599,0,0,73034700,126586900,53552200,0,0,87,false,0
35600,0,0,73034700,126591600,53556900,0,0,94,false,0
35601,0,0,73034700,126596500,53561800,0,0,98,false,0
35602,0,0,73034700,126601200,53566500,0,0,94,false,0
35603,0,0,73034700,126606350,53571650,0,5,108,false,0
35604,0,0,73034700,126606350,53571650,0,96,96,true,0
35605,0,0,73034700,126610450,53575750,0,0,82,false,0
35606,0,0,73034700,126615600,53580900,0,7,110,false,0
35607,0,0,73034700,126620750,53586050,0,3,106,false,0
35608,0,0,73034700,126625900,53591200,0,0,103,false,0
35609,0,0,73034700,126625900,53591200,0,89,89,true,0
35610,0,0,73034700,126631000,53596300,0,0,102,false,0
35611,0,0,73034700,126635550,53600850,0,0,91,false,0
35612,0,0,73034700,126640500,53605800,0,0,99,false,0
35613,0,0,73034700,126644900,53610200,0,0,88,false,0
35614,0,0,73034700,126649100,53614400,0,0,84,false,0
35615,0,0,73034700,126649100,53614400,0,103,103,true,0
35616,0,0,73034700,126653750,53619050,0,0,93,false,0
35617,0,0,73034700,126658700,53624000,0,0,99,false,0
35618,0,0,73034700,126663850,53629150,0,2,105,false,0
35619,0,0,73034700,126668950,53634250,0,0,102,false,0
35620,0,0,73141320,126674100,53532780,0,10,113,false,0
35621,0,0,73141320,126679200,53537880,0,0,102,false,0
35622,0,0,73141320,126684250,53542930,0,0,101,false,0
35623,0,0,73141320,126689100,53547780,0,0,97,false,0
35624,0,0,73141320,126692900,53551580,0,0,76,false,0
35625,0,0,73141320,126698050,53556730,0,7,110,false,0
35626,0,0,73141320,126703000,53561680,0,0,99,false,0
35627,0,0,73141320,126708150,53566830,0,4,107,false,0
35628,0,0,73141320,126713300,53571980,0,2,105,false,0
35629,0,0,73141320,126717900,53576580,0,0,92,false,0
35630,0,0,73141320,126722750,53581430,0,0,97,false,0
35631,0,0,73141320,126727400,53586080,0,0,93,false,0
35632,0,0,73141320,126732300,53590980,0,0,98,false,0
35633,0,0,73141320,126737450,53596130,0,14,117,false,0
35634,0,0,73141320,126741850,53600530,0,0,88,false,0
35635,0,0,73141320,126741850,53600530,0,94,94,true,0
35636,0,0,73141320,126741850,53600530,0,85,85,true,0
35637,0,0,73141320,126741850,53600530,0,92,92,true,0
35638,0,0,73141320,126747000,53605680,0,7,110,false,0
35639,0,0,73141320,126752150,53610830,0,8,111,false,0
35640,0,0,73141320,126756350,53615030,0,0,84,false,0
35641,0,0,73141320,126761500,53620180,0,1,104,false,0
35642,0,0,73141320,126766600,53625280,0,0,102,false,0
35643,0,0,73141320,126771050,53629730,0,0,89,false,0
35644,0,0,73141320,126775650,53634330,0,0,92,false,0
35645,0,0,73141320,126780800,53639480,0,4,107,false,0
35646,0,0,73141320,126785950,53644630,0,4,107,false,0
35647,0,0,73141320,126790950,53649630,0,0,100,false,0
35648,0,0,73141320,126795750,53654430,0,0,96,false,0
35649,0,0,73141320,126800000,53658680,0,0,85,false,0
35650,0,0,73141320,126805150,53663830,0,5,108,false,0
35651,0,0,73141320,126810300,53668980,0,1,104,false,0
35652,0,0,73141320,126815100,53673780,0,0,96,false,0
35653,0,0,73141320,126820250,53678930,0,0,103,false,0
35654,0,0,73141320,126825000,53683680,0,0,95,false,0
35655,0,0,73141320,126830050,53688730,0,0,101,false,0
35656,0,0,73141320,126830050,53688730,0,81,81,true,0
35657,0,0,73141320,126835200,53693880,0,6,109,false,0
35658,0,0,73141320,126840350,53699030,0,5,108,false,0
35659,0,0,73141320,126845150,53703830,0,0,96,false,0
35660,0,0,73141320,126849850,53708530,0,0,94,false,0
35661,0,0,73141320,126855000,53713680,0,1,104,false,0
35662,0,0,73141320,126860150,53718830,0,4,107,false,0
35663,0,0,73141320,126865300,53723980,0,7,110,false,0
35664,0,0,73141320,126865300,53723980,0,111,111,true,0
35665,0,0,73141320,126865300,53723980,0,123,123,true,0
35666,0,0,73141320,126865300,53723980,0,98,98,true,0
35667,0,0,73141320,126865300,53723980,0,104,104,true,0
35668,0,0,73141320,126870450,53729130,0,2,105,false,0
35669,0,0,73141320,126875550,53734230,0,0,102,false,0
35670,0,0,73141320,126875550,53734230,0,99,99,true,0
35671,0,0,73141320,126880700,53739380,0,5,108,false,0
35672,0,0,73247940,126885850,53637910,0,8,111,false,0
35673,0,0,73247940,126891000,53643060,0,1,104,false,0
35674,0,0,73247940,126896150,53648210,0,15,118,false,0
35675,0,0,73247940,126900550,53652610,0,0,88,false,0
35676,0,0,73247940,126905700,53657760,0,9,112,false,0
35677,0,0,73247940,126905700,53657760,0,100,100,true,0
35678,0,0,73247940,126905700,53657760,0,76,76,true,0
35679,0,0,73247940,126905700,53657760,0,104,104,true,0
35680,0,0,73247940,126905700,53657760,0,92,92,true,0
35681,0,0,73247940,126910250,53662310,0,0,91,false,0
35682,0,0,73247940,126915200,53667260,0,0,99,false,0
35683,0,0,73247940,126919950,53672010,0,0,95,false,0
35684,0,0,73247940,126924600,53676660,0,0,93,false,0
35685,0,0,73247940,126929150,53681210,0,0,91,false,0
35686,0,0,73247940,126933900,53685960,0,0,95,false,0
35687,0,0,73247940,126938350,53690410,0,0,89,false,0
35688,0,0,73247940,126943500,53695560,0,0,103,false,0
35689,0,0,73247940,126943500,53695560,0,90,90,true,0
35690,0,0,73247940,126943500,53695560,0,91,91,true,0
35691,0,0,73247940,126948650,53700710,0,7,110,false,0
35692,0,0,73247940,126953400,53705460,0,0,95,false,0
35693,0,0,73247940,126957700,53709760,0,0,86,false,0
35694,0,0,73247940,126957700,53709760,0,99,99,true,0
35695,0,0,73247940,126957700,53709760,0,107,107,true,0
35696,0,0,73247940,126962850,53714910,0,14,117,false,0
35697,0,0,73247940,126968000,53720060,0,12,115,false,0
35698,0,0,73247940,126973150,53725210,0,7,110,false,0
35699,0,0,73247940,126973150,53725210,0,109,109,true,0
35700,0,0,73247940,126973150,53725210,0,105,105,true,0
35701,0,0,73247940,126973150,53725210,0,105,105,true,0
35702,0,0,73247940,126977900,53729960,0,0,95,false,0
35703,0,0,73247940,126983050,53735110,0,1,104,false,0
35704,0,0,73247940,126988200,53740260,0,1,104,false,0
35705,0,0,73247940,126993000,53745060,0,0,96,false,0
35706,0,0,73247940,126997800,53749860,0,0,96,false,0
35707,0,0,73247940,127002950,53755010,0,4,107,false,0
35708,0,0,73247940,127008000,53760060,0,0,101,false,0
35709,0,0,73247940,127012700,53764760,0,0,94,false,0
35710,0,0,73247940,127016950,53769010,0,0,85,false,0
35711,0,0,73247940,127021850,53773910,0,0,98,false,0
35712,0,0,73247940,127021850,53773910,0,103,103,true,0
35713,0,0,73247940,127026850,53778910,0,0,100,false,0
35714,0,0,73247940,127032000,53784060,0,5,108,false,0
35715,0,0,73247940,127037150,53789210,0,3,106,false,0
35716,0,0,73247940,127041800,53793860,0,0,93,false,0
35717,0,0,73247940,127046950,53799010,0,14,117,false,0
35718,0,0,73247940,127051700,53803760,0,0,95,false,0
35719,0,0,73247940,127056850,53808910,0,12,115,false,0
35720,0,0,73247940,127062000,53814060,0,10,113,false,0
35721,0,0,73247940,127067000,53819060,0,0,100,false,0
35722,0,0,73247940,127067000,53819060,0,118,118,true,0
35723,0,0,73247940,127067000,53819060,0,97,97,true,0
35724,0,0,73354560,127067000,53712440,0,103,103,true,0
35725,0,0,73354560,127071950,53717390,0,0,99,false,0
35726,0,0,73354560,127076950,53722390,0,0,100,false,0
35727,0,0,73354560,127082100,53727540,0,3,106,false,0
35728,0,0,73354560,127086850,53732290,0,0,95,false,0
35729,0,0,73354560,127086850,53732290,0,97,97,true,0
35730,0,0,73354560,127086850,53732290,0,104,104,true,0
35731,0,0,73354560,127086850,53732290,0,89,89,true,0
35732,0,0,73354560,127086850,53732290,0,108,108,true,0
35733,0,0,73354560,127086850,53732290,0,115,115,true,0
35734,0,0,73354560,127091250,53736690,0,0,88,false,0
35735,0,0,73354560,127095950,53741390,0,0,94,false,0
35736,0,0,73354560,127100200,53745640,0,0,85,false,0
35737,0,0,73354560,127105350,53750790,0,2,105,false,0
35738,0,0,73354560,127105350,53750790,0,103,103,true,0
35739,0,0,73354560,127105350,53750790,0,81,81,true,0
35740,0,0,73354560,127109450,53754890,0,0,82,false,0
35741,0,0,73354560,127114600,53760040,0,8,111,false,0
35742,0,0,73354560,127119750,53765190,0,5,108,false,0
35743,0,0,73354560,127124700,53770140,0,0,99,false,0
35744,0,0,73354560,127129350,53774790,0,0,93,false,0
35745,0,0,73354560,127134500,53779940,0,13,116,false,0
35746,0,0,73354560,127139600,53785040,0,0,102,false,0
35747,0,0,73354560,127139600,53785040,0,111,111,true,0
35748,0,0,73354560,127143700,53789140,0,0,82,false,0
35749,0,0,73354560,127148850,53794290,0,1,104,false,0
35750,0,0,73354560,127154000,53799440,0,13,116,false,0
35751,0,0,73354560,127158800,53804240,0,0,96,false,0
35752,0,0,73354560,127163950,53809390,0,8,111,false,0
35753,0,0,73354560,127168850,53814290,0,0,98,false,0
35754,0,0,73354560,127173650,53819090,0,0,96,false,0
35755,0,0,73354560,127173650,53819090,0,89,89,true,0
35756,0,0,73354560,127173650,53819090,0,111,111,true,0
35757,0,0,73354560,127173650,53819090,0,102,102,true,0
35758,0,0,73354560,127178750,53824190,0,0,102,false,0
35759,0,0,73354560,127183900,53829340,0,3,106,false,0
35760,0,0,73354560,127183900,53829340,0,104,104,true,0
35761,0,0,73354560,127183900,53829340,0,88,88,true,0
35762,0,0,73354560,127188750,53834190,0,0,97,false,0
35763,0,0,73354560,127193850,53839290,0,0,102,false,0
35764,0,0,73354560,127198550,53843990,0,0,94,false,0
35765,0,0,73354560,127198550,53843990,0,110,110,true,0
35766,0,0,73354560,127198550,53843990,0,95,95,true,0
35767,0,0,73354560,127198550,53843990,0,104,104,true,0
35768,0,0,73354560,127198550,53843990,0,109,109,true,0
35769,0,0,73354560,127203700,53849140,0,5,108,false,0
35770,0,0,73354560,127208100,53853540,0,0,88,false,0
35771,0,0,73354560,127213200,53858640,0,0,102,false,0
35772,0,0,73354560,127217600,53863040,0,0,88,false,0
35773,0,0,73354560,127217600,53863040,0,82,82,true,0
35774,0,0,73354560,127222750,53868190,0,12,115,false,0
35775,0,0,73354560,127227900,53873340,0,7,110,false,0
35776,0,0,73461180,127232250,53771070,0,0,87,false,0
35777,0,0,73461180,127237400,53776220,0,8,111,false,0
35778,0,0,73461180,127242550,53781370,0,6,109,false,0
35779,0,0,73461180,127247700,53786520,0,5,108,false,0
35780,0,0,73461180,127252150,53790970,0,0,89,false,0
35781,0,0,73461180,127257300,53796120,0,7,110,false,0
35782,0,0,73461180,127262450,53801270,0,6,109,false,0
35783,0,0,73461180,127266950,53805770,0,0,90,false,0
35784,0,0,73461180,127272100,53810920,0,19,122,false,0
35785,0,0,73461180,127276900,53815720,0,0,96,false,0
35786,0,0,73461180,127282050,53820870,0,16,119,false,0
35787,0,0,73461180,127286950,53825770,0,0,98,false,0
35788,0,0,73461180,127291700,53830520,0,0,95,false,0
35789,0,0,73461180,127296500,53835320,0,0,96,false,0
35790,0,0,73461180,127301650,53840470,0,0,103,false,0
35791,0,0,73461180,127306800,53845620,0,2,105,false,0
35792,0,0,73461180,127311950,53850770,0,1,104,false,0
35793,0,0,73461180,127316900,53855720,0,0,99,false,0
35794,0,0,73461180,127321850,53860670,0,0,99,false,0
35795,0,0,73461180,127326150,53864970,0,0,86,false,0
35796,0,0,73461180,127331300,53870120,0,5,108,false,0
35797,0,0,73461180,127336400,53875220,0,0,102,false,0
35798,0,0,73461180,127341100,53879920,0,0,94,false,0
35799,0,0,73461180,127346250,53885070,0,3,106,false,0
35800,0,0,73461180,127351400,53890220,0,6,109,false,0
35801,0,0,73461180,127356100,53894920,0,0,94,false,0
35802,0,0,73461180,127361050,53899870,0,0,99,false,0
35803,0,0,73461180,127366200,53905020,0,6,109,false,0
35804,0,0,73461180,127371300,53910120,0,0,102,false,0
35805,0,0,73461180,127376400,53915220,0,0,102,false,0
35806,0,0,73461180,127381550,53920370,0,8,111,false,0
35807,0,0,73461180,127381550,53920370,0,102,102,true,0
35808,0,0,73461180,127385950,53924770,0,0,88,false,0
35809,0,0,73461180,127390800,53929620,0,0,97,false,0
35810,0,0,73461180,127395600,53934420,0,0,96,false,0
35811,0,0,73461180,127400650,53939470,0,0,101,false,0
35812,0,0,73461180,127405800,53944620,0,11,114,false,0
35813,0,0,73461180,127410950,53949770,0,6,109,false,0
35814,0,0,73461180,127415800,53954620,0,0,97,false,0
35815,0,0,73461180,127420900,53959720,0,0,102,false,0
35816,0,0,73461180,127426050,53964870,0,10,113,false,0
35817,0,0,73461180,127431200,53970020,0,1,104,false,0
35818,0,0,73461180,127435900,53974720,0,0,94,false,0
35819,0,0,73461180,127440650,53979470,0,0,95,false,0
35820,0,0,73461180,127445800,53984620,0,4,107,false,0
35821,0,0,73461180,127450950,53989770,0,11,114,false,0
35822,0,0,73461180,127455900,53994720,0,0,99,false,0
35823,0,0,73461180,127460500,53999320,0,0,92,false,0
35824,0,0,73461180,127465450,54004270,0,0,99,false,0
35825,0,0,73461180,127470200,54009020,0,0,95,false,0
35826,0,0,73461180,127470200,54009020,0,100,100,true,0
35827,0,0,73461180,127475350,54014170,0,4,107,false,0
35828,0,0,73567800,127480500,53912700,0,2,105,false,0
35829,0,0,73567800,127484550,53916750,0,0,81,false,0
35830,0,0,73567800,127489700,53921900,0,3,106,false,0
35831,0,0,73567800,127489700,53921900,0,94,94,true,0
35832,0,0,73567800,127489700,53921900,0,97,97,true,0
35833,0,0,73567800,127489700,53921900,0,96,96,true,0
35834,0,0,73567800,127494850,53927050,0,0,103,false,0
35835,0,0,73567800,127500000,53932200,0,2,105,false,0
35836,0,0,73567800,127505150,53937350,0,11,114,false,0
35837,0,0,73567800,127505150,53937350,0,106,106,true,0
35838,0,0,73567800,127509300,53941500,0,0,83,false,0
35839,0,0,73567800,127514000,53946200,0,0,94,false,0
35840,0,0,73567800,127518300,53950500,0,0,86,false,0
35841,0,0,73567800,127522700,53954900,0,0,88,false,0
35842,0,0,73567800,127527850,53960050,0,8,111,false,0
35843,0,0,73567800,127532800,53965000,0,0,99,false,0
35844,0,0,73567800,127537400,53969600,0,0,92,false,0
35845,0,0,73567800,127541750,53973950,0,0,87,false,0
35846,0,0,73567800,127546900,53979100,0,1,104,false,0
35847,0,0,73567800,127551600,53983800,0,0,94,false,0
35848,0,0,73567800,127555750,53987950,0,0,83,false,0
35849,0,0,73567800,127560900,53993100,0,1,104,false,0
35850,0,0,73567800,127566050,53998250,0,17,120,false,0
35851,0,0,73567800,127566050,53998250,0,108,108,true,0
35852,0,0,73567800,127566050,53998250,0,101,101,true,0
35853,0,0,73567800,127571200,54003400,0,6,109,false,0
35854,0,0,73567800,127576300,54008500,0,0,102,false,0
35855,0,0,73567800,127581400,54013600,0,0,102,false,0
35856,0,0,73567800,127586350,54018550,0,0,99,false,0
35857,0,0,73567800,127591500,54023700,0,8,111,false,0
35858,0,0,73567800,127596350,54028550,0,0,97,false,0
35859,0,0,73567800,127596350,54028550,0,103,103,true,0
35860,0,0,73567800,127596350,54028550,0,117,117,true,0
35861,0,0,73567800,127596350,54028550,0,91,91,true,0
35862,0,0,73567800,127596350,54028550,0,92,92,true,0
35863,0,0,73567800,127601500,54033700,0,2,105,false,0
35864,0,0,73567800,127606150,54038350,0,0,93,false,0
35865,0,0,73567800,127610750,54042950,0,0,92,false,0
35866,0,0,73567800,127614450,54046650,0,0,74,false,0
35867,0,0,73567800,127619550,54051750,0,0,102,false,0
35868,0,0,73567800,127624300,54056500,0,0,95,false,0
35869,0,0,73567800,127628250,54060450,0,0,79,false,0
35870,0,0,73567800,127632600,54064800,0,0,87,false,0
35871,0,0,73567800,127637750,54069950,0,5,108,false,0
35872,0,0,73567800,127642900,54075100,0,9,112,false,0
35873,0,0,73567800,127648050,54080250,0,7,110,false,0
35874,0,0,73567800,127653050,54085250,0,0,100,false,0
35875,0,0,73567800,127658100,54090300,0,0,101,false,0
35876,0,0,73567800,127662650,54094850,0,0,91,false,0
35877,0,0,73567800,127667800,54100000,0,4,107,false,0
35878,0,0,73567800,127672950,54105150,0,0,103,false,0
35879,0,0,73567800,127678100,54110300,0,3,106,false,0
35880,0,0,73674420,127682400,54007980,0,0,86,false,0
35881,0,0,73674420,127687550,54013130,0,19,122,false,0
35882,0,0,73674420,127692700,54018280,0,9,112,false,0
35883,0,0,73674420,127697850,54023430,0,2,105,false,0
35884,0,0,73674420,127703000,54028580,0,1,104,false,0
35885,0,0,73674420,127707850,54033430,0,0,97,false,0
35886,0,0,73674420,127707850,54033430,0,85,85,true,0
35887,0,0,73674420,127713000,54038580,0,5,108,false,0
35888,0,0,73674420,127717900,54043480,0,0,98,false,0
35889,0,0,73674420,127722300,54047880,0,0,88,false,0
35890,0,0,73674420,127726550,54052130,0,0,85,false,0
35891,0,0,73674420,127726550,54052130,0,102,102,true,0
35892,0,0,73674420,127726550,54052130,0,102,102,true,0
35893,0,0,73674420,127731050,54056630,0,0,90,false,0
35894,0,0,73674420,127736200,54061780,0,6,109,false,0
35895,0,0,73674420,127736200,54061780,0,81,81,true,0
35896,0,0,73674420,127740550,54066130,0,0,87,false,0
35897,0,0,73674420,127745700,54071280,0,1,104,false,0
35898,0,0,73674420,127750850,54076430,0,16,119,false,0
35899,0,0,73674420,127755900,54081480,0,0,101,false,0
35900,0,0,73674420,127760650,54086230,0,0,95,false,0
35901,0,0,73674420,127765150,54090730,0,0,90,false,0
35902,0,0,73674420,127770300,54095880,0,15,118,false,0
35903,0,0,73674420,127770300,54095880,0,112,112,true,0
35904,0,0,73674420,127770300,54095880,0,109,109,true,0
35905,0,0,73674420,127770300,54095880,0,69,69,true,0
35906,0,0,73674420,127770300,54095880,0,92,92,true,0
35907,0,0,73674420,127770300,54095880,0,104,104,true,0
35908,0,0,73674420,127770300,54095880,0,107,107,true,0
35909,0,0,73674420,127775450,54101030,0,6,109,false,0
35910,0,0,73674420,127780600,54106180,0,6,109,false,0
35911,0,0,73674420,127785200,54110780,0,0,92,false,0
35912,0,0,73674420,127790300,54115880,0,0,102,false,0
35913,0,0,73674420,127795450,54121030,0,3,106,false,0
35914,0,0,73674420,127800600,54126180,0,2,105,false,0
35915,0,0,73674420,127805700,54131280,0,0,102,false,0
35916,0,0,73674420,127805700,54131280,0,101,101,true,0
35917,0,0,73674420,127805700,54131280,0,106,106,true,0
35918,0,0,73674420,127805700,54131280,0,108,108,true,0
35919,0,0,73674420,127805700,54131280,0,96,96,true,0
35920,0,0,73674420,127805700,54131280,0,104,104,true,0
35921,0,0,73674420,127805700,54131280,0,114,114,true,0
35922,0,0,73674420,127805700,54131280,0,109,109,true,0
35923,0,0,73674420,127810850,54136430,0,5,108,false,0
35924,0,0,73674420,127816000,54141580,0,21,124,false,0
35925,0,0,73674420,127821150,54146730,0,8,111,false,0
35926,0,0,73674420,127821150,54146730,0,83,83,true,0
35927,0,0,73674420,127826300,54151880,0,18,121,false,0
35928,0,0,73674420,127830200,54155780,0,0,78,false,0
35929,0,0,73674420,127835150,54160730,0,0,99,false,0
35930,0,0,73674420,127839350,54164930,0,0,84,false,0
35931,0,0,73674420,127843700,54169280,0,0,87,false,0
35932,0,0,73781040,127843700,54062660,0,94,94,true,0
35933,0,0,73781040,127848600,54067560,0,0,98,false,0
35934,0,0,73781040,127853300,54072260,0,0,94,false,0
35935,0,0,73781040,127858450,54077410,0,1,104,false,0
35936,0,0,73781040,127863600,54082560,0,6,109,false,0
35937,0,0,73781040,127867800,54086760,0,0,84,false,0
35938,0,0,73781040,127872800,54091760,0,0,100,false,0
35939,0,0,73781040,127877700,54096660,0,0,98,false,0
35940,0,0,73781040,127882400,54101360,0,0,94,false,0
35941,0,0,73781040,127887550,54106510,0,0,103,false,0
35942,0,0,73781040,127887550,54106510,0,105,105,true,0
35943,0,0,73781040,127887550,54106510,0,113,113,true,0
35944,0,0,73781040,127887550,54106510,0,96,96,true,0
35945,0,0,73781040,127887550,54106510,0,96,96,true,0
35946,0,0,73781040,127887550,54106510,0,101,101,true,0
35947,0,0,73781040,127891100,54110060,0,0,71,false,0
35948,0,0,73781040,127896150,54115110,0,0,101,false,0
35949,0,0,73781040,127900850,54119810,0,0,94,false,0
35950,0,0,73781040,127906000,54124960,0,9,112,false,0
35951,0,0,73781040,127910900,54129860,0,0,98,false,0
35952,0,0,73781040,127916050,54135010,0,12,115,false,0
35953,0,0,73781040,127916050,54135010,0,101,101,true,0
35954,0,0,73781040,127916050,54135010,0,104,104,true,0
35955,0,0,73781040,127921200,54140160,0,9,112,false,0
35956,0,0,73781040,127926350,54145310,0,7,110,false,0
35957,0,0,73781040,127931500,54150460,0,1,104,false,0
35958,0,0,73781040,127936300,54155260,0,0,96,false,0
35959,0,0,73781040,127941450,54160410,0,3,106,false,0
35960,0,0,73781040,127946450,54165410,0,0,100,false,0
35961,0,0,73781040,127950650,54169610,0,0,84,false,0
35962,0,0,73781040,127955200,54174160,0,0,91,false,0
35963,0,0,73781040,127960050,54179010,0,0,97,false,0
35964,0,0,73781040,127964400,54183360,0,0,87,false,0
35965,0,0,73781040,127969550,54188510,0,3,106,false,0
35966,0,0,73781040,127974500,54193460,0,0,99,false,0
35967,0,0,73781040,127979350,54198310,0,0,97,false,0
35968,0,0,73781040,127979350,54198310,0,108,108,true,0
35969,0,0,73781040,127979350,54198310,0,116,116,true,0
35970,0,0,73781040,127984500,54203460,0,0,103,false,0
35971,0,0,73781040,127989450,54208410,0,0,99,false,0
35972,0,0,73781040,127994600,54213560,0,5,108,false,0
35973,0,0,73781040,127999750,54218710,0,7,110,false,0
35974,0,0,73781040,128004900,54223860,0,0,103,false,0
35975,0,0,73781040,128009850,54228810,0,0,99,false,0
35976,0,0,73781040,128009850,54228810,0,88,88,true,0
35977,0,0,73781040,128009850,54228810,0,92,92,true,0
35978,0,0,73781040,128009850,54228810,0,106,106,true,0
35979,0,0,73781040,128015000,54233960,0,13,116,false,0
35980,0,0,73781040,128020100,54239060,0,0,102,false,0
35981,0,0,73781040,128020100,54239060,0,105,105,true,0
35982,0,0,73781040,128025100,54244060,0,0,100,false,0
35983,0,0,73781040,128030250,54249210,0,6,109,false,0
35984,0,0,73887660,128030250,54142590,0,104,104,true,0
35985,0,0,73887660,128035400,54147740,0,14,117,false,0
35986,0,0,73887660,128040100,54152440,0,0,94,false,0
35987,0,0,73887660,128045250,54157590,0,8,111,false,0
35988,0,0,73887660,128049550,54161890,0,0,86,false,0
35989,0,0,73887660,128054700,54167040,0,7,110,false,0
35990,0,0,73887660,128059400,54171740,0,0,94,false,0
35991,0,0,73887660,128064550,54176890,0,3,106,false,0
35992,0,0,73887660,128069350,54181690,0,0,96,false,0
35993,0,0,73887660,128073300,54185640,0,0,79,false,0
35994,0,0,73887660,128078350,54190690,0,0,101,false,0
35995,0,0,73887660,128083500,54195840,0,9,112,false,0
35996,0,0,73887660,128088450,54200790,0,0,99,false,0
35997,0,0,73887660,128088450,54200790,0,89,89,true,0
35998,0,0,73887660,128093600,54205940,0,9,112,false,0
35999,0,0,73887660,128098450,54210790,0,0,97,false,0
36000,0,0,73887660,128103350,54215690,0,0,98,false,0
36001,0,0,73887660,128108500,54220840,0,1,104,false,0
36002,0,0,73887660,128113250,54225590,0,0,95,false,0
36003,0,0,73887660,128113250,54225590,0,90,90,true,0
36004,0,0,73887660,128118400,54230740,0,0,103,false,0
36005,0,0,73887660,128122900,54235240,0,0,90,false,0
36006,0,0,73887660,128127050,54239390,0,0,83,false,0
36007,0,0,73887660,128131900,54244240,0,0,97,false,0
36008,0,0,73887660,128131900,54244240,0,112,112,true,0
36009,0,0,73887660,128131900,54244240,0,94,94,true,0
36010,0,0,73887660,128131900,54244240,0,97,97,true,0
36011,0,0,73887660,128131900,54244240,0,97,97,true,0
36012,0,0,73887660,128136950,54249290,0,0,101,false,0
36013,0,0,73887660,128141950,54254290,0,0,100,false,0
36014,0,0,73887660,128146250,54258590,0,0,86,false,0
36015,0,0,73887660,128151200,54263540,0,0,99,false,0
36016,0,0,73887660,128151200,54263540,0,86,86,true,0
36017,0,0,73887660,128151200,54263540,0,108,108,true,0
36018,0,0,73887660,128156350,54268690,0,5,108,false,0
36019,0,0,73887660,128161000,54273340,0,0,93,false,0
36020,0,0,73887660,128165800,54278140,0,0,96,false,0
36021,0,0,73887660,128170950,54283290,0,8,111,false,0
36022,0,0,73887660,128175950,54288290,0,0,100,false,0
36023,0,0,73887660,128181100,54293440,0,10,113,false,0
36024,0,0,73887660,128186250,54298590,0,4,107,false,0
36025,0,0,73887660,128191300,54303640,0,0,101,false,0
36026,0,0,73887660,128196450,54308790,0,2,105,false,0
36027,0,0,73887660,128196450,54308790,0,109,109,true,0
36028,0,0,73887660,128196450,54308790,0,89,89,true,0
36029,0,0,73887660,128196450,54308790,0,81,81,true,0
36030,0,0,73887660,128201500,54313840,0,0,101,false,0
36031,0,0,73887660,128206200,54318540,0,0,94,false,0
36032,0,0,73887660,128211000,54323340,0,0,96,false,0
36033,0,0,73887660,128215850,54328190,0,0,97,false,0
36034,0,0,73887660,128221000,54333340,0,10,113,false,0
36035,0,0,73887660,128226000,54338340,0,0,100,false,0
36036,0,0,73994280,128231150,54236870,0,1,104,false,0
36037,0,0,73994280,128235600,54241320,0,0,89,false,0
36038,0,0,73994280,128240750,54246470,0,14,117,false,0
36039,0,0,73994280,128245300,54251020,0,0,91,false,0
36040,0,0,73994280,128249600,54255320,0,0,86,false,0
36041,0,0,73994280,128249600,54255320,0,86,86,true,0
36042,0,0,73994280,128249600,54255320,0,93,93,true,0
36043,0,0,73994280,128249600,54255320,0,98,98,true,0
36044,0,0,73994280,128254400,54260120,0,0,96,false,0
36045,0,0,73994280,128259150,54264870,0,0,95,false,0
36046,0,0,73994280,128263850,54269570,0,0,94,false,0
36047,0,0,73994280,128263850,54269570,0,93,93,true,0
36048,0,0,73994280,128263850,54269570,0,104,104,true,0
36049,0,0,73994280,128263850,54269570,0,98,98,true,0
36050,0,0,73994280,128263850,54269570,0,116,116,true,0
36051,0,0,73994280,128263850,54269570,0,119,119,true,0
36052,0,0,73994280,128263850,54269570,0,98,98,true,0
36053,0,0,73994280,128263850,54269570,0,89,89,true,0
36054,0,0,73994280,128263850,54269570,0,104,104,true,0
36055,0,0,73994280,128263850,54269570,0,94,94,true,0
36056,0,0,73994280,128268350,54274070,0,0,90,false,0
36057,0,0,73994280,128273450,54279170,0,0,102,false,0
36058,0,0,73994280,128273450,54279170,0,101,101,true,0
36059,0,0,73994280,128278150,54283870,0,0,94,false,0
36060,0,0,73994280,128283250,54288970,0,0,102,false,0
36061,0,0,73994280,128288400,54294120,0,0,103,false,0
36062,0,0,73994280,128293550,54299270,0,4,107,false,0
36063,0,0,73994280,128297700,54303420,0,0,83,false,0
36064,0,0,73994280,128302500,54308220,0,0,96,false,0
36065,0,0,73994280,128302500,54308220,0,119,119,true,0
36066,0,0,73994280,128307000,54312720,0,0,90,false,0
36067,0,0,73994280,128311800,54317520,0,0,96,false,0
36068,0,0,73994280,128316950,54322670,0,1,104,false,0
36069,0,0,73994280,128316950,54322670,0,95,95,true,0
36070,0,0,73994280,128316950,54322670,0,92,92,true,0
36071,0,0,73994280,128316950,54322670,0,89,89,true,0
36072,0,0,73994280,128316950,54322670,0,105,105,true,0
36073,0,0,73994280,128321700,54327420,0,0,95,false,0
36074,0,0,73994280,128326650,54332370,0,0,99,false,0
36075,0,0,73994280,128331800,54337520,0,2,105,false,0
36076,0,0,73994280,128336650,54342370,0,0,97,false,0
36077,0,0,73994280,128336650,54342370,0,114,114,true,0
36078,0,0,73994280,128336650,54342370,0,78,78,true,0
36079,0,0,73994280,128336650,54342370,0,99,99,true,0
36080,0,0,73994280,128336650,54342370,0,93,93,true,0
36081,0,0,73994280,128336650,54342370,0,102,102,true,0
36082,0,0,73994280,128341250,54346970,0,0,92,false,0
36083,0,0,73994280,128346050,54351770,0,0,96,false,0
36084,0,0,73994280,128350950,54356670,0,0,98,false,0
36085,0,0,73994280,128355550,54361270,0,0,92,false,0
36086,0,0,73994280,128360450,54366170,0,0,98,false,0
36087,0,0,73994280,128364550,54370270,0,0,82,false,0
36088,0,0,74100900,128369200,54268300,0,0,93,false,0
36089,0,0,74100900,128374350,54273450,0,0,103,false,0
36090,0,0,74100900,128379100,54278200,0,0,95,false,0
36091,0,0,74100900,128384200,54283300,0,0,102,false,0
36092,0,0,74100900,128388850,54287950,0,0,93,false,0
36093,0,0,74100900,128393400,54292500,0,0,91,false,0
36094,0,0,74100900,128397750,54296850,0,0,87,false,0
36095,0,0,74100900,128401950,54301050,0,0,84,false,0
36096,0,0,74100900,128407100,54306200,0,19,122,false,0
36097,0,0,74100900,128412250,54311350,0,13,116,false,0
36098,0,0,74100900,128417300,54316400,0,0,101,false,0
36099,0,0,74100900,128421900,54321000,0,0,92,false,0
36100,0,0,74100900,128426700,54325800,0,0,96,false,0
36101,0,0,74100900,128431850,54330950,0,10,113,false,0
36102,0,0,74100900,128436700,54335800,0,0,97,false,0
36103,0,0,74100900,128440850,54339950,0,0,83,false,0
36104,0,0,74100900,128440850,54339950,0,96,96,true,0
36105,0,0,74100900,128440850,54339950,0,102,102,true,0
36106,0,0,74100900,128440850,54339950,0,100,100,true,0
36107,0,0,74100900,128446000,54345100,0,3,106,false,0
36108,0,0,74100900,128450800,54349900,0,0,96,false,0
36109,0,0,74100900,128455650,54354750,0,0,97,false,0
36110,0,0,74100900,128460300,54359400,0,0,93,false,0
36111,0,0,74100900,128465450,54364550,0,11,114,false,0
36112,0,0,74100900,128465450,54364550,0,91,91,true,0
36113,0,0,74100900,128465450,54364550,0,64,64,true,0
36114,0,0,74100900,128470250,54369350,0,0,96,false,0
36115,0,0,74100900,128475300,54374400,0,0,101,false,0
36116,0,0,74100900,128480450,54379550,0,14,117,false,0
36117,0,0,74100900,128485250,54384350,0,0,96,false,0
36118,0,0,74100900,128489800,54388900,0,0,91,false,0
36119,0,0,74100900,128494900,54394000,0,0,102,false,0
36120,0,0,74100900,128500050,54399150,0,2,105,false,0
36121,0,0,74100900,128504500,54403600,0,0,89,false,0
36122,0,0,74100900,128509250,54408350,0,0,95,false,0
36123,0,0,74100900,128514400,54413500,0,5,108,false,0
36124,0,0,74100900,128519150,54418250,0,0,95,false,0
36125,0,0,74100900,128519150,54418250,0,86,86,true,0
36126,0,0,74100900,128519150,54418250,0,86,86,true,0
36127,0,0,74100900,128519150,54418250,0,79,79,true,0
36128,0,0,74100900,128519150,54418250,0,98,98,true,0
36129,0,0,74100900,128519150,54418250,0,99,99,true,0
36130,0,0,74100900,128524300,54423400,0,1,104,false,0
36131,0,0,74100900,128528950,54428050,0,0,93,false,0
36132,0,0,74100900,128534100,54433200,0,5,108,false,0
36133,0,0,74100900,128539250,54438350,0,10,113,false,0
36134,0,0,74100900,128543900,54443000,0,0,93,false,0
36135,0,0,74100900,128547600,54446700,0,0,74,false,0
36136,0,0,74100900,128552750,54451850,0,4,107,false,0
36137,0,0,74100900,128557600,54456700,0,0,97,false,0
36138,0,0,74100900,128562750,54461850,0,18,121,false,0
36139,0,0,74100900,128562750,54461850,0,83,83,true,0
36140,0,0,74207520,128567400,54359880,0,0,93,false,0
36141,0,0,74207520,128572500,54364980,0,0,102,false,0
36142,0,0,74207520,128577650,54370130,0,6,109,false,0
36143,0,0,74207520,128582350,54374830,0,0,94,false,0
36144,0,0,74207520,128587500,54379980,0,20,123,false,0
36145,0,0,74207520,128592650,54385130,0,10,113,false,0
36146,0,0,74207520,128597150,54389630,0,0,90,false,0
36147,0,0,74207520,128597150,54389630,0,98,98,true,0
36148,0,0,74207520,128601750,54394230,0,0,92,false,0
36149,0,0,74207520,128606900,54399380,0,6,109,false,0
36150,0,0,74207520,128611500,54403980,0,0,92,false,0
36151,0,0,74207520,128616400,54408880,0,0,98,false,0
36152,0,0,74207520,128620950,54413430,0,0,91,false,0
36153,0,0,74207520,128624650,54417130,0,0,74,false,0
36154,0,0,74207520,128629500,54421980,0,0,97,false,0
36155,0,0,74207520,128634500,54426980,0,0,100,false,0
36156,0,0,74207520,128639400,54431880,0,0,98,false,0
36157,0,0,74207520,128644550,54437030,0,5,108,false,0
36158,0,0,74207520,128649700,54442180,0,6,109,false,0
36159,0,0,74207520,128654550,54447030,0,0,97,false,0
36160,0,0,74207520,128659700,54452180,0,10,113,false,0
36161,0,0,74207520,128664850,54457330,0,8,111,false,0
36162,0,0,74207520,128670000,54462480,0,0,103,false,0
36163,0,0,74207520,128674900,54467380,0,0,98,false,0
36164,0,0,74207520,128679900,54472380,0,0,100,false,0
36165,0,0,74207520,128684150,54476630,0,0,85,false,0
36166,0,0,74207520,128688750,54481230,0,0,92,false,0
36167,0,0,74207520,128693900,54486380,0,16,119,false,0
36168,0,0,74207520,128698650,54491130,0,0,95,false,0
36169,0,0,74207520,128703800,54496280,0,3,106,false,0
36170,0,0,74207520,128708650,54501130,0,0,97,false,0
36171,0,0,74207520,128713350,54505830,0,0,94,false,0
36172,0,0,74207520,128713350,54505830,0,98,98,true,0
36173,0,0,74207520,128713350,54505830,0,126,126,true,0
36174,0,0,74207520,128713350,54505830,0,117,117,true,0
36175,0,0,74207520,128713350,54505830,0,113,113,true,0
36176,0,0,74207520,128713350,54505830,0,92,92,true,0
36177,0,0,74207520,128713350,54505830,0,91,91,true,0
36178,0,0,74207520,128718250,54510730,0,0,98,false,0
36179,0,0,74207520,128723050,54515530,0,0,96,false,0
36180,0,0,74207520,128723050,54515530,0,101,101,true,0
36181,0,0,74207520,128723050,54515530,0,105,105,true,0
36182,0,0,74207520,128728000,54520480,0,0,99,false,0
36183,0,0,74207520,128733150,54525630,0,4,107,false,0
36184,0,0,74207520,128738300,54530780,0,1,104,false,0
36185,0,0,74207520,128738300,54530780,0,112,112,true,0
36186,0,0,74207520,128738300,54530780,0,100,100,true,0
36187,0,0,74207520,128738300,54530780,0,99,99,true,0
36188,0,0,74207520,128743000,54535480,0,0,94,false,0
36189,0,0,74207520,128747800,54540280,0,0,96,false,0
36190,0,0,74207520,128747800,54540280,0,103,103,true,0
36191,0,0,74207520,128752600,54545080,0,0,96,false,0
36192,0,0,74314140,128757750,54443610,0,10,113,false,0
36193,0,0,74314140,128762900,54448760,0,4,107,false,0
36194,0,0,74314140,128762900,54448760,0,90,90,true,0
36195,0,0,74314140,128762900,54448760,0,106,106,true,0
36196,0,0,74314140,128768050,54453910,0,8,111,false,0
36197,0,0,74314140,128772950,54458810,0,0,98,false,0
36198,0,0,74314140,128778100,54463960,0,2,105,false,0
36199,0,0,74314140,128783250,54469110,0,2,105,false,0
36200,0,0,74314140,128783250,54469110,0,89,89,true,0
36201,0,0,74314140,128787950,54473810,0,0,94,false,0
36202,0,0,74314140,128793100,54478960,0,15,118,false,0
36203,0,0,74314140,128798150,54484010,0,0,101,false,0
36204,0,0,74314140,128798150,54484010,0,99,99,true,0
36205,0,0,74314140,128803300,54489160,0,8,111,false,0
36206,0,0,74314140,128808300,54494160,0,0,100,false,0
36207,0,0,74314140,128808300,54494160,0,97,97,true,0
36208,0,0,74314140,128808300,54494160,0,94,94,true,0
36209,0,0,74314140,128808300,54494160,0,78,78,true,0
36210,0,0,74314140,128808300,54494160,0,105,105,true,0
36211,0,0,74314140,128808300,54494160,0,108,108,true,0
36212,0,0,74314140,128808300,54494160,0,90,90,true,0
36213,0,0,74314140,128813100,54498960,0,0,96,false,0
36214,0,0,74314140,128817650,54503510,0,0,91,false,0
36215,0,0,74314140,128817650,54503510,0,104,104,true,0
36216,0,0,74314140,128817650,54503510,0,84,84,true,0
36217,0,0,74314140,128817650,54503510,0,76,76,true,0
36218,0,0,74314140,128817650,54503510,0,104,104,true,0
36219,0,0,74314140,128817650,54503510,0,90,90,true,0
36220,0,0,74314140,128817650,54503510,0,101,101,true,0
36221,0,0,74314140,128817650,54503510,0,94,94,true,0
36222,0,0,74314140,128817650,54503510,0,90,90,true,0
36223,0,0,74314140,128817650,54503510,0,98,98,true,0
36224,0,0,74314140,128822800,54508660,0,12,115,false,0
36225,0,0,74314140,128827950,54513810,0,3,106,false,0
36226,0,0,74314140,128833100,54518960,0,0,103,false,0
36227,0,0,74314140,128838250,54524110,0,13,116,false,0
36228,0,0,74314140,128843350,54529210,0,0,102,false,0
36229,0,0,74314140,128848500,54534360,0,4,107,false,0
36230,0,0,74314140,128853200,54539060,0,0,94,false,0
36231,0,0,74314140,128858350,54544210,0,0,103,false,0
36232,0,0,74314140,128862650,54548510,0,0,86,false,0
36233,0,0,74314140,128867600,54553460,0,0,99,false,0
36234,0,0,74314140,128871800,54557660,0,0,84,false,0
36235,0,0,74314140,128876950,54562810,0,1,104,false,0
36236,0,0,74314140,128876950,54562810,0,107,107,true,0
36237,0,0,74314140,128882100,54567960,0,10,113,false,0
36238,0,0,74314140,128887250,54573110,0,8,111,false,0
36239,0,0,74314140,128892400,54578260,0,0,103,false,0
36240,0,0,74314140,128896850,54582710,0,0,89,false,0
36241,0,0,74314140,128902000,54587860,0,23,126,false,0
36242,0,0,74314140,128902000,54587860,0,97,97,true,0
36243,0,0,74314140,128902000,54587860,0,99,99,true,0
36244,0,0,74420760,128902000,54481240,0,99,99,true,0
36245,0,0,74420760,128902000,54481240,0,114,114,true,0
36246,0,0,74420760,128902000,54481240,0,101,101,true,0
36247,0,0,74420760,128906400,54485640,0,0,88,false,0
36248,0,0,74420760,128911350,54490590,0,0,99,false,0
36249,0,0,74420760,128916500,54495740,0,2,105,false,0
36250,0,0,74420760,128916500,54495740,0,96,96,true,0
36251,0,0,74420760,128921650,54500890,0,11,114,false,0
36252,0,0,74420760,128926600,54505840,0,0,99,false,0
36253,0,0,74420760,128931150,54510390,0,0,91,false,0
36254,0,0,74420760,128935900,54515140,0,0,95,false,0
36255,0,0,74420760,128940500,54519740,0,0,92,false,0
36256,0,0,74420760,128945650,54524890,0,10,113,false,0
36257,0,0,74420760,128950800,54530040,0,3,106,false,0
36258,0,0,74420760,128955250,54534490,0,0,89,false,0
36259,0,0,74420760,128960400,54539640,0,16,119,false,0
36260,0,0,74420760,128960400,54539640,0,92,92,true,0
36261,0,0,74420760,128960400,54539640,0,109,109,true,0
36262,0,0,74420760,128960400,54539640,0,108,108,true,0
36263,0,0,74420760,128960400,54539640,0,101,101,true,0
36264,0,0,74420760,128960400,54539640,0,102,102,true,0
36265,0,0,74420760,128965550,54544790,0,7,110,false,0
36266,0,0,74420760,128970700,54549940,0,1,104,false,0
36267,0,0,74420760,128970700,54549940,0,97,97,true,0
36268,0,0,74420760,128970700,54549940,0,96,96,true,0
36269,0,0,74420760,128970700,54549940,0,101,101,true,0
36270,0,0,74420760,128970700,54549940,0,108,108,true,0
36271,0,0,74420760,128970700,54549940,0,95,95,true,0
36272,0,0,74420760,128974950,54554190,0,0,85,false,0
36273,0,0,74420760,128979900,54559140,0,0,99,false,0
36274,0,0,74420760,128985050,54564290,0,8,111,false,0
36275,0,0,74420760,128990200,54569440,0,8,111,false,0
36276,0,0,74420760,128994650,54573890,0,0,89,false,0
36277,0,0,74420760,128999750,54578990,0,0,102,false,0
36278,0,0,74420760,129004500,54583740,0,0,95,false,0
36279,0,0,74420760,129009500,54588740,0,0,100,false,0
36280,0,0,74420760,129009500,54588740,0,96,96,true,0
36281,0,0,74420760,129009500,54588740,0,93,93,true,0
36282,0,0,74420760,129014450,54593690,0,0,99,false,0
36283,0,0,74420760,129018950,54598190,0,0,90,false,0
36284,0,0,74420760,129024100,54603340,0,5,108,false,0
36285,0,0,74420760,129029250,54608490,0,18,121,false,0
36286,0,0,74420760,129033600,54612840,0,0,87,false,0
36287,0,0,74420760,129038750,54617990,0,10,113,false,0
36288,0,0,74420760,129043600,54622840,0,0,97,false,0
36289,0,0,74420760,129048750,54627990,0,2,105,false,0
36290,0,0,74420760,129053900,54633140,0,1,104,false,0
36291,0,0,74420760,129059050,54638290,0,2,105,false,0
36292,0,0,74420760,129064200,54643440,0,11,114,false,0
36293,0,0,74420760,129064200,54643440,0,96,96,true,0
36294,0,0,74420760,129068750,54647990,0,0,91,false,0
36295,0,0,74420760,129073000,54652240,0,0,85,false,0
36296,0,0,74527380,129078050,54550670,0,0,101,false,0
36297,0,0,74527380,129082750,54555370,0,0,94,false,0
36298,0,0,74527380,129086850,54559470,0,0,82,false,0
36299,0,0,74527380,129091900,54564520,0,0,101,false,0
36300,0,0,74527380,129096950,54569570,0,0,101,false,0
36301,0,0,74527380,129102100,54574720,0,3,106,false,0
36302,0,0,74527380,129106950,54579570,0,0,97,false,0
36303,0,0,74527380,129111700,54584320,0,0,95,false,0
36304,0,0,74527380,129116800,54589420,0,0,102,false,0
36305,0,0,74527380,129121600,54594220,0,0,96,false,0
36306,0,0,74527380,129126750,54599370,0,5,108,false,0
36307,0,0,74527380,129131900,54604520,0,6,109,false,0
36308,0,0,74527380,129137050,54609670,0,6,109,false,0
36309,0,0,74527380,129141200,54613820,0,0,83,false,0
36310,0,0,74527380,129145650,54618270,0,0,89,false,0
36311,0,0,74527380,129145650,54618270,0,105,105,true,0
36312,0,0,74527380,129150600,54623220,0,0,99,false,0
36313,0,0,74527380,129155300,54627920,0,0,94,false,0
36314,0,0,74527380,129155300,54627920,0,103,103,true,0
36315,0,0,74527380,129155300,54627920,0,100,100,true,0
36316,0,0,74527380,129160400,54633020,0,0,102,false,0
36317,0,0,74527380,129165450,54638070,0,0,101,false,0
36318,0,0,74527380,129170400,54643020,0,0,99,false,0
36319,0,0,74527380,129170400,54643020,0,99,99,true,0
36320,0,0,74527380,129170400,54643020,0,95,95,true,0
36321,0,0,74527380,129170400,54643020,0,109,109,true,0
36322,0,0,74527380,129175350,54647970,0,0,99,false,0
36323,0,0,74527380,129180200,54652820,0,0,97,false,0
36324,0,0,74527380,129185350,54657970,0,8,111,false,0
36325,0,0,74527380,129189900,54662520,0,0,91,false,0
36326,0,0,74527380,129194800,54667420,0,0,98,false,0
36327,0,0,74527380,129199800,54672420,0,0,100,false,0
36328,0,0,74527380,129204750,54677370,0,0,99,false,0
36329,0,0,74527380,129204750,54677370,0,115,115,true,0
36330,0,0,74527380,129209300,54681920,0,0,91,false,0
36331,0,0,74527380,129213650,54686270,0,0,87,false,0
36332,0,0,74527380,129218350,54690970,0,0,94,false,0
36333,0,0,74527380,129222500,54695120,0,0,83,false,0
36334,0,0,74527380,129222500,54695120,0,98,98,true,0
36335,0,0,74527380,129222500,54695120,0,90,90,true,0
36336,0,0,74527380,129222500,54695120,0,96,96,true,0
36337,0,0,74527380,129222500,54695120,0,99,99,true,0
36338,0,0,74527380,129222500,54695120,0,85,85,true,0
36339,0,0,74527380,129222500,54695120,0,102,102,true,0
36340,0,0,74527380,129227300,54699920,0,0,96,false,0
36341,0,0,74527380,129231500,54704120,0,0,84,false,0
36342,0,0,74527380,129236650,54709270,0,3,106,false,0
36343,0,0,74527380,129241650,54714270,0,0,100,false,0
36344,0,0,74527380,129245950,54718570,0,0,86,false,0
36345,0,0,74527380,129245950,54718570,0,104,104,true,0
36346,0,0,74527380,129245950,54718570,0,111,111,true,0
36347,0,0,74527380,129245950,54718570,0,97,97,true,0
36348,0,0,74634000,129250950,54616950,0,0,100,false,0
36349,0,0,74634000,129256100,54622100,0,4,107,false,0
36350,0,0,74634000,129261250,54627250,0,4,107,false,0
36351,0,0,74634000,129266300,54632300,0,0,101,false,0
36352,0,0,74634000,129271450,54637450,0,4,107,false,0
36353,0,0,74634000,129276550,54642550,0,0,102,false,0
36354,0,0,74634000,129280700,54646700,0,0,83,false,0
36355,0,0,74634000,129285850,54651850,0,9,112,false,0
36356,0,0,74634000,129291000,54657000,0,13,116,false,0
36357,0,0,74634000,129295300,54661300,0,0,86,false,0
36358,0,0,74634000,129300450,54666450,0,1,104,false,0
36359,0,0,74634000,129305150,54671150,0,0,94,false,0
36360,0,0,74634000,129310300,54676300,0,11,114,false,0
36361,0,0,74634000,129314550,54680550,0,0,85,false,0
36362,0,0,74634000,129314550,54680550,0,90,90,true,0
36363,0,0,74634000,129314550,54680550,0,95,95,true,0
36364,0,0,74634000,129319700,54685700,0,7,110,false,0
36365,0,0,74634000,129324600,54690600,0,0,98,false,0
36366,0,0,74634000,129329650,54695650,0,0,101,false,0
36367,0,0,74634000,129334800,54700800,0,4,107,false,0
36368,0,0,74634000,129339950,54705950,0,5,108,false,0
36369,0,0,74634000,129344750,54710750,0,0,96,false,0
36370,0,0,74634000,129349400,54715400,0,0,93,false,0
36371,0,0,74634000,129354300,54720300,0,0,98,false,0
36372,0,0,74634000,129359100,54725100,0,0,96,false,0
36373,0,0,74634000,129364250,54730250,0,5,108,false,0
36374,0,0,74634000,129369250,54735250,0,0,100,false,0
36375,0,0,74634000,129374400,54740400,0,13,116,false,0
36376,0,0,74634000,129374400,54740400,0,101,101,true,0
36377,0,0,74634000,129379050,54745050,0,0,93,false,0
36378,0,0,74634000,129383900,54749900,0,0,97,false,0
36379,0,0,74634000,129388300,54754300,0,0,88,false,0
36380,0,0,74634000,129393100,54759100,0,0,96,false,0
36381,0,0,74634000,129398000,54764000,0,0,98,false,0
36382,0,0,74634000,129402550,54768550,0,0,91,false,0
36383,0,0,74634000,129406750,54772750,0,0,84,false,0
36384,0,0,74634000,129411500,54777500,0,0,95,false,0
36385,0,0,74634000,129416500,54782500,0,0,100,false,0
36386,0,0,74634000,129421350,54787350,0,0,97,false,0
36387,0,0,74634000,129426500,54792500,0,2,105,false,0
36388,0,0,74634000,129431450,54797450,0,0,99,false,0
36389,0,0,74634000,129435850,54801850,0,0,88,false,0
36390,0,0,74634000,129440450,54806450,0,0,92,false,0
36391,0,0,74634000,129445600,54811600,0,6,109,false,0
36392,0,0,74634000,129445600,54811600,0,84,84,true,0
36393,0,0,74634000,129445600,54811600,0,103,103,true,0
36394,0,0,74634000,129445600,54811600,0,101,101,true,0
36395,0,0,74634000,129445600,54811600,0,100,100,true,0
36396,0,0,74634000,129445600,54811600,0,76,76,true,0
36397,0,0,74634000,129445600,54811600,0,101,101,true,0
36398,0,0,74634000,129445600,54811600,0,91,91,true,0
36399,0,0,74634000,129445600,54811600,0,117,117,true,0
36400,0,0,74740620,129445600,54704980,0,107,107,true,0
36401,0,0,74740620,129449950,54709330,0,0,87,false,0
36402,0,0,74740620,129454800,54714180,0,0,97,false,0
36403,0,0,74740620,129459950,54719330,0,4,107,false,0
36404,0,0,74740620,129459950,54719330,0,105,105,true,0
36405,0,0,74740620,129459950,54719330,0,92,92,true,0
36406,0,0,74740620,129464100,54723480,0,0,83,false,0
36407,0,0,74740620,129469050,54728430,0,0,99,false,0
36408,0,0,74740620,129474000,54733380,0,0,99,false,0
36409,0,0,74740620,129474000,54733380,0,102,102,true,0
36410,0,0,74740620,129478400,54737780,0,0,88,false,0
36411,0,0,74740620,129482600,54741980,0,0,84,false,0
36412,0,0,74740620,129487750,54747130,0,6,109,false,0
36413,0,0,74740620,129492900,54752280,0,10,113,false,0
36414,0,0,74740620,129497950,54757330,0,0,101,false,0
36415,0,0,74740620,129503100,54762480,0,4,107,false,0
36416,0,0,74740620,129503100,54762480,0,94,94,true,0
36417,0,0,74740620,129503100,54762480,0,106,106,true,0
36418,0,0,74740620,129508250,54767630,0,17,120,false,0
36419,0,0,74740620,129512200,54771580,0,0,79,false,0
36420,0,0,74740620,129517050,54776430,0,0,97,false,0
36421,0,0,74740620,129521750,54781130,0,0,94,false,0
36422,0,0,74740620,129526700,54786080,0,0,99,false,0
36423,0,0,74740620,129531350,54790730,0,0,93,false,0
36424,0,0,74740620,129536500,54795880,0,2,105,false,0
36425,0,0,74740620,129541000,54800380,0,0,90,false,0
36426,0,0,74740620,129546150,54805530,0,1,104,false,0
36427,0,0,74740620,129551300,54810680,0,3,106,false,0
36428,0,0,74740620,129555700,54815080,0,0,88,false,0
36429,0,0,74740620,129560850,54820230,0,16,119,false,0
36430,0,0,74740620,129565650,54825030,0,0,96,false,0
36431,0,0,74740620,129570650,54830030,0,0,100,false,0
36432,0,0,74740620,129575800,54835180,0,16,119,false,0
36433,0,0,74740620,129575800,54835180,0,105,105,true,0
36434,0,0,74740620,129580550,54839930,0,0,95,false,0
36435,0,0,74740620,129585600,54844980,0,0,101,false,0
36436,0,0,74740620,129590750,54850130,0,0,103,false,0
36437,0,0,74740620,129595900,54855280,0,6,109,false,0
36438,0,0,74740620,129601050,54860430,0,10,113,false,0
36439,0,0,74740620,129606000,54865380,0,0,99,false,0
36440,0,0,74740620,129610550,54869930,0,0,91,false,0
36441,0,0,74740620,129615250,54874630,0,0,94,false,0
36442,0,0,74740620,129620400,54879780,0,0,103,false,0
36443,0,0,74740620,129625550,54884930,0,11,114,false,0
36444,0,0,74740620,129629950,54889330,0,0,88,false,0
36445,0,0,74740620,129635100,54894480,0,13,116,false,0
36446,0,0,74740620,129640100,54899480,0,0,100,false,0
36447,0,0,74740620,129645100,54904480,0,0,100,false,0
36448,0,0,74740620,129645100,54904480,0,101,101,true,0
36449,0,0,74740620,129645100,54904480,0,97,97,true,0
36450,0,0,74740620,129645100,54904480,0,101,101,true,0
36451,0,0,74740620,129645100,54904480,0,75,75,true,0
36452,0,0,74847240,129645100,54797860,0,97,97,true,0
36453,0,0,74847240,129645100,54797860,0,85,85,true,0
36454,0,0,74847240,129649650,54802410,0,0,91,false,0
36455,0,0,74847240,129654400,54807160,0,0,95,false,0
36456,0,0,74847240,129659400,54812160,0,0,100,false,0
36457,0,0,74847240,129664550,54817310,0,6,109,false,0
36458,0,0,74847240,129669250,54822010,0,0,94,false,0
36459,0,0,74847240,129674350,54827110,0,0,102,false,0
36460,0,0,74847240,129678950,54831710,0,0,92,false,0
36461,0,0,74847240,129683750,54836510,0,0,96,false,0
36462,0,0,74847240,129683750,54836510,0,114,114,true,0
36463,0,0,74847240,129683750,54836510,0,96,96,true,0
36464,0,0,74847240,129683750,54836510,0,102,102,true,0
36465,0,0,74847240,129683750,54836510,0,106,106,true,0
36466,0,0,74847240,129683750,54836510,0,104,104,true,0
36467,0,0,74847240,129683750,54836510,0,86,86,true,0
36468,0,0,74847240,129683750,54836510,0,94,94,true,0
36469,0,0,74847240,129688900,54841660,0,15,118,false,0
36470,0,0,74847240,129694050,54846810,0,6,109,false,0
36471,0,0,74847240,129699200,54851960,0,4,107,false,0
36472,0,0,74847240,129704350,54857110,0,5,108,false,0
36473,0,0,74847240,129709050,54861810,0,0,94,false,0
36474,0,0,74847240,129709050,54861810,0,112,112,true,0
36475,0,0,74847240,129714200,54866960,0,2,105,false,0
36476,0,0,74847240,129719350,54872110,0,3,106,false,0
36477,0,0,74847240,129719350,54872110,0,88,88,true,0
36478,0,0,74847240,129724500,54877260,0,14,117,false,0
36479,0,0,74847240,129729650,54882410,0,9,112,false,0
36480,0,0,74847240,129733800,54886560,0,0,83,false,0
36481,0,0,74847240,129738050,54890810,0,0,85,false,0
36482,0,0,74847240,129743200,54895960,0,5,108,false,0
36483,0,0,74847240,129748300,54901060,0,0,102,false,0
36484,0,0,74847240,129753450,54906210,0,0,103,false,0
36485,0,0,74847240,129753450,54906210,0,101,101,true,0
36486,0,0,74847240,129758600,54911360,0,4,107,false,0
36487,0,0,74847240,129763650,54916410,0,0,101,false,0
36488,0,0,74847240,129768200,54920960,0,0,91,false,0
36489,0,0,74847240,129773050,54925810,0,0,97,false,0
36490,0,0,74847240,129778200,54930960,0,19,122,false,0
36491,0,0,74847240,129783050,54935810,0,0,97,false,0
36492,0,0,74847240,129787200,54939960,0,0,83,false,0
36493,0,0,74847240,129791550,54944310,0,0,87,false,0
36494,0,0,74847240,129795450,54948210,0,0,78,false,0
36495,0,0,74847240,129800600,54953360,0,3,106,false,0
36496,0,0,74847240,129805750,54958510,0,13,116,false,0
36497,0,0,74847240,129810900,54963660,0,4,107,false,0
36498,0,0,74847240,129815900,54968660,0,0,100,false,0
36499,0,0,74847240,129815900,54968660,0,92,92,true,0
36500,0,0,74847240,129820600,54973360,0,0,94,false,0
36501,0,0,74847240,129825150,54977910,0,0,91,false,0
36502,0,0,74847240,129825150,54977910,0,96,96,true,0
36503,0,0,74847240,129825150,54977910,0,100,100,true,0
36504,0,0,74953860,129825150,54871290,0,100,100,true,0
36505,0,0,74953860,129825150,54871290,0,91,91,true,0
36506,0,0,74953860,129830300,54876440,0,3,106,false,0
36507,0,0,74953860,129834700,54880840,0,0,88,false,0
36508,0,0,74953860,129834700,54880840,0,118,118,true,0
36509,0,0,74953860,129839050,54885190,0,0,87,false,0
36510,0,0,74953860,129844200,54890340,0,5,108,false,0
36511,0,0,74953860,129849350,54895490,0,14,117,false,0
36512,0,0,74953860,129854250,54900390,0,0,98,false,0
36513,0,0,74953860,129859400,54905540,0,6,109,false,0
36514,0,0,74953860,129863850,54909990,0,0,89,false,0
36515,0,0,74953860,129868150,54914290,0,0,86,false,0
36516,0,0,74953860,129868150,54914290,0,98,98,true,0
36517,0,0,74953860,129868150,54914290,0,93,93,true,0
36518,0,0,74953860,129868150,54914290,0,99,99,true,0
36519,0,0,74953860,129868150,54914290,0,106,106,true,0
36520,0,0,74953860,129868150,54914290,0,102,102,true,0
36521,0,0,74953860,129868150,54914290,0,110,110,true,0
36522,0,0,74953860,129868150,54914290,0,88,88,true,0
36523,0,0,74953860,129873200,54919340,0,0,101,false,0
36524,0,0,74953860,129878150,54924290,0,0,99,false,0
36525,0,0,74953860,129883300,54929440,0,11,114,false,0
36526,0,0,74953860,129887150,54933290,0,0,77,false,0
36527,0,0,74953860,129892200,54938340,0,0,101,false,0
36528,0,0,74953860,129897350,54943490,0,12,115,false,0
36529,0,0,74953860,129897350,54943490,0,91,91,true,0
36530,0,0,74953860,129897350,54943490,0,109,109,true,0
36531,0,0,74953860,129902400,54948540,0,0,101,false,0
36532,0,0,74953860,129907150,54953290,0,0,95,false,0
36533,0,0,74953860,129912300,54958440,0,15,118,false,0
36534,0,0,74953860,129916500,54962640,0,0,84,false,0
36535,0,0,74953860,129921150,54967290,0,0,93,false,0
36536,0,0,74953860,129926000,54972140,0,0,97,false,0
36537,0,0,74953860,129930500,54976640,0,0,90,false,0
36538,0,0,74953860,129930500,54976640,0,121,121,true,0
36539,0,0,74953860,129935650,54981790,0,6,109,false,0
36540,0,0,74953860,129939850,54985990,0,0,84,false,0
36541,0,0,74953860,129939850,54985990,0,102,102,true,0
36542,0,0,74953860,129939850,54985990,0,121,121,true,0
36543,0,0,74953860,129944100,54990240,0,0,85,false,0
36544,0,0,74953860,129949250,54995390,0,5,108,false,0
36545,0,0,74953860,129954400,55000540,0,7,110,false,0
36546,0,0,74953860,129959150,55005290,0,0,95,false,0
36547,0,0,74953860,129964300,55010440,0,23,126,false,0
36548,0,0,74953860,129964300,55010440,0,113,113,true,0
36549,0,0,74953860,129968750,55014890,0,0,89,false,0
36550,0,0,74953860,129972950,55019090,0,0,84,false,0
36551,0,0,74953860,129977700,55023840,0,0,95,false,0
36552,0,0,74953860,129977700,55023840,0,100,100,true,0
36553,0,0,74953860,129977700,55023840,0,89,89,true,0
36554,0,0,74953860,129977700,55023840,0,81,81,true,0
36555,0,0,74953860,129982100,55028240,0,0,88,false,0
36556,0,0,75060480,129987250,54926770,0,6,109,false,0
36557,0,0,75060480,129991150,54930670,0,0,78,false,0
36558,0,0,75060480,129991150,54930670,0,116,116,true,0
36559,0,0,75060480,129991150,54930670,0,99,99,true,0
36560,0,0,75060480,129991150,54930670,0,84,84,true,0
36561,0,0,75060480,129991150,54930670,0,105,105,true,0
36562,0,0,75060480,129991150,54930670,0,91,91,true,0
36563,0,0,75060480,129991150,54930670,0,99,99,true,0
36564,0,0,75060480,129996100,54935620,0,0,99,false,0
36565,0,0,75060480,130000800,54940320,0,0,94,false,0
36566,0,0,75060480,130000800,54940320,0,100,100,true,0
36567,0,0,75060480,130000800,54940320,0,88,88,true,0
36568,0,0,75060480,130000800,54940320,0,92,92,true,0
36569,0,0,75060480,130000800,54940320,0,80,80,true,0
36570,0,0,75060480,130000800,54940320,0,89,89,true,0
36571,0,0,75060480,130005950,54945470,0,3,106,false,0
36572,0,0,75060480,130010750,54950270,0,0,96,false,0
36573,0,0,75060480,130015900,54955420,0,3,106,false,0
36574,0,0,75060480,130019800,54959320,0,0,78,false,0
36575,0,0,75060480,130024150,54963670,0,0,87,false,0
36576,0,0,75060480,130029300,54968820,0,0,103,false,0
36577,0,0,75060480,130029300,54968820,0,93,93,true,0
36578,0,0,75060480,130029300,54968820,0,103,103,true,0
36579,0,0,75060480,130034450,54973970,0,1,104,false,0
36580,0,0,75060480,130038950,54978470,0,0,90,false,0
36581,0,0,75060480,130043850,54983370,0,0,98,false,0
36582,0,0,75060480,130049000,54988520,0,7,110,false,0
36583,0,0,75060480,130054150,54993670,0,6,109,false,0
36584,0,0,75060480,130059150,54998670,0,0,100,false,0
36585,0,0,75060480,130064200,55003720,0,0,101,false,0
36586,0,0,75060480,130068850,55008370,0,0,93,false,0
36587,0,0,75060480,130068850,55008370,0,99,99,true,0
36588,0,0,75060480,130073700,55013220,0,0,97,false,0
36589,0,0,75060480,130078850,55018370,0,9,112,false,0
36590,0,0,75060480,130083550,55023070,0,0,94,false,0
36591,0,0,75060480,130088700,55028220,0,4,107,false,0
36592,0,0,75060480,130093850,55033370,0,4,107,false,0
36593,0,0,75060480,130099000,55038520,0,0,103,false,0
36594,0,0,75060480,130099000,55038520,0,112,112,true,0
36595,0,0,75060480,130103900,55043420,0,0,98,false,0
36596,0,0,75060480,130108850,55048370,0,0,99,false,0
36597,0,0,75060480,130113750,55053270,0,0,98,false,0
36598,0,0,75060480,130117600,55057120,0,0,77,false,0
36599,0,0,75060480,130122750,55062270,0,1,104,false,0
36600,0,0,75060480,130127500,55067020,0,0,95,false,0
36601,0,0,75060480,130127500,55067020,0,92,92,true,0
36602,0,0,75060480,130127500,55067020,0,76,76,true,0
36603,0,0,75060480,130127500,55067020,0,74,74,true,0
36604,0,0,75060480,130132050,55071570,0,0,91,false,0
36605,0,0,75060480,130137200,55076720,0,10,113,false,0
36606,0,0,75060480,130142350,55081870,0,5,108,false,0
36607,0,0,75060480,130147100,55086620,0,0,95,false,0
36608,0,0,75167100,130151650,54984550,0,0,91,false,0
36609,0,0,75167100,130151650,54984550,0,98,98,true,0
36610,0,0,75167100,130151650,54984550,0,96,96,true,0
36611,0,0,75167100,130156800,54989700,0,2,105,false,0
36612,0,0,75167100,130161950,54994850,0,4,107,false,0
36613,0,0,75167100,130166900,54999800,0,0,99,false,0
36614,0,0,75167100,130171700,55004600,0,0,96,false,0
36615,0,0,75167100,130176850,55009750,0,5,108,false,0
36616,0,0,75167100,130176850,55009750,0,109,109,true,0
36617,0,0,75167100,130181650,55014550,0,0,96,false,0
36618,0,0,75167100,130186200,55019100,0,0,91,false,0
36619,0,0,75167100,130191100,55024000,0,0,98,false,0
36620,0,0,75167100,130191100,55024000,0,98,98,true,0
36621,0,0,75167100,130191100,55024000,0,106,106,true,0
36622,0,0,75167100,130191100,55024000,0,94,94,true,0
36623,0,0,75167100,130191100,55024000,0,101,101,true,0
36624,0,0,75167100,130191100,55024000,0,99,99,true,0
36625,0,0,75167100,130191100,55024000,0,97,97,true,0
36626,0,0,75167100,130195450,55028350,0,0,87,false,0
36627,0,0,75167100,130199900,55032800,0,0,89,false,0
36628,0,0,75167100,130204350,55037250,0,0,89,false,0
36629,0,0,75167100,130208650,55041550,0,0,86,false,0
36630,0,0,75167100,130213200,55046100,0,0,91,false,0
36631,0,0,75167100,130218350,55051250,0,0,103,false,0
36632,0,0,75167100,130222650,55055550,0,0,86,false,0
36633,0,0,75167100,130227800,55060700,0,0,103,false,0
36634,0,0,75167100,130227800,55060700,0,99,99,true,0
36635,0,0,75167100,130227800,55060700,0,101,101,true,0
36636,0,0,75167100,130232800,55065700,0,0,100,false,0
36637,0,0,75167100,130237950,55070850,0,7,110,false,0
36638,0,0,75167100,130242650,55075550,0,0,94,false,0
36639,0,0,75167100,130247300,55080200,0,0,93,false,0
36640,0,0,75167100,130252450,55085350,0,9,112,false,0
36641,0,0,75167100,130256800,55089700,0,0,87,false,0
36642,0,0,75167100,130261950,55094850,0,1,104,false,0
36643,0,0,75167100,130267100,55100000,0,5,108,false,0
36644,0,0,75167100,130267100,55100000,0,81,81,true,0
36645,0,0,75167100,130271850,55104750,0,0,95,false,0
36646,0,0,75167100,130276150,55109050,0,0,86,false,0
36647,0,0,75167100,130281250,55114150,0,0,102,false,0
36648,0,0,75167100,130286350,55119250,0,0,102,false,0
36649,0,0,75167100,130291500,55124400,0,3,106,false,0
36650,0,0,75167100,130296650,55129550,0,0,103,false,0
36651,0,0,75167100,130296650,55129550,0,101,101,true,0
36652,0,0,75167100,130301750,55134650,0,0,102,false,0
36653,0,0,75167100,130306000,55138900,0,0,85,false,0
36654,0,0,75167100,130306000,55138900,0,89,89,true,0
36655,0,0,75167100,130306000,55138900,0,101,101,true,0
36656,0,0,75167100,130306000,55138900,0,86,86,true,0
36657,0,0,75167100,130311150,55144050,0,5,108,false,0
36658,0,0,75167100,130315750,55148650,0,0,92,false,0
36659,0,0,75167100,130320900,55153800,0,10,113,false,0
36660,0,0,75273720,130326050,55052330,0,11,114,false,0
36661,0,0,75273720,130331050,55057330,0,0,100,false,0
36662,0,0,75273720,130335500,55061780,0,0,89,false,0
36663,0,0,75273720,130340650,55066930,0,14,117,false,0
36664,0,0,75273720,130345800,55072080,0,2,105,false,0
36665,0,0,75273720,130345800,55072080,0,89,89,true,0
36666,0,0,75273720,130345800,55072080,0,90,90,true,0
36667,0,0,75273720,130345800,55072080,0,93,93,true,0
36668,0,0,75273720,130345800,55072080,0,94,94,true,0
36669,0,0,75273720,130345800,55072080,0,106,106,true,0
36670,0,0,75273720,130345800,55072080,0,93,93,true,0
36671,0,0,75273720,130345800,55072080,0,113,113,true,0
36672,0,0,75273720,130345800,55072080,0,99,99,true,0
36673,0,0,75273720,130345800,55072080,0,107,107,true,0
36674,0,0,75273720,130345800,55072080,0,69,69,true,0
36675,0,0,75273720,130345800,55072080,0,104,104,true,0
36676,0,0,75273720,130345800,55072080,0,101,101,true,0
36677,0,0,75273720,130345800,55072080,0,100,100,true,0
36678,0,0,75273720,130350950,55077230,0,15,118,false,0
36679,0,0,75273720,130355400,55081680,0,0,89,false,0
36680,0,0,75273720,130360550,55086830,0,8,111,false,0
36681,0,0,75273720,130365700,55091980,0,13,116,false,0
36682,0,0,75273720,130370800,55097080,0,0,102,false,0
36683,0,0,75273720,130375800,55102080,0,0,100,false,0
36684,0,0,75273720,130380950,55107230,0,9,112,false,0
36685,0,0,75273720,130385900,55112180,0,0,99,false,0
36686,0,0,75273720,130385900,55112180,0,112,112,true,0
36687,0,0,75273720,130391050,55117330,0,4,107,false,0
36688,0,0,75273720,130395750,55122030,0,0,94,false,0
36689,0,0,75273720,130400800,55127080,0,0,101,false,0
36690,0,0,75273720,130400800,55127080,0,94,94,true,0
36691,0,0,75273720,130405900,55132180,0,0,102,false,0
36692,0,0,75273720,130410350,55136630,0,0,89,false,0
36693,0,0,75273720,130410350,55136630,0,102,102,true,0
36694,0,0,75273720,130415500,55141780,0,11,114,false,0
36695,0,0,75273720,130420200,55146480,0,0,94,false,0
36696,0,0,75273720,130425200,55151480,0,0,100,false,0
36697,0,0,75273720,130425200,55151480,0,87,87,true,0
36698,0,0,75273720,130425200,55151480,0,105,105,true,0
36699,0,0,75273720,130430250,55156530,0,0,101,false,0
36700,0,0,75273720,130434450,55160730,0,0,84,false,0
36701,0,0,75273720,130439600,55165880,0,3,106,false,0
36702,0,0,75273720,130444750,55171030,0,6,109,false,0
36703,0,0,75273720,130449600,55175880,0,0,97,false,0
36704,0,0,75273720,130454750,55181030,0,8,111,false,0
36705,0,0,75273720,130459900,55186180,0,9,112,false,0
36706,0,0,75273720,130464900,55191180,0,0,100,false,0
36707,0,0,75273720,130469450,55195730,0,0,91,false,0
36708,0,0,75273720,130474600,55200880,0,2,105,false,0
36709,0,0,75273720,130479700,55205980,0,0,102,false,0
36710,0,0,75273720,130484400,55210680,0,0,94,false,0
36711,0,0,75273720,130489100,55215380,0,0,94,false,0
36712,0,0,75380340,130494000,55113660,0,0,98,false,0
36713,0,0,75380340,130499050,55118710,0,0,101,false,0
36714,0,0,75380340,130503350,55123010,0,0,86,false,0
36715,0,0,75380340,130508100,55127760,0,0,95,false,0
36716,0,0,75380340,130513200,55132860,0,0,102,false,0
36717,0,0,75380340,130518200,55137860,0,0,100,false,0
36718,0,0,75380340,130522400,55142060,0,0,84,false,0
36719,0,0,75380340,130527550,55147210,0,4,107,false,0
36720,0,0,75380340,130532150,55151810,0,0,92,false,0
36721,0,0,75380340,130537200,55156860,0,0,101,false,0
36722,0,0,75380340,130537200,55156860,0,103,103,true,0
36723,0,0,75380340,130542350,55162010,0,6,109,false,0
36724,0,0,75380340,130546900,55166560,0,0,91,false,0
36725,0,0,75380340,130551550,55171210,0,0,93,false,0
36726,0,0,75380340,130556350,55176010,0,0,96,false,0
36727,0,0,75380340,130560200,55179860,0,0,77,false,0
36728,0,0,75380340,130565350,55185010,0,0,103,false,0
36729,0,0,75380340,130570500,55190160,0,9,112,false,0
36730,0,0,75380340,130574900,55194560,0,0,88,false,0
36731,0,0,75380340,130580050,55199710,0,2,105,false,0
36732,0,0,75380340,130580050,55199710,0,87,87,true,0
36733,0,0,75380340,130580050,55199710,0,100,100,true,0
36734,0,0,75380340,130580050,55199710,0,108,108,true,0
36735,0,0,75380340,130580050,55199710,0,100,100,true,0
36736,0,0,75380340,130585200,55204860,0,2,105,false,0
36737,0,0,75380340,130589800,55209460,0,0,92,false,0
36738,0,0,75380340,130594950,55214610,0,6,109,false,0
36739,0,0,75380340,130599800,55219460,0,0,97,false,0
36740,0,0,75380340,130603700,55223360,0,0,78,false,0
36741,0,0,75380340,130608850,55228510,0,2,105,false,0
36742,0,0,75380340,130613750,55233410,0,0,98,false,0
36743,0,0,75380340,130618900,55238560,0,1,104,false,0
36744,0,0,75380340,130624050,55243710,0,5,108,false,0
36745,0,0,75380340,130629200,55248860,0,0,103,false,0
36746,0,0,75380340,130634350,55254010,0,7,110,false,0
36747,0,0,75380340,130639200,55258860,0,0,97,false,0
36748,0,0,75380340,130644000,55263660,0,0,96,false,0
36749,0,0,75380340,130649150,55268810,0,12,115,false,0
36750,0,0,75380340,130654250,55273910,0,0,102,false,0
36751,0,0,75380340,130658600,55278260,0,0,87,false,0
36752,0,0,75380340,130663700,55283360,0,0,102,false,0
36753,0,0,75380340,130667600,55287260,0,0,78,false,0
36754,0,0,75380340,130672250,55291910,0,0,93,false,0
36755,0,0,75380340,130672250,55291910,0,112,112,true,0
36756,0,0,75380340,130672250,55291910,0,110,110,true,0
36757,0,0,75380340,130676250,55295910,0,0,80,false,0
36758,0,0,75380340,130680550,55300210,0,0,86,false,0
36759,0,0,75380340,130684900,55304560,0,0,87,false,0
36760,0,0,75380340,130684900,55304560,0,107,107,true,0
36761,0,0,75380340,130684900,55304560,0,102,102,true,0
36762,0,0,75380340,130684900,55304560,0,96,96,true,0
36763,0,0,75380340,130689700,55309360,0,0,96,false,0
36764,0,0,75486960,130694350,55207390,0,0,93,false,0
36765,0,0,75486960,130699350,55212390,0,0,100,false,0
36766,0,0,75486960,130704500,55217540,0,16,119,false,0
36767,0,0,75486960,130708900,55221940,0,0,88,false,0
36768,0,0,75486960,130708900,55221940,0,97,97,true,0
36769,0,0,75486960,130708900,55221940,0,113,113,true,0
36770,0,0,75486960,130708900,55221940,0,94,94,true,0
36771,0,0,75486960,130714050,55227090,0,4,107,false,0
36772,0,0,75486960,130719150,55232190,0,0,102,false,0
36773,0,0,75486960,130719150,55232190,0,117,117,true,0
36774,0,0,75486960,130724250,55237290,0,0,102,false,0
36775,0,0,75486960,130729400,55242440,0,11,114,false,0
36776,0,0,75486960,130734200,55247240,0,0,96,false,0
36777,0,0,75486960,130739350,55252390,0,2,105,false,0
36778,0,0,75486960,130744500,55257540,0,10,113,false,0
36779,0,0,75486960,130749100,55262140,0,0,92,false,0
36780,0,0,75486960,130754100,55267140,0,0,100,false,0
36781,0,0,75486960,130759250,55272290,0,6,109,false,0
36782,0,0,75486960,130764150,55277190,0,0,98,false,0
36783,0,0,75486960,130764150,55277190,0,114,114,true,0
36784,0,0,75486960,130769300,55282340,0,3,106,false,0
36785,0,0,75486960,130774450,55287490,0,3,106,false,0
36786,0,0,75486960,130778950,55291990,0,0,90,false,0
36787,0,0,75486960,130778950,55291990,0,82,82,true,0
36788,0,0,75486960,130784100,55297140,0,16,119,false,0
36789,0,0,75486960,130788850,55301890,0,0,95,false,0
36790,0,0,75486960,130793400,55306440,0,0,91,false,0
36791,0,0,75486960,130798300,55311340,0,0,98,false,0
36792,0,0,75486960,130802800,55315840,0,0,90,false,0
36793,0,0,75486960,130807950,55320990,0,5,108,false,0
36794,0,0,75486960,130813100,55326140,0,7,110,false,0
36795,0,0,75486960,130817700,55330740,0,0,92,false,0
36796,0,0,75486960,130822450,55335490,0,0,95,false,0
36797,0,0,75486960,130822450,55335490,0,108,108,true,0
36798,0,0,75486960,130827200,55340240,0,0,95,false,0
36799,0,0,75486960,130831450,55344490,0,0,85,false,0
36800,0,0,75486960,130831450,55344490,0,106,106,true,0
36801,0,0,75486960,130831450,55344490,0,91,91,true,0
36802,0,0,75486960,130836250,55349290,0,0,96,false,0
36803,0,0,75486960,130841050,55354090,0,0,96,false,0
36804,0,0,75486960,130846200,55359240,0,5,108,false,0
36805,0,0,75486960,130846200,55359240,0,103,103,true,0
36806,0,0,75486960,130851350,55364390,0,3,106,false,0
36807,0,0,75486960,130855850,55368890,0,0,90,false,0
36808,0,0,75486960,130861000,55374040,0,2,105,false,0
36809,0,0,75486960,130866150,55379190,0,3,106,false,0
36810,0,0,75486960,130871300,55384340,0,0,103,false,0
36811,0,0,75486960,130875750,55388790,0,0,89,false,0
36812,0,0,75486960,130880400,55393440,0,0,93,false,0
36813,0,0,75486960,130885400,55398440,0,0,100,false,0
36814,0,0,75486960,130890550,55403590,0,5,108,false,0
36815,0,0,75486960,130895150,55408190,0,0,92,false,0
36816,0,0,75593580,130899650,55306070,0,0,90,false,0
36817,0,0,75593580,130899650,55306070,0,95,95,true,0
36818,0,0,75593580,130904800,55311220,0,1,104,false,0
36819,0,0,75593580,130909950,55316370,0,5,108,false,0
36820,0,0,75593580,130915100,55321520,0,10,113,false,0
36821,0,0,75593580,130919750,55326170,0,0,93,false,0
36822,0,0,75593580,130924300,55330720,0,0,91,false,0
36823,0,0,75593580,130929450,55335870,0,2,105,false,0
36824,0,0,75593580,130929450,55335870,0,95,95,true,0
36825,0,0,75593580,130929450,55335870,0,126,126,true,0
36826,0,0,75593580,130933750,55340170,0,0,86,false,0
36827,0,0,75593580,130938700,55345120,0,0,99,false,0
36828,0,0,75593580,130943750,55350170,0,0,101,false,0
36829,0,0,75593580,130948750,55355170,0,0,100,false,0
36830,0,0,75593580,130953900,55360320,0,9,112,false,0
36831,0,0,75593580,130953900,55360320,0,108,108,true,0
36832,0,0,75593580,130959050,55365470,0,1,104,false,0
36833,0,0,75593580,130964050,55370470,0,0,100,false,0
36834,0,0,75593580,130964050,55370470,0,109,109,true,0
36835,0,0,75593580,130968200,55374620,0,0,83,false,0
36836,0,0,75593580,130973350,55379770,0,5,108,false,0
36837,0,0,75593580,130978150,55384570,0,0,96,false,0
36838,0,0,75593580,130983300,55389720,0,8,111,false,0
36839,0,0,75593580,130988450,55394870,0,12,115,false,0
36840,0,0,75593580,130993200,55399620,0,0,95,false,0
36841,0,0,75593580,130998350,55404770,0,0,103,false,0
36842,0,0,75593580,131003500,55409920,0,8,111,false,0
36843,0,0,75593580,131007750,55414170,0,0,85,false,0
36844,0,0,75593580,131012150,55418570,0,0,88,false,0
36845,0,0,75593580,131016850,55423270,0,0,94,false,0
36846,0,0,75593580,131021450,55427870,0,0,92,false,0
36847,0,0,75593580,131025700,55432120,0,0,85,false,0
36848,0,0,75593580,131030550,55436970,0,0,97,false,0
36849,0,0,75593580,131035600,55442020,0,0,101,false,0
36850,0,0,75593580,131040050,55446470,0,0,89,false,0
36851,0,0,75593580,131040050,55446470,0,95,95,true,0
36852,0,0,75593580,131045050,55451470,0,0,100,false,0
36853,0,0,75593580,131049850,55456270,0,0,96,false,0
36854,0,0,75593580,131055000,55461420,0,3,106,false,0
36855,0,0,75593580,131060150,55466570,0,5,108,false,0
36856,0,0,75593580,131065300,55471720,0,4,107,false,0
36857,0,0,75593580,131065300,55471720,0,100,100,true,0
36858,0,0,75593580,131070450,55476870,0,5,108,false,0
36859,0,0,75593580,131075600,55482020,0,6,109,false,0
36860,0,0,75593580,131080050,55486470,0,0,89,false,0
36861,0,0,75593580,131085150,55491570,0,0,102,false,0
36862,0,0,75593580,131090150,55496570,0,0,100,false,0
36863,0,0,75593580,131095300,55501720,0,8,111,false,0
36864,0,0,75593580,131100450,55506870,0,3,106,false,0
36865,0,0,75593580,131105150,55511570,0,0,94,false,0
36866,0,0,75593580,131110150,55516570,0,0,100,false,0
36867,0,0,75593580,131115300,55521720,0,9,112,false,0
36868,0,0,75700200,131115300,55415100,0,116,116,true,0
36869,0,0,75700200,131120350,55420150,0,0,101,false,0
36870,0,0,75700200,131125400,55425200,0,0,101,false,0
36871,0,0,75700200,131125400,55425200,0,81,81,true,0
36872,0,0,75700200,131125400,55425200,0,83,83,true,0
36873,0,0,75700200,131129700,55429500,0,0,86,false,0
36874,0,0,75700200,131134550,55434350,0,0,97,false,0
36875,0,0,75700200,131139550,55439350,0,0,100,false,0
36876,0,0,75700200,131139550,55439350,0,84,84,true,0
36877,0,0,75700200,131139550,55439350,0,99,99,true,0
36878,0,0,75700200,131144600,55444400,0,0,101,false,0
36879,0,0,75700200,131149750,55449550,0,6,109,false,0
36880,0,0,75700200,131149750,55449550,0,96,96,true,0
36881,0,0,75700200,131149750,55449550,0,92,92,true,0
36882,0,0,75700200,131149750,55449550,0,116,116,true,0
36883,0,0,75700200,131149750,55449550,0,104,104,true,0
36884,0,0,75700200,131149750,55449550,0,99,99,true,0
36885,0,0,75700200,131149750,55449550,0,106,106,true,0
36886,0,0,75700200,131154500,55454300,0,0,95,false,0
36887,0,0,75700200,131158900,55458700,0,0,88,false,0
36888,0,0,75700200,131164050,55463850,0,10,113,false,0
36889,0,0,75700200,131168200,55468000,0,0,83,false,0
36890,0,0,75700200,131168200,55468000,0,98,98,true,0
36891,0,0,75700200,131168200,55468000,0,88,88,true,0
36892,0,0,75700200,131173350,55473150,0,11,114,false,0
36893,0,0,75700200,131177800,55477600,0,0,89,false,0
36894,0,0,75700200,131177800,55477600,0,95,95,true,0
36895,0,0,75700200,131182500,55482300,0,0,94,false,0
36896,0,0,75700200,131187650,55487450,0,16,119,false,0
36897,0,0,75700200,131192800,55492600,0,4,107,false,0
36898,0,0,75700200,131192800,55492600,0,94,94,true,0
36899,0,0,75700200,131192800,55492600,0,93,93,true,0
36900,0,0,75700200,131192800,55492600,0,92,92,true,0
36901,0,0,75700200,131196850,55496650,0,0,81,false,0
36902,0,0,75700200,131201750,55501550,0,0,98,false,0
36903,0,0,75700200,131201750,55501550,0,112,112,true,0
36904,0,0,75700200,131201750,55501550,0,103,103,true,0
36905,0,0,75700200,131206350,55506150,0,0,92,false,0
36906,0,0,75700200,131211500,55511300,0,0,103,false,0
36907,0,0,75700200,131211500,55511300,0,104,104,true,0
36908,0,0,75700200,131211500,55511300,0,115,115,true,0
36909,0,0,75700200,131216300,55516100,0,0,96,false,0
36910,0,0,75700200,131221400,55521200,0,0,102,false,0
36911,0,0,75700200,131221400,55521200,0,113,113,true,0
36912,0,0,75700200,131221400,55521200,0,84,84,true,0
36913,0,0,75700200,131221400,55521200,0,101,101,true,0
36914,0,0,75700200,131225900,55525700,0,0,90,false,0
36915,0,0,75700200,131231050,55530850,0,5,108,false,0
36916,0,0,75700200,131236100,55535900,0,0,101,false,0
36917,0,0,75700200,131236100,55535900,0,115,115,true,0
36918,0,0,75700200,131236100,55535900,0,98,98,true,0
36919,0,0,75700200,131240750,55540550,0,0,93,false,0
36920,0,0,75806820,131245900,55439080,0,6,109,false,0
36921,0,0,75806820,131250250,55443430,0,0,87,false,0
36922,0,0,75806820,131255100,55448280,0,0,97,false,0
36923,0,0,75806820,131259650,55452830,0,0,91,false,0
36924,0,0,75806820,131264100,55457280,0,0,89,false,0
36925,0,0,75806820,131269100,55462280,0,0,100,false,0
36926,0,0,75806820,131273850,55467030,0,0,95,false,0
36927,0,0,75806820,131278750,55471930,0,0,98,false,0
36928,0,0,75806820,131283900,55477080,0,2,105,false,0
36929,0,0,75806820,131288700,55481880,0,0,96,false,0
36930,0,0,75806820,131293850,55487030,0,4,107,false,0
36931,0,0,75806820,131298850,55492030,0,0,100,false,0
36932,0,0,75806820,131304000,55497180,0,6,109,false,0
36933,0,0,75806820,131304000,55497180,0,90,90,true,0
36934,0,0,75806820,131304000,55497180,0,80,80,true,0
36935,0,0,75806820,131304000,55497180,0,84,84,true,0
36936,0,0,75806820,131309150,55502330,0,6,109,false,0
36937,0,0,75806820,131313800,55506980,0,0,93,false,0
36938,0,0,75806820,131318950,55512130,0,5,108,false,0
36939,0,0,75806820,131323850,55517030,0,0,98,false,0
36940,0,0,75806820,131328600,55521780,0,0,95,false,0
36941,0,0,75806820,131333450,55526630,0,0,97,false,0
36942,0,0,75806820,131338300,55531480,0,0,97,false,0
36943,0,0,75806820,131343450,55536630,0,8,111,false,0
36944,0,0,75806820,131347300,55540480,0,0,77,false,0
36945,0,0,75806820,131351800,55544980,0,0,90,false,0
36946,0,0,75806820,131351800,55544980,0,107,107,true,0
36947,0,0,75806820,131351800,55544980,0,96,96,true,0
36948,0,0,75806820,131351800,55544980,0,96,96,true,0
36949,0,0,75806820,131351800,55544980,0,115,115,true,0
36950,0,0,75806820,131351800,55544980,0,113,113,true,0
36951,0,0,75806820,131356950,55550130,0,9,112,false,0
36952,0,0,75806820,131361800,55554980,0,0,97,false,0
36953,0,0,75806820,131366950,55560130,0,5,108,false,0
36954,0,0,75806820,131372100,55565280,0,5,108,false,0
36955,0,0,75806820,131377250,55570430,0,12,115,false,0
36956,0,0,75806820,131382300,55575480,0,0,101,false,0
36957,0,0,75806820,131382300,55575480,0,106,106,true,0
36958,0,0,75806820,131382300,55575480,0,106,106,true,0
36959,0,0,75806820,131382300,55575480,0,97,97,true,0
36960,0,0,75806820,131387400,55580580,0,0,102,false,0
36961,0,0,75806820,131391750,55584930,0,0,87,false,0
36962,0,0,75806820,131396000,55589180,0,0,85,false,0
36963,0,0,75806820,131400750,55593930,0,0,95,false,0
36964,0,0,75806820,131405600,55598780,0,0,97,false,0
36965,0,0,75806820,131410700,55603880,0,0,102,false,0
36966,0,0,75806820,131415850,55609030,0,2,105,false,0
36967,0,0,75806820,131420500,55613680,0,0,93,false,0
36968,0,0,75806820,131425650,55618830,0,10,113,false,0
36969,0,0,75806820,131430700,55623880,0,0,101,false,0
36970,0,0,75806820,131435850,55629030,0,6,109,false,0
36971,0,0,75806820,131440700,55633880,0,0,97,false,0
36972,0,0,75913440,131440700,55527260,0,96,96,true,0
36973,0,0,75913440,131445150,55531710,0,0,89,false,0
36974,0,0,75913440,131450250,55536810,0,0,102,false,0
36975,0,0,75913440,131450250,55536810,0,111,111,true,0
36976,0,0,75913440,131454900,55541460,0,0,93,false,0
36977,0,0,75913440,131459750,55546310,0,0,97,false,0
36978,0,0,75913440,131464900,55551460,0,8,111,false,0
36979,0,0,75913440,131469950,55556510,0,0,101,false,0
36980,0,0,75913440,131475100,55561660,0,12,115,false,0
36981,0,0,75913440,131480250,55566810,0,25,128,false,0
36982,0,0,75913440,131484800,55571360,0,0,91,false,0
36983,0,0,75913440,131489450,55576010,0,0,93,false,0
36984,0,0,75913440,131494050,55580610,0,0,92,false,0
36985,0,0,75913440,131499200,55585760,0,9,112,false,0
36986,0,0,75913440,131504350,55590910,0,0,103,false,0
36987,0,0,75913440,131509350,55595910,0,0,100,false,0
36988,0,0,75913440,131514500,55601060,0,2,105,false,0
36989,0,0,75913440,131519650,55606210,0,4,107,false,0
36990,0,0,75913440,131524600,55611160,0,0,99,false,0
36991,0,0,75913440,131529750,55616310,0,5,108,false,0
36992,0,0,75913440,131534900,55621460,0,5,108,false,0
36993,0,0,75913440,131540050,55626610,0,0,103,false,0
36994,0,0,75913440,131544650,55631210,0,0,92,false,0
36995,0,0,75913440,131549750,55636310,0,0,102,false,0
36996,0,0,75913440,131553800,55640360,0,0,81,false,0
36997,0,0,75913440,131558750,55645310,0,0,99,false,0
36998,0,0,75913440,131563750,55650310,0,0,100,false,0
36999,0,0,75913440,131568250,55654810,0,0,90,false,0
37000,0,0,75913440,131573200,55659760,0,0,99,false,0
37001,0,0,75913440,131577450,55664010,0,0,85,false,0
37002,0,0,75913440,131581600,55668160,0,0,83,false,0
37003,0,0,75913440,131586750,55673310,0,1,104,false,0
37004,0,0,75913440,131591900,55678460,0,0,103,false,0
37005,0,0,75913440,131591900,55678460,0,112,112,true,0
37006,0,0,75913440,131596350,55682910,0,0,89,false,0
37007,0,0,75913440,131601200,55687760,0,0,97,false,0
37008,0,0,75913440,131606050,55692610,0,0,97,false,0
37009,0,0,75913440,131610400,55696960,0,0,87,false,0
37010,0,0,75913440,131610400,55696960,0,113,113,true,0
37011,0,0,75913440,131615550,55702110,0,15,118,false,0
37012,0,0,75913440,131620200,55706760,0,0,93,false,0
37013,0,0,75913440,131624650,55711210,0,0,89,false,0
37014,0,0,75913440,131629100,55715660,0,0,89,false,0
37015,0,0,75913440,131629100,55715660,0,103,103,true,0
37016,0,0,75913440,131629100,55715660,0,79,79,true,0
37017,0,0,75913440,131634250,55720810,0,3,106,false,0
37018,0,0,75913440,131638650,55725210,0,0,88,false,0
37019,0,0,75913440,131643800,55730360,0,0,103,false,0
37020,0,0,75913440,131648050,55734610,0,0,85,false,0
37021,0,0,75913440,131653200,55739760,0,8,111,false,0
37022,0,0,75913440,131658350,55744910,0,5,108,false,0
37023,0,0,75913440,131662950,55749510,0,0,92,false,0
37024,0,0,76020060,131667500,55647440,0,0,91,false,0
37025,0,0,76020060,131672650,55652590,0,9,112,false,0
37026,0,0,76020060,131677350,55657290,0,0,94,false,0
37027,0,0,76020060,131682500,55662440,0,9,112,false,0
37028,0,0,76020060,131686900,55666840,0,0,88,false,0
37029,0,0,76020060,131691700,55671640,0,0,96,false,0
37030,0,0,76020060,131695500,55675440,0,0,76,false,0
37031,0,0,76020060,131700400,55680340,0,0,98,false,0
37032,0,0,76020060,131705550,55685490,0,3,106,false,0
37033,0,0,76020060,131709550,55689490,0,0,80,false,0
37034,0,0,76020060,131714700,55694640,0,6,109,false,0
37035,0,0,76020060,131719750,55699690,0,0,101,false,0
37036,0,0,76020060,131719750,55699690,0,106,106,true,0
37037,0,0,76020060,131724600,55704540,0,0,97,false,0
37038,0,0,76020060,131729450,55709390,0,0,97,false,0
37039,0,0,76020060,131734600,55714540,0,11,114,false,0
37040,0,0,76020060,131739750,55719690,0,2,105,false,0
37041,0,0,76020060,131739750,55719690,0,97,97,true,0
37042,0,0,76020060,131744650,55724590,0,0,98,false,0
37043,0,0,76020060,131749800,55729740,0,16,119,false,0
37044,0,0,76020060,131754900,55734840,0,0,102,false,0
37045,0,0,76020060,131759950,55739890,0,0,101,false,0
37046,0,0,76020060,131765100,55745040,0,4,107,false,0
37047,0,0,76020060,131770250,55750190,0,3,106,false,0
37048,0,0,76020060,131770250,55750190,0,105,105,true,0
37049,0,0,76020060,131770250,55750190,0,86,86,true,0
37050,0,0,76020060,131775400,55755340,0,18,121,false,0
37051,0,0,76020060,131780250,55760190,0,0,97,false,0
37052,0,0,76020060,131784850,55764790,0,0,92,false,0
37053,0,0,76020060,131789250,55769190,0,0,88,false,0
37054,0,0,76020060,131794400,55774340,0,1,104,false,0
37055,0,0,76020060,131799400,55779340,0,0,100,false,0
37056,0,0,76020060,131804550,55784490,0,1,104,false,0
37057,0,0,76020060,131804550,55784490,0,84,84,true,0
37058,0,0,76020060,131809700,55789640,0,10,113,false,0
37059,0,0,76020060,131814350,55794290,0,0,93,false,0
37060,0,0,76020060,131819500,55799440,0,9,112,false,0
37061,0,0,76020060,131824050,55803990,0,0,91,false,0
37062,0,0,76020060,131828950,55808890,0,0,98,false,0
37063,0,0,76020060,131834000,55813940,0,0,101,false,0
37064,0,0,76020060,131834000,55813940,0,91,91,true,0
37065,0,0,76020060,131838650,55818590,0,0,93,false,0
37066,0,0,76020060,131843500,55823440,0,0,97,false,0
37067,0,0,76020060,131848400,55828340,0,0,98,false,0
37068,0,0,76020060,131852950,55832890,0,0,91,false,0
37069,0,0,76020060,131857650,55837590,0,0,94,false,0
37070,0,0,76020060,131862800,55842740,0,2,105,false,0
37071,0,0,76020060,131867600,55847540,0,0,96,false,0
37072,0,0,76020060,131872350,55852290,0,0,95,false,0
37073,0,0,76020060,131876750,55856690,0,0,88,false,0
37074,0,0,76020060,131881700,55861640,0,0,99,false,0
37075,0,0,76020060,131881700,55861640,0,106,106,true,0
37076,0,0,76126680,131886700,55760020,0,0,100,false,0
37077,0,0,76126680,131890900,55764220,0,0,84,false,0
37078,0,0,76126680,131895600,55768920,0,0,94,false,0
37079,0,0,76126680,131900750,55774070,0,1,104,false,0
37080,0,0,76126680,131905900,55779220,0,6,109,false,0
37081,0,0,76126680,131905900,55779220,0,90,90,true,0
37082,0,0,76126680,131905900,55779220,0,91,91,true,0
37083,0,0,76126680,131905900,55779220,0,77,77,true,0
37084,0,0,76126680,131905900,55779220,0,79,79,true,0
37085,0,0,76126680,131905900,55779220,0,110,110,true,0
37086,0,0,76126680,131905900,55779220,0,103,103,true,0
37087,0,0,76126680,131905900,55779220,0,92,92,true,0
37088,0,0,76126680,131910450,55783770,0,0,91,false,0
37089,0,0,76126680,131915600,55788920,0,13,116,false,0
37090,0,0,76126680,131920750,55794070,0,19,122,false,0
37091,0,0,76126680,131925900,55799220,0,10,113,false,0
37092,0,0,76126680,131931050,55804370,0,4,107,false,0
37093,0,0,76126680,131936200,55809520,0,2,105,false,0
37094,0,0,76126680,131940750,55814070,0,0,91,false,0
37095,0,0,76126680,131945350,55818670,0,0,92,false,0
37096,0,0,76126680,131950500,55823820,0,5,108,false,0
37097,0,0,76126680,131954350,55827670,0,0,77,false,0
37098,0,0,76126680,131959500,55832820,0,3,106,false,0
37099,0,0,76126680,131964250,55837570,0,0,95,false,0
37100,0,0,76126680,131968450,55841770,0,0,84,false,0
37101,0,0,76126680,131973350,55846670,0,0,98,false,0
37102,0,0,76126680,131977850,55851170,0,0,90,false,0
37103,0,0,76126680,131982600,55855920,0,0,95,false,0
37104,0,0,76126680,131987750,55861070,0,20,123,false,0
37105,0,0,76126680,131992150,55865470,0,0,88,false,0
37106,0,0,76126680,131996000,55869320,0,0,77,false,0
37107,0,0,76126680,132000200,55873520,0,0,84,false,0
37108,0,0,76126680,132005350,55878670,0,0,103,false,0
37109,0,0,76126680,132010100,55883420,0,0,95,false,0
37110,0,0,76126680,132014800,55888120,0,0,94,false,0
37111,0,0,76126680,132019950,55893270,0,0,103,false,0
37112,0,0,76126680,132024300,55897620,0,0,87,false,0
37113,0,0,76126680,132029450,55902770,0,13,116,false,0
37114,0,0,76126680,132034500,55907820,0,0,101,false,0
37115,0,0,76126680,132034500,55907820,0,110,110,true,0
37116,0,0,76126680,132039300,55912620,0,0,96,false,0
37117,0,0,76126680,132044450,55917770,0,0,103,false,0
37118,0,0,76126680,132049500,55922820,0,0,101,false,0
37119,0,0,76126680,132049500,55922820,0,94,94,true,0
37120,0,0,76126680,132049500,55922820,0,93,93,true,0
37121,0,0,76126680,132054350,55927670,0,0,97,false,0
37122,0,0,76126680,132059500,55932820,0,17,120,false,0
37123,0,0,76126680,132064350,55937670,0,0,97,false,0
37124,0,0,76126680,132069500,55942820,0,4,107,false,0
37125,0,0,76126680,132074650,55947970,0,7,110,false,0
37126,0,0,76126680,132079800,55953120,0,1,104,false,0
37127,0,0,76126680,132084550,55957870,0,0,95,false,0
37128,0,0,76233300,132089150,55855850,0,0,92,false,0
37129,0,0,76233300,132093250,55859950,0,0,82,false,0
37130,0,0,76233300,132098400,55865100,0,4,107,false,0
37131,0,0,76233300,132103050,55869750,0,0,93,false,0
37132,0,0,76233300,132107250,55873950,0,0,84,false,0
37133,0,0,76233300,132112250,55878950,0,0,100,false,0
37134,0,0,76233300,132117150,55883850,0,0,98,false,0
37135,0,0,76233300,132121550,55888250,0,0,88,false,0
37136,0,0,76233300,132126450,55893150,0,0,98,false,0
37137,0,0,76233300,132131050,55897750,0,0,92,false,0
37138,0,0,76233300,132135950,55902650,0,0,98,false,0
37139,0,0,76233300,132140500,55907200,0,0,91,false,0
37140,0,0,76233300,132145450,55912150,0,0,99,false,0
37141,0,0,76233300,132149700,55916400,0,0,85,false,0
37142,0,0,76233300,132154850,55921550,0,10,113,false,0
37143,0,0,76233300,132154850,55921550,0,84,84,true,0
37144,0,0,76233300,132154850,55921550,0,86,86,true,0
37145,0,0,76233300,132154850,55921550,0,104,104,true,0
37146,0,0,76233300,132154850,55921550,0,95,95,true,0
37147,0,0,76233300,132160000,55926700,0,0,103,false,0
37148,0,0,76233300,132164550,55931250,0,0,91,false,0
37149,0,0,76233300,132169700,55936400,0,6,109,false,0
37150,0,0,76233300,132173900,55940600,0,0,84,false,0
37151,0,0,76233300,132178700,55945400,0,0,96,false,0
37152,0,0,76233300,132183650,55950350,0,0,99,false,0
37153,0,0,76233300,132188450,55955150,0,0,96,false,0
37154,0,0,76233300,132193150,55959850,0,0,94,false,0
37155,0,0,76233300,132197850,55964550,0,0,94,false,0
37156,0,0,76233300,132203000,55969700,0,0,103,false,0
37157,0,0,76233300,132207500,55974200,0,0,90,false,0
37158,0,0,76233300,132211850,55978550,0,0,87,false,0
37159,0,0,76233300,132216850,55983550,0,0,100,false,0
37160,0,0,76233300,132221950,55988650,0,0,102,false,0
37161,0,0,76233300,132226600,55993300,0,0,93,false,0
37162,0,0,76233300,132231700,55998400,0,0,102,false,0
37163,0,0,76233300,132236850,56003550,0,6,109,false,0
37164,0,0,76233300,132242000,56008700,0,8,111,false,0
37165,0,0,76233300,132247100,56013800,0,0,102,false,0
37166,0,0,76233300,132247100,56013800,0,108,108,true,0
37167,0,0,76233300,132247100,56013800,0,111,111,true,0
37168,0,0,76233300,132252250,56018950,0,2,105,false,0
37169,0,0,76233300,132256550,56023250,0,0,86,false,0
37170,0,0,76233300,132261350,56028050,0,0,96,false,0
37171,0,0,76233300,132266050,56032750,0,0,94,false,0
37172,0,0,76233300,132271200,56037900,0,5,108,false,0
37173,0,0,76233300,132276300,56043000,0,0,102,false,0
37174,0,0,76233300,132281450,56048150,0,6,109,false,0
37175,0,0,76233300,132286600,56053300,0,8,111,false,0
37176,0,0,76233300,132291750,56058450,0,2,105,false,0
37177,0,0,76233300,132296900,56063600,0,5,108,false,0
37178,0,0,76233300,132301800,56068500,0,0,98,false,0
37179,0,0,76233300,132306650,56073350,0,0,97,false,0
37180,0,0,76339920,132306650,55966730,0,94,94,true,0
37181,0,0,76339920,132311800,55971880,0,17,120,false,0
37182,0,0,76339920,132316950,55977030,0,9,112,false,0
37183,0,0,76339920,132321950,55982030,0,0,100,false,0
37184,0,0,76339920,132326850,55986930,0,0,98,false,0
37185,0,0,76339920,132332000,55992080,0,13,116,false,0
37186,0,0,76339920,132337150,55997230,0,11,114,false,0
37187,0,0,76339920,132342300,56002380,0,4,107,false,0
37188,0,0,76339920,132346700,56006780,0,0,88,false,0
37189,0,0,76339920,132351000,56011080,0,0,86,false,0
37190,0,0,76339920,132355800,56015880,0,0,96,false,0
37191,0,0,76339920,132360950,56021030,0,8,111,false,0
37192,0,0,76339920,132360950,56021030,0,99,99,true,0
37193,0,0,76339920,132365750,56025830,0,0,96,false,0
37194,0,0,76339920,132370900,56030980,0,0,103,false,0
37195,0,0,76339920,132374950,56035030,0,0,81,false,0
37196,0,0,76339920,132380100,56040180,0,3,106,false,0
37197,0,0,76339920,132384450,56044530,0,0,87,false,0
37198,0,0,76339920,132389300,56049380,0,0,97,false,0
37199,0,0,76339920,132394200,56054280,0,0,98,false,0
37200,0,0,76339920,132399250,56059330,0,0,101,false,0
37201,0,0,76339920,132404400,56064480,0,12,115,false,0
37202,0,0,76339920,132409350,56069430,0,0,99,false,0
37203,0,0,76339920,132414300,56074380,0,0,99,false,0
37204,0,0,76339920,132419200,56079280,0,0,98,false,0
37205,0,0,76339920,132424200,56084280,0,0,100,false,0
37206,0,0,76339920,132427800,56087880,0,0,72,false,0
37207,0,0,76339920,132432950,56093030,0,7,110,false,0
37208,0,0,76339920,132438000,56098080,0,0,101,false,0
37209,0,0,76339920,132442900,56102980,0,0,98,false,0
37210,0,0,76339920,132447450,56107530,0,0,91,false,0
37211,0,0,76339920,132452600,56112680,0,3,106,false,0
37212,0,0,76339920,132457200,56117280,0,0,92,false,0
37213,0,0,76339920,132457200,56117280,0,95,95,true,0
37214,0,0,76339920,132462350,56122430,0,10,113,false,0
37215,0,0,76339920,132466750,56126830,0,0,88,false,0
37216,0,0,76339920,132471350,56131430,0,0,92,false,0
37217,0,0,76339920,132476450,56136530,0,0,102,false,0
37218,0,0,76339920,132480550,56140630,0,0,82,false,0
37219,0,0,76339920,132484850,56144930,0,0,86,false,0
37220,0,0,76339920,132489850,56149930,0,0,100,false,0
37221,0,0,76339920,132494750,56154830,0,0,98,false,0
37222,0,0,76339920,132499350,56159430,0,0,92,false,0
37223,0,0,76339920,132504150,56164230,0,0,96,false,0
37224,0,0,76339920,132509300,56169380,0,1,104,false,0
37225,0,0,76339920,132514000,56174080,0,0,94,false,0
37226,0,0,76339920,132519150,56179230,0,5,108,false,0
37227,0,0,76339920,132523550,56183630,0,0,88,false,0
37228,0,0,76339920,132528700,56188780,0,0,103,false,0
37229,0,0,76339920,132533850,56193930,0,8,111,false,0
37230,0,0,76339920,132538750,56198830,0,0,98,false,0
37231,0,0,76339920,132543900,56203980,0,18,121,false,0
37232,0,0,76446540,132548600,56102060,0,0,94,false,0
37233,0,0,76446540,132553300,56106760,0,0,94,false,0
37234,0,0,76446540,132557800,56111260,0,0,90,false,0
37235,0,0,76446540,132562950,56116410,0,1,104,false,0
37236,0,0,76446540,132568100,56121560,0,10,113,false,0
37237,0,0,76446540,132572050,56125510,0,0,79,false,0
37238,0,0,76446540,132577050,56130510,0,0,100,false,0
37239,0,0,76446540,132582200,56135660,0,4,107,false,0
37240,0,0,76446540,132587350,56140810,0,0,103,false,0
37241,0,0,76446540,132592350,56145810,0,0,100,false,0
37242,0,0,76446540,132597150,56150610,0,0,96,false,0
37243,0,0,76446540,132602050,56155510,0,0,98,false,0
37244,0,0,76446540,132602050,56155510,0,105,105,true,0
37245,0,0,76446540,132605650,56159110,0,0,72,false,0
37246,0,0,76446540,132610700,56164160,0,0,101,false,0
37247,0,0,76446540,132615250,56168710,0,0,91,false,0
37248,0,0,76446540,132619350,56172810,0,0,82,false,0
37249,0,0,76446540,132623600,56177060,0,0,85,false,0
37250,0,0,76446540,132628750,56182210,0,3,106,false,0
37251,0,0,76446540,132633150,56186610,0,0,88,false,0
37252,0,0,76446540,132638050,56191510,0,0,98,false,0
37253,0,0,76446540,132643100,56196560,0,0,101,false,0
37254,0,0,76446540,132643100,56196560,0,105,105,true,0
37255,0,0,76446540,132647850,56201310,0,0,95,false,0
37256,0,0,76446540,132653000,56206460,0,16,119,false,0
37257,0,0,76446540,132658150,56211610,0,10,113,false,0
37258,0,0,76446540,132663300,56216760,0,4,107,false,0
37259,0,0,76446540,132668450,56221910,0,11,114,false,0
37260,0,0,76446540,132673100,56226560,0,0,93,false,0
37261,0,0,76446540,132677850,56231310,0,0,95,false,0
37262,0,0,76446540,132682900,56236360,0,0,101,false,0
37263,0,0,76446540,132688050,56241510,0,4,107,false,0
37264,0,0,76446540,132692750,56246210,0,0,94,false,0
37265,0,0,76446540,132697900,56251360,0,18,121,false,0
37266,0,0,76446540,132697900,56251360,0,110,110,true,0
37267,0,0,76446540,132697900,56251360,0,97,97,true,0
37268,0,0,76446540,132702500,56255960,0,0,92,false,0
37269,0,0,76446540,132707650,56261110,0,0,103,false,0
37270,0,0,76446540,132712550,56266010,0,0,98,false,0
37271,0,0,76446540,132717700,56271160,0,3,106,false,0
37272,0,0,76446540,132722250,56275710,0,0,91,false,0
37273,0,0,76446540,132727400,56280860,0,7,110,false,0
37274,0,0,76446540,132731950,56285410,0,0,91,false,0
37275,0,0,76446540,132737100,56290560,0,12,115,false,0
37276,0,0,76446540,132737100,56290560,0,102,102,true,0
37277,0,0,76446540,132742250,56295710,0,3,106,false,0
37278,0,0,76446540,132747400,56300860,0,8,111,false,0
37279,0,0,76446540,132752550,56306010,0,0,103,false,0
37280,0,0,76446540,132757700,56311160,0,18,121,false,0
37281,0,0,76446540,132761700,56315160,0,0,80,false,0
37282,0,0,76446540,132766100,56319560,0,0,88,false,0
37283,0,0,76446540,132771250,56324710,0,1,104,false,0
37284,0,0,76553160,132776400,56223240,0,14,117,false,0
37285,0,0,76553160,132781300,56228140,0,0,98,false,0
37286,0,0,76553160,132785850,56232690,0,0,91,false,0
37287,0,0,76553160,132790700,56237540,0,0,97,false,0
37288,0,0,76553160,132795550,56242390,0,0,97,false,0
37289,0,0,76553160,132800450,56247290,0,0,98,false,0
37290,0,0,76553160,132800450,56247290,0,91,91,true,0
37291,0,0,76553160,132805600,56252440,0,0,103,false,0
37292,0,0,76553160,132810100,56256940,0,0,90,false,0
37293,0,0,76553160,132815250,56262090,0,2,105,false,0
37294,0,0,76553160,132819950,56266790,0,0,94,false,0
37295,0,0,76553160,132825100,56271940,0,3,106,false,0
37296,0,0,76553160,132830250,56277090,0,7,110,false,0
37297,0,0,76553160,132835400,56282240,0,9,112,false,0
37298,0,0,76553160,132839650,56286490,0,0,85,false,0
37299,0,0,76553160,132844650,56291490,0,0,100,false,0
37300,0,0,76553160,132849300,56296140,0,0,93,false,0
37301,0,0,76553160,132854450,56301290,0,4,107,false,0
37302,0,0,76553160,132859050,56305890,0,0,92,false,0
37303,0,0,76553160,132864200,56311040,0,2,105,false,0
37304,0,0,76553160,132867850,56314690,0,0,73,false,0
37305,0,0,76553160,132867850,56314690,0,88,88,true,0
37306,0,0,76553160,132867850,56314690,0,102,102,true,0
37307,0,0,76553160,132872850,56319690,0,0,100,false,0
37308,0,0,76553160,132877750,56324590,0,0,98,false,0
37309,0,0,76553160,132877750,56324590,0,112,112,true,0
37310,0,0,76553160,132877750,56324590,0,126,126,true,0
37311,0,0,76553160,132882350,56329190,0,0,92,false,0
37312,0,0,76553160,132887500,56334340,0,1,104,false,0
37313,0,0,76553160,132892600,56339440,0,0,102,false,0
37314,0,0,76553160,132892600,56339440,0,97,97,true,0
37315,0,0,76553160,132892600,56339440,0,109,109,true,0
37316,0,0,76553160,132892600,56339440,0,103,103,true,0
37317,0,0,76553160,132892600,56339440,0,110,110,true,0
37318,0,0,76553160,132897600,56344440,0,0,100,false,0
37319,0,0,76553160,132902750,56349590,0,3,106,false,0
37320,0,0,76553160,132907600,56354440,0,0,97,false,0
37321,0,0,76553160,132907600,56354440,0,99,99,true,0
37322,0,0,76553160,132912650,56359490,0,0,101,false,0
37323,0,0,76553160,132917550,56364390,0,0,98,false,0
37324,0,0,76553160,132922500,56369340,0,0,99,false,0
37325,0,0,76553160,132927650,56374490,0,0,103,false,0
37326,0,0,76553160,132932800,56379640,0,10,113,false,0
37327,0,0,76553160,132937950,56384790,0,3,106,false,0
37328,0,0,76553160,132943100,56389940,0,9,112,false,0
37329,0,0,76553160,132948250,56395090,0,8,111,false,0
37330,0,0,76553160,132952350,56399190,0,0,82,false,0
37331,0,0,76553160,132952350,56399190,0,92,92,true,0
37332,0,0,76553160,132952350,56399190,0,104,104,true,0
37333,0,0,76553160,132957500,56404340,0,8,111,false,0
37334,0,0,76553160,132962450,56409290,0,0,99,false,0
37335,0,0,76553160,132967600,56414440,0,9,112,false,0
37336,0,0,76659780,132972600,56312820,0,0,100,false,0
37337,0,0,76659780,132977500,56317720,0,0,98,false,0
37338,0,0,76659780,132982650,56322870,0,12,115,false,0
37339,0,0,76659780,132987550,56327770,0,0,98,false,0
37340,0,0,76659780,132991800,56332020,0,0,85,false,0
37341,0,0,76659780,132996750,56336970,0,0,99,false,0
37342,0,0,76659780,133001900,56342120,0,4,107,false,0
37343,0,0,76659780,133006650,56346870,0,0,95,false,0
37344,0,0,76659780,133011800,56352020,0,12,115,false,0
37345,0,0,76659780,133016700,56356920,0,0,98,false,0
37346,0,0,76659780,133021000,56361220,0,0,86,false,0
37347,0,0,76659780,133025850,56366070,0,0,97,false,0
37348,0,0,76659780,133025850,56366070,0,99,99,true,0
37349,0,0,76659780,133030900,56371120,0,0,101,false,0
37350,0,0,76659780,133035850,56376070,0,0,99,false,0
37351,0,0,76659780,133040200,56380420,0,0,87,false,0
37352,0,0,76659780,133045300,56385520,0,0,102,false,0
37353,0,0,76659780,133049150,56389370,0,0,77,false,0
37354,0,0,76659780,133053500,56393720,0,0,87,false,0
37355,0,0,76659780,133058650,56398870,0,18,121,false,0
37356,0,0,76659780,133063800,56404020,0,2,105,false,0
37357,0,0,76659780,133068950,56409170,0,12,115,false,0
37358,0,0,76659780,133074100,56414320,0,7,110,false,0
37359,0,0,76659780,133078200,56418420,0,0,82,false,0
37360,0,0,76659780,133082650,56422870,0,0,89,false,0
37361,0,0,76659780,133087800,56428020,0,5,108,false,0
37362,0,0,76659780,133092350,56432570,0,0,91,false,0
37363,0,0,76659780,133097500,56437720,0,7,110,false,0
37364,0,0,76659780,133097500,56437720,0,97,97,true,0
37365,0,0,76659780,133097500,56437720,0,98,98,true,0
37366,0,0,76659780,133097500,56437720,0,110,110,true,0
37367,0,0,76659780,133097500,56437720,0,107,107,true,0
37368,0,0,76659780,133097500,56437720,0,86,86,true,0
37369,0,0,76659780,133102500,56442720,0,0,100,false,0
37370,0,0,76659780,133107550,56447770,0,0,101,false,0
37371,0,0,76659780,133112700,56452920,0,0,103,false,0
37372,0,0,76659780,133117750,56457970,0,0,101,false,0
37373,0,0,76659780,133121900,56462120,0,0,83,false,0
37374,0,0,76659780,133125750,56465970,0,0,77,false,0
37375,0,0,76659780,133125750,56465970,0,88,88,true,0
37376,0,0,76659780,133130900,56471120,0,0,103,false,0
37377,0,0,76659780,133135950,56476170,0,0,101,false,0
37378,0,0,76659780,133141100,56481320,0,8,111,false,0
37379,0,0,76659780,133141100,56481320,0,109,109,true,0
37380,0,0,76659780,133141100,56481320,0,105,105,true,0
37381,0,0,76659780,133141100,56481320,0,87,87,true,0
37382,0,0,76659780,133146250,56486470,0,9,112,false,0
37383,0,0,76659780,133150550,56490770,0,0,86,false,0
37384,0,0,76659780,133155550,56495770,0,0,100,false,0
37385,0,0,76659780,133160700,56500920,0,3,106,false,0
37386,0,0,76659780,133165150,56505370,0,0,89,false,0
37387,0,0,76659780,133169700,56509920,0,0,91,false,0
37388,0,0,76766400,133174850,56408450,0,2,105,false,0
37389,0,0,76766400,133180000,56413600,0,2,105,false,0
37390,0,0,76766400,133184750,56418350,0,0,95,false,0
37391,0,0,76766400,133189900,56423500,0,11,114,false,0
37392,0,0,76766400,133195000,56428600,0,0,102,false,0
37393,0,0,76766400,133195000,56428600,0,116,116,true,0
37394,0,0,76766400,133200000,56433600,0,0,100,false,0
37395,0,0,76766400,133204850,56438450,0,0,97,false,0
37396,0,0,76766400,133209750,56443350,0,0,98,false,0
37397,0,0,76766400,133214150,56447750,0,0,88,false,0
37398,0,0,76766400,133219300,56452900,0,2,105,false,0
37399,0,0,76766400,133224100,56457700,0,0,96,false,0
37400,0,0,76766400,133229250,56462850,0,11,114,false,0
37401,0,0,76766400,133234150,56467750,0,0,98,false,0
37402,0,0,76766400,133237950,56471550,0,0,76,false,0
37403,0,0,76766400,133243050,56476650,0,0,102,false,0
37404,0,0,76766400,133248200,56481800,0,10,113,false,0
37405,0,0,76766400,133252800,56486400,0,0,92,false,0
37406,0,0,76766400,133257950,56491550,0,4,107,false,0
37407,0,0,76766400,133257950,56491550,0,112,112,true,0
37408,0,0,76766400,133257950,56491550,0,107,107,true,0
37409,0,0,76766400,133263100,56496700,0,0,103,false,0
37410,0,0,76766400,133267850,56501450,0,0,95,false,0
37411,0,0,76766400,133272600,56506200,0,0,95,false,0
37412,0,0,76766400,133277250,56510850,0,0,93,false,0
37413,0,0,76766400,133282050,56515650,0,0,96,false,0
37414,0,0,76766400,133287000,56520600,0,0,99,false,0
37415,0,0,76766400,133291900,56525500,0,0,98,false,0
37416,0,0,76766400,133296900,56530500,0,0,100,false,0
37417,0,0,76766400,133301550,56535150,0,0,93,false,0
37418,0,0,76766400,133306200,56539800,0,0,93,false,0
37419,0,0,76766400,133310750,56544350,0,0,91,false,0
37420,0,0,76766400,133315700,56549300,0,0,99,false,0
37421,0,0,76766400,133315700,56549300,0,105,105,true,0
37422,0,0,76766400,133315700,56549300,0,95,95,true,0
37423,0,0,76766400,133315700,56549300,0,96,96,true,0
37424,0,0,76766400,133320300,56553900,0,0,92,false,0
37425,0,0,76766400,133324800,56558400,0,0,90,false,0
37426,0,0,76766400,133329750,56563350,0,0,99,false,0
37427,0,0,76766400,133334500,56568100,0,0,95,false,0
37428,0,0,76766400,133338850,56572450,0,0,87,false,0
37429,0,0,76766400,133344000,56577600,0,10,113,false,0
37430,0,0,76766400,133344000,56577600,0,94,94,true,0
37431,0,0,76766400,133344000,56577600,0,111,111,true,0
37432,0,0,76766400,133349150,56582750,0,6,109,false,0
37433,0,0,76766400,133354100,56587700,0,0,99,false,0
37434,0,0,76766400,133354100,56587700,0,92,92,true,0
37435,0,0,76766400,133354100,56587700,0,89,89,true,0
37436,0,0,76766400,133354100,56587700,0,115,115,true,0
37437,0,0,76766400,133354100,56587700,0,78,78,true,0
37438,0,0,76766400,133354100,56587700,0,106,106,true,0
37439,0,0,76766400,133359250,56592850,0,4,107,false,0
37440,0,0,76873020,133364400,56491380,0,6,109,false,0
37441,0,0,76873020,133364400,56491380,0,93,93,true,0
37442,0,0,76873020,133364400,56491380,0,81,81,true,0
37443,0,0,76873020,133369250,56496230,0,0,97,false,0
37444,0,0,76873020,133373800,56500780,0,0,91,false,0
37445,0,0,76873020,133378150,56505130,0,0,87,false,0
37446,0,0,76873020,133383300,56510280,0,0,103,false,0
37447,0,0,76873020,133383300,56510280,0,105,105,true,0
37448,0,0,76873020,133383300,56510280,0,98,98,true,0
37449,0,0,76873020,133388200,56515180,0,0,98,false,0
37450,0,0,76873020,133393350,56520330,0,8,111,false,0
37451,0,0,76873020,133397500,56524480,0,0,83,false,0
37452,0,0,76873020,133402650,56529630,0,4,107,false,0
37453,0,0,76873020,133402650,56529630,0,110,110,true,0
37454,0,0,76873020,133402650,56529630,0,116,116,true,0
37455,0,0,76873020,133402650,56529630,0,100,100,true,0
37456,0,0,76873020,133402650,56529630,0,96,96,true,0
37457,0,0,76873020,133402650,56529630,0,104,104,true,0
37458,0,0,76873020,133402650,56529630,0,105,105,true,0
37459,0,0,76873020,133402650,56529630,0,101,101,true,0
37460,0,0,76873020,133407750,56534730,0,0,102,false,0
37461,0,0,76873020,133412250,56539230,0,0,90,false,0
37462,0,0,76873020,133417400,56544380,0,2,105,false,0
37463,0,0,76873020,133421900,56548880,0,0,90,false,0
37464,0,0,76873020,133427050,56554030,0,2,105,false,0
37465,0,0,76873020,133432200,56559180,0,3,106,false,0
37466,0,0,76873020,133436950,56563930,0,0,95,false,0
37467,0,0,76873020,133442100,56569080,0,3,106,false,0
37468,0,0,76873020,133442100,56569080,0,123,123,true,0
37469,0,0,76873020,133446250,56573230,0,0,83,false,0
37470,0,0,76873020,133451400,56578380,0,12,115,false,0
37471,0,0,76873020,133456550,56583530,0,4,107,false,0
37472,0,0,76873020,133456550,56583530,0,116,116,true,0
37473,0,0,76873020,133456550,56583530,0,104,104,true,0
37474,0,0,76873020,133461700,56588680,0,6,109,false,0
37475,0,0,76873020,133466550,56593530,0,0,97,false,0
37476,0,0,76873020,133471450,56598430,0,0,98,false,0
37477,0,0,76873020,133476600,56603580,0,11,114,false,0
37478,0,0,76873020,133481400,56608380,0,0,96,false,0
37479,0,0,76873020,133486500,56613480,0,0,102,false,0
37480,0,0,76873020,133491550,56618530,0,0,101,false,0
37481,0,0,76873020,133496300,56623280,0,0,95,false,0
37482,0,0,76873020,133501300,56628280,0,0,100,false,0
37483,0,0,76873020,133506450,56633430,0,2,105,false,0
37484,0,0,76873020,133511600,56638580,0,11,114,false,0
37485,0,0,76873020,133516300,56643280,0,0,94,false,0
37486,0,0,76873020,133520950,56647930,0,0,93,false,0
37487,0,0,76873020,133526050,56653030,0,0,102,false,0
37488,0,0,76873020,133526050,56653030,0,95,95,true,0
37489,0,0,76873020,133531200,56658180,0,8,111,false,0
37490,0,0,76873020,133536350,56663330,0,10,113,false,0
37491,0,0,76873020,133536350,56663330,0,82,82,true,0
37492,0,0,76979640,133536350,56556710,0,91,91,true,0
37493,0,0,76979640,133536350,56556710,0,74,74,true,0
37494,0,0,76979640,133541150,56561510,0,0,96,false,0
37495,0,0,76979640,133546300,56566660,0,10,113,false,0
37496,0,0,76979640,133551450,56571810,0,15,118,false,0
37497,0,0,76979640,133551450,56571810,0,104,104,true,0
37498,0,0,76979640,133555950,56576310,0,0,90,false,0
37499,0,0,76979640,133561100,56581460,0,6,109,false,0
37500,0,0,76979640,133565650,56586010,0,0,91,false,0
37501,0,0,76979640,133565650,56586010,0,103,103,true,0
37502,0,0,76979640,133569400,56589760,0,0,75,false,0
37503,0,0,76979640,133574550,56594910,0,14,117,false,0
37504,0,0,76979640,133579700,56600060,0,16,119,false,0
37505,0,0,76979640,133584850,56605210,0,15,118,false,0
37506,0,0,76979640,133589850,56610210,0,0,100,false,0
37507,0,0,76979640,133594700,56615060,0,0,97,false,0
37508,0,0,76979640,133599850,56620210,0,3,106,false,0
37509,0,0,76979640,133604750,56625110,0,0,98,false,0
37510,0,0,76979640,133609000,56629360,0,0,85,false,0
37511,0,0,76979640,133613700,56634060,0,0,94,false,0
37512,0,0,76979640,133618850,56639210,0,2,105,false,0
37513,0,0,76979640,133623950,56644310,0,0,102,false,0
37514,0,0,76979640,133628700,56649060,0,0,95,false,0
37515,0,0,76979640,133633850,56654210,0,1,104,false,0
37516,0,0,76979640,133638450,56658810,0,0,92,false,0
37517,0,0,76979640,133643600,56663960,0,0,103,false,0
37518,0,0,76979640,133648750,56669110,0,9,112,false,0
37519,0,0,76979640,133653100,56673460,0,0,87,false,0
37520,0,0,76979640,133658250,56678610,0,0,103,false,0
37521,0,0,76979640,133663300,56683660,0,0,101,false,0
37522,0,0,76979640,133663300,56683660,0,107,107,true,0
37523,0,0,76979640,133668450,56688810,0,18,121,false,0
37524,0,0,76979640,133673350,56693710,0,0,98,false,0
37525,0,0,76979640,133677750,56698110,0,0,88,false,0
37526,0,0,76979640,133677750,56698110,0,98,98,true,0
37527,0,0,76979640,133677750,56698110,0,91,91,true,0
37528,0,0,76979640,133682250,56702610,0,0,90,false,0
37529,0,0,76979640,133686750,56707110,0,0,90,false,0
37530,0,0,76979640,133691900,56712260,0,3,106,false,0
37531,0,0,76979640,133696700,56717060,0,0,96,false,0
37532,0,0,76979640,133701400,56721760,0,0,94,false,0
37533,0,0,76979640,133706550,56726910,0,6,109,false,0
37534,0,0,76979640,133711000,56731360,0,0,89,false,0
37535,0,0,76979640,133716150,56736510,0,5,108,false,0
37536,0,0,76979640,133721300,56741660,0,0,103,false,0
37537,0,0,76979640,133725550,56745910,0,0,85,false,0
37538,0,0,76979640,133730700,56751060,0,1,104,false,0
37539,0,0,76979640,133735850,56756210,0,3,106,false,0
37540,0,0,76979640,133741000,56761360,0,4,107,false,0
37541,0,0,76979640,133746150,56766510,0,1,104,false,0
37542,0,0,76979640,133751250,56771610,0,0,102,false,0
37543,0,0,76979640,133755200,56775560,0,0,79,false,0
37544,0,0,77086260,133755200,56668940,0,99,99,true,0
37545,0,0,77086260,133755200,56668940,0,97,97,true,0
37546,0,0,77086260,133759300,56673040,0,0,82,false,0
37547,0,0,77086260,133764450,56678190,0,12,115,false,0
37548,0,0,77086260,133769050,56682790,0,0,92,false,0
37549,0,0,77086260,133773500,56687240,0,0,89,false,0
37550,0,0,77086260,133778250,56691990,0,0,95,false,0
37551,0,0,77086260,133778250,56691990,0,87,87,true,0
37552,0,0,77086260,133778250,56691990,0,124,124,true,0
37553,0,0,77086260,133778250,56691990,0,98,98,true,0
37554,0,0,77086260,133783250,56696990,0,0,100,false,0
37555,0,0,77086260,133788350,56702090,0,0,102,false,0
37556,0,0,77086260,133793200,56706940,0,0,97,false,0
37557,0,0,77086260,133797900,56711640,0,0,94,false,0
37558,0,0,77086260,133803050,56716790,0,12,115,false,0
37559,0,0,77086260,133807400,56721140,0,0,87,false,0
37560,0,0,77086260,133812550,56726290,0,16,119,false,0
37561,0,0,77086260,133817700,56731440,0,1,104,false,0
37562,0,0,77086260,133822850,56736590,0,10,113,false,0
37563,0,0,77086260,133827550,56741290,0,0,94,false,0
37564,0,0,77086260,133832150,56745890,0,0,92,false,0
37565,0,0,77086260,133837300,56751040,0,6,109,false,0
37566,0,0,77086260,133841800,56755540,0,0,90,false,0
37567,0,0,77086260,133846750,56760490,0,0,99,false,0
37568,0,0,77086260,133851600,56765340,0,0,97,false,0
37569,0,0,77086260,133856350,56770090,0,0,95,false,0
37570,0,0,77086260,133860550,56774290,0,0,84,false,0
37571,0,0,77086260,133865100,56778840,0,0,91,false,0
37572,0,0,77086260,133870150,56783890,0,0,101,false,0
37573,0,0,77086260,133874400,56788140,0,0,85,false,0
37574,0,0,77086260,133879050,56792790,0,0,93,false,0
37575,0,0,77086260,133884100,56797840,0,0,101,false,0
37576,0,0,77086260,133888900,56802640,0,0,96,false,0
37577,0,0,77086260,133893250,56806990,0,0,87,false,0
37578,0,0,77086260,133898400,56812140,0,1,104,false,0
37579,0,0,77086260,133903550,56817290,0,10,113,false,0
37580,0,0,77086260,133908550,56822290,0,0,100,false,0
37581,0,0,77086260,133913550,56827290,0,0,100,false,0
37582,0,0,77086260,133918550,56832290,0,0,100,false,0
37583,0,0,77086260,133923700,56837440,0,1,104,false,0
37584,0,0,77086260,133928450,56842190,0,0,95,false,0
37585,0,0,77086260,133933600,56847340,0,22,125,false,0
37586,0,0,77086260,133938750,56852490,0,11,114,false,0
37587,0,0,77086260,133943900,56857640,0,8,111,false,0
37588,0,0,77086260,133949050,56862790,0,13,116,false,0
37589,0,0,77086260,133953900,56867640,0,0,97,false,0
37590,0,0,77086260,133958600,56872340,0,0,94,false,0
37591,0,0,77086260,133963500,56877240,0,0,98,false,0
37592,0,0,77086260,133968350,56882090,0,0,97,false,0
37593,0,0,77086260,133973400,56887140,0,0,101,false,0
37594,0,0,77086260,133978550,56892290,0,10,113,false,0
37595,0,0,77086260,133983200,56896940,0,0,93,false,0
37596,0,0,77192880,133983200,56790320,0,110,110,true,0
37597,0,0,77192880,133983200,56790320,0,113,113,true,0
37598,0,0,77192880,133983200,56790320,0,104,104,true,0
37599,0,0,77192880,133983200,56790320,0,106,106,true,0
37600,0,0,77192880,133983200,56790320,0,108,108,true,0
37601,0,0,77192880,133986950,56794070,0,0,75,false,0
37602,0,0,77192880,133992100,56799220,0,2,105,false,0
37603,0,0,77192880,133997150,56804270,0,0,101,false,0
37604,0,0,77192880,134001750,56808870,0,0,92,false,0
37605,0,0,77192880,134001750,56808870,0,104,104,true,0
37606,0,0,77192880,134006500,56813620,0,0,95,false,0
37607,0,0,77192880,134011650,56818770,0,3,106,false,0
37608,0,0,77192880,134016550,56823670,0,0,98,false,0
37609,0,0,77192880,134021550,56828670,0,0,100,false,0
37610,0,0,77192880,134021550,56828670,0,117,117,true,0
37611,0,0,77192880,134026550,56833670,0,0,100,false,0
37612,0,0,77192880,134031300,56838420,0,0,95,false,0
37613,0,0,77192880,134031300,56838420,0,102,102,true,0
37614,0,0,77192880,134031300,56838420,0,102,102,true,0
37615,0,0,77192880,134035600,56842720,0,0,86,false,0
37616,0,0,77192880,134040300,56847420,0,0,94,false,0
37617,0,0,77192880,134045050,56852170,0,0,95,false,0
37618,0,0,77192880,134045050,56852170,0,114,114,true,0
37619,0,0,77192880,134045050,56852170,0,101,101,true,0
37620,0,0,77192880,134050200,56857320,0,0,103,false,0
37621,0,0,77192880,134055300,56862420,0,0,102,false,0
37622,0,0,77192880,134060300,56867420,0,0,100,false,0
37623,0,0,77192880,134065400,56872520,0,0,102,false,0
37624,0,0,77192880,134069750,56876870,0,0,87,false,0
37625,0,0,77192880,134074900,56882020,0,1,104,false,0
37626,0,0,77192880,134080050,56887170,0,3,106,false,0
37627,0,0,77192880,134085200,56892320,0,2,105,false,0
37628,0,0,77192880,134090350,56897470,0,6,109,false,0
37629,0,0,77192880,134094650,56901770,0,0,86,false,0
37630,0,0,77192880,134099200,56906320,0,0,91,false,0
37631,0,0,77192880,134104350,56911470,0,3,106,false,0
37632,0,0,77192880,134108450,56915570,0,0,82,false,0
37633,0,0,77192880,134112900,56920020,0,0,89,false,0
37634,0,0,77192880,134118050,56925170,0,0,103,false,0
37635,0,0,77192880,134123000,56930120,0,0,99,false,0
37636,0,0,77192880,134127650,56934770,0,0,93,false,0
37637,0,0,77192880,134132700,56939820,0,0,101,false,0
37638,0,0,77192880,134137750,56944870,0,0,101,false,0
37639,0,0,77192880,134142300,56949420,0,0,91,false,0
37640,0,0,77192880,134146950,56954070,0,0,93,false,0
37641,0,0,77192880,134151500,56958620,0,0,91,false,0
37642,0,0,77192880,134156600,56963720,0,0,102,false,0
37643,0,0,77192880,134161350,56968470,0,0,95,false,0
37644,0,0,77192880,134166350,56973470,0,0,100,false,0
37645,0,0,77192880,134171500,56978620,0,4,107,false,0
37646,0,0,77192880,134176350,56983470,0,0,97,false,0
37647,0,0,77192880,134181500,56988620,0,16,119,false,0
37648,0,0,77299500,134181500,56882000,0,113,113,true,0
37649,0,0,77299500,134181500,56882000,0,82,82,true,0
37650,0,0,77299500,134185850,56886350,0,0,87,false,0
37651,0,0,77299500,134190300,56890800,0,0,89,false,0
37652,0,0,77299500,134190300,56890800,0,112,112,true,0
37653,0,0,77299500,134190300,56890800,0,100,100,true,0
37654,0,0,77299500,134190300,56890800,0,114,114,true,0
37655,0,0,77299500,134190300,56890800,0,100,100,true,0
37656,0,0,77299500,134195450,56895950,0,0,103,false,0
37657,0,0,77299500,134199800,56900300,0,0,87,false,0
37658,0,0,77299500,134204350,56904850,0,0,91,false,0
37659,0,0,77299500,134209450,56909950,0,0,102,false,0
37660,0,0,77299500,134214050,56914550,0,0,92,false,0
37661,0,0,77299500,134219200,56919700,0,2,105,false,0
37662,0,0,77299500,134219200,56919700,0,120,120,true,0
37663,0,0,77299500,134224050,56924550,0,0,97,false,0
37664,0,0,77299500,134229200,56929700,0,11,114,false,0
37665,0,0,77299500,134234350,56934850,0,31,134,false,0
37666,0,0,77299500,134239500,56940000,0,3,106,false,0
37667,0,0,77299500,134243950,56944450,0,0,89,false,0
37668,0,0,77299500,134249100,56949600,0,3,106,false,0
37669,0,0,77299500,134254150,56954650,0,0,101,false,0
37670,0,0,77299500,134258300,56958800,0,0,83,false,0
37671,0,0,77299500,134263450,56963950,0,2,105,false,0
37672,0,0,77299500,134263450,56963950,0,104,104,true,0
37673,0,0,77299500,134268600,56969100,0,14,117,false,0
37674,0,0,77299500,134273750,56974250,0,11,114,false,0
37675,0,0,77299500,134278900,56979400,0,2,105,false,0
37676,0,0,77299500,134283750,56984250,0,0,97,false,0
37677,0,0,77299500,134288900,56989400,0,8,111,false,0
37678,0,0,77299500,134294000,56994500,0,0,102,false,0
37679,0,0,77299500,134299150,56999650,0,21,124,false,0
37680,0,0,77299500,134304300,57004800,0,3,106,false,0
37681,0,0,77299500,134309350,57009850,0,0,101,false,0
37682,0,0,77299500,134313150,57013650,0,0,76,false,0
37683,0,0,77299500,134317150,57017650,0,0,80,false,0
37684,0,0,77299500,134322250,57022750,0,0,102,false,0
37685,0,0,77299500,134322250,57022750,0,112,112,true,0
37686,0,0,77299500,134327400,57027900,0,2,105,false,0
37687,0,0,77299500,134332550,57033050,0,13,116,false,0
37688,0,0,77299500,134336700,57037200,0,0,83,false,0
37689,0,0,77299500,134341850,57042350,0,1,104,false,0
37690,0,0,77299500,134346250,57046750,0,0,88,false,0
37691,0,0,77299500,134346250,57046750,0,105,105,true,0
37692,0,0,77299500,134346250,57046750,0,75,75,true,0
37693,0,0,77299500,134346250,57046750,0,78,78,true,0
37694,0,0,77299500,134346250,57046750,0,105,105,true,0
37695,0,0,77299500,134346250,57046750,0,93,93,true,0
37696,0,0,77299500,134351200,57051700,0,0,99,false,0
37697,0,0,77299500,134355950,57056450,0,0,95,false,0
37698,0,0,77299500,134359900,57060400,0,0,79,false,0
37699,0,0,77299500,134359900,57060400,0,112,112,true,0
37700,0,0,77406120,134359900,56953780,0,105,105,true,0
37701,0,0,77406120,134359900,56953780,0,93,93,true,0
37702,0,0,77406120,134359900,56953780,0,90,90,true,0
37703,0,0,77406120,134359900,56953780,0,101,101,true,0
37704,0,0,77406120,134364650,56958530,0,0,95,false,0
37705,0,0,77406120,134368850,56962730,0,0,84,false,0
37706,0,0,77406120,134374000,56967880,0,5,108,false,0
37707,0,0,77406120,134374000,56967880,0,126,126,true,0
37708,0,0,77406120,134374000,56967880,0,96,96,true,0
37709,0,0,77406120,134374000,56967880,0,106,106,true,0
37710,0,0,77406120,134378900,56972780,0,0,98,false,0
37711,0,0,77406120,134384000,56977880,0,0,102,false,0
37712,0,0,77406120,134389150,56983030,0,8,111,false,0
37713,0,0,77406120,134389150,56983030,0,96,96,true,0
37714,0,0,77406120,134389150,56983030,0,105,105,true,0
37715,0,0,77406120,134389150,56983030,0,102,102,true,0
37716,0,0,77406120,134389150,56983030,0,81,81,true,0
37717,0,0,77406120,134389150,56983030,0,93,93,true,0
37718,0,0,77406120,134394300,56988180,0,9,112,false,0
37719,0,0,77406120,134399450,56993330,0,0,103,false,0
37720,0,0,77406120,134403850,56997730,0,0,88,false,0
37721,0,0,77406120,134403850,56997730,0,90,90,true,0
37722,0,0,77406120,134409000,57002880,0,7,110,false,0
37723,0,0,77406120,134414150,57008030,0,4,107,false,0
37724,0,0,77406120,134414150,57008030,0,110,110,true,0
37725,0,0,77406120,134419300,57013180,0,5,108,false,0
37726,0,0,77406120,134424450,57018330,0,3,106,false,0
37727,0,0,77406120,134429600,57023480,0,3,106,false,0
37728,0,0,77406120,134433700,57027580,0,0,82,false,0
37729,0,0,77406120,134433700,57027580,0,95,95,true,0
37730,0,0,77406120,134438850,57032730,0,9,112,false,0
37731,0,0,77406120,134443900,57037780,0,0,101,false,0
37732,0,0,77406120,134443900,57037780,0,98,98,true,0
37733,0,0,77406120,134443900,57037780,0,100,100,true,0
37734,0,0,77406120,134443900,57037780,0,96,96,true,0
37735,0,0,77406120,134449050,57042930,0,11,114,false,0
37736,0,0,77406120,134454100,57047980,0,0,101,false,0
37737,0,0,77406120,134459250,57053130,0,0,103,false,0
37738,0,0,77406120,134464400,57058280,0,1,104,false,0
37739,0,0,77406120,134469200,57063080,0,0,96,false,0
37740,0,0,77406120,134474200,57068080,0,0,100,false,0
37741,0,0,77406120,134478550,57072430,0,0,87,false,0
37742,0,0,77406120,134483350,57077230,0,0,96,false,0
37743,0,0,77406120,134487950,57081830,0,0,92,false,0
37744,0,0,77406120,134493100,57086980,0,3,106,false,0
37745,0,0,77406120,134498250,57092130,0,7,110,false,0
37746,0,0,77406120,134502400,57096280,0,0,83,false,0
37747,0,0,77406120,134502400,57096280,0,91,91,true,0
37748,0,0,77406120,134507550,57101430,0,17,120,false,0
37749,0,0,77406120,134511900,57105780,0,0,87,false,0
37750,0,0,77406120,134517050,57110930,0,19,122,false,0
37751,0,0,77406120,134522200,57116080,0,0,103,false,0
37752,0,0,77512740,134527350,57014610,0,5,108,false,0
37753,0,0,77512740,134532500,57019760,0,2,105,false,0
37754,0,0,77512740,134537200,57024460,0,0,94,false,0
37755,0,0,77512740,134542350,57029610,0,4,107,false,0
37756,0,0,77512740,134547500,57034760,0,2,105,false,0
37757,0,0,77512740,134552500,57039760,0,0,100,false,0
37758,0,0,77512740,134552500,57039760,0,97,97,true,0
37759,0,0,77512740,134552500,57039760,0,85,85,true,0
37760,0,0,77512740,134552500,57039760,0,104,104,true,0
37761,0,0,77512740,134552500,57039760,0,113,113,true,0
37762,0,0,77512740,134557650,57044910,0,0,103,false,0
37763,0,0,77512740,134562700,57049960,0,0,101,false,0
37764,0,0,77512740,134567750,57055010,0,0,101,false,0
37765,0,0,77512740,134572850,57060110,0,0,102,false,0
37766,0,0,77512740,134577650,57064910,0,0,96,false,0
37767,0,0,77512740,134582800,57070060,0,1,104,false,0
37768,0,0,77512740,134587450,57074710,0,0,93,false,0
37769,0,0,77512740,134592600,57079860,0,13,116,false,0
37770,0,0,77512740,134597750,57085010,0,5,108,false,0
37771,0,0,77512740,134602000,57089260,0,0,85,false,0
37772,0,0,77512740,134606800,57094060,0,0,96,false,0
37773,0,0,77512740,134611750,57099010,0,0,99,false,0
37774,0,0,77512740,134616800,57104060,0,0,101,false,0
37775,0,0,77512740,134621750,57109010,0,0,99,false,0
37776,0,0,77512740,134626550,57113810,0,0,96,false,0
37777,0,0,77512740,134626550,57113810,0,90,90,true,0
37778,0,0,77512740,134631700,57118960,0,4,107,false,0
37779,0,0,77512740,134636600,57123860,0,0,98,false,0
37780,0,0,77512740,134641750,57129010,0,7,110,false,0
37781,0,0,77512740,134646850,57134110,0,0,102,false,0
37782,0,0,77512740,134652000,57139260,0,22,125,false,0
37783,0,0,77512740,134652000,57139260,0,91,91,true,0
37784,0,0,77512740,134652000,57139260,0,95,95,true,0
37785,0,0,77512740,134652000,57139260,0,95,95,true,0
37786,0,0,77512740,134652000,57139260,0,110,110,true,0
37787,0,0,77512740,134652000,57139260,0,99,99,true,0
37788,0,0,77512740,134656800,57144060,0,0,96,false,0
37789,0,0,77512740,134661550,57148810,0,0,95,false,0
37790,0,0,77512740,134661550,57148810,0,109,109,true,0
37791,0,0,77512740,134661550,57148810,0,110,110,true,0
37792,0,0,77512740,134661550,57148810,0,89,89,true,0
37793,0,0,77512740,134666700,57153960,0,2,105,false,0
37794,0,0,77512740,134671150,57158410,0,0,89,false,0
37795,0,0,77512740,134676300,57163560,0,0,103,false,0
37796,0,0,77512740,134681450,57168710,0,5,108,false,0
37797,0,0,77512740,134686600,57173860,0,7,110,false,0
37798,0,0,77512740,134691000,57178260,0,0,88,false,0
37799,0,0,77512740,134696150,57183410,0,10,113,false,0
37800,0,0,77512740,134700850,57188110,0,0,94,false,0
37801,0,0,77512740,134706000,57193260,0,10,113,false,0
37802,0,0,77512740,134710500,57197760,0,0,90,false,0
37803,0,0,77512740,134715650,57202910,0,6,109,false,0
37804,0,0,77619360,134720600,57101240,0,0,99,false,0
37805,0,0,77619360,134725550,57106190,0,0,99,false,0
37806,0,0,77619360,134730700,57111340,0,12,115,false,0
37807,0,0,77619360,134735600,57116240,0,0,98,false,0
37808,0,0,77619360,134740400,57121040,0,0,96,false,0
37809,0,0,77619360,134745550,57126190,0,0,103,false,0
37810,0,0,77619360,134745550,57126190,0,120,120,true,0
37811,0,0,77619360,134745550,57126190,0,91,91,true,0
37812,0,0,77619360,134745550,57126190,0,105,105,true,0
37813,0,0,77619360,134745550,57126190,0,92,92,true,0
37814,0,0,77619360,134745550,57126190,0,117,117,true,0
37815,0,0,77619360,134750700,57131340,0,12,115,false,0
37816,0,0,77619360,134755200,57135840,0,0,90,false,0
37817,0,0,77619360,134760350,57140990,0,7,110,false,0
37818,0,0,77619360,134765500,57146140,0,8,111,false,0
37819,0,0,77619360,134765500,57146140,0,108,108,true,0
37820,0,0,77619360,134765500,57146140,0,114,114,true,0
37821,0,0,77619360,134770650,57151290,0,8,111,false,0
37822,0,0,77619360,134775800,57156440,0,5,108,false,0
37823,0,0,77619360,134780950,57161590,0,2,105,false,0
37824,0,0,77619360,134785250,57165890,0,0,86,false,0
37825,0,0,77619360,134789850,57170490,0,0,92,false,0
37826,0,0,77619360,134789850,57170490,0,108,108,true,0
37827,0,0,77619360,134789850,57170490,0,109,109,true,0
37828,0,0,77619360,134794750,57175390,0,0,98,false,0
37829,0,0,77619360,134799550,57180190,0,0,96,false,0
37830,0,0,77619360,134804700,57185340,0,1,104,false,0
37831,0,0,77619360,134804700,57185340,0,98,98,true,0
37832,0,0,77619360,134809750,57190390,0,0,101,false,0
37833,0,0,77619360,134814900,57195540,0,1,104,false,0
37834,0,0,77619360,134820050,57200690,0,7,110,false,0
37835,0,0,77619360,134825200,57205840,0,6,109,false,0
37836,0,0,77619360,134830350,57210990,0,15,118,false,0
37837,0,0,77619360,134835500,57216140,0,6,109,false,0
37838,0,0,77619360,134840100,57220740,0,0,92,false,0
37839,0,0,77619360,134844450,57225090,0,0,87,false,0
37840,0,0,77619360,134849200,57229840,0,0,95,false,0
37841,0,0,77619360,134854350,57234990,0,11,114,false,0
37842,0,0,77619360,134858800,57239440,0,0,89,false,0
37843,0,0,77619360,134863950,57244590,0,10,113,false,0
37844,0,0,77619360,134863950,57244590,0,86,86,true,0
37845,0,0,77619360,134863950,57244590,0,105,105,true,0
37846,0,0,77619360,134863950,57244590,0,104,104,true,0
37847,0,0,77619360,134869100,57249740,0,4,107,false,0
37848,0,0,77619360,134873750,57254390,0,0,93,false,0
37849,0,0,77619360,134873750,57254390,0,89,89,true,0
37850,0,0,77619360,134873750,57254390,0,95,95,true,0
37851,0,0,77619360,134873750,57254390,0,99,99,true,0
37852,0,0,77619360,134873750,57254390,0,103,103,true,0
37853,0,0,77619360,134878500,57259140,0,0,95,false,0
37854,0,0,77619360,134883650,57264290,0,11,114,false,0
37855,0,0,77619360,134888600,57269240,0,0,99,false,0
37856,0,0,77725980,134893200,57167220,0,0,92,false,0
37857,0,0,77725980,134897650,57171670,0,0,89,false,0
37858,0,0,77725980,134902800,57176820,0,12,115,false,0
37859,0,0,77725980,134907950,57181970,0,2,105,false,0
37860,0,0,77725980,134912900,57186920,0,0,99,false,0
37861,0,0,77725980,134918050,57192070,0,1,104,false,0
37862,0,0,77725980,134923000,57197020,0,0,99,false,0
37863,0,0,77725980,134928150,57202170,0,8,111,false,0
37864,0,0,77725980,134933300,57207320,0,9,112,false,0
37865,0,0,77725980,134938350,57212370,0,0,101,false,0
37866,0,0,77725980,134938350,57212370,0,124,124,true,0
37867,0,0,77725980,134938350,57212370,0,100,100,true,0
37868,0,0,77725980,134942900,57216920,0,0,91,false,0
37869,0,0,77725980,134948050,57222070,0,1,104,false,0
37870,0,0,77725980,134952300,57226320,0,0,85,false,0
37871,0,0,77725980,134957450,57231470,0,10,113,false,0
37872,0,0,77725980,134962350,57236370,0,0,98,false,0
37873,0,0,77725980,134967150,57241170,0,0,96,false,0
37874,0,0,77725980,134972300,57246320,0,9,112,false,0
37875,0,0,77725980,134977450,57251470,0,13,116,false,0
37876,0,0,77725980,134982550,57256570,0,0,102,false,0
37877,0,0,77725980,134987450,57261470,0,0,98,false,0
37878,0,0,77725980,134991750,57265770,0,0,86,false,0
37879,0,0,77725980,134991750,57265770,0,107,107,true,0
37880,0,0,77725980,134991750,57265770,0,97,97,true,0
37881,0,0,77725980,134991750,57265770,0,83,83,true,0
37882,0,0,77725980,134991750,57265770,0,96,96,true,0
37883,0,0,77725980,134996900,57270920,0,3,106,false,0
37884,0,0,77725980,135002050,57276070,0,3,106,false,0
37885,0,0,77725980,135006400,57280420,0,0,87,false,0
37886,0,0,77725980,135010750,57284770,0,0,87,false,0
37887,0,0,77725980,135010750,57284770,0,101,101,true,0
37888,0,0,77725980,135015900,57289920,0,2,105,false,0
37889,0,0,77725980,135020950,57294970,0,0,101,false,0
37890,0,0,77725980,135025350,57299370,0,0,88,false,0
37891,0,0,77725980,135030500,57304520,0,1,104,false,0
37892,0,0,77725980,135035550,57309570,0,0,101,false,0
37893,0,0,77725980,135035550,57309570,0,100,100,true,0
37894,0,0,77725980,135040450,57314470,0,0,98,false,0
37895,0,0,77725980,135044500,57318520,0,0,81,false,0
37896,0,0,77725980,135049450,57323470,0,0,99,false,0
37897,0,0,77725980,135054600,57328620,0,4,107,false,0
37898,0,0,77725980,135059750,57333770,0,23,126,false,0
37899,0,0,77725980,135059750,57333770,0,110,110,true,0
37900,0,0,77725980,135064900,57338920,0,10,113,false,0
37901,0,0,77725980,135070050,57344070,0,5,108,false,0
37902,0,0,77725980,135070050,57344070,0,107,107,true,0
37903,0,0,77725980,135070050,57344070,0,105,105,true,0
37904,0,0,77725980,135074800,57348820,0,0,95,false,0
37905,0,0,77725980,135079750,57353770,0,0,99,false,0
37906,0,0,77725980,135084600,57358620,0,0,97,false,0
37907,0,0,77725980,135089750,57363770,0,3,106,false,0
37908,0,0,77832600,135094900,57262300,0,7,110,false,0
37909,0,0,77832600,135094900,57262300,0,109,109,true,0
37910,0,0,77832600,135098950,57266350,0,0,81,false,0
37911,0,0,77832600,135104000,57271400,0,0,101,false,0
37912,0,0,77832600,135108400,57275800,0,0,88,false,0
37913,0,0,77832600,135113350,57280750,0,0,99,false,0
37914,0,0,77832600,135118500,57285900,0,1,104,false,0
37915,0,0,77832600,135122300,57289700,0,0,76,false,0
37916,0,0,77832600,135127450,57294850,0,2,105,false,0
37917,0,0,77832600,135132100,57299500,0,0,93,false,0
37918,0,0,77832600,135137200,57304600,0,0,102,false,0
37919,0,0,77832600,135142050,57309450,0,0,97,false,0
37920,0,0,77832600,135147150,57314550,0,0,102,false,0
37921,0,0,77832600,135151750,57319150,0,0,92,false,0
37922,0,0,77832600,135156800,57324200,0,0,101,false,0
37923,0,0,77832600,135161850,57329250,0,0,101,false,0
37924,0,0,77832600,135166700,57334100,0,0,97,false,0
37925,0,0,77832600,135171500,57338900,0,0,96,false,0
37926,0,0,77832600,135176650,57344050,0,2,105,false,0
37927,0,0,77832600,135181800,57349200,0,12,115,false,0
37928,0,0,77832600,135186650,57354050,0,0,97,false,0
37929,0,0,77832600,135191150,57358550,0,0,90,false,0
37930,0,0,77832600,135195450,57362850,0,0,86,false,0
37931,0,0,77832600,135200600,57368000,0,6,109,false,0
37932,0,0,77832600,135205750,57373150,0,14,117,false,0
37933,0,0,77832600,135210900,57378300,0,16,119,false,0
37934,0,0,77832600,135215950,57383350,0,0,101,false,0
37935,0,0,77832600,135221100,57388500,0,2,105,false,0
37936,0,0,77832600,135221100,57388500,0,97,97,true,0
37937,0,0,77832600,135225450,57392850,0,0,87,false,0
37938,0,0,77832600,135230450,57397850,0,0,100,false,0
37939,0,0,77832600,135235450,57402850,0,0,100,false,0
37940,0,0,77832600,135240400,57407800,0,0,99,false,0
37941,0,0,77832600,135244750,57412150,0,0,87,false,0
37942,0,0,77832600,135244750,57412150,0,101,101,true,0
37943,0,0,77832600,135244750,57412150,0,107,107,true,0
37944,0,0,77832600,135249200,57416600,0,0,89,false,0
37945,0,0,77832600,135254000,57421400,0,0,96,false,0
37946,0,0,77832600,135258050,57425450,0,0,81,false,0
37947,0,0,77832600,135263200,57430600,0,10,113,false,0
37948,0,0,77832600,135268200,57435600,0,0,100,false,0
37949,0,0,77832600,135272950,57440350,0,0,95,false,0
37950,0,0,77832600,135278100,57445500,0,12,115,false,0
37951,0,0,77832600,135283250,57450650,0,11,114,false,0
37952,0,0,77832600,135287400,57454800,0,0,83,false,0
37953,0,0,77832600,135292550,57459950,0,5,108,false,0
37954,0,0,77832600,135297200,57464600,0,0,93,false,0
37955,0,0,77832600,135297200,57464600,0,94,94,true,0
37956,0,0,77832600,135301700,57469100,0,0,90,false,0
37957,0,0,77832600,135306800,57474200,0,0,102,false,0
37958,0,0,77832600,135311050,57478450,0,0,85,false,0
37959,0,0,77832600,135316200,57483600,0,0,103,false,0
37960,0,0,77939220,135321350,57382130,0,11,114,false,0
37961,0,0,77939220,135321350,57382130,0,94,94,true,0
37962,0,0,77939220,135325450,57386230,0,0,82,false,0
37963,0,0,77939220,135330550,57391330,0,0,102,false,0
37964,0,0,77939220,135334900,57395680,0,0,87,false,0
37965,0,0,77939220,135340050,57400830,0,0,103,false,0
37966,0,0,77939220,135340050,57400830,0,92,92,true,0
37967,0,0,77939220,135345050,57405830,0,0,100,false,0
37968,0,0,77939220,135350200,57410980,0,6,109,false,0
37969,0,0,77939220,135354800,57415580,0,0,92,false,0
37970,0,0,77939220,135359950,57420730,0,1,104,false,0
37971,0,0,77939220,135365100,57425880,0,8,111,false,0
37972,0,0,77939220,135369200,57429980,0,0,82,false,0
37973,0,0,77939220,135374350,57435130,0,14,117,false,0
37974,0,0,77939220,135379500,57440280,0,0,103,false,0
37975,0,0,77939220,135384550,57445330,0,0,101,false,0
37976,0,0,77939220,135384550,57445330,0,110,110,true,0
37977,0,0,77939220,135388750,57449530,0,0,84,false,0
37978,0,0,77939220,135393900,57454680,0,7,110,false,0
37979,0,0,77939220,135398950,57459730,0,0,101,false,0
37980,0,0,77939220,135403700,57464480,0,0,95,false,0
37981,0,0,77939220,135408100,57468880,0,0,88,false,0
37982,0,0,77939220,135412950,57473730,0,0,97,false,0
37983,0,0,77939220,135417700,57478480,0,0,95,false,0
37984,0,0,77939220,135422850,57483630,0,8,111,false,0
37985,0,0,77939220,135427450,57488230,0,0,92,false,0
37986,0,0,77939220,135432600,57493380,0,4,107,false,0
37987,0,0,77939220,135437750,57498530,0,36,139,false,0
37988,0,0,77939220,135442900,57503680,0,5,108,false,0
37989,0,0,77939220,135442900,57503680,0,89,89,true,0
37990,0,0,77939220,135448000,57508780,0,0,102,false,0
37991,0,0,77939220,135453150,57513930,0,2,105,false,0
37992,0,0,77939220,135457850,57518630,0,0,94,false,0
37993,0,0,77939220,135457850,57518630,0,109,109,true,0
37994,0,0,77939220,135457850,57518630,0,116,116,true,0
37995,0,0,77939220,135457850,57518630,0,70,70,true,0
37996,0,0,77939220,135457850,57518630,0,107,107,true,0
37997,0,0,77939220,135463000,57523780,0,10,113,false,0
37998,0,0,77939220,135467800,57528580,0,0,96,false,0
37999,0,0,77939220,135472900,57533680,0,0,102,false,0
38000,0,0,77939220,135478050,57538830,0,6,109,false,0
38001,0,0,77939220,135483200,57543980,0,10,113,false,0
38002,0,0,77939220,135488350,57549130,0,2,105,false,0
38003,0,0,77939220,135492900,57553680,0,0,91,false,0
38004,0,0,77939220,135492900,57553680,0,90,90,true,0
38005,0,0,77939220,135497900,57558680,0,0,100,false,0
38006,0,0,77939220,135503050,57563830,0,7,110,false,0
38007,0,0,77939220,135508200,57568980,0,2,105,false,0
38008,0,0,77939220,135513150,57573930,0,0,99,false,0
38009,0,0,77939220,135517650,57578430,0,0,90,false,0
38010,0,0,77939220,135522800,57583580,0,0,103,false,0
38011,0,0,77939220,135527950,57588730,0,8,111,false,0
38012,0,0,78045840,135532100,57486260,0,0,83,false,0
38013,0,0,78045840,135537250,57491410,0,10,113,false,0
38014,0,0,78045840,135542400,57496560,0,1,104,false,0
38015,0,0,78045840,135542400,57496560,0,97,97,true,0
38016,0,0,78045840,135547400,57501560,0,0,100,false,0
38017,0,0,78045840,135552550,57506710,0,5,108,false,0
38018,0,0,78045840,135557700,57511860,0,9,112,false,0
38019,0,0,78045840,135562750,57516910,0,0,101,false,0
38020,0,0,78045840,135562750,57516910,0,112,112,true,0
38021,0,0,78045840,135567900,57522060,0,4,107,false,0
38022,0,0,78045840,135573050,57527210,0,4,107,false,0
38023,0,0,78045840,135578100,57532260,0,0,101,false,0
38024,0,0,78045840,135583250,57537410,0,12,115,false,0
38025,0,0,78045840,135583250,57537410,0,83,83,true,0
38026,0,0,78045840,135587350,57541510,0,0,82,false,0
38027,0,0,78045840,135591950,57546110,0,0,92,false,0
38028,0,0,78045840,135597100,57551260,0,0,103,false,0
38029,0,0,78045840,135602250,57556410,0,1,104,false,0
38030,0,0,78045840,135602250,57556410,0,101,101,true,0
38031,0,0,78045840,135602250,57556410,0,107,107,true,0
38032,0,0,78045840,135606750,57560910,0,0,90,false,0
38033,0,0,78045840,135611000,57565160,0,0,85,false,0
38034,0,0,78045840,135611000,57565160,0,111,111,true,0
38035,0,0,78045840,135615650,57569810,0,0,93,false,0
38036,0,0,78045840,135620800,57574960,0,1,104,false,0
38037,0,0,78045840,135625500,57579660,0,0,94,false,0
38038,0,0,78045840,135630650,57584810,0,13,116,false,0
38039,0,0,78045840,135630650,57584810,0,86,86,true,0
38040,0,0,78045840,135634950,57589110,0,0,86,false,0
38041,0,0,78045840,135639750,57593910,0,0,96,false,0
38042,0,0,78045840,135644200,57598360,0,0,89,false,0
38043,0,0,78045840,135649350,57603510,0,5,108,false,0
38044,0,0,78045840,135654050,57608210,0,0,94,false,0
38045,0,0,78045840,135659200,57613360,0,1,104,false,0
38046,0,0,78045840,135664350,57618510,0,1,104,false,0
38047,0,0,78045840,135668250,57622410,0,0,78,false,0
38048,0,0,78045840,135668250,57622410,0,94,94,true,0
38049,0,0,78045840,135668250,57622410,0,102,102,true,0
38050,0,0,78045840,135673350,57627510,0,0,102,false,0
38051,0,0,78045840,135678500,57632660,0,2,105,false,0
38052,0,0,78045840,135683100,57637260,0,0,92,false,0
38053,0,0,78045840,135688000,57642160,0,0,98,false,0
38054,0,0,78045840,135692400,57646560,0,0,88,false,0
38055,0,0,78045840,135697550,57651710,0,8,111,false,0
38056,0,0,78045840,135697550,57651710,0,93,93,true,0
38057,0,0,78045840,135697550,57651710,0,93,93,true,0
38058,0,0,78045840,135697550,57651710,0,94,94,true,0
38059,0,0,78045840,135697550,57651710,0,94,94,true,0
38060,0,0,78045840,135702700,57656860,0,4,107,false,0
38061,0,0,78045840,135707850,57662010,0,15,118,false,0
38062,0,0,78045840,135711750,57665910,0,0,78,false,0
38063,0,0,78045840,135716250,57670410,0,0,90,false,0
38064,0,0,78152460,135716250,57563790,0,107,107,true,0
38065,0,0,78152460,135720600,57568140,0,0,87,false,0
38066,0,0,78152460,135725100,57572640,0,0,90,false,0
38067,0,0,78152460,135730250,57577790,0,3,106,false,0
38068,0,0,78152460,135735400,57582940,0,11,114,false,0
38069,0,0,78152460,135740550,57588090,0,1,104,false,0
38070,0,0,78152460,135740550,57588090,0,85,85,true,0
38071,0,0,78152460,135740550,57588090,0,75,75,true,0
38072,0,0,78152460,135740550,57588090,0,112,112,true,0
38073,0,0,78152460,135740550,57588090,0,97,97,true,0
38074,0,0,78152460,135745700,57593240,0,0,103,false,0
38075,0,0,78152460,135750400,57597940,0,0,94,false,0
38076,0,0,78152460,135750400,57597940,0,97,97,true,0
38077,0,0,78152460,135750400,57597940,0,95,95,true,0
38078,0,0,78152460,135750400,57597940,0,92,92,true,0
38079,0,0,78152460,135755550,57603090,0,13,116,false,0
38080,0,0,78152460,135760650,57608190,0,0,102,false,0
38081,0,0,78152460,135765800,57613340,0,8,111,false,0
38082,0,0,78152460,135770950,57618490,0,10,113,false,0
38083,0,0,78152460,135775750,57623290,0,0,96,false,0
38084,0,0,78152460,135780500,57628040,0,0,95,false,0
38085,0,0,78152460,135783850,57631390,0,0,67,false,0
38086,0,0,78152460,135788500,57636040,0,0,93,false,0
38087,0,0,78152460,135793200,57640740,0,0,94,false,0
38088,0,0,78152460,135798300,57645840,0,0,102,false,0
38089,0,0,78152460,135803450,57650990,0,10,113,false,0
38090,0,0,78152460,135808100,57655640,0,0,93,false,0
38091,0,0,78152460,135812900,57660440,0,0,96,false,0
38092,0,0,78152460,135812900,57660440,0,95,95,true,0
38093,0,0,78152460,135812900,57660440,0,105,105,true,0
38094,0,0,78152460,135812900,57660440,0,83,83,true,0
38095,0,0,78152460,135812900,57660440,0,84,84,true,0
38096,0,0,78152460,135812900,57660440,0,90,90,true,0
38097,0,0,78152460,135812900,57660440,0,105,105,true,0
38098,0,0,78152460,135812900,57660440,0,100,100,true,0
38099,0,0,78152460,135812900,57660440,0,92,92,true,0
38100,0,0,78152460,135812900,57660440,0,85,85,true,0
38101,0,0,78152460,135812900,57660440,0,88,88,true,0
38102,0,0,78152460,135817550,57665090,0,0,93,false,0
38103,0,0,78152460,135822300,57669840,0,0,95,false,0
38104,0,0,78152460,135827350,57674890,0,0,101,false,0
38105,0,0,78152460,135827350,57674890,0,97,97,true,0
38106,0,0,78152460,135827350,57674890,0,96,96,true,0
38107,0,0,78152460,135831850,57679390,0,0,90,false,0
38108,0,0,78152460,135836450,57683990,0,0,92,false,0
38109,0,0,78152460,135841150,57688690,0,0,94,false,0
38110,0,0,78152460,135846150,57693690,0,0,100,false,0
38111,0,0,78152460,135851100,57698640,0,0,99,false,0
38112,0,0,78152460,135856250,57703790,0,6,109,false,0
38113,0,0,78152460,135861100,57708640,0,0,97,false,0
38114,0,0,78152460,135866250,57713790,0,1,104,false,0
38115,0,0,78152460,135871400,57718940,0,15,118,false,0
38116,0,0,78259080,135871400,57612320,0,80,80,true,0
38117,0,0,78259080,135876050,57616970,0,0,93,false,0
38118,0,0,78259080,135881050,57621970,0,0,100,false,0
38119,0,0,78259080,135885400,57626320,0,0,87,false,0
38120,0,0,78259080,135890550,57631470,0,7,110,false,0
38121,0,0,78259080,135890550,57631470,0,105,105,true,0
38122,0,0,78259080,135890550,57631470,0,114,114,true,0
38123,0,0,78259080,135890550,57631470,0,108,108,true,0
38124,0,0,78259080,135895350,57636270,0,0,96,false,0
38125,0,0,78259080,135900500,57641420,0,8,111,false,0
38126,0,0,78259080,135905650,57646570,0,1,104,false,0
38127,0,0,78259080,135910800,57651720,0,4,107,false,0
38128,0,0,78259080,135914750,57655670,0,0,79,false,0
38129,0,0,78259080,135919550,57660470,0,0,96,false,0
38130,0,0,78259080,135924350,57665270,0,0,96,false,0
38131,0,0,78259080,135929500,57670420,0,0,103,false,0
38132,0,0,78259080,135934100,57675020,0,0,92,false,0
38133,0,0,78259080,135939150,57680070,0,0,101,false,0
38134,0,0,78259080,135944300,57685220,0,1,104,false,0
38135,0,0,78259080,135949350,57690270,0,0,101,false,0
38136,0,0,78259080,135954450,57695370,0,0,102,false,0
38137,0,0,78259080,135954450,57695370,0,102,102,true,0
38138,0,0,78259080,135954450,57695370,0,120,120,true,0
38139,0,0,78259080,135954450,57695370,0,101,101,true,0
38140,0,0,78259080,135954450,57695370,0,108,108,true,0
38141,0,0,78259080,135959600,57700520,0,9,112,false,0
38142,0,0,78259080,135964650,57705570,0,0,101,false,0
38143,0,0,78259080,135969800,57710720,0,9,112,false,0
38144,0,0,78259080,135969800,57710720,0,107,107,true,0
38145,0,0,78259080,135974400,57715320,0,0,92,false,0
38146,0,0,78259080,135979050,57719970,0,0,93,false,0
38147,0,0,78259080,135983300,57724220,0,0,85,false,0
38148,0,0,78259080,135988450,57729370,0,4,107,false,0
38149,0,0,78259080,135993600,57734520,0,6,109,false,0
38150,0,0,78259080,135998050,57738970,0,0,89,false,0
38151,0,0,78259080,136002550,57743470,0,0,90,false,0
38152,0,0,78259080,136007700,57748620,0,4,107,false,0
38153,0,0,78259080,136012500,57753420,0,0,96,false,0
38154,0,0,78259080,136012500,57753420,0,100,100,true,0
38155,0,0,78259080,136017050,57757970,0,0,91,false,0
38156,0,0,78259080,136022200,57763120,0,2,105,false,0
38157,0,0,78259080,136026100,57767020,0,0,78,false,0
38158,0,0,78259080,136030850,57771770,0,0,95,false,0
38159,0,0,78259080,136035600,57776520,0,0,95,false,0
38160,0,0,78259080,136040550,57781470,0,0,99,false,0
38161,0,0,78259080,136045700,57786620,0,10,113,false,0
38162,0,0,78259080,136050850,57791770,0,5,108,false,0
38163,0,0,78259080,136050850,57791770,0,102,102,true,0
38164,0,0,78259080,136050850,57791770,0,96,96,true,0
38165,0,0,78259080,136050850,57791770,0,130,130,true,0
38166,0,0,78259080,136055800,57796720,0,0,99,false,0
38167,0,0,78259080,136060900,57801820,0,0,102,false,0
38168,0,0,78365700,136060900,57695200,0,93,93,true,0
38169,0,0,78365700,136060900,57695200,0,90,90,true,0
38170,0,0,78365700,136060900,57695200,0,113,113,true,0
38171,0,0,78365700,136060900,57695200,0,98,98,true,0
38172,0,0,78365700,136066050,57700350,0,19,122,false,0
38173,0,0,78365700,136070950,57705250,0,0,98,false,0
38174,0,0,78365700,136075850,57710150,0,0,98,false,0
38175,0,0,78365700,136080400,57714700,0,0,91,false,0
38176,0,0,78365700,136085050,57719350,0,0,93,false,0
38177,0,0,78365700,136090200,57724500,0,13,116,false,0
38178,0,0,78365700,136094700,57729000,0,0,90,false,0
38179,0,0,78365700,136099600,57733900,0,0,98,false,0
38180,0,0,78365700,136099600,57733900,0,118,118,true,0
38181,0,0,78365700,136104250,57738550,0,0,93,false,0
38182,0,0,78365700,136109400,57743700,0,7,110,false,0
38183,0,0,78365700,136114550,57748850,0,1,104,false,0
38184,0,0,78365700,136118950,57753250,0,0,88,false,0
38185,0,0,78365700,136122950,57757250,0,0,80,false,0
38186,0,0,78365700,136128050,57762350,0,0,102,false,0
38187,0,0,78365700,136132800,57767100,0,0,95,false,0
38188,0,0,78365700,136137850,57772150,0,0,101,false,0
38189,0,0,78365700,136143000,57777300,0,0,103,false,0
38190,0,0,78365700,136148150,57782450,0,11,114,false,0
38191,0,0,78365700,136153300,57787600,0,14,117,false,0
38192,0,0,78365700,136158450,57792750,0,4,107,false,0
38193,0,0,78365700,136163400,57797700,0,0,99,false,0
38194,0,0,78365700,136168550,57802850,0,19,122,false,0
38195,0,0,78365700,136173700,57808000,0,8,111,false,0
38196,0,0,78365700,136178350,57812650,0,0,93,false,0
38197,0,0,78365700,136183000,57817300,0,0,93,false,0
38198,0,0,78365700,136188000,57822300,0,0,100,false,0
38199,0,0,78365700,136193150,57827450,0,4,107,false,0
38200,0,0,78365700,136198300,57832600,0,10,113,false,0
38201,0,0,78365700,136202600,57836900,0,0,86,false,0
38202,0,0,78365700,136207750,57842050,0,5,108,false,0
38203,0,0,78365700,136212900,57847200,0,0,103,false,0
38204,0,0,78365700,136217150,57851450,0,0,85,false,0
38205,0,0,78365700,136222300,57856600,0,4,107,false,0
38206,0,0,78365700,136227450,57861750,0,0,103,false,0
38207,0,0,78365700,136227450,57861750,0,108,108,true,0
38208,0,0,78365700,136231950,57866250,0,0,90,false,0
38209,0,0,78365700,136236750,57871050,0,0,96,false,0
38210,0,0,78365700,136236750,57871050,0,86,86,true,0
38211,0,0,78365700,136236750,57871050,0,87,87,true,0
38212,0,0,78365700,136241900,57876200,0,0,103,false,0
38213,0,0,78365700,136246250,57880550,0,0,87,false,0
38214,0,0,78365700,136246250,57880550,0,111,111,true,0
38215,0,0,78365700,136246250,57880550,0,101,101,true,0
38216,0,0,78365700,136251400,57885700,0,9,112,false,0
38217,0,0,78365700,136256550,57890850,0,12,115,false,0
38218,0,0,78365700,136261700,57896000,0,15,118,false,0
38219,0,0,78365700,136266600,57900900,0,0,98,false,0
38220,0,0,78472320,136266600,57794280,0,112,112,true,0
38221,0,0,78472320,136266600,57794280,0,100,100,true,0
38222,0,0,78472320,136266600,57794280,0,97,97,true,0
38223,0,0,78472320,136271350,57799030,0,0,95,false,0
38224,0,0,78472320,136276250,57803930,0,0,98,false,0
38225,0,0,78472320,136281100,57808780,0,0,97,false,0
38226,0,0,78472320,136286200,57813880,0,0,102,false,0
38227,0,0,78472320,136290750,57818430,0,0,91,false,0
38228,0,0,78472320,136295750,57823430,0,0,100,false,0
38229,0,0,78472320,136299650,57827330,0,0,78,false,0
38230,0,0,78472320,136304650,57832330,0,0,100,false,0
38231,0,0,78472320,136309600,57837280,0,0,99,false,0
38232,0,0,78472320,136314050,57841730,0,0,89,false,0
38233,0,0,78472320,136319200,57846880,0,11,114,false,0
38234,0,0,78472320,136323450,57851130,0,0,85,false,0
38235,0,0,78472320,136327500,57855180,0,0,81,false,0
38236,0,0,78472320,136332600,57860280,0,0,102,false,0
38237,0,0,78472320,136337750,57865430,0,7,110,false,0
38238,0,0,78472320,136342900,57870580,0,4,107,false,0
38239,0,0,78472320,136342900,57870580,0,105,105,true,0
38240,0,0,78472320,136342900,57870580,0,110,110,true,0
38241,0,0,78472320,136342900,57870580,0,89,89,true,0
38242,0,0,78472320,136347950,57875630,0,0,101,false,0
38243,0,0,78472320,136353000,57880680,0,0,101,false,0
38244,0,0,78472320,136358050,57885730,0,0,101,false,0
38245,0,0,78472320,136363200,57890880,0,6,109,false,0
38246,0,0,78472320,136367550,57895230,0,0,87,false,0
38247,0,0,78472320,136372700,57900380,0,2,105,false,0
38248,0,0,78472320,136377850,57905530,0,0,103,false,0
38249,0,0,78472320,136377850,57905530,0,104,104,true,0
38250,0,0,78472320,136377850,57905530,0,115,115,true,0
38251,0,0,78472320,136377850,57905530,0,83,83,true,0
38252,0,0,78472320,136377850,57905530,0,113,113,true,0
38253,0,0,78472320,136377850,57905530,0,92,92,true,0
38254,0,0,78472320,136377850,57905530,0,106,106,true,0
38255,0,0,78472320,136377850,57905530,0,99,99,true,0
38256,0,0,78472320,136377850,57905530,0,107,107,true,0
38257,0,0,78472320,136377850,57905530,0,87,87,true,0
38258,0,0,78472320,136377850,57905530,0,100,100,true,0
38259,0,0,78472320,136382700,57910380,0,0,97,false,0
38260,0,0,78472320,136387200,57914880,0,0,90,false,0
38261,0,0,78472320,136392300,57919980,0,0,102,false,0
38262,0,0,78472320,136397450,57925130,0,6,109,false,0
38263,0,0,78472320,136402250,57929930,0,0,96,false,0
38264,0,0,78472320,136407200,57934880,0,0,99,false,0
38265,0,0,78472320,136412150,57939830,0,0,99,false,0
38266,0,0,78472320,136416650,57944330,0,0,90,false,0
38267,0,0,78472320,136421800,57949480,0,14,117,false,0
38268,0,0,78472320,136426850,57954530,0,0,101,false,0
38269,0,0,78472320,136432000,57959680,0,0,103,false,0
38270,0,0,78472320,136437150,57964830,0,6,109,false,0
38271,0,0,78472320,136437150,57964830,0,100,100,true,0
38272,0,0,78578940,136441700,57862760,0,0,91,false,0
38273,0,0,78578940,136446300,57867360,0,0,92,false,0
38274,0,0,78578940,136450800,57871860,0,0,90,false,0
38275,0,0,78578940,136450800,57871860,0,111,111,true,0
38276,0,0,78578940,136450800,57871860,0,92,92,true,0
38277,0,0,78578940,136450800,57871860,0,92,92,true,0
38278,0,0,78578940,136450800,57871860,0,103,103,true,0
38279,0,0,78578940,136450800,57871860,0,93,93,true,0
38280,0,0,78578940,136455950,57877010,0,0,103,false,0
38281,0,0,78578940,136461050,57882110,0,0,102,false,0
38282,0,0,78578940,136466200,57887260,0,7,110,false,0
38283,0,0,78578940,136470400,57891460,0,0,84,false,0
38284,0,0,78578940,136475550,57896610,0,3,106,false,0
38285,0,0,78578940,136475550,57896610,0,82,82,true,0
38286,0,0,78578940,136479850,57900910,0,0,86,false,0
38287,0,0,78578940,136485000,57906060,0,10,113,false,0
38288,0,0,78578940,136490150,57911210,0,10,113,false,0
38289,0,0,78578940,136490150,57911210,0,107,107,true,0
38290,0,0,78578940,136490150,57911210,0,95,95,true,0
38291,0,0,78578940,136490150,57911210,0,103,103,true,0
38292,0,0,78578940,136490150,57911210,0,101,101,true,0
38293,0,0,78578940,136495000,57916060,0,0,97,false,0
38294,0,0,78578940,136499850,57920910,0,0,97,false,0
38295,0,0,78578940,136505000,57926060,0,0,103,false,0
38296,0,0,78578940,136510150,57931210,0,25,128,false,0
38297,0,0,78578940,136515300,57936360,0,2,105,false,0
38298,0,0,78578940,136520450,57941510,0,7,110,false,0
38299,0,0,78578940,136524950,57946010,0,0,90,false,0
38300,0,0,78578940,136529300,57950360,0,0,87,false,0
38301,0,0,78578940,136533700,57954760,0,0,88,false,0
38302,0,0,78578940,136538700,57959760,0,0,100,false,0
38303,0,0,78578940,136542950,57964010,0,0,85,false,0
38304,0,0,78578940,136547950,57969010,0,0,100,false,0
38305,0,0,78578940,136553100,57974160,0,8,111,false,0
38306,0,0,78578940,136558250,57979310,0,8,111,false,0
38307,0,0,78578940,136563400,57984460,0,4,107,false,0
38308,0,0,78578940,136568500,57989560,0,0,102,false,0
38309,0,0,78578940,136572850,57993910,0,0,87,false,0
38310,0,0,78578940,136577350,57998410,0,0,90,false,0
38311,0,0,78578940,136582500,58003560,0,9,112,false,0
38312,0,0,78578940,136587250,58008310,0,0,95,false,0
38313,0,0,78578940,136587250,58008310,0,103,103,true,0
38314,0,0,78578940,136587250,58008310,0,76,76,true,0
38315,0,0,78578940,136592300,58013360,0,0,101,false,0
38316,0,0,78578940,136596800,58017860,0,0,90,false,0
38317,0,0,78578940,136601950,58023010,0,4,107,false,0
38318,0,0,78578940,136607100,58028160,0,2,105,false,0
38319,0,0,78578940,136607100,58028160,0,104,104,true,0
38320,0,0,78578940,136611800,58032860,0,0,94,false,0
38321,0,0,78578940,136616100,58037160,0,0,86,false,0
38322,0,0,78578940,136619650,58040710,0,0,71,false,0
38323,0,0,78578940,136624650,58045710,0,0,100,false,0
38324,0,0,78685560,136629800,57944240,0,9,112,false,0
38325,0,0,78685560,136634450,57948890,0,0,93,false,0
38326,0,0,78685560,136639450,57953890,0,0,100,false,0
38327,0,0,78685560,136639450,57953890,0,111,111,true,0
38328,0,0,78685560,136639450,57953890,0,92,92,true,0
38329,0,0,78685560,136643600,57958040,0,0,83,false,0
38330,0,0,78685560,136647600,57962040,0,0,80,false,0
38331,0,0,78685560,136652700,57967140,0,0,102,false,0
38332,0,0,78685560,136652700,57967140,0,118,118,true,0
38333,0,0,78685560,136657150,57971590,0,0,89,false,0
38334,0,0,78685560,136661950,57976390,0,0,96,false,0
38335,0,0,78685560,136667000,57981440,0,0,101,false,0
38336,0,0,78685560,136672150,57986590,0,4,107,false,0
38337,0,0,78685560,136677000,57991440,0,0,97,false,0
38338,0,0,78685560,136682150,57996590,0,1,104,false,0
38339,0,0,78685560,136686100,58000540,0,0,79,false,0
38340,0,0,78685560,136691250,58005690,0,4,107,false,0
38341,0,0,78685560,136695850,58010290,0,0,92,false,0
38342,0,0,78685560,136701000,58015440,0,4,107,false,0
38343,0,0,78685560,136701000,58015440,0,90,90,true,0
38344,0,0,78685560,136705950,58020390,0,0,99,false,0
38345,0,0,78685560,136710550,58024990,0,0,92,false,0
38346,0,0,78685560,136714650,58029090,0,0,82,false,0
38347,0,0,78685560,136719800,58034240,0,4,107,false,0
38348,0,0,78685560,136724950,58039390,0,5,108,false,0
38349,0,0,78685560,136730100,58044540,0,1,104,false,0
38350,0,0,78685560,136735150,58049590,0,0,101,false,0
38351,0,0,78685560,136740000,58054440,0,0,97,false,0
38352,0,0,78685560,136745000,58059440,0,0,100,false,0
38353,0,0,78685560,136750150,58064590,0,17,120,false,0
38354,0,0,78685560,136754750,58069190,0,0,92,false,0
38355,0,0,78685560,136754750,58069190,0,95,95,true,0
38356,0,0,78685560,136759150,58073590,0,0,88,false,0
38357,0,0,78685560,136763750,58078190,0,0,92,false,0
38358,0,0,78685560,136768700,58083140,0,0,99,false,0
38359,0,0,78685560,136773800,58088240,0,0,102,false,0
38360,0,0,78685560,136778950,58093390,0,16,119,false,0
38361,0,0,78685560,136783450,58097890,0,0,90,false,0
38362,0,0,78685560,136783450,58097890,0,99,99,true,0
38363,0,0,78685560,136788600,58103040,0,1,104,false,0
38364,0,0,78685560,136792500,58106940,0,0,78,false,0
38365,0,0,78685560,136797650,58112090,0,6,109,false,0
38366,0,0,78685560,136802050,58116490,0,0,88,false,0
38367,0,0,78685560,136806800,58121240,0,0,95,false,0
38368,0,0,78685560,136811550,58125990,0,0,95,false,0
38369,0,0,78685560,136816050,58130490,0,0,90,false,0
38370,0,0,78685560,136820650,58135090,0,0,92,false,0
38371,0,0,78685560,136825600,58140040,0,0,99,false,0
38372,0,0,78685560,136825600,58140040,0,92,92,true,0
38373,0,0,78685560,136830750,58145190,0,1,104,false,0
38374,0,0,78685560,136835400,58149840,0,0,93,false,0
38375,0,0,78685560,136840550,58154990,0,0,103,false,0
38376,0,0,78792180,136845700,58053520,0,4,107,false,0
38377,0,0,78792180,136850850,58058670,0,10,113,false,0
38378,0,0,78792180,136856000,58063820,0,3,106,false,0
38379,0,0,78792180,136860750,58068570,0,0,95,false,0
38380,0,0,78792180,136865150,58072970,0,0,88,false,0
38381,0,0,78792180,136870300,58078120,0,11,114,false,0
38382,0,0,78792180,136875200,58083020,0,0,98,false,0
38383,0,0,78792180,136875200,58083020,0,106,106,true,0
38384,0,0,78792180,136875200,58083020,0,121,121,true,0
38385,0,0,78792180,136875200,58083020,0,102,102,true,0
38386,0,0,78792180,136875200,58083020,0,81,81,true,0
38387,0,0,78792180,136875200,58083020,0,97,97,true,0
38388,0,0,78792180,136875200,58083020,0,95,95,true,0
38389,0,0,78792180,136875200,58083020,0,103,103,true,0
38390,0,0,78792180,136880350,58088170,0,4,107,false,0
38391,0,0,78792180,136884950,58092770,0,0,92,false,0
38392,0,0,78792180,136890100,58097920,0,9,112,false,0
38393,0,0,78792180,136895250,58103070,0,7,110,false,0
38394,0,0,78792180,136899900,58107720,0,0,93,false,0
38395,0,0,78792180,136905050,58112870,0,0,103,false,0
38396,0,0,78792180,136910200,58118020,0,4,107,false,0
38397,0,0,78792180,136915350,58123170,0,23,126,false,0
38398,0,0,78792180,136920500,58128320,0,4,107,false,0
38399,0,0,78792180,136925650,58133470,0,0,103,false,0
38400,0,0,78792180,136929850,58137670,0,0,84,false,0
38401,0,0,78792180,136935000,58142820,0,11,114,false,0
38402,0,0,78792180,136940100,58147920,0,0,102,false,0
38403,0,0,78792180,136945150,58152970,0,0,101,false,0
38404,0,0,78792180,136945150,58152970,0,100,100,true,0
38405,0,0,78792180,136945150,58152970,0,101,101,true,0
38406,0,0,78792180,136945150,58152970,0,100,100,true,0
38407,0,0,78792180,136945150,58152970,0,104,104,true,0
38408,0,0,78792180,136945150,58152970,0,92,92,true,0
38409,0,0,78792180,136945150,58152970,0,112,112,true,0
38410,0,0,78792180,136949850,58157670,0,0,94,false,0
38411,0,0,78792180,136955000,58162820,0,1,104,false,0
38412,0,0,78792180,136955000,58162820,0,100,100,true,0
38413,0,0,78792180,136955000,58162820,0,104,104,true,0
38414,0,0,78792180,136960150,58167970,0,8,111,false,0
38415,0,0,78792180,136965300,58173120,0,10,113,false,0
38416,0,0,78792180,136970450,58178270,0,2,105,false,0
38417,0,0,78792180,136975000,58182820,0,0,91,false,0
38418,0,0,78792180,136979800,58187620,0,0,96,false,0
38419,0,0,78792180,136984950,58192770,0,4,107,false,0
38420,0,0,78792180,136989600,58197420,0,0,93,false,0
38421,0,0,78792180,136989600,58197420,0,80,80,true,0
38422,0,0,78792180,136989600,58197420,0,92,92,true,0
38423,0,0,78792180,136994750,58202570,0,4,107,false,0
38424,0,0,78792180,136998500,58206320,0,0,75,false,0
38425,0,0,78792180,137003450,58211270,0,0,99,false,0
38426,0,0,78792180,137007400,58215220,0,0,79,false,0
38427,0,0,78792180,137011950,58219770,0,0,91,false,0
38428,0,0,78898800,137011950,58113150,0,88,88,true,0
38429,0,0,78898800,137017100,58118300,0,11,114,false,0
38430,0,0,78898800,137021600,58122800,0,0,90,false,0
38431,0,0,78898800,137026750,58127950,0,4,107,false,0
38432,0,0,78898800,137031850,58133050,0,0,102,false,0
38433,0,0,78898800,137035850,58137050,0,0,80,false,0
38434,0,0,78898800,137041000,58142200,0,17,120,false,0
38435,0,0,78898800,137045600,58146800,0,0,92,false,0
38436,0,0,78898800,137050450,58151650,0,0,97,false,0
38437,0,0,78898800,137054750,58155950,0,0,86,false,0
38438,0,0,78898800,137059900,58161100,0,13,116,false,0
38439,0,0,78898800,137064300,58165500,0,0,88,false,0
38440,0,0,78898800,137064300,58165500,0,105,105,true,0
38441,0,0,78898800,137069050,58170250,0,0,95,false,0
38442,0,0,78898800,137073800,58175000,0,0,95,false,0
38443,0,0,78898800,137078650,58179850,0,0,97,false,0
38444,0,0,78898800,137083300,58184500,0,0,93,false,0
38445,0,0,78898800,137088450,58189650,0,8,111,false,0
38446,0,0,78898800,137093250,58194450,0,0,96,false,0
38447,0,0,78898800,137098150,58199350,0,0,98,false,0
38448,0,0,78898800,137102850,58204050,0,0,94,false,0
38449,0,0,78898800,137107800,58209000,0,0,99,false,0
38450,0,0,78898800,137112750,58213950,0,0,99,false,0
38451,0,0,78898800,137117200,58218400,0,0,89,false,0
38452,0,0,78898800,137122350,58223550,0,8,111,false,0
38453,0,0,78898800,137127450,58228650,0,0,102,false,0
38454,0,0,78898800,137131750,58232950,0,0,86,false,0
38455,0,0,78898800,137136350,58237550,0,0,92,false,0
38456,0,0,78898800,137141100,58242300,0,0,95,false,0
38457,0,0,78898800,137146000,58247200,0,0,98,false,0
38458,0,0,78898800,137151150,58252350,0,9,112,false,0
38459,0,0,78898800,137155700,58256900,0,0,91,false,0
38460,0,0,78898800,137160650,58261850,0,0,99,false,0
38461,0,0,78898800,137160650,58261850,0,107,107,true,0
38462,0,0,78898800,137165400,58266600,0,0,95,false,0
38463,0,0,78898800,137170550,58271750,0,4,107,false,0
38464,0,0,78898800,137174750,58275950,0,0,84,false,0
38465,0,0,78898800,137179650,58280850,0,0,98,false,0
38466,0,0,78898800,137183950,58285150,0,0,86,false,0
38467,0,0,78898800,137189050,58290250,0,0,102,false,0
38468,0,0,78898800,137194200,58295400,0,12,115,false,0
38469,0,0,78898800,137199350,58300550,0,21,124,false,0
38470,0,0,78898800,137204500,58305700,0,11,114,false,0
38471,0,0,78898800,137204500,58305700,0,90,90,true,0
38472,0,0,78898800,137204500,58305700,0,92,92,true,0
38473,0,0,78898800,137204500,58305700,0,93,93,true,0
38474,0,0,78898800,137204500,58305700,0,112,112,true,0
38475,0,0,78898800,137204500,58305700,0,105,105,true,0
38476,0,0,78898800,137209600,58310800,0,0,102,false,0
38477,0,0,78898800,137214150,58315350,0,0,91,false,0
38478,0,0,78898800,137219050,58320250,0,0,98,false,0
38479,0,0,78898800,137223850,58325050,0,0,96,false,0
38480,0,0,79005420,137223850,58218430,0,99,99,true,0
38481,0,0,79005420,137223850,58218430,0,117,117,true,0
38482,0,0,79005420,137229000,58223580,0,7,110,false,0
38483,0,0,79005420,137234150,58228730,0,1,104,false,0
38484,0,0,79005420,137238400,58232980,0,0,85,false,0
38485,0,0,79005420,137243250,58237830,0,0,97,false,0
38486,0,0,79005420,137243250,58237830,0,85,85,true,0
38487,0,0,79005420,137243250,58237830,0,87,87,true,0
38488,0,0,79005420,137243250,58237830,0,95,95,true,0
38489,0,0,79005420,137248250,58242830,0,0,100,false,0
38490,0,0,79005420,137253400,58247980,0,18,121,false,0
38491,0,0,79005420,137258350,58252930,0,0,99,false,0
38492,0,0,79005420,137263500,58258080,0,7,110,false,0
38493,0,0,79005420,137268650,58263230,0,1,104,false,0
38494,0,0,79005420,137273150,58267730,0,0,90,false,0
38495,0,0,79005420,137278300,58272880,0,4,107,false,0
38496,0,0,79005420,137283450,58278030,0,6,109,false,0
38497,0,0,79005420,137283450,58278030,0,87,87,true,0
38498,0,0,79005420,137283450,58278030,0,102,102,true,0
38499,0,0,79005420,137283450,58278030,0,97,97,true,0
38500,0,0,79005420,137283450,58278030,0,105,105,true,0
38501,0,0,79005420,137283450,58278030,0,109,109,true,0
38502,0,0,79005420,137288600,58283180,0,2,105,false,0
38503,0,0,79005420,137293650,58288230,0,0,101,false,0
38504,0,0,79005420,137298650,58293230,0,0,100,false,0
38505,0,0,79005420,137303800,58298380,0,5,108,false,0
38506,0,0,79005420,137308100,58302680,0,0,86,false,0
38507,0,0,79005420,137308100,58302680,0,95,95,true,0
38508,0,0,79005420,137308100,58302680,0,96,96,true,0
38509,0,0,79005420,137312250,58306830,0,0,83,false,0
38510,0,0,79005420,137316750,58311330,0,0,90,false,0
38511,0,0,79005420,137321900,58316480,0,5,108,false,0
38512,0,0,79005420,137327050,58321630,0,10,113,false,0
38513,0,0,79005420,137332200,58326780,0,5,108,false,0
38514,0,0,79005420,137337050,58331630,0,0,97,false,0
38515,0,0,79005420,137342200,58336780,0,2,105,false,0
38516,0,0,79005420,137346950,58341530,0,0,95,false,0
38517,0,0,79005420,137351550,58346130,0,0,92,false,0
38518,0,0,79005420,137356700,58351280,0,1,104,false,0
38519,0,0,79005420,137360900,58355480,0,0,84,false,0
38520,0,0,79005420,137366050,58360630,0,5,108,false,0
38521,0,0,79005420,137370900,58365480,0,0,97,false,0
38522,0,0,79005420,137376000,58370580,0,0,102,false,0
38523,0,0,79005420,137381150,58375730,0,2,105,false,0
38524,0,0,79005420,137386050,58380630,0,0,98,false,0
38525,0,0,79005420,137391150,58385730,0,0,102,false,0
38526,0,0,79005420,137391150,58385730,0,106,106,true,0
38527,0,0,79005420,137396000,58390580,0,0,97,false,0
38528,0,0,79005420,137400950,58395530,0,0,99,false,0
38529,0,0,79005420,137405050,58399630,0,0,82,false,0
38530,0,0,79005420,137410200,58404780,0,18,121,false,0
38531,0,0,79005420,137415300,58409880,0,0,102,false,0
38532,0,0,79112040,137419900,58307860,0,0,92,false,0
38533,0,0,79112040,137424700,58312660,0,0,96,false,0
38534,0,0,79112040,137429650,58317610,0,0,99,false,0
38535,0,0,79112040,137434800,58322760,0,7,110,false,0
38536,0,0,79112040,137434800,58322760,0,95,95,true,0
38537,0,0,79112040,137434800,58322760,0,105,105,true,0
38538,0,0,79112040,137439800,58327760,0,0,100,false,0
38539,0,0,79112040,137444500,58332460,0,0,94,false,0
38540,0,0,79112040,137444500,58332460,0,116,116,true,0
38541,0,0,79112040,137444500,58332460,0,93,93,true,0
38542,0,0,79112040,137444500,58332460,0,93,93,true,0
38543,0,0,79112040,137444500,58332460,0,97,97,true,0
38544,0,0,79112040,137444500,58332460,0,119,119,true,0
38545,0,0,79112040,137449200,58337160,0,0,94,false,0
38546,0,0,79112040,137453500,58341460,0,0,86,false,0
38547,0,0,79112040,137458650,58346610,0,12,115,false,0
38548,0,0,79112040,137463800,58351760,0,1,104,false,0
38549,0,0,79112040,137468950,58356910,0,4,107,false,0
38550,0,0,79112040,137473300,58361260,0,0,87,false,0
38551,0,0,79112040,137478450,58366410,0,24,127,false,0
38552,0,0,79112040,137478450,58366410,0,113,113,true,0
38553,0,0,79112040,137478450,58366410,0,104,104,true,0
38554,0,0,79112040,137478450,58366410,0,90,90,true,0
38555,0,0,79112040,137478450,58366410,0,98,98,true,0
38556,0,0,79112040,137478450,58366410,0,111,111,true,0
38557,0,0,79112040,137483450,58371410,0,0,100,false,0
38558,0,0,79112040,137488500,58376460,0,0,101,false,0
38559,0,0,79112040,137493400,58381360,0,0,98,false,0
38560,0,0,79112040,137493400,58381360,0,94,94,true,0
38561,0,0,79112040,137498550,58386510,0,5,108,false,0
38562,0,0,79112040,137502900,58390860,0,0,87,false,0
38563,0,0,79112040,137502900,58390860,0,109,109,true,0
38564,0,0,79112040,137506800,58394760,0,0,78,false,0
38565,0,0,79112040,137511950,58399910,0,11,114,false,0
38566,0,0,79112040,137515950,58403910,0,0,80,false,0
38567,0,0,79112040,137520300,58408260,0,0,87,false,0
38568,0,0,79112040,137525450,58413410,0,8,111,false,0
38569,0,0,79112040,137530450,58418410,0,0,100,false,0
38570,0,0,79112040,137530450,58418410,0,97,97,true,0
38571,0,0,79112040,137530450,58418410,0,98,98,true,0
38572,0,0,79112040,137530450,58418410,0,85,85,true,0
38573,0,0,79112040,137530450,58418410,0,81,81,true,0
38574,0,0,79112040,137534550,58422510,0,0,82,false,0
38575,0,0,79112040,137539350,58427310,0,0,96,false,0
38576,0,0,79112040,137544400,58432360,0,0,101,false,0
38577,0,0,79112040,137549550,58437510,0,8,111,false,0
38578,0,0,79112040,137553950,58441910,0,0,88,false,0
38579,0,0,79112040,137557700,58445660,0,0,75,false,0
38580,0,0,79112040,137557700,58445660,0,93,93,true,0
38581,0,0,79112040,137562750,58450710,0,0,101,false,0
38582,0,0,79112040,137567550,58455510,0,0,96,false,0
38583,0,0,79112040,137571900,58459860,0,0,87,false,0
38584,0,0,79218660,137577050,58358390,0,5,108,false,0
38585,0,0,79218660,137582200,58363540,0,11,114,false,0
38586,0,0,79218660,137587050,58368390,0,0,97,false,0
38587,0,0,79218660,137592200,58373540,0,10,113,false,0
38588,0,0,79218660,137596550,58377890,0,0,87,false,0
38589,0,0,79218660,137601200,58382540,0,0,93,false,0
38590,0,0,79218660,137601200,58382540,0,111,111,true,0
38591,0,0,79218660,137601200,58382540,0,106,106,true,0
38592,0,0,79218660,137606350,58387690,0,3,106,false,0
38593,0,0,79218660,137611500,58392840,0,4,107,false,0
38594,0,0,79218660,137616650,58397990,0,8,111,false,0
38595,0,0,79218660,137616650,58397990,0,102,102,true,0
38596,0,0,79218660,137616650,58397990,0,101,101,true,0
38597,0,0,79218660,137621800,58403140,0,6,109,false,0
38598,0,0,79218660,137626550,58407890,0,0,95,false,0
38599,0,0,79218660,137631300,58412640,0,0,95,false,0
38600,0,0,79218660,137635650,58416990,0,0,87,false,0
38601,0,0,79218660,137640500,58421840,0,0,97,false,0
38602,0,0,79218660,137645400,58426740,0,0,98,false,0
38603,0,0,79218660,137649400,58430740,0,0,80,false,0
38604,0,0,79218660,137654100,58435440,0,0,94,false,0
38605,0,0,79218660,137659000,58440340,0,0,98,false,0
38606,0,0,79218660,137663150,58444490,0,0,83,false,0
38607,0,0,79218660,137668300,58449640,0,0,103,false,0
38608,0,0,79218660,137672850,58454190,0,0,91,false,0
38609,0,0,79218660,137678000,58459340,0,0,103,false,0
38610,0,0,79218660,137678000,58459340,0,86,86,true,0
38611,0,0,79218660,137678000,58459340,0,71,71,true,0
38612,0,0,79218660,137678000,58459340,0,103,103,true,0
38613,0,0,79218660,137678000,58459340,0,97,97,true,0
38614,0,0,79218660,137683150,58464490,0,15,118,false,0
38615,0,0,79218660,137688200,58469540,0,0,101,false,0
38616,0,0,79218660,137693350,58474690,0,3,106,false,0
38617,0,0,79218660,137693350,58474690,0,93,93,true,0
38618,0,0,79218660,137693350,58474690,0,90,90,true,0
38619,0,0,79218660,137698100,58479440,0,0,95,false,0
38620,0,0,79218660,137703250,58484590,0,6,109,false,0
38621,0,0,79218660,137708400,58489740,0,10,113,false,0
38622,0,0,79218660,137713550,58494890,0,0,103,false,0
38623,0,0,79218660,137718450,58499790,0,0,98,false,0
38624,0,0,79218660,137723000,58504340,0,0,91,false,0
38625,0,0,79218660,137727550,58508890,0,0,91,false,0
38626,0,0,79218660,137732700,58514040,0,0,103,false,0
38627,0,0,79218660,137737650,58518990,0,0,99,false,0
38628,0,0,79218660,137742800,58524140,0,17,120,false,0
38629,0,0,79218660,137742800,58524140,0,105,105,true,0
38630,0,0,79218660,137747950,58529290,0,15,118,false,0
38631,0,0,79218660,137752900,58534240,0,0,99,false,0
38632,0,0,79218660,137758050,58539390,0,15,118,false,0
38633,0,0,79218660,137758050,58539390,0,91,91,true,0
38634,0,0,79218660,137758050,58539390,0,102,102,true,0
38635,0,0,79218660,137762900,58544240,0,0,97,false,0
38636,0,0,79325280,137767150,58441870,0,0,85,false,0
38637,0,0,79325280,137772250,58446970,0,0,102,false,0
38638,0,0,79325280,137777000,58451720,0,0,95,false,0
38639,0,0,79325280,137781200,58455920,0,0,84,false,0
38640,0,0,79325280,137786250,58460970,0,0,101,false,0
38641,0,0,79325280,137786250,58460970,0,120,120,true,0
38642,0,0,79325280,137786250,58460970,0,73,73,true,0
38643,0,0,79325280,137791300,58466020,0,0,101,false,0
38644,0,0,79325280,137795750,58470470,0,0,89,false,0
38645,0,0,79325280,137800600,58475320,0,0,97,false,0
38646,0,0,79325280,137805600,58480320,0,0,100,false,0
38647,0,0,79325280,137810750,58485470,0,6,109,false,0
38648,0,0,79325280,137815900,58490620,0,12,115,false,0
38649,0,0,79325280,137820300,58495020,0,0,88,false,0
38650,0,0,79325280,137825450,58500170,0,9,112,false,0
38651,0,0,79325280,137825450,58500170,0,116,116,true,0
38652,0,0,79325280,137829850,58504570,0,0,88,false,0
38653,0,0,79325280,137835000,58509720,0,6,109,false,0
38654,0,0,79325280,137839600,58514320,0,0,92,false,0
38655,0,0,79325280,137844050,58518770,0,0,89,false,0
38656,0,0,79325280,137848000,58522720,0,0,79,false,0
38657,0,0,79325280,137852950,58527670,0,0,99,false,0
38658,0,0,79325280,137857300,58532020,0,0,87,false,0
38659,0,0,79325280,137862300,58537020,0,0,100,false,0
38660,0,0,79325280,137867450,58542170,0,4,107,false,0
38661,0,0,79325280,137872350,58547070,0,0,98,false,0
38662,0,0,79325280,137877500,58552220,0,0,103,false,0
38663,0,0,79325280,137877500,58552220,0,104,104,true,0
38664,0,0,79325280,137882650,58557370,0,2,105,false,0
38665,0,0,79325280,137887800,58562520,0,2,105,false,0
38666,0,0,79325280,137892700,58567420,0,0,98,false,0
38667,0,0,79325280,137897850,58572570,0,10,113,false,0
38668,0,0,79325280,137902600,58577320,0,0,95,false,0
38669,0,0,79325280,137902600,58577320,0,92,92,true,0
38670,0,0,79325280,137907400,58582120,0,0,96,false,0
38671,0,0,79325280,137912550,58587270,0,8,111,false,0
38672,0,0,79325280,137917050,58591770,0,0,90,false,0
38673,0,0,79325280,137921150,58595870,0,0,82,false,0
38674,0,0,79325280,137926150,58600870,0,0,100,false,0
38675,0,0,79325280,137931250,58605970,0,0,102,false,0
38676,0,0,79325280,137935350,58610070,0,0,82,false,0
38677,0,0,79325280,137939800,58614520,0,0,89,false,0
38678,0,0,79325280,137944250,58618970,0,0,89,false,0
38679,0,0,79325280,137949400,58624120,0,11,114,false,0
38680,0,0,79325280,137954550,58629270,0,4,107,false,0
38681,0,0,79325280,137959700,58634420,0,5,108,false,0
38682,0,0,79325280,137963800,58638520,0,0,82,false,0
38683,0,0,79325280,137968450,58643170,0,0,93,false,0
38684,0,0,79325280,137968450,58643170,0,103,103,true,0
38685,0,0,79325280,137968450,58643170,0,85,85,true,0
38686,0,0,79325280,137968450,58643170,0,100,100,true,0
38687,0,0,79325280,137973600,58648320,0,5,108,false,0
38688,0,0,79431900,137978550,58546650,0,0,99,false,0
38689,0,0,79431900,137982700,58550800,0,0,83,false,0
38690,0,0,79431900,137982700,58550800,0,101,101,true,0
38691,0,0,79431900,137987850,58555950,0,10,113,false,0
38692,0,0,79431900,137993000,58561100,0,13,116,false,0
38693,0,0,79431900,137998150,58566250,0,4,107,false,0
38694,0,0,79431900,138003300,58571400,0,5,108,false,0
38695,0,0,79431900,138008250,58576350,0,0,99,false,0
38696,0,0,79431900,138013000,58581100,0,0,95,false,0
38697,0,0,79431900,138016900,58585000,0,0,78,false,0
38698,0,0,79431900,138016900,58585000,0,85,85,true,0
38699,0,0,79431900,138016900,58585000,0,104,104,true,0
38700,0,0,79431900,138021800,58589900,0,0,98,false,0
38701,0,0,79431900,138026650,58594750,0,0,97,false,0
38702,0,0,79431900,138031600,58599700,0,0,99,false,0
38703,0,0,79431900,138036750,58604850,0,20,123,false,0
38704,0,0,79431900,138036750,58604850,0,115,115,true,0
38705,0,0,79431900,138036750,58604850,0,105,105,true,0
38706,0,0,79431900,138041750,58609850,0,0,100,false,0
38707,0,0,79431900,138046550,58614650,0,0,96,false,0
38708,0,0,79431900,138046550,58614650,0,100,100,true,0
38709,0,0,79431900,138051100,58619200,0,0,91,false,0
38710,0,0,79431900,138055900,58624000,0,0,96,false,0
38711,0,0,79431900,138060550,58628650,0,0,93,false,0
38712,0,0,79431900,138065700,58633800,0,4,107,false,0
38713,0,0,79431900,138069950,58638050,0,0,85,false,0
38714,0,0,79431900,138075100,58643200,0,1,104,false,0
38715,0,0,79431900,138079850,58647950,0,0,95,false,0
38716,0,0,79431900,138079850,58647950,0,106,106,true,0
38717,0,0,79431900,138079850,58647950,0,109,109,true,0
38718,0,0,79431900,138085000,58653100,0,0,103,false,0
38719,0,0,79431900,138090050,58658150,0,0,101,false,0
38720,0,0,79431900,138095200,58663300,0,2,105,false,0
38721,0,0,79431900,138100350,58668450,0,2,105,false,0
38722,0,0,79431900,138105400,58673500,0,0,101,false,0
38723,0,0,79431900,138105400,58673500,0,107,107,true,0
38724,0,0,79431900,138105400,58673500,0,93,93,true,0
38725,0,0,79431900,138105400,58673500,0,112,112,true,0
38726,0,0,79431900,138105400,58673500,0,81,81,true,0
38727,0,0,79431900,138109400,58677500,0,0,80,false,0
38728,0,0,79431900,138114550,58682650,0,5,108,false,0
38729,0,0,79431900,138119700,58687800,0,5,108,false,0
38730,0,0,79431900,138124850,58692950,0,1,104,false,0
38731,0,0,79431900,138130000,58698100,0,6,109,false,0
38732,0,0,79431900,138134800,58702900,0,0,96,false,0
38733,0,0,79431900,138139750,58707850,0,0,99,false,0
38734,0,0,79431900,138144900,58713000,0,9,112,false,0
38735,0,0,79431900,138149800,58717900,0,0,98,false,0
38736,0,0,79431900,138149800,58717900,0,81,81,true,0
38737,0,0,79431900,138149800,58717900,0,103,103,true,0
38738,0,0,79431900,138149800,58717900,0,85,85,true,0
38739,0,0,79431900,138149800,58717900,0,96,96,true,0
38740,0,0,79538520,138149800,58611280,0,114,114,true,0
38741,0,0,79538520,138154950,58616430,0,4,107,false,0
38742,0,0,79538520,138160100,58621580,0,9,112,false,0
38743,0,0,79538520,138165200,58626680,0,0,102,false,0
38744,0,0,79538520,138170350,58631830,0,2,105,false,0
38745,0,0,79538520,138175500,58636980,0,0,103,false,0
38746,0,0,79538520,138180400,58641880,0,0,98,false,0
38747,0,0,79538520,138185250,58646730,0,0,97,false,0
38748,0,0,79538520,138185250,58646730,0,93,93,true,0
38749,0,0,79538520,138190400,58651880,0,15,118,false,0
38750,0,0,79538520,138194900,58656380,0,0,90,false,0
38751,0,0,79538520,138199600,58661080,0,0,94,false,0
38752,0,0,79538520,138204600,58666080,0,0,100,false,0
38753,0,0,79538520,138209750,58671230,0,4,107,false,0
38754,0,0,79538520,138214850,58676330,0,0,102,false,0
38755,0,0,79538520,138219850,58681330,0,0,100,false,0
38756,0,0,79538520,138224950,58686430,0,0,102,false,0
38757,0,0,79538520,138224950,58686430,0,89,89,true,0
38758,0,0,79538520,138230100,58691580,0,3,106,false,0
38759,0,0,79538520,138234450,58695930,0,0,87,false,0
38760,0,0,79538520,138234450,58695930,0,108,108,true,0
38761,0,0,79538520,138239600,58701080,0,9,112,false,0
38762,0,0,79538520,138243850,58705330,0,0,85,false,0
38763,0,0,79538520,138248200,58709680,0,0,87,false,0
38764,0,0,79538520,138253350,58714830,0,13,116,false,0
38765,0,0,79538520,138258450,58719930,0,0,102,false,0
38766,0,0,79538520,138263150,58724630,0,0,94,false,0
38767,0,0,79538520,138267350,58728830,0,0,84,false,0
38768,0,0,79538520,138272500,58733980,0,12,115,false,0
38769,0,0,79538520,138277350,58738830,0,0,97,false,0
38770,0,0,79538520,138282500,58743980,0,1,104,false,0
38771,0,0,79538520,138287650,58749130,0,8,111,false,0
38772,0,0,79538520,138292800,58754280,0,2,105,false,0
38773,0,0,79538520,138297950,58759430,0,0,103,false,0
38774,0,0,79538520,138297950,58759430,0,100,100,true,0
38775,0,0,79538520,138297950,58759430,0,100,100,true,0
38776,0,0,79538520,138297950,58759430,0,88,88,true,0
38777,0,0,79538520,138302650,58764130,0,0,94,false,0
38778,0,0,79538520,138307800,58769280,0,15,118,false,0
38779,0,0,79538520,138311650,58773130,0,0,77,false,0
38780,0,0,79538520,138311650,58773130,0,82,82,true,0
38781,0,0,79538520,138311650,58773130,0,98,98,true,0
38782,0,0,79538520,138315600,58777080,0,0,79,false,0
38783,0,0,79538520,138320750,58782230,0,1,104,false,0
38784,0,0,79538520,138325900,58787380,0,9,112,false,0
38785,0,0,79538520,138330750,58792230,0,0,97,false,0
38786,0,0,79538520,138335900,58797380,0,1,104,false,0
38787,0,0,79538520,138340250,58801730,0,0,87,false,0
38788,0,0,79538520,138345400,58806880,0,19,122,false,0
38789,0,0,79538520,138350400,58811880,0,0,100,false,0
38790,0,0,79538520,138355550,58817030,0,1,104,false,0
38791,0,0,79538520,138360050,58821530,0,0,90,false,0
38792,0,0,79645140,138364500,58719360,0,0,89,false,0
38793,0,0,79645140,138369600,58724460,0,0,102,false,0
38794,0,0,79645140,138374300,58729160,0,0,94,false,0
38795,0,0,79645140,138378900,58733760,0,0,92,false,0
38796,0,0,79645140,138383950,58738810,0,0,101,false,0
38797,0,0,79645140,138389100,58743960,0,1,104,false,0
38798,0,0,79645140,138394250,58749110,0,4,107,false,0
38799,0,0,79645140,138394250,58749110,0,83,83,true,0
38800,0,0,79645140,138394250,58749110,0,110,110,true,0
38801,0,0,79645140,138394250,58749110,0,81,81,true,0
38802,0,0,79645140,138394250,58749110,0,103,103,true,0
38803,0,0,79645140,138394250,58749110,0,89,89,true,0
38804,0,0,79645140,138394250,58749110,0,91,91,true,0
38805,0,0,79645140,138394250,58749110,0,107,107,true,0
38806,0,0,79645140,138394250,58749110,0,112,112,true,0
38807,0,0,79645140,138399400,58754260,0,10,113,false,0
38808,0,0,79645140,138404150,58759010,0,0,95,false,0
38809,0,0,79645140,138409300,58764160,0,11,114,false,0
38810,0,0,79645140,138414300,58769160,0,0,100,false,0
38811,0,0,79645140,138419350,58774210,0,0,101,false,0
38812,0,0,79645140,138419350,58774210,0,107,107,true,0
38813,0,0,79645140,138419350,58774210,0,100,100,true,0
38814,0,0,79645140,138419350,58774210,0,93,93,true,0
38815,0,0,79645140,138419350,58774210,0,86,86,true,0
38816,0,0,79645140,138424450,58779310,0,0,102,false,0
38817,0,0,79645140,138429050,58783910,0,0,92,false,0
38818,0,0,79645140,138434200,58789060,0,20,123,false,0
38819,0,0,79645140,138434200,58789060,0,103,103,true,0
38820,0,0,79645140,138434200,58789060,0,115,115,true,0
38821,0,0,79645140,138434200,58789060,0,112,112,true,0
38822,0,0,79645140,138434200,58789060,0,95,95,true,0
38823,0,0,79645140,138439350,58794210,0,3,106,false,0
38824,0,0,79645140,138444350,58799210,0,0,100,false,0
38825,0,0,79645140,138449500,58804360,0,4,107,false,0
38826,0,0,79645140,138449500,58804360,0,107,107,true,0
38827,0,0,79645140,138449500,58804360,0,111,111,true,0
38828,0,0,79645140,138449500,58804360,0,112,112,true,0
38829,0,0,79645140,138449500,58804360,0,111,111,true,0
38830,0,0,79645140,138449500,58804360,0,96,96,true,0
38831,0,0,79645140,138449500,58804360,0,102,102,true,0
38832,0,0,79645140,138454050,58808910,0,0,91,false,0
38833,0,0,79645140,138458600,58813460,0,0,91,false,0
38834,0,0,79645140,138463750,58818610,0,4,107,false,0
38835,0,0,79645140,138463750,58818610,0,105,105,true,0
38836,0,0,79645140,138468350,58823210,0,0,92,false,0
38837,0,0,79645140,138473350,58828210,0,0,100,false,0
38838,0,0,79645140,138477950,58832810,0,0,92,false,0
38839,0,0,79645140,138477950,58832810,0,107,107,true,0
38840,0,0,79645140,138482900,58837760,0,0,99,false,0
38841,0,0,79645140,138487300,58842160,0,0,88,false,0
38842,0,0,79645140,138492100,58846960,0,0,96,false,0
38843,0,0,79645140,138496550,58851410,0,0,89,false,0
38844,0,0,79751760,138496550,58744790,0,108,108,true,0
38845,0,0,79751760,138496550,58744790,0,82,82,true,0
38846,0,0,79751760,138496550,58744790,0,117,117,true,0
38847,0,0,79751760,138496550,58744790,0,102,102,true,0
38848,0,0,79751760,138501700,58749940,0,0,103,false,0
38849,0,0,79751760,138506850,58755090,0,16,119,false,0
38850,0,0,79751760,138512000,58760240,0,5,108,false,0
38851,0,0,79751760,138517150,58765390,0,2,105,false,0
38852,0,0,79751760,138522200,58770440,0,0,101,false,0
38853,0,0,79751760,138526300,58774540,0,0,82,false,0
38854,0,0,79751760,138531450,58779690,0,4,107,false,0
38855,0,0,79751760,138536600,58784840,0,3,106,false,0
38856,0,0,79751760,138541600,58789840,0,0,100,false,0
38857,0,0,79751760,138546600,58794840,0,0,100,false,0
38858,0,0,79751760,138550900,58799140,0,0,86,false,0
38859,0,0,79751760,138550900,58799140,0,100,100,true,0
38860,0,0,79751760,138550900,58799140,0,101,101,true,0
38861,0,0,79751760,138555550,58803790,0,0,93,false,0
38862,0,0,79751760,138560700,58808940,0,7,110,false,0
38863,0,0,79751760,138565850,58814090,0,18,121,false,0
38864,0,0,79751760,138565850,58814090,0,97,97,true,0
38865,0,0,79751760,138565850,58814090,0,111,111,true,0
38866,0,0,79751760,138570350,58818590,0,0,90,false,0
38867,0,0,79751760,138574950,58823190,0,0,92,false,0
38868,0,0,79751760,138579800,58828040,0,0,97,false,0
38869,0,0,79751760,138584950,58833190,0,6,109,false,0
38870,0,0,79751760,138584950,58833190,0,99,99,true,0
38871,0,0,79751760,138589050,58837290,0,0,82,false,0
38872,0,0,79751760,138593600,58841840,0,0,91,false,0
38873,0,0,79751760,138598500,58846740,0,0,98,false,0
38874,0,0,79751760,138602900,58851140,0,0,88,false,0
38875,0,0,79751760,138607500,58855740,0,0,92,false,0
38876,0,0,79751760,138612650,58860890,0,12,115,false,0
38877,0,0,79751760,138617700,58865940,0,0,101,false,0
38878,0,0,79751760,138617700,58865940,0,95,95,true,0
38879,0,0,79751760,138622800,58871040,0,0,102,false,0
38880,0,0,79751760,138627700,58875940,0,0,98,false,0
38881,0,0,79751760,138632000,58880240,0,0,86,false,0
38882,0,0,79751760,138637150,58885390,0,10,113,false,0
38883,0,0,79751760,138642200,58890440,0,0,101,false,0
38884,0,0,79751760,138647000,58895240,0,0,96,false,0
38885,0,0,79751760,138651950,58900190,0,0,99,false,0
38886,0,0,79751760,138651950,58900190,0,92,92,true,0
38887,0,0,79751760,138651950,58900190,0,90,90,true,0
38888,0,0,79751760,138651950,58900190,0,112,112,true,0
38889,0,0,79751760,138651950,58900190,0,99,99,true,0
38890,0,0,79751760,138651950,58900190,0,105,105,true,0
38891,0,0,79751760,138656350,58904590,0,0,88,false,0
38892,0,0,79751760,138661300,58909540,0,0,99,false,0
38893,0,0,79751760,138666350,58914590,0,0,101,false,0
38894,0,0,79751760,138671500,58919740,0,2,105,false,0
38895,0,0,79751760,138676650,58924890,0,8,111,false,0
38896,0,0,79858380,138681150,58822770,0,0,90,false,0
38897,0,0,79858380,138686300,58827920,0,13,116,false,0
38898,0,0,79858380,138690650,58832270,0,0,87,false,0
38899,0,0,79858380,138695700,58837320,0,0,101,false,0
38900,0,0,79858380,138700200,58841820,0,0,90,false,0
38901,0,0,79858380,138704900,58846520,0,0,94,false,0
38902,0,0,79858380,138710000,58851620,0,0,102,false,0
38903,0,0,79858380,138715150,58856770,0,8,111,false,0
38904,0,0,79858380,138720300,58861920,0,7,110,false,0
38905,0,0,79858380,138725450,58867070,0,0,103,false,0
38906,0,0,79858380,138730250,58871870,0,0,96,false,0
38907,0,0,79858380,138734400,58876020,0,0,83,false,0
38908,0,0,79858380,138734400,58876020,0,101,101,true,0
38909,0,0,79858380,138734400,58876020,0,114,114,true,0
38910,0,0,79858380,138738650,58880270,0,0,85,false,0
38911,0,0,79858380,138743700,58885320,0,0,101,false,0
38912,0,0,79858380,138743700,58885320,0,107,107,true,0
38913,0,0,79858380,138743700,58885320,0,104,104,true,0
38914,0,0,79858380,138743700,58885320,0,105,105,true,0
38915,0,0,79858380,138743700,58885320,0,93,93,true,0
38916,0,0,79858380,138743700,58885320,0,113,113,true,0
38917,0,0,79858380,138748550,58890170,0,0,97,false,0
38918,0,0,79858380,138753700,58895320,0,3,106,false,0
38919,0,0,79858380,138758550,58900170,0,0,97,false,0
38920,0,0,79858380,138762900,58904520,0,0,87,false,0
38921,0,0,79858380,138768050,58909670,0,5,108,false,0
38922,0,0,79858380,138772400,58914020,0,0,87,false,0
38923,0,0,79858380,138777550,58919170,0,10,113,false,0
38924,0,0,79858380,138777550,58919170,0,106,106,true,0
38925,0,0,79858380,138777550,58919170,0,110,110,true,0
38926,0,0,79858380,138777550,58919170,0,101,101,true,0
38927,0,0,79858380,138782600,58924220,0,0,101,false,0
38928,0,0,79858380,138787100,58928720,0,0,90,false,0
38929,0,0,79858380,138791400,58933020,0,0,86,false,0
38930,0,0,79858380,138796500,58938120,0,0,102,false,0
38931,0,0,79858380,138801650,58943270,0,0,103,false,0
38932,0,0,79858380,138806800,58948420,0,4,107,false,0
38933,0,0,79858380,138806800,58948420,0,97,97,true,0
38934,0,0,79858380,138806800,58948420,0,89,89,true,0
38935,0,0,79858380,138811400,58953020,0,0,92,false,0
38936,0,0,79858380,138816550,58958170,0,1,104,false,0
38937,0,0,79858380,138821100,58962720,0,0,91,false,0
38938,0,0,79858380,138826250,58967870,0,2,105,false,0
38939,0,0,79858380,138831250,58972870,0,0,100,false,0
38940,0,0,79858380,138836100,58977720,0,0,97,false,0
38941,0,0,79858380,138840950,58982570,0,0,97,false,0
38942,0,0,79858380,138840950,58982570,0,116,116,true,0
38943,0,0,79858380,138840950,58982570,0,103,103,true,0
38944,0,0,79858380,138840950,58982570,0,102,102,true,0
38945,0,0,79858380,138840950,58982570,0,107,107,true,0
38946,0,0,79858380,138840950,58982570,0,98,98,true,0
38947,0,0,79858380,138840950,58982570,0,95,95,true,0
38948,0,0,79965000,138840950,58875950,0,97,97,true,0
38949,0,0,79965000,138840950,58875950,0,107,107,true,0
38950,0,0,79965000,138840950,58875950,0,96,96,true,0
38951,0,0,79965000,138840950,58875950,0,103,103,true,0
38952,0,0,79965000,138845850,58880850,0,0,98,false,0
38953,0,0,79965000,138850400,58885400,0,0,91,false,0
38954,0,0,79965000,138854950,58889950,0,0,91,false,0
38955,0,0,79965000,138854950,58889950,0,92,92,true,0
38956,0,0,79965000,138854950,58889950,0,115,115,true,0
38957,0,0,79965000,138854950,58889950,0,94,94,true,0
38958,0,0,79965000,138854950,58889950,0,93,93,true,0
38959,0,0,79965000,138854950,58889950,0,110,110,true,0
38960,0,0,79965000,138859900,58894900,0,0,99,false,0
38961,0,0,79965000,138865050,58900050,0,3,106,false,0
38962,0,0,79965000,138870100,58905100,0,0,101,false,0
38963,0,0,79965000,138874900,58909900,0,0,96,false,0
38964,0,0,79965000,138874900,58909900,0,100,100,true,0
38965,0,0,79965000,138874900,58909900,0,112,112,true,0
38966,0,0,79965000,138874900,58909900,0,105,105,true,0
38967,0,0,79965000,138874900,58909900,0,99,99,true,0
38968,0,0,79965000,138874900,58909900,0,97,97,true,0
38969,0,0,79965000,138879600,58914600,0,0,94,false,0
38970,0,0,79965000,138884400,58919400,0,0,96,false,0
38971,0,0,79965000,138889500,58924500,0,0,102,false,0
38972,0,0,79965000,138894250,58929250,0,0,95,false,0
38973,0,0,79965000,138899400,58934400,0,9,112,false,0
38974,0,0,79965000,138904550,58939550,0,0,103,false,0
38975,0,0,79965000,138909100,58944100,0,0,91,false,0
38976,0,0,79965000,138914250,58949250,0,1,104,false,0
38977,0,0,79965000,138919300,58954300,0,0,101,false,0
38978,0,0,79965000,138919300,58954300,0,108,108,true,0
38979,0,0,79965000,138919300,58954300,0,100,100,true,0
38980,0,0,79965000,138924450,58959450,0,21,124,false,0
38981,0,0,79965000,138929150,58964150,0,0,94,false,0
38982,0,0,79965000,138933400,58968400,0,0,85,false,0
38983,0,0,79965000,138938450,58973450,0,0,101,false,0
38984,0,0,79965000,138942800,58977800,0,0,87,false,0
38985,0,0,79965000,138947850,58982850,0,0,101,false,0
38986,0,0,79965000,138952350,58987350,0,0,90,false,0
38987,0,0,79965000,138957100,58992100,0,0,95,false,0
38988,0,0,79965000,138961650,58996650,0,0,91,false,0
38989,0,0,79965000,138966800,59001800,0,4,107,false,0
38990,0,0,79965000,138970900,59005900,0,0,82,false,0
38991,0,0,79965000,138976050,59011050,0,8,111,false,0
38992,0,0,79965000,138980800,59015800,0,0,95,false,0
38993,0,0,79965000,138985950,59020950,0,15,118,false,0
38994,0,0,79965000,138985950,59020950,0,108,108,true,0
38995,0,0,79965000,138990350,59025350,0,0,88,false,0
38996,0,0,79965000,138995400,59030400,0,0,101,false,0
38997,0,0,79965000,139000550,59035550,0,14,117,false,0
38998,0,0,79965000,139000550,59035550,0,107,107,true,0
38999,0,0,79965000,139005350,59040350,0,0,96,false,0
39000,0,0,80071620,139009800,58938180,0,0,89,false,0
39001,0,0,80071620,139014950,58943330,0,5,108,false,0
39002,0,0,80071620,139020100,58948480,0,3,106,false,0
39003,0,0,80071620,139025150,58953530,0,0,101,false,0
39004,0,0,80071620,139030300,58958680,0,3,106,false,0
39005,0,0,80071620,139035150,58963530,0,0,97,false,0
39006,0,0,80071620,139040300,58968680,0,4,107,false,0
39007,0,0,80071620,139044900,58973280,0,0,92,false,0
39008,0,0,80071620,139044900,58973280,0,91,91,true,0
39009,0,0,80071620,139044900,58973280,0,92,92,true,0
39010,0,0,80071620,139044900,58973280,0,95,95,true,0
39011,0,0,80071620,139044900,58973280,0,101,101,true,0
39012,0,0,80071620,139049550,58977930,0,0,93,false,0
39013,0,0,80071620,139054100,58982480,0,0,91,false,0
39014,0,0,80071620,139058700,58987080,0,0,92,false,0
39015,0,0,80071620,139063800,58992180,0,0,102,false,0
39016,0,0,80071620,139068250,58996630,0,0,89,false,0
39017,0,0,80071620,139068250,58996630,0,109,109,true,0
39018,0,0,80071620,139068250,58996630,0,103,103,true,0
39019,0,0,80071620,139072900,59001280,0,0,93,false,0
39020,0,0,80071620,139078050,59006430,0,2,105,false,0
39021,0,0,80071620,139082700,59011080,0,0,93,false,0
39022,0,0,80071620,139087350,59015730,0,0,93,false,0
39023,0,0,80071620,139092500,59020880,0,9,112,false,0
39024,0,0,80071620,139092500,59020880,0,96,96,true,0
39025,0,0,80071620,139097650,59026030,0,10,113,false,0
39026,0,0,80071620,139102800,59031180,0,5,108,false,0
39027,0,0,80071620,139107700,59036080,0,0,98,false,0
39028,0,0,80071620,139112850,59041230,0,17,120,false,0
39029,0,0,80071620,139117150,59045530,0,0,86,false,0
39030,0,0,80071620,139121600,59049980,0,0,89,false,0
39031,0,0,80071620,139126750,59055130,0,2,105,false,0
39032,0,0,80071620,139131600,59059980,0,0,97,false,0
39033,0,0,80071620,139136350,59064730,0,0,95,false,0
39034,0,0,80071620,139141050,59069430,0,0,94,false,0
39035,0,0,80071620,139145550,59073930,0,0,90,false,0
39036,0,0,80071620,139150600,59078980,0,0,101,false,0
39037,0,0,80071620,139155250,59083630,0,0,93,false,0
39038,0,0,80071620,139160350,59088730,0,0,102,false,0
39039,0,0,80071620,139164650,59093030,0,0,86,false,0
39040,0,0,80071620,139169700,59098080,0,0,101,false,0
39041,0,0,80071620,139169700,59098080,0,102,102,true,0
39042,0,0,80071620,139169700,59098080,0,102,102,true,0
39043,0,0,80071620,139174850,59103230,0,19,122,false,0
39044,0,0,80071620,139179850,59108230,0,0,100,false,0
39045,0,0,80071620,139184250,59112630,0,0,88,false,0
39046,0,0,80071620,139189300,59117680,0,0,101,false,0
39047,0,0,80071620,139194450,59122830,0,2,105,false,0
39048,0,0,80071620,139194450,59122830,0,98,98,true,0
39049,0,0,80071620,139194450,59122830,0,97,97,true,0
39050,0,0,80071620,139194450,59122830,0,97,97,true,0
39051,0,0,80071620,139199250,59127630,0,0,96,false,0
39052,0,0,80178240,139203700,59025460,0,0,89,false,0
39053,0,0,80178240,139203700,59025460,0,94,94,true,0
39054,0,0,80178240,139208800,59030560,0,0,102,false,0
39055,0,0,80178240,139213150,59034910,0,0,87,false,0
39056,0,0,80178240,139213150,59034910,0,90,90,true,0
39057,0,0,80178240,139213150,59034910,0,98,98,true,0
39058,0,0,80178240,139213150,59034910,0,100,100,true,0
39059,0,0,80178240,139213150,59034910,0,94,94,true,0
39060,0,0,80178240,139218300,59040060,0,7,110,false,0
39061,0,0,80178240,139223350,59045110,0,0,101,false,0
39062,0,0,80178240,139227450,59049210,0,0,82,false,0
39063,0,0,80178240,139232500,59054260,0,0,101,false,0
39064,0,0,80178240,139232500,59054260,0,105,105,true,0
39065,0,0,80178240,139232500,59054260,0,95,95,true,0
39066,0,0,80178240,139237650,59059410,0,13,116,false,0
39067,0,0,80178240,139242800,59064560,0,7,110,false,0
39068,0,0,80178240,139247550,59069310,0,0,95,false,0
39069,0,0,80178240,139252000,59073760,0,0,89,false,0
39070,0,0,80178240,139256950,59078710,0,0,99,false,0
39071,0,0,80178240,139261400,59083160,0,0,89,false,0
39072,0,0,80178240,139266350,59088110,0,0,99,false,0
39073,0,0,80178240,139271000,59092760,0,0,93,false,0
39074,0,0,80178240,139271000,59092760,0,87,87,true,0
39075,0,0,80178240,139276050,59097810,0,0,101,false,0
39076,0,0,80178240,139281200,59102960,0,3,106,false,0
39077,0,0,80178240,139281200,59102960,0,80,80,true,0
39078,0,0,80178240,139281200,59102960,0,105,105,true,0
39079,0,0,80178240,139281200,59102960,0,107,107,true,0
39080,0,0,80178240,139285700,59107460,0,0,90,false,0
39081,0,0,80178240,139290500,59112260,0,0,96,false,0
39082,0,0,80178240,139295650,59117410,0,4,107,false,0
39083,0,0,80178240,139300250,59122010,0,0,92,false,0
39084,0,0,80178240,139305400,59127160,0,10,113,false,0
39085,0,0,80178240,139305400,59127160,0,73,73,true,0
39086,0,0,80178240,139305400,59127160,0,96,96,true,0
39087,0,0,80178240,139305400,59127160,0,102,102,true,0
39088,0,0,80178240,139310550,59132310,0,7,110,false,0
39089,0,0,80178240,139315700,59137460,0,7,110,false,0
39090,0,0,80178240,139320850,59142610,0,0,103,false,0
39091,0,0,80178240,139325450,59147210,0,0,92,false,0
39092,0,0,80178240,139330050,59151810,0,0,92,false,0
39093,0,0,80178240,139334650,59156410,0,0,92,false,0
39094,0,0,80178240,139339500,59161260,0,0,97,false,0
39095,0,0,80178240,139344650,59166410,0,0,103,false,0
39096,0,0,80178240,139344650,59166410,0,90,90,true,0
39097,0,0,80178240,139344650,59166410,0,114,114,true,0
39098,0,0,80178240,139349600,59171360,0,0,99,false,0
39099,0,0,80178240,139354750,59176510,0,3,106,false,0
39100,0,0,80178240,139354750,59176510,0,93,93,true,0
39101,0,0,80178240,139354750,59176510,0,104,104,true,0
39102,0,0,80178240,139354750,59176510,0,96,96,true,0
39103,0,0,80178240,139359900,59181660,0,4,107,false,0
39104,0,0,80284860,139364550,59079690,0,0,93,false,0
39105,0,0,80284860,139369350,59084490,0,0,96,false,0
39106,0,0,80284860,139369350,59084490,0,93,93,true,0
39107,0,0,80284860,139373750,59088890,0,0,88,false,0
39108,0,0,80284860,139378250,59093390,0,0,90,false,0
39109,0,0,80284860,139382650,59097790,0,0,88,false,0
39110,0,0,80284860,139382650,59097790,0,87,87,true,0
39111,0,0,80284860,139387800,59102940,0,12,115,false,0
39112,0,0,80284860,139392350,59107490,0,0,91,false,0
39113,0,0,80284860,139397250,59112390,0,0,98,false,0
39114,0,0,80284860,139402400,59117540,0,8,111,false,0
39115,0,0,80284860,139407550,59122690,0,13,116,false,0
39116,0,0,80284860,139412700,59127840,0,1,104,false,0
39117,0,0,80284860,139417650,59132790,0,0,99,false,0
39118,0,0,80284860,139417650,59132790,0,120,120,true,0
39119,0,0,80284860,139422600,59137740,0,0,99,false,0
39120,0,0,80284860,139427700,59142840,0,0,102,false,0
39121,0,0,80284860,139432700,59147840,0,0,100,false,0
39122,0,0,80284860,139437450,59152590,0,0,95,false,0
39123,0,0,80284860,139442150,59157290,0,0,94,false,0
39124,0,0,80284860,139447300,59162440,0,11,114,false,0
39125,0,0,80284860,139447300,59162440,0,96,96,true,0
39126,0,0,80284860,139447300,59162440,0,90,90,true,0
39127,0,0,80284860,139452150,59167290,0,0,97,false,0
39128,0,0,80284860,139457300,59172440,0,6,109,false,0
39129,0,0,80284860,139462200,59177340,0,0,98,false,0
39130,0,0,80284860,139467250,59182390,0,0,101,false,0
39131,0,0,80284860,139472200,59187340,0,0,99,false,0
39132,0,0,80284860,139477250,59192390,0,0,101,false,0
39133,0,0,80284860,139481850,59196990,0,0,92,false,0
39134,0,0,80284860,139486600,59201740,0,0,95,false,0
39135,0,0,80284860,139491750,59206890,0,3,106,false,0
39136,0,0,80284860,139496900,59212040,0,13,116,false,0
39137,0,0,80284860,139501600,59216740,0,0,94,false,0
39138,0,0,80284860,139506300,59221440,0,0,94,false,0
39139,0,0,80284860,139511100,59226240,0,0,96,false,0
39140,0,0,80284860,139516150,59231290,0,0,101,false,0
39141,0,0,80284860,139520900,59236040,0,0,95,false,0
39142,0,0,80284860,139526050,59241190,0,3,106,false,0
39143,0,0,80284860,139530950,59246090,0,0,98,false,0
39144,0,0,80284860,139536100,59251240,0,3,106,false,0
39145,0,0,80284860,139536100,59251240,0,98,98,true,0
39146,0,0,80284860,139541250,59256390,0,3,106,false,0
39147,0,0,80284860,139545950,59261090,0,0,94,false,0
39148,0,0,80284860,139550750,59265890,0,0,96,false,0
39149,0,0,80284860,139555550,59270690,0,0,96,false,0
39150,0,0,80284860,139560400,59275540,0,0,97,false,0
39151,0,0,80284860,139565550,59280690,0,3,106,false,0
39152,0,0,80284860,139565550,59280690,0,100,100,true,0
39153,0,0,80284860,139565550,59280690,0,100,100,true,0
39154,0,0,80284860,139565550,59280690,0,103,103,true,0
39155,0,0,80284860,139565550,59280690,0,111,111,true,0
39156,0,0,80391480,139569950,59178470,0,0,88,false,0
39157,0,0,80391480,139574600,59183120,0,0,93,false,0
39158,0,0,80391480,139579600,59188120,0,0,100,false,0
39159,0,0,80391480,139584500,59193020,0,0,98,false,0
39160,0,0,80391480,139584500,59193020,0,109,109,true,0
39161,0,0,80391480,139584500,59193020,0,95,95,true,0
39162,0,0,80391480,139584500,59193020,0,114,114,true,0
39163,0,0,80391480,139584500,59193020,0,80,80,true,0
39164,0,0,80391480,139584500,59193020,0,95,95,true,0
39165,0,0,80391480,139584500,59193020,0,86,86,true,0
39166,0,0,80391480,139589650,59198170,0,7,110,false,0
39167,0,0,80391480,139594050,59202570,0,0,88,false,0
39168,0,0,80391480,139594050,59202570,0,96,96,true,0
39169,0,0,80391480,139599000,59207520,0,0,99,false,0
39170,0,0,80391480,139603750,59212270,0,0,95,false,0
39171,0,0,80391480,139603750,59212270,0,92,92,true,0
39172,0,0,80391480,139603750,59212270,0,94,94,true,0
39173,0,0,80391480,139608900,59217420,0,1,104,false,0
39174,0,0,80391480,139614000,59222520,0,0,102,false,0
39175,0,0,80391480,139618600,59227120,0,0,92,false,0
39176,0,0,80391480,139618600,59227120,0,104,104,true,0
39177,0,0,80391480,139623400,59231920,0,0,96,false,0
39178,0,0,80391480,139627850,59236370,0,0,89,false,0
39179,0,0,80391480,139632750,59241270,0,0,98,false,0
39180,0,0,80391480,139637650,59246170,0,0,98,false,0
39181,0,0,80391480,139637650,59246170,0,110,110,true,0
39182,0,0,80391480,139637650,59246170,0,96,96,true,0
39183,0,0,80391480,139637650,59246170,0,109,109,true,0
39184,0,0,80391480,139641950,59250470,0,0,86,false,0
39185,0,0,80391480,139646550,59255070,0,0,92,false,0
39186,0,0,80391480,139651700,59260220,0,1,104,false,0
39187,0,0,80391480,139656850,59265370,0,1,104,false,0
39188,0,0,80391480,139661300,59269820,0,0,89,false,0
39189,0,0,80391480,139666450,59274970,0,8,111,false,0
39190,0,0,80391480,139671600,59280120,0,1,104,false,0
39191,0,0,80391480,139676350,59284870,0,0,95,false,0
39192,0,0,80391480,139681500,59290020,0,6,109,false,0
39193,0,0,80391480,139686100,59294620,0,0,92,false,0
39194,0,0,80391480,139691150,59299670,0,0,101,false,0
39195,0,0,80391480,139695900,59304420,0,0,95,false,0
39196,0,0,80391480,139701050,59309570,0,4,107,false,0
39197,0,0,80391480,139705800,59314320,0,0,95,false,0
39198,0,0,80391480,139710950,59319470,0,10,113,false,0
39199,0,0,80391480,139716100,59324620,0,6,109,false,0
39200,0,0,80391480,139721250,59329770,0,10,113,false,0
39201,0,0,80391480,139726400,59334920,0,4,107,false,0
39202,0,0,80391480,139730600,59339120,0,0,84,false,0
39203,0,0,80391480,139735750,59344270,0,2,105,false,0
39204,0,0,80391480,139740900,59349420,0,2,105,false,0
39205,0,0,80391480,139745300,59353820,0,0,88,false,0
39206,0,0,80391480,139750450,59358970,0,4,107,false,0
39207,0,0,80391480,139755200,59363720,0,0,95,false,0
39208,0,0,80498100,139755200,59257100,0,91,91,true,0
39209,0,0,80498100,139760350,59262250,0,0,103,false,0
39210,0,0,80498100,139765150,59267050,0,0,96,false,0
39211,0,0,80498100,139765150,59267050,0,107,107,true,0
39212,0,0,80498100,139765150,59267050,0,87,87,true,0
39213,0,0,80498100,139770300,59272200,0,5,108,false,0
39214,0,0,80498100,139775300,59277200,0,0,100,false,0
39215,0,0,80498100,139780450,59282350,0,3,106,false,0
39216,0,0,80498100,139785000,59286900,0,0,91,false,0
39217,0,0,80498100,139789950,59291850,0,0,99,false,0
39218,0,0,80498100,139789950,59291850,0,94,94,true,0
39219,0,0,80498100,139789950,59291850,0,94,94,true,0
39220,0,0,80498100,139794850,59296750,0,0,98,false,0
39221,0,0,80498100,139799900,59301800,0,0,101,false,0
39222,0,0,80498100,139805050,59306950,0,9,112,false,0
39223,0,0,80498100,139809900,59311800,0,0,97,false,0
39224,0,0,80498100,139815050,59316950,0,16,119,false,0
39225,0,0,80498100,139820000,59321900,0,0,99,false,0
39226,0,0,80498100,139825150,59327050,0,15,118,false,0
39227,0,0,80498100,139830300,59332200,0,1,104,false,0
39228,0,0,80498100,139835050,59336950,0,0,95,false,0
39229,0,0,80498100,139838600,59340500,0,0,71,false,0
39230,0,0,80498100,139842850,59344750,0,0,85,false,0
39231,0,0,80498100,139848000,59349900,0,6,109,false,0
39232,0,0,80498100,139848000,59349900,0,85,85,true,0
39233,0,0,80498100,139848000,59349900,0,111,111,true,0
39234,0,0,80498100,139853150,59355050,0,3,106,false,0
39235,0,0,80498100,139857800,59359700,0,0,93,false,0
39236,0,0,80498100,139857800,59359700,0,109,109,true,0
39237,0,0,80498100,139857800,59359700,0,95,95,true,0
39238,0,0,80498100,139862750,59364650,0,0,99,false,0
39239,0,0,80498100,139867150,59369050,0,0,88,false,0
39240,0,0,80498100,139872300,59374200,0,15,118,false,0
39241,0,0,80498100,139876300,59378200,0,0,80,false,0
39242,0,0,80498100,139881000,59382900,0,0,94,false,0
39243,0,0,80498100,139886100,59388000,0,0,102,false,0
39244,0,0,80498100,139891250,59393150,0,0,103,false,0
39245,0,0,80498100,139895900,59397800,0,0,93,false,0
39246,0,0,80498100,139900400,59402300,0,0,90,false,0
39247,0,0,80498100,139905550,59407450,0,10,113,false,0
39248,0,0,80498100,139910400,59412300,0,0,97,false,0
39249,0,0,80498100,139910400,59412300,0,114,114,true,0
39250,0,0,80498100,139910400,59412300,0,75,75,true,0
39251,0,0,80498100,139910400,59412300,0,110,110,true,0
39252,0,0,80498100,139910400,59412300,0,99,99,true,0
39253,0,0,80498100,139910400,59412300,0,98,98,true,0
39254,0,0,80498100,139915450,59417350,0,0,101,false,0
39255,0,0,80498100,139920500,59422400,0,0,101,false,0
39256,0,0,80498100,139920500,59422400,0,112,112,true,0
39257,0,0,80498100,139925650,59427550,0,10,113,false,0
39258,0,0,80498100,139930800,59432700,0,3,106,false,0
39259,0,0,80498100,139935950,59437850,0,19,122,false,0
39260,0,0,80604720,139940900,59336180,0,0,99,false,0
39261,0,0,80604720,139945650,59340930,0,0,95,false,0
39262,0,0,80604720,139950000,59345280,0,0,87,false,0
39263,0,0,80604720,139954950,59350230,0,0,99,false,0
39264,0,0,80604720,139954950,59350230,0,101,101,true,0
39265,0,0,80604720,139954950,59350230,0,101,101,true,0
39266,0,0,80604720,139959550,59354830,0,0,92,false,0
39267,0,0,80604720,139964700,59359980,0,2,105,false,0
39268,0,0,80604720,139969850,59365130,0,12,115,false,0
39269,0,0,80604720,139974900,59370180,0,0,101,false,0
39270,0,0,80604720,139978900,59374180,0,0,80,false,0
39271,0,0,80604720,139983500,59378780,0,0,92,false,0
39272,0,0,80604720,139988450,59383730,0,0,99,false,0
39273,0,0,80604720,139993000,59388280,0,0,91,false,0
39274,0,0,80604720,139997700,59392980,0,0,94,false,0
39275,0,0,80604720,139997700,59392980,0,108,108,true,0
39276,0,0,80604720,139997700,59392980,0,93,93,true,0
39277,0,0,80604720,139997700,59392980,0,94,94,true,0
39278,0,0,80604720,139997700,59392980,0,97,97,true,0
39279,0,0,80604720,139997700,59392980,0,93,93,true,0
39280,0,0,80604720,139997700,59392980,0,106,106,true,0
39281,0,0,80604720,139997700,59392980,0,111,111,true,0
39282,0,0,80604720,140002850,59398130,0,8,111,false,0
39283,0,0,80604720,140007850,59403130,0,0,100,false,0
39284,0,0,80604720,140013000,59408280,0,0,103,false,0
39285,0,0,80604720,140013000,59408280,0,87,87,true,0
39286,0,0,80604720,140017750,59413030,0,0,95,false,0
39287,0,0,80604720,140022900,59418180,0,8,111,false,0
39288,0,0,80604720,140028050,59423330,0,1,104,false,0
39289,0,0,80604720,140033100,59428380,0,0,101,false,0
39290,0,0,80604720,140037450,59432730,0,0,87,false,0
39291,0,0,80604720,140042250,59437530,0,0,96,false,0
39292,0,0,80604720,140042250,59437530,0,96,96,true,0
39293,0,0,80604720,140047400,59442680,0,1,104,false,0
39294,0,0,80604720,140051600,59446880,0,0,84,false,0
39295,0,0,80604720,140056450,59451730,0,0,97,false,0
39296,0,0,80604720,140056450,59451730,0,110,110,true,0
39297,0,0,80604720,140056450,59451730,0,102,102,true,0
39298,0,0,80604720,140056450,59451730,0,99,99,true,0
39299,0,0,80604720,140056450,59451730,0,98,98,true,0
39300,0,0,80604720,140056450,59451730,0,90,90,true,0
39301,0,0,80604720,140056450,59451730,0,96,96,true,0
39302,0,0,80604720,140061550,59456830,0,0,102,false,0
39303,0,0,80604720,140066700,59461980,0,1,104,false,0
39304,0,0,80604720,140066700,59461980,0,102,102,true,0
39305,0,0,80604720,140071300,59466580,0,0,92,false,0
39306,0,0,80604720,140076450,59471730,0,4,107,false,0
39307,0,0,80604720,140080850,59476130,0,0,88,false,0
39308,0,0,80604720,140085150,59480430,0,0,86,false,0
39309,0,0,80604720,140089900,59485180,0,0,95,false,0
39310,0,0,80604720,140089900,59485180,0,105,105,true,0
39311,0,0,80604720,140089900,59485180,0,105,105,true,0
39312,0,0,80711340,140095050,59383710,0,9,112,false,0
39313,0,0,80711340,140099650,59388310,0,0,92,false,0
39314,0,0,80711340,140104400,59393060,0,0,95,false,0
39315,0,0,80711340,140109550,59398210,0,3,106,false,0
39316,0,0,80711340,140114700,59403360,0,3,106,false,0
39317,0,0,80711340,140114700,59403360,0,94,94,true,0
39318,0,0,80711340,140114700,59403360,0,98,98,true,0
39319,0,0,80711340,140119750,59408410,0,0,101,false,0
39320,0,0,80711340,140124350,59413010,0,0,92,false,0
39321,0,0,80711340,140129500,59418160,0,19,122,false,0
39322,0,0,80711340,140133900,59422560,0,0,88,false,0
39323,0,0,80711340,140138450,59427110,0,0,91,false,0
39324,0,0,80711340,140143550,59432210,0,0,102,false,0
39325,0,0,80711340,140148050,59436710,0,0,90,false,0
39326,0,0,80711340,140148050,59436710,0,95,95,true,0
39327,0,0,80711340,140153100,59441760,0,0,101,false,0
39328,0,0,80711340,140158000,59446660,0,0,98,false,0
39329,0,0,80711340,140162600,59451260,0,0,92,false,0
39330,0,0,80711340,140167750,59456410,0,10,113,false,0
39331,0,0,80711340,140172300,59460960,0,0,91,false,0
39332,0,0,80711340,140177450,59466110,0,2,105,false,0
39333,0,0,80711340,140181550,59470210,0,0,82,false,0
39334,0,0,80711340,140186700,59475360,0,12,115,false,0
39335,0,0,80711340,140186700,59475360,0,116,116,true,0
39336,0,0,80711340,140191650,59480310,0,0,99,false,0
39337,0,0,80711340,140195400,59484060,0,0,75,false,0
39338,0,0,80711340,140200500,59489160,0,0,102,false,0
39339,0,0,80711340,140200500,59489160,0,91,91,true,0
39340,0,0,80711340,140205250,59493910,0,0,95,false,0
39341,0,0,80711340,140209600,59498260,0,0,87,false,0
39342,0,0,80711340,140214200,59502860,0,0,92,false,0
39343,0,0,80711340,140219200,59507860,0,0,100,false,0
39344,0,0,80711340,140219200,59507860,0,93,93,true,0
39345,0,0,80711340,140219200,59507860,0,96,96,true,0
39346,0,0,80711340,140219200,59507860,0,100,100,true,0
39347,0,0,80711340,140224100,59512760,0,0,98,false,0
39348,0,0,80711340,140228400,59517060,0,0,86,false,0
39349,0,0,80711340,140233550,59522210,0,6,109,false,0
39350,0,0,80711340,140238700,59527360,0,8,111,false,0
39351,0,0,80711340,140238700,59527360,0,96,96,true,0
39352,0,0,80711340,140243850,59532510,0,13,116,false,0
39353,0,0,80711340,140249000,59537660,0,4,107,false,0
39354,0,0,80711340,140254150,59542810,0,1,104,false,0
39355,0,0,80711340,140259300,59547960,0,12,115,false,0
39356,0,0,80711340,140259300,59547960,0,122,122,true,0
39357,0,0,80711340,140259300,59547960,0,92,92,true,0
39358,0,0,80711340,140259300,59547960,0,105,105,true,0
39359,0,0,80711340,140259300,59547960,0,92,92,true,0
39360,0,0,80711340,140264450,59553110,0,17,120,false,0
39361,0,0,80711340,140269150,59557810,0,0,94,false,0
39362,0,0,80711340,140274300,59562960,0,1,104,false,0
39363,0,0,80711340,140274300,59562960,0,103,103,true,0
39364,0,0,80817960,140274300,59456340,0,99,99,true,0
39365,0,0,80817960,140274300,59456340,0,97,97,true,0
39366,0,0,80817960,140274300,59456340,0,97,97,true,0
39367,0,0,80817960,140279450,59461490,0,0,103,false,0
39368,0,0,80817960,140284550,59466590,0,0,102,false,0
39369,0,0,80817960,140289700,59471740,0,3,106,false,0
39370,0,0,80817960,140294550,59476590,0,0,97,false,0
39371,0,0,80817960,140299700,59481740,0,2,105,false,0
39372,0,0,80817960,140299700,59481740,0,95,95,true,0
39373,0,0,80817960,140299700,59481740,0,98,98,true,0
39374,0,0,80817960,140299700,59481740,0,87,87,true,0
39375,0,0,80817960,140299700,59481740,0,99,99,true,0
39376,0,0,80817960,140304600,59486640,0,0,98,false,0
39377,0,0,80817960,140308900,59490940,0,0,86,false,0
39378,0,0,80817960,140314050,59496090,0,0,103,false,0
39379,0,0,80817960,140314050,59496090,0,109,109,true,0
39380,0,0,80817960,140314050,59496090,0,93,93,true,0
39381,0,0,80817960,140319100,59501140,0,0,101,false,0
39382,0,0,80817960,140323150,59505190,0,0,81,false,0
39383,0,0,80817960,140328200,59510240,0,0,101,false,0
39384,0,0,80817960,140333350,59515390,0,6,109,false,0
39385,0,0,80817960,140338500,59520540,0,20,123,false,0
39386,0,0,80817960,140338500,59520540,0,103,103,true,0
39387,0,0,80817960,140338500,59520540,0,112,112,true,0
39388,0,0,80817960,140343450,59525490,0,0,99,false,0
39389,0,0,80817960,140348100,59530140,0,0,93,false,0
39390,0,0,80817960,140352750,59534790,0,0,93,false,0
39391,0,0,80817960,140357350,59539390,0,0,92,false,0
39392,0,0,80817960,140361900,59543940,0,0,91,false,0
39393,0,0,80817960,140361900,59543940,0,110,110,true,0
39394,0,0,80817960,140366350,59548390,0,0,89,false,0
39395,0,0,80817960,140370200,59552240,0,0,77,false,0
39396,0,0,80817960,140374550,59556590,0,0,87,false,0
39397,0,0,80817960,140379700,59561740,0,2,105,false,0
39398,0,0,80817960,140379700,59561740,0,84,84,true,0
39399,0,0,80817960,140384150,59566190,0,0,89,false,0
39400,0,0,80817960,140389200,59571240,0,0,101,false,0
39401,0,0,80817960,140394350,59576390,0,20,123,false,0
39402,0,0,80817960,140399500,59581540,0,9,112,false,0
39403,0,0,80817960,140404400,59586440,0,0,98,false,0
39404,0,0,80817960,140408950,59590990,0,0,91,false,0
39405,0,0,80817960,140408950,59590990,0,101,101,true,0
39406,0,0,80817960,140408950,59590990,0,98,98,true,0
39407,0,0,80817960,140414100,59596140,0,3,106,false,0
39408,0,0,80817960,140418700,59600740,0,0,92,false,0
39409,0,0,80817960,140423850,59605890,0,5,108,false,0
39410,0,0,80817960,140423850,59605890,0,109,109,true,0
39411,0,0,80817960,140423850,59605890,0,105,105,true,0
39412,0,0,80817960,140423850,59605890,0,109,109,true,0
39413,0,0,80817960,140429000,59611040,0,3,106,false,0
39414,0,0,80817960,140434150,59616190,0,3,106,false,0
39415,0,0,80817960,140438350,59620390,0,0,84,false,0
39416,0,0,80924580,140443500,59518920,0,6,109,false,0
39417,0,0,80924580,140448650,59524070,0,3,106,false,0
39418,0,0,80924580,140448650,59524070,0,99,99,true,0
39419,0,0,80924580,140448650,59524070,0,97,97,true,0
39420,0,0,80924580,140448650,59524070,0,106,106,true,0
39421,0,0,80924580,140453600,59529020,0,0,99,false,0
39422,0,0,80924580,140458350,59533770,0,0,95,false,0
39423,0,0,80924580,140463050,59538470,0,0,94,false,0
39424,0,0,80924580,140468200,59543620,0,2,105,false,0
39425,0,0,80924580,140473350,59548770,0,0,103,false,0
39426,0,0,80924580,140477650,59553070,0,0,86,false,0
39427,0,0,80924580,140482650,59558070,0,0,100,false,0
39428,0,0,80924580,140482650,59558070,0,105,105,true,0
39429,0,0,80924580,140487800,59563220,0,9,112,false,0
39430,0,0,80924580,140492400,59567820,0,0,92,false,0
39431,0,0,80924580,140497350,59572770,0,0,99,false,0
39432,0,0,80924580,140501800,59577220,0,0,89,false,0
39433,0,0,80924580,140506950,59582370,0,12,115,false,0
39434,0,0,80924580,140511500,59586920,0,0,91,false,0
39435,0,0,80924580,140516200,59591620,0,0,94,false,0
39436,0,0,80924580,140521300,59596720,0,0,102,false,0
39437,0,0,80924580,140521300,59596720,0,91,91,true,0
39438,0,0,80924580,140521300,59596720,0,90,90,true,0
39439,0,0,80924580,140526000,59601420,0,0,94,false,0
39440,0,0,80924580,140530000,59605420,0,0,80,false,0
39441,0,0,80924580,140534500,59609920,0,0,90,false,0
39442,0,0,80924580,140539650,59615070,0,12,115,false,0
39443,0,0,80924580,140543600,59619020,0,0,79,false,0
39444,0,0,80924580,140548650,59624070,0,0,101,false,0
39445,0,0,80924580,140553800,59629220,0,8,111,false,0
39446,0,0,80924580,140557550,59632970,0,0,75,false,0
39447,0,0,80924580,140562700,59638120,0,2,105,false,0
39448,0,0,80924580,140567500,59642920,0,0,96,false,0
39449,0,0,80924580,140572600,59648020,0,0,102,false,0
39450,0,0,80924580,140577700,59653120,0,0,102,false,0
39451,0,0,80924580,140582850,59658270,0,1,104,false,0
39452,0,0,80924580,140588000,59663420,0,6,109,false,0
39453,0,0,80924580,140593150,59668570,0,6,109,false,0
39454,0,0,80924580,140593150,59668570,0,96,96,true,0
39455,0,0,80924580,140598100,59673520,0,0,99,false,0
39456,0,0,80924580,140603250,59678670,0,15,118,false,0
39457,0,0,80924580,140608050,59683470,0,0,96,false,0
39458,0,0,80924580,140613200,59688620,0,2,105,false,0
39459,0,0,80924580,140613200,59688620,0,119,119,true,0
39460,0,0,80924580,140613200,59688620,0,108,108,true,0
39461,0,0,80924580,140617800,59693220,0,0,92,false,0
39462,0,0,80924580,140622950,59698370,0,1,104,false,0
39463,0,0,80924580,140622950,59698370,0,88,88,true,0
39464,0,0,80924580,140622950,59698370,0,118,118,true,0
39465,0,0,80924580,140627700,59703120,0,0,95,false,0
39466,0,0,80924580,140632800,59708220,0,0,102,false,0
39467,0,0,80924580,140637950,59713370,0,0,103,false,0
39468,0,0,81031200,140637950,59606750,0,96,96,true,0
39469,0,0,81031200,140642700,59611500,0,0,95,false,0
39470,0,0,81031200,140647850,59616650,0,4,107,false,0
39471,0,0,81031200,140652850,59621650,0,0,100,false,0
39472,0,0,81031200,140658000,59626800,0,2,105,false,0
39473,0,0,81031200,140662950,59631750,0,0,99,false,0
39474,0,0,81031200,140667050,59635850,0,0,82,false,0
39475,0,0,81031200,140672200,59641000,0,7,110,false,0
39476,0,0,81031200,140677350,59646150,0,8,111,false,0
39477,0,0,81031200,140682200,59651000,0,0,97,false,0
39478,0,0,81031200,140686850,59655650,0,0,93,false,0
39479,0,0,81031200,140691150,59659950,0,0,86,false,0
39480,0,0,81031200,140696300,59665100,0,4,107,false,0
39481,0,0,81031200,140696300,59665100,0,94,94,true,0
39482,0,0,81031200,140696300,59665100,0,103,103,true,0
39483,0,0,81031200,140700450,59669250,0,0,83,false,0
39484,0,0,81031200,140704900,59673700,0,0,89,false,0
39485,0,0,81031200,140709200,59678000,0,0,86,false,0
39486,0,0,81031200,140713900,59682700,0,0,94,false,0
39487,0,0,81031200,140718650,59687450,0,0,95,false,0
39488,0,0,81031200,140723800,59692600,0,7,110,false,0
39489,0,0,81031200,140728300,59697100,0,0,90,false,0
39490,0,0,81031200,140733200,59702000,0,0,98,false,0
39491,0,0,81031200,140738350,59707150,0,2,105,false,0
39492,0,0,81031200,140743500,59712300,0,9,112,false,0
39493,0,0,81031200,140748650,59717450,0,14,117,false,0
39494,0,0,81031200,140753250,59722050,0,0,92,false,0
39495,0,0,81031200,140753250,59722050,0,94,94,true,0
39496,0,0,81031200,140753250,59722050,0,109,109,true,0
39497,0,0,81031200,140758400,59727200,0,14,117,false,0
39498,0,0,81031200,140762850,59731650,0,0,89,false,0
39499,0,0,81031200,140766750,59735550,0,0,78,false,0
39500,0,0,81031200,140771900,59740700,0,7,110,false,0
39501,0,0,81031200,140776950,59745750,0,0,101,false,0
39502,0,0,81031200,140781400,59750200,0,0,89,false,0
39503,0,0,81031200,140786250,59755050,0,0,97,false,0
39504,0,0,81031200,140790800,59759600,0,0,91,false,0
39505,0,0,81031200,140795550,59764350,0,0,95,false,0
39506,0,0,81031200,140795550,59764350,0,92,92,true,0
39507,0,0,81031200,140795550,59764350,0,113,113,true,0
39508,0,0,81031200,140795550,59764350,0,97,97,true,0
39509,0,0,81031200,140795550,59764350,0,95,95,true,0
39510,0,0,81031200,140799600,59768400,0,0,81,false,0
39511,0,0,81031200,140804150,59772950,0,0,91,false,0
39512,0,0,81031200,140809300,59778100,0,4,107,false,0
39513,0,0,81031200,140814400,59783200,0,0,102,false,0
39514,0,0,81031200,140818550,59787350,0,0,83,false,0
39515,0,0,81031200,140823700,59792500,0,8,111,false,0
39516,0,0,81031200,140823700,59792500,0,81,81,true,0
39517,0,0,81031200,140823700,59792500,0,130,130,true,0
39518,0,0,81031200,140823700,59792500,0,111,111,true,0
39519,0,0,81031200,140823700,59792500,0,91,91,true,0
39520,0,0,81137820,140828100,59690280,0,0,88,false,0
39521,0,0,81137820,140833200,59695380,0,0,102,false,0
39522,0,0,81137820,140833200,59695380,0,103,103,true,0
39523,0,0,81137820,140833200,59695380,0,101,101,true,0
39524,0,0,81137820,140837800,59699980,0,0,92,false,0
39525,0,0,81137820,140842950,59705130,0,1,104,false,0
39526,0,0,81137820,140848100,59710280,0,13,116,false,0
39527,0,0,81137820,140853050,59715230,0,0,99,false,0
39528,0,0,81137820,140857650,59719830,0,0,92,false,0
39529,0,0,81137820,140862650,59724830,0,0,100,false,0
39530,0,0,81137820,140867550,59729730,0,0,98,false,0
39531,0,0,81137820,140872650,59734830,0,0,102,false,0
39532,0,0,81137820,140877800,59739980,0,8,111,false,0
39533,0,0,81137820,140882550,59744730,0,0,95,false,0
39534,0,0,81137820,140887700,59749880,0,15,118,false,0
39535,0,0,81137820,140892500,59754680,0,0,96,false,0
39536,0,0,81137820,140897200,59759380,0,0,94,false,0
39537,0,0,81137820,140902150,59764330,0,0,99,false,0
39538,0,0,81137820,140907200,59769380,0,0,101,false,0
39539,0,0,81137820,140912100,59774280,0,0,98,false,0
39540,0,0,81137820,140916850,59779030,0,0,95,false,0
39541,0,0,81137820,140921400,59783580,0,0,91,false,0
39542,0,0,81137820,140926550,59788730,0,8,111,false,0
39543,0,0,81137820,140931350,59793530,0,0,96,false,0
39544,0,0,81137820,140936300,59798480,0,0,99,false,0
39545,0,0,81137820,140940800,59802980,0,0,90,false,0
39546,0,0,81137820,140945950,59808130,0,20,123,false,0
39547,0,0,81137820,140945950,59808130,0,105,105,true,0
39548,0,0,81137820,140945950,59808130,0,102,102,true,0
39549,0,0,81137820,140950750,59812930,0,0,96,false,0
39550,0,0,81137820,140955200,59817380,0,0,89,false,0
39551,0,0,81137820,140959800,59821980,0,0,92,false,0
39552,0,0,81137820,140964150,59826330,0,0,87,false,0
39553,0,0,81137820,140968700,59830880,0,0,91,false,0
39554,0,0,81137820,140973850,59836030,0,15,118,false,0
39555,0,0,81137820,140977750,59839930,0,0,78,false,0
39556,0,0,81137820,140982450,59844630,0,0,94,false,0
39557,0,0,81137820,140987600,59849780,0,2,105,false,0
39558,0,0,81137820,140992750,59854930,0,9,112,false,0
39559,0,0,81137820,140992750,59854930,0,88,88,true,0
39560,0,0,81137820,140992750,59854930,0,102,102,true,0
39561,0,0,81137820,140997900,59860080,0,4,107,false,0
39562,0,0,81137820,141002550,59864730,0,0,93,false,0
39563,0,0,81137820,141007350,59869530,0,0,96,false,0
39564,0,0,81137820,141011700,59873880,0,0,87,false,0
39565,0,0,81137820,141016850,59879030,0,9,112,false,0
39566,0,0,81137820,141021550,59883730,0,0,94,false,0
39567,0,0,81137820,141026400,59888580,0,0,97,false,0
39568,0,0,81137820,141031550,59893730,0,8,111,false,0
39569,0,0,81137820,141031550,59893730,0,80,80,true,0
39570,0,0,81137820,141036700,59898880,0,3,106,false,0
39571,0,0,81137820,141041700,59903880,0,0,100,false,0
39572,0,0,81244440,141041700,59797260,0,102,102,true,0
39573,0,0,81244440,141046850,59802410,0,6,109,false,0
39574,0,0,81244440,141051750,59807310,0,0,98,false,0
39575,0,0,81244440,141056350,59811910,0,0,92,false,0
39576,0,0,81244440,141061500,59817060,0,2,105,false,0
39577,0,0,81244440,141066150,59821710,0,0,93,false,0
39578,0,0,81244440,141070850,59826410,0,0,94,false,0
39579,0,0,81244440,141075300,59830860,0,0,89,false,0
39580,0,0,81244440,141079500,59835060,0,0,84,false,0
39581,0,0,81244440,141083950,59839510,0,0,89,false,0
39582,0,0,81244440,141088200,59843760,0,0,85,false,0
39583,0,0,81244440,141092800,59848360,0,0,92,false,0
39584,0,0,81244440,141097350,59852910,0,0,91,false,0
39585,0,0,81244440,141102050,59857610,0,0,94,false,0
39586,0,0,81244440,141107200,59862760,0,13,116,false,0
39587,0,0,81244440,141112350,59867910,0,1,104,false,0
39588,0,0,81244440,141117200,59872760,0,0,97,false,0
39589,0,0,81244440,141121750,59877310,0,0,91,false,0
39590,0,0,81244440,141126900,59882460,0,4,107,false,0
39591,0,0,81244440,141132050,59887610,0,10,113,false,0
39592,0,0,81244440,141136200,59891760,0,0,83,false,0
39593,0,0,81244440,141140300,59895860,0,0,82,false,0
39594,0,0,81244440,141140300,59895860,0,111,111,true,0
39595,0,0,81244440,141145450,59901010,0,17,120,false,0
39596,0,0,81244440,141150600,59906160,0,19,122,false,0
39597,0,0,81244440,141155750,59911310,0,0,103,false,0
39598,0,0,81244440,141160750,59916310,0,0,100,false,0
39599,0,0,81244440,141165650,59921210,0,0,98,false,0
39600,0,0,81244440,141169850,59925410,0,0,84,false,0
39601,0,0,81244440,141175000,59930560,0,21,124,false,0
39602,0,0,81244440,141180100,59935660,0,0,102,false,0
39603,0,0,81244440,141185250,59940810,0,6,109,false,0
39604,0,0,81244440,141185250,59940810,0,101,101,true,0
39605,0,0,81244440,141185250,59940810,0,94,94,true,0
39606,0,0,81244440,141185250,59940810,0,116,116,true,0
39607,0,0,81244440,141185250,59940810,0,118,118,true,0
39608,0,0,81244440,141190400,59945960,0,8,111,false,0
39609,0,0,81244440,141195000,59950560,0,0,92,false,0
39610,0,0,81244440,141200150,59955710,0,7,110,false,0
39611,0,0,81244440,141200150,59955710,0,94,94,true,0
39612,0,0,81244440,141205300,59960860,0,7,110,false,0
39613,0,0,81244440,141210200,59965760,0,0,98,false,0
39614,0,0,81244440,141215350,59970910,0,13,116,false,0
39615,0,0,81244440,141219900,59975460,0,0,91,false,0
39616,0,0,81244440,141225050,59980610,0,9,112,false,0
39617,0,0,81244440,141229600,59985160,0,0,91,false,0
39618,0,0,81244440,141234000,59989560,0,0,88,false,0
39619,0,0,81244440,141239050,59994610,0,0,101,false,0
39620,0,0,81244440,141239050,59994610,0,101,101,true,0
39621,0,0,81244440,141239050,59994610,0,90,90,true,0
39622,0,0,81244440,141243750,59999310,0,0,94,false,0
39623,0,0,81244440,141248900,60004460,0,5,108,false,0
39624,0,0,81351060,141248900,59897840,0,78,78,true,0
39625,0,0,81351060,141253950,59902890,0,0,101,false,0
39626,0,0,81351060,141257650,59906590,0,0,74,false,0
39627,0,0,81351060,141262800,59911740,0,7,110,false,0
39628,0,0,81351060,141267100,59916040,0,0,86,false,0
39629,0,0,81351060,141272250,59921190,0,16,119,false,0
39630,0,0,81351060,141277400,59926340,0,1,104,false,0
39631,0,0,81351060,141282000,59930940,0,0,92,false,0
39632,0,0,81351060,141282000,59930940,0,111,111,true,0
39633,0,0,81351060,141282000,59930940,0,107,107,true,0
39634,0,0,81351060,141282000,59930940,0,101,101,true,0
39635,0,0,81351060,141282000,59930940,0,88,88,true,0
39636,0,0,81351060,141282000,59930940,0,117,117,true,0
39637,0,0,81351060,141282000,59930940,0,90,90,true,0
39638,0,0,81351060,141282000,59930940,0,111,111,true,0
39639,0,0,81351060,141287150,59936090,0,2,105,false,0
39640,0,0,81351060,141292250,59941190,0,0,102,false,0
39641,0,0,81351060,141297000,59945940,0,0,95,false,0
39642,0,0,81351060,141301350,59950290,0,0,87,false,0
39643,0,0,81351060,141306450,59955390,0,0,102,false,0
39644,0,0,81351060,141311000,59959940,0,0,91,false,0
39645,0,0,81351060,141316150,59965090,0,11,114,false,0
39646,0,0,81351060,141321050,59969990,0,0,98,false,0
39647,0,0,81351060,141325700,59974640,0,0,93,false,0
39648,0,0,81351060,141325700,59974640,0,92,92,true,0
39649,0,0,81351060,141325700,59974640,0,104,104,true,0
39650,0,0,81351060,141325700,59974640,0,127,127,true,0
39651,0,0,81351060,141325700,59974640,0,98,98,true,0
39652,0,0,81351060,141330150,59979090,0,0,89,false,0
39653,0,0,81351060,141335300,59984240,0,6,109,false,0
39654,0,0,81351060,141339950,59988890,0,0,93,false,0
39655,0,0,81351060,141345050,59993990,0,0,102,false,0
39656,0,0,81351060,141350200,59999140,0,6,109,false,0
39657,0,0,81351060,141355350,60004290,0,2,105,false,0
39658,0,0,81351060,141360500,60009440,0,5,108,false,0
39659,0,0,81351060,141365350,60014290,0,0,97,false,0
39660,0,0,81351060,141370500,60019440,0,2,105,false,0
39661,0,0,81351060,141375300,60024240,0,0,96,false,0
39662,0,0,81351060,141375300,60024240,0,90,90,true,0
39663,0,0,81351060,141375300,60024240,0,91,91,true,0
39664,0,0,81351060,141379650,60028590,0,0,87,false,0
39665,0,0,81351060,141384600,60033540,0,0,99,false,0
39666,0,0,81351060,141389750,60038690,0,5,108,false,0
39667,0,0,81351060,141389750,60038690,0,108,108,true,0
39668,0,0,81351060,141394900,60043840,0,4,107,false,0
39669,0,0,81351060,141399700,60048640,0,0,96,false,0
39670,0,0,81351060,141404850,60053790,0,1,104,false,0
39671,0,0,81351060,141404850,60053790,0,106,106,true,0
39672,0,0,81351060,141410000,60058940,0,0,103,false,0
39673,0,0,81351060,141414350,60063290,0,0,87,false,0
39674,0,0,81351060,141414350,60063290,0,117,117,true,0
39675,0,0,81351060,141414350,60063290,0,100,100,true,0
39676,0,0,81457680,141419050,59961370,0,0,94,false,0
39677,0,0,81457680,141423400,59965720,0,0,87,false,0
39678,0,0,81457680,141428400,59970720,0,0,100,false,0
39679,0,0,81457680,141428400,59970720,0,102,102,true,0
39680,0,0,81457680,141428400,59970720,0,90,90,true,0
39681,0,0,81457680,141428400,59970720,0,93,93,true,0
39682,0,0,81457680,141428400,59970720,0,97,97,true,0
39683,0,0,81457680,141428400,59970720,0,104,104,true,0
39684,0,0,81457680,141428400,59970720,0,107,107,true,0
39685,0,0,81457680,141433550,59975870,0,1,104,false,0
39686,0,0,81457680,141438450,59980770,0,0,98,false,0
39687,0,0,81457680,141438450,59980770,0,112,112,true,0
39688,0,0,81457680,141438450,59980770,0,99,99,true,0
39689,0,0,81457680,141443600,59985920,0,2,105,false,0
39690,0,0,81457680,141448350,59990670,0,0,95,false,0
39691,0,0,81457680,141448350,59990670,0,114,114,true,0
39692,0,0,81457680,141448350,59990670,0,110,110,true,0
39693,0,0,81457680,141453150,59995470,0,0,96,false,0
39694,0,0,81457680,141457500,59999820,0,0,87,false,0
39695,0,0,81457680,141462350,60004670,0,0,97,false,0
39696,0,0,81457680,141462350,60004670,0,93,93,true,0
39697,0,0,81457680,141462350,60004670,0,98,98,true,0
39698,0,0,81457680,141462350,60004670,0,91,91,true,0
39699,0,0,81457680,141462350,60004670,0,105,105,true,0
39700,0,0,81457680,141466400,60008720,0,0,81,false,0
39701,0,0,81457680,141471050,60013370,0,0,93,false,0
39702,0,0,81457680,141471050,60013370,0,105,105,true,0
39703,0,0,81457680,141471050,60013370,0,88,88,true,0
39704,0,0,81457680,141475500,60017820,0,0,89,false,0
39705,0,0,81457680,141480650,60022970,0,5,108,false,0
39706,0,0,81457680,141485150,60027470,0,0,90,false,0
39707,0,0,81457680,141485150,60027470,0,105,105,true,0
39708,0,0,81457680,141485150,60027470,0,93,93,true,0
39709,0,0,81457680,141485150,60027470,0,100,100,true,0
39710,0,0,81457680,141485150,60027470,0,107,107,true,0
39711,0,0,81457680,141485150,60027470,0,111,111,true,0
39712,0,0,81457680,141485150,60027470,0,105,105,true,0
39713,0,0,81457680,141485150,60027470,0,117,117,true,0
39714,0,0,81457680,141489700,60032020,0,0,91,false,0
39715,0,0,81457680,141494850,60037170,0,4,107,false,0
39716,0,0,81457680,141500000,60042320,0,4,107,false,0
39717,0,0,81457680,141504950,60047270,0,0,99,false,0
39718,0,0,81457680,141509800,60052120,0,0,97,false,0
39719,0,0,81457680,141509800,60052120,0,113,113,true,0
39720,0,0,81457680,141514950,60057270,0,11,114,false,0
39721,0,0,81457680,141519950,60062270,0,0,100,false,0
39722,0,0,81457680,141525100,60067420,0,10,113,false,0
39723,0,0,81457680,141530000,60072320,0,0,98,false,0
39724,0,0,81457680,141534650,60076970,0,0,93,false,0
39725,0,0,81457680,141538700,60081020,0,0,81,false,0
39726,0,0,81457680,141543050,60085370,0,0,87,false,0
39727,0,0,81457680,141547900,60090220,0,0,97,false,0
39728,0,0,81564300,141552000,59987700,0,0,82,false,0
39729,0,0,81564300,141556400,59992100,0,0,88,false,0
39730,0,0,81564300,141561300,59997000,0,0,98,false,0
39731,0,0,81564300,141565650,60001350,0,0,87,false,0
39732,0,0,81564300,141570800,60006500,0,1,104,false,0
39733,0,0,81564300,141570800,60006500,0,108,108,true,0
39734,0,0,81564300,141570800,60006500,0,100,100,true,0
39735,0,0,81564300,141575950,60011650,0,4,107,false,0
39736,0,0,81564300,141580850,60016550,0,0,98,false,0
39737,0,0,81564300,141585700,60021400,0,0,97,false,0
39738,0,0,81564300,141585700,60021400,0,90,90,true,0
39739,0,0,81564300,141585700,60021400,0,115,115,true,0
39740,0,0,81564300,141590850,60026550,0,7,110,false,0
39741,0,0,81564300,141595800,60031500,0,0,99,false,0
39742,0,0,81564300,141600950,60036650,0,22,125,false,0
39743,0,0,81564300,141600950,60036650,0,84,84,true,0
39744,0,0,81564300,141600950,60036650,0,95,95,true,0
39745,0,0,81564300,141600950,60036650,0,85,85,true,0
39746,0,0,81564300,141605550,60041250,0,0,92,false,0
39747,0,0,81564300,141610700,60046400,0,4,107,false,0
39748,0,0,81564300,141615700,60051400,0,0,100,false,0
39749,0,0,81564300,141620250,60055950,0,0,91,false,0
39750,0,0,81564300,141625250,60060950,0,0,100,false,0
39751,0,0,81564300,141630400,60066100,0,1,104,false,0
39752,0,0,81564300,141635200,60070900,0,0,96,false,0
39753,0,0,81564300,141635200,60070900,0,88,88,true,0
39754,0,0,81564300,141635200,60070900,0,97,97,true,0
39755,0,0,81564300,141635200,60070900,0,94,94,true,0
39756,0,0,81564300,141640350,60076050,0,8,111,false,0
39757,0,0,81564300,141644950,60080650,0,0,92,false,0
39758,0,0,81564300,141649900,60085600,0,0,99,false,0
39759,0,0,81564300,141654400,60090100,0,0,90,false,0
39760,0,0,81564300,141654400,60090100,0,97,97,true,0
39761,0,0,81564300,141654400,60090100,0,90,90,true,0
39762,0,0,81564300,141659050,60094750,0,0,93,false,0
39763,0,0,81564300,141664200,60099900,0,11,114,false,0
39764,0,0,81564300,141664200,60099900,0,89,89,true,0
39765,0,0,81564300,141664200,60099900,0,82,82,true,0
39766,0,0,81564300,141669350,60105050,0,8,111,false,0
39767,0,0,81564300,141674500,60110200,0,5,108,false,0
39768,0,0,81564300,141674500,60110200,0,101,101,true,0
39769,0,0,81564300,141674500,60110200,0,101,101,true,0
39770,0,0,81564300,141674500,60110200,0,108,108,true,0
39771,0,0,81564300,141674500,60110200,0,82,82,true,0
39772,0,0,81564300,141679300,60115000,0,0,96,false,0
39773,0,0,81564300,141684450,60120150,0,4,107,false,0
39774,0,0,81564300,141688600,60124300,0,0,83,false,0
39775,0,0,81564300,141693750,60129450,0,3,106,false,0
39776,0,0,81564300,141698850,60134550,0,0,102,false,0
39777,0,0,81564300,141702950,60138650,0,0,82,false,0
39778,0,0,81564300,141708100,60143800,0,0,103,false,0
39779,0,0,81564300,141712850,60148550,0,0,95,false,0
39780,0,0,81670920,141717000,60046080,0,0,83,false,0
39781,0,0,81670920,141722150,60051230,0,11,114,false,0
39782,0,0,81670920,141726250,60055330,0,0,82,false,0
39783,0,0,81670920,141731250,60060330,0,0,100,false,0
39784,0,0,81670920,141736400,60065480,0,0,103,false,0
39785,0,0,81670920,141741550,60070630,0,9,112,false,0
39786,0,0,81670920,141746000,60075080,0,0,89,false,0
39787,0,0,81670920,141750600,60079680,0,0,92,false,0
39788,0,0,81670920,141755750,60084830,0,4,107,false,0
39789,0,0,81670920,141760900,60089980,0,4,107,false,0
39790,0,0,81670920,141765250,60094330,0,0,87,false,0
39791,0,0,81670920,141769450,60098530,0,0,84,false,0
39792,0,0,81670920,141774400,60103480,0,0,99,false,0
39793,0,0,81670920,141779350,60108430,0,0,99,false,0
39794,0,0,81670920,141779350,60108430,0,105,105,true,0
39795,0,0,81670920,141783450,60112530,0,0,82,false,0
39796,0,0,81670920,141787800,60116880,0,0,87,false,0
39797,0,0,81670920,141792950,60122030,0,6,109,false,0
39798,0,0,81670920,141797800,60126880,0,0,97,false,0
39799,0,0,81670920,141802350,60131430,0,0,91,false,0
39800,0,0,81670920,141807500,60136580,0,3,106,false,0
39801,0,0,81670920,141807500,60136580,0,116,116,true,0
39802,0,0,81670920,141812000,60141080,0,0,90,false,0
39803,0,0,81670920,141817150,60146230,0,6,109,false,0
39804,0,0,81670920,141822100,60151180,0,0,99,false,0
39805,0,0,81670920,141827200,60156280,0,0,102,false,0
39806,0,0,81670920,141831850,60160930,0,0,93,false,0
39807,0,0,81670920,141836550,60165630,0,0,94,false,0
39808,0,0,81670920,141836550,60165630,0,98,98,true,0
39809,0,0,81670920,141836550,60165630,0,104,104,true,0
39810,0,0,81670920,141840700,60169780,0,0,83,false,0
39811,0,0,81670920,141844450,60173530,0,0,75,false,0
39812,0,0,81670920,141849600,60178680,0,5,108,false,0
39813,0,0,81670920,141854700,60183780,0,0,102,false,0
39814,0,0,81670920,141854700,60183780,0,96,96,true,0
39815,0,0,81670920,141859350,60188430,0,0,93,false,0
39816,0,0,81670920,141863700,60192780,0,0,87,false,0
39817,0,0,81670920,141868850,60197930,0,4,107,false,0
39818,0,0,81670920,141874000,60203080,0,0,103,false,0
39819,0,0,81670920,141878400,60207480,0,0,88,false,0
39820,0,0,81670920,141883550,60212630,0,11,114,false,0
39821,0,0,81670920,141888150,60217230,0,0,92,false,0
39822,0,0,81670920,141892850,60221930,0,0,94,false,0
39823,0,0,81670920,141897800,60226880,0,0,99,false,0
39824,0,0,81670920,141902900,60231980,0,0,102,false,0
39825,0,0,81670920,141908050,60237130,0,11,114,false,0
39826,0,0,81670920,141912850,60241930,0,0,96,false,0
39827,0,0,81670920,141912850,60241930,0,105,105,true,0
39828,0,0,81670920,141912850,60241930,0,115,115,true,0
39829,0,0,81670920,141912850,60241930,0,117,117,true,0
39830,0,0,81670920,141912850,60241930,0,97,97,true,0
39831,0,0,81670920,141917800,60246880,0,0,99,false,0
39832,0,0,81777540,141922950,60145410,0,8,111,false,0
39833,0,0,81777540,141928100,60150560,0,3,106,false,0
39834,0,0,81777540,141933100,60155560,0,0,100,false,0
39835,0,0,81777540,141938000,60160460,0,0,98,false,0
39836,0,0,81777540,141938000,60160460,0,97,97,true,0
39837,0,0,81777540,141938000,60160460,0,96,96,true,0
39838,0,0,81777540,141938000,60160460,0,94,94,true,0
39839,0,0,81777540,141938000,60160460,0,83,83,true,0
39840,0,0,81777540,141942700,60165160,0,0,94,false,0
39841,0,0,81777540,141947200,60169660,0,0,90,false,0
39842,0,0,81777540,141951850,60174310,0,0,93,false,0
39843,0,0,81777540,141956950,60179410,0,0,102,false,0
39844,0,0,81777540,141961750,60184210,0,0,96,false,0
39845,0,0,81777540,141961750,60184210,0,81,81,true,0
39846,0,0,81777540,141961750,60184210,0,93,93,true,0
39847,0,0,81777540,141961750,60184210,0,110,110,true,0
39848,0,0,81777540,141961750,60184210,0,101,101,true,0
39849,0,0,81777540,141961750,60184210,0,98,98,true,0
39850,0,0,81777540,141966450,60188910,0,0,94,false,0
39851,0,0,81777540,141971600,60194060,0,18,121,false,0
39852,0,0,81777540,141971600,60194060,0,98,98,true,0
39853,0,0,81777540,141976750,60199210,0,6,109,false,0
39854,0,0,81777540,141981900,60204360,0,2,105,false,0
39855,0,0,81777540,141986400,60208860,0,0,90,false,0
39856,0,0,81777540,141991550,60214010,0,0,103,false,0
39857,0,0,81777540,141996550,60219010,0,0,100,false,0
39858,0,0,81777540,142001700,60224160,0,2,105,false,0
39859,0,0,81777540,142006750,60229210,0,0,101,false,0
39860,0,0,81777540,142011900,60234360,0,0,103,false,0
39861,0,0,81777540,142016400,60238860,0,0,90,false,0
39862,0,0,81777540,142020900,60243360,0,0,90,false,0
39863,0,0,81777540,142025050,60247510,0,0,83,false,0
39864,0,0,81777540,142029700,60252160,0,0,93,false,0
39865,0,0,81777540,142029700,60252160,0,98,98,true,0
39866,0,0,81777540,142029700,60252160,0,99,99,true,0
39867,0,0,81777540,142029700,60252160,0,105,105,true,0
39868,0,0,81777540,142029700,60252160,0,88,88,true,0
39869,0,0,81777540,142034850,60257310,0,13,116,false,0
39870,0,0,81777540,142039300,60261760,0,0,89,false,0
39871,0,0,81777540,142044450,60266910,0,7,110,false,0
39872,0,0,81777540,142048600,60271060,0,0,83,false,0
39873,0,0,81777540,142053250,60275710,0,0,93,false,0
39874,0,0,81777540,142053250,60275710,0,106,106,true,0
39875,0,0,81777540,142057300,60279760,0,0,81,false,0
39876,0,0,81777540,142061700,60284160,0,0,88,false,0
39877,0,0,81777540,142066800,60289260,0,0,102,false,0
39878,0,0,81777540,142066800,60289260,0,91,91,true,0
39879,0,0,81777540,142066800,60289260,0,95,95,true,0
39880,0,0,81777540,142071950,60294410,0,4,107,false,0
39881,0,0,81777540,142076550,60299010,0,0,92,false,0
39882,0,0,81777540,142081700,60304160,0,12,115,false,0
39883,0,0,81777540,142086850,60309310,0,3,106,false,0
39884,0,0,81884160,142092000,60207840,0,4,107,false,0
39885,0,0,81884160,142096900,60212740,0,0,98,false,0
39886,0,0,81884160,142102050,60217890,0,1,104,false,0
39887,0,0,81884160,142107200,60223040,0,11,114,false,0
39888,0,0,81884160,142112250,60228090,0,0,101,false,0
39889,0,0,81884160,142117000,60232840,0,0,95,false,0
39890,0,0,81884160,142121550,60237390,0,0,91,false,0
39891,0,0,81884160,142126350,60242190,0,0,96,false,0
39892,0,0,81884160,142131500,60247340,0,4,107,false,0
39893,0,0,81884160,142136450,60252290,0,0,99,false,0
39894,0,0,81884160,142141600,60257440,0,11,114,false,0
39895,0,0,81884160,142146300,60262140,0,0,94,false,0
39896,0,0,81884160,142151450,60267290,0,0,103,false,0
39897,0,0,81884160,142151450,60267290,0,99,99,true,0
39898,0,0,81884160,142151450,60267290,0,94,94,true,0
39899,0,0,81884160,142151450,60267290,0,117,117,true,0
39900,0,0,81884160,142156450,60272290,0,0,100,false,0
39901,0,0,81884160,142161050,60276890,0,0,92,false,0
39902,0,0,81884160,142166200,60282040,0,5,108,false,0
39903,0,0,81884160,142171250,60287090,0,0,101,false,0
39904,0,0,81884160,142176400,60292240,0,1,104,false,0
39905,0,0,81884160,142181550,60297390,0,6,109,false,0
39906,0,0,81884160,142185800,60301640,0,0,85,false,0
39907,0,0,81884160,142190900,60306740,0,0,102,false,0
39908,0,0,81884160,142190900,60306740,0,94,94,true,0
39909,0,0,81884160,142190900,60306740,0,105,105,true,0
39910,0,0,81884160,142196000,60311840,0,0,102,false,0
39911,0,0,81884160,142200350,60316190,0,0,87,false,0
39912,0,0,81884160,142205000,60320840,0,0,93,false,0
39913,0,0,81884160,142209200,60325040,0,0,84,false,0
39914,0,0,81884160,142214300,60330140,0,0,102,false,0
39915,0,0,81884160,142219450,60335290,0,15,118,false,0
39916,0,0,81884160,142224600,60340440,0,5,108,false,0
39917,0,0,81884160,142229750,60345590,0,10,113,false,0
39918,0,0,81884160,142234900,60350740,0,11,114,false,0
39919,0,0,81884160,142234900,60350740,0,100,100,true,0
39920,0,0,81884160,142234900,60350740,0,111,111,true,0
39921,0,0,81884160,142234900,60350740,0,102,102,true,0
39922,0,0,81884160,142234900,60350740,0,104,104,true,0
39923,0,0,81884160,142234900,60350740,0,99,99,true,0
39924,0,0,81884160,142234900,60350740,0,104,104,true,0
39925,0,0,81884160,142234900,60350740,0,91,91,true,0
39926,0,0,81884160,142240050,60355890,0,37,140,false,0
39927,0,0,81884160,142244650,60360490,0,0,92,false,0
39928,0,0,81884160,142249700,60365540,0,0,101,false,0
39929,0,0,81884160,142254050,60369890,0,0,87,false,0
39930,0,0,81884160,142259200,60375040,0,1,104,false,0
39931,0,0,81884160,142263950,60379790,0,0,95,false,0
39932,0,0,81884160,142269100,60384940,0,4,107,false,0
39933,0,0,81884160,142273850,60389690,0,0,95,false,0
39934,0,0,81884160,142273850,60389690,0,99,99,true,0
39935,0,0,81884160,142279000,60394840,0,3,106,false,0
39936,0,0,81990780,142283500,60292720,0,0,90,false,0
39937,0,0,81990780,142288300,60297520,0,0,96,false,0
39938,0,0,81990780,142293350,60302570,0,0,101,false,0
39939,0,0,81990780,142298100,60307320,0,0,95,false,0
39940,0,0,81990780,142298100,60307320,0,99,99,true,0
39941,0,0,81990780,142303250,60312470,0,6,109,false,0
39942,0,0,81990780,142308400,60317620,0,5,108,false,0
39943,0,0,81990780,142313550,60322770,0,7,110,false,0
39944,0,0,81990780,142318600,60327820,0,0,101,false,0
39945,0,0,81990780,142323750,60332970,0,0,103,false,0
39946,0,0,81990780,142328750,60337970,0,0,100,false,0
39947,0,0,81990780,142333900,60343120,0,12,115,false,0
39948,0,0,81990780,142338650,60347870,0,0,95,false,0
39949,0,0,81990780,142342650,60351870,0,0,80,false,0
39950,0,0,81990780,142347800,60357020,0,18,121,false,0
39951,0,0,81990780,142352450,60361670,0,0,93,false,0
39952,0,0,81990780,142352450,60361670,0,94,94,true,0
39953,0,0,81990780,142357400,60366620,0,0,99,false,0
39954,0,0,81990780,142362100,60371320,0,0,94,false,0
39955,0,0,81990780,142362100,60371320,0,92,92,true,0
39956,0,0,81990780,142362100,60371320,0,122,122,true,0
39957,0,0,81990780,142362100,60371320,0,93,93,true,0
39958,0,0,81990780,142362100,60371320,0,82,82,true,0
39959,0,0,81990780,142367250,60376470,0,20,123,false,0
39960,0,0,81990780,142372400,60381620,0,0,103,false,0
39961,0,0,81990780,142377550,60386770,0,9,112,false,0
39962,0,0,81990780,142381850,60391070,0,0,86,false,0
39963,0,0,81990780,142386600,60395820,0,0,95,false,0
39964,0,0,81990780,142391450,60400670,0,0,97,false,0
39965,0,0,81990780,142396600,60405820,0,4,107,false,0
39966,0,0,81990780,142401200,60410420,0,0,92,false,0
39967,0,0,81990780,142406350,60415570,0,0,103,false,0
39968,0,0,81990780,142411500,60420720,0,4,107,false,0
39969,0,0,81990780,142416650,60425870,0,3,106,false,0
39970,0,0,81990780,142416650,60425870,0,104,104,true,0
39971,0,0,81990780,142416650,60425870,0,93,93,true,0
39972,0,0,81990780,142416650,60425870,0,99,99,true,0
39973,0,0,81990780,142421750,60430970,0,0,102,false,0
39974,0,0,81990780,142426400,60435620,0,0,93,false,0
39975,0,0,81990780,142430950,60440170,0,0,91,false,0
39976,0,0,81990780,142435950,60445170,0,0,100,false,0
39977,0,0,81990780,142440100,60449320,0,0,83,false,0
39978,0,0,81990780,142444600,60453820,0,0,90,false,0
39979,0,0,81990780,142449150,60458370,0,0,91,false,0
39980,0,0,81990780,142454200,60463420,0,0,101,false,0
39981,0,0,81990780,142458700,60467920,0,0,90,false,0
39982,0,0,81990780,142463850,60473070,0,2,105,false,0
39983,0,0,81990780,142463850,60473070,0,87,87,true,0
39984,0,0,81990780,142468800,60478020,0,0,99,false,0
39985,0,0,81990780,142473400,60482620,0,0,92,false,0
39986,0,0,81990780,142478550,60487770,0,6,109,false,0
39987,0,0,81990780,142478550,60487770,0,75,75,true,0
39988,0,0,82097400,142478550,60381150,0,93,93,true,0
39989,0,0,82097400,142478550,60381150,0,103,103,true,0
39990,0,0,82097400,142478550,60381150,0,107,107,true,0
39991,0,0,82097400,142478550,60381150,0,87,87,true,0
39992,0,0,82097400,142483700,60386300,0,7,110,false,0
39993,0,0,82097400,142488700,60391300,0,0,100,false,0
39994,0,0,82097400,142493850,60396450,0,7,110,false,0
39995,0,0,82097400,142499000,60401600,0,5,108,false,0
39996,0,0,82097400,142503600,60406200,0,0,92,false,0
39997,0,0,82097400,142503600,60406200,0,86,86,true,0
39998,0,0,82097400,142503600,60406200,0,108,108,true,0
39999,0,0,82097400,142503600,60406200,0,95,95,true,0
40000,0,0,82097400,142508500,60411100,0,0,98,false,0
40001,0,0,82097400,142513650,60416250,0,21,124,false,0
40002,0,0,82097400,142518200,60420800,0,0,91,false,0
40003,0,0,82097400,142522250,60424850,0,0,81,false,0
40004,0,0,82097400,142526500,60429100,0,0,85,false,0
40005,0,0,82097400,142530850,60433450,0,0,87,false,0
40006,0,0,82097400,142535300,60437900,0,0,89,false,0
40007,0,0,82097400,142540450,60443050,0,4,107,false,0
40008,0,0,82097400,142545050,60447650,0,0,92,false,0
40009,0,0,82097400,142550200,60452800,0,3,106,false,0
40010,0,0,82097400,142555300,60457900,0,0,102,false,0
40011,0,0,82097400,142560450,60463050,0,6,109,false,0
40012,0,0,82097400,142564800,60467400,0,0,87,false,0
40013,0,0,82097400,142569450,60472050,0,0,93,false,0
40014,0,0,82097400,142574250,60476850,0,0,96,false,0
40015,0,0,82097400,142579000,60481600,0,0,95,false,0
40016,0,0,82097400,142583500,60486100,0,0,90,false,0
40017,0,0,82097400,142588100,60490700,0,0,92,false,0
40018,0,0,82097400,142593100,60495700,0,0,100,false,0
40019,0,0,82097400,142593100,60495700,0,108,108,true,0
40020,0,0,82097400,142593100,60495700,0,92,92,true,0
40021,0,0,82097400,142598050,60500650,0,0,99,false,0
40022,0,0,82097400,142603200,60505800,0,18,121,false,0
40023,0,0,82097400,142608150,60510750,0,0,99,false,0
40024,0,0,82097400,142612250,60514850,0,0,82,false,0
40025,0,0,82097400,142617400,60520000,0,7,110,false,0
40026,0,0,82097400,142622400,60525000,0,0,100,false,0
40027,0,0,82097400,142627550,60530150,0,9,112,false,0
40028,0,0,82097400,142631800,60534400,0,0,85,false,0
40029,0,0,82097400,142636600,60539200,0,0,96,false,0
40030,0,0,82097400,142641750,60544350,0,3,106,false,0
40031,0,0,82097400,142645900,60548500,0,0,83,false,0
40032,0,0,82097400,142650850,60553450,0,0,99,false,0
40033,0,0,82097400,142656000,60558600,0,4,107,false,0
40034,0,0,82097400,142660800,60563400,0,0,96,false,0
40035,0,0,82097400,142665300,60567900,0,0,90,false,0
40036,0,0,82097400,142669800,60572400,0,0,90,false,0
40037,0,0,82097400,142674800,60577400,0,0,100,false,0
40038,0,0,82097400,142679450,60582050,0,0,93,false,0
40039,0,0,82097400,142679450,60582050,0,95,95,true,0
40040,0,0,82204020,142684550,60480530,0,0,102,false,0
40041,0,0,82204020,142689600,60485580,0,0,101,false,0
40042,0,0,82204020,142693900,60489880,0,0,86,false,0
40043,0,0,82204020,142698300,60494280,0,0,88,false,0
40044,0,0,82204020,142703000,60498980,0,0,94,false,0
40045,0,0,82204020,142707350,60503330,0,0,87,false,0
40046,0,0,82204020,142712400,60508380,0,0,101,false,0
40047,0,0,82204020,142717550,60513530,0,9,112,false,0
40048,0,0,82204020,142717550,60513530,0,96,96,true,0
40049,0,0,82204020,142717550,60513530,0,117,117,true,0
40050,0,0,82204020,142717550,60513530,0,93,93,true,0
40051,0,0,82204020,142721650,60517630,0,0,82,false,0
40052,0,0,82204020,142726250,60522230,0,0,92,false,0
40053,0,0,82204020,142731150,60527130,0,0,98,false,0
40054,0,0,82204020,142731150,60527130,0,106,106,true,0
40055,0,0,82204020,142731150,60527130,0,90,90,true,0
40056,0,0,82204020,142731150,60527130,0,116,116,true,0
40057,0,0,82204020,142731150,60527130,0,104,104,true,0
40058,0,0,82204020,142735500,60531480,0,0,87,false,0
40059,0,0,82204020,142739800,60535780,0,0,86,false,0
40060,0,0,82204020,142744700,60540680,0,0,98,false,0
40061,0,0,82204020,142749400,60545380,0,0,94,false,0
40062,0,0,82204020,142754100,60550080,0,0,94,false,0
40063,0,0,82204020,142758850,60554830,0,0,95,false,0
40064,0,0,82204020,142758850,60554830,0,100,100,true,0
40065,0,0,82204020,142758850,60554830,0,100,100,true,0
40066,0,0,82204020,142763600,60559580,0,0,95,false,0
40067,0,0,82204020,142768450,60564430,0,0,97,false,0
40068,0,0,82204020,142773100,60569080,0,0,93,false,0
40069,0,0,82204020,142778250,60574230,0,3,106,false,0
40070,0,0,82204020,142783400,60579380,0,11,114,false,0
40071,0,0,82204020,142783400,60579380,0,85,85,true,0
40072,0,0,82204020,142783400,60579380,0,84,84,true,0
40073,0,0,82204020,142783400,60579380,0,84,84,true,0
40074,0,0,82204020,142783400,60579380,0,110,110,true,0
40075,0,0,82204020,142788000,60583980,0,0,92,false,0
40076,0,0,82204020,142792850,60588830,0,0,97,false,0
40077,0,0,82204020,142797400,60593380,0,0,91,false,0
40078,0,0,82204020,142801800,60597780,0,0,88,false,0
40079,0,0,82204020,142806550,60602530,0,0,95,false,0
40080,0,0,82204020,142811700,60607680,0,17,120,false,0
40081,0,0,82204020,142815600,60611580,0,0,78,false,0
40082,0,0,82204020,142820750,60616730,0,5,108,false,0
40083,0,0,82204020,142824450,60620430,0,0,74,false,0
40084,0,0,82204020,142824450,60620430,0,88,88,true,0
40085,0,0,82204020,142824450,60620430,0,100,100,true,0
40086,0,0,82204020,142824450,60620430,0,103,103,true,0
40087,0,0,82204020,142829600,60625580,0,6,109,false,0
40088,0,0,82204020,142834750,60630730,0,8,111,false,0
40089,0,0,82204020,142834750,60630730,0,88,88,true,0
40090,0,0,82204020,142839700,60635680,0,0,99,false,0
40091,0,0,82204020,142844150,60640130,0,0,89,false,0
40092,0,0,82310640,142849150,60538510,0,0,100,false,0
40093,0,0,82310640,142849150,60538510,0,115,115,true,0
40094,0,0,82310640,142849150,60538510,0,95,95,true,0
40095,0,0,82310640,142853850,60543210,0,0,94,false,0
40096,0,0,82310640,142858450,60547810,0,0,92,false,0
40097,0,0,82310640,142863050,60552410,0,0,92,false,0
40098,0,0,82310640,142868100,60557460,0,0,101,false,0
40099,0,0,82310640,142873250,60562610,0,0,103,false,0
40100,0,0,82310640,142873250,60562610,0,105,105,true,0
40101,0,0,82310640,142873250,60562610,0,104,104,true,0
40102,0,0,82310640,142873250,60562610,0,103,103,true,0
40103,0,0,82310640,142877850,60567210,0,0,92,false,0
40104,0,0,82310640,142883000,60572360,0,1,104,false,0
40105,0,0,82310640,142888150,60577510,0,0,103,false,0
40106,0,0,82310640,142888150,60577510,0,111,111,true,0
40107,0,0,82310640,142888150,60577510,0,98,98,true,0
40108,0,0,82310640,142892350,60581710,0,0,84,false,0
40109,0,0,82310640,142896850,60586210,0,0,90,false,0
40110,0,0,82310640,142902000,60591360,0,2,105,false,0
40111,0,0,82310640,142902000,60591360,0,101,101,true,0
40112,0,0,82310640,142906550,60595910,0,0,91,false,0
40113,0,0,82310640,142911700,60601060,0,6,109,false,0
40114,0,0,82310640,142916850,60606210,0,6,109,false,0
40115,0,0,82310640,142922000,60611360,0,5,108,false,0
40116,0,0,82310640,142927000,60616360,0,0,100,false,0
40117,0,0,82310640,142927000,60616360,0,107,107,true,0
40118,0,0,82310640,142932050,60621410,0,0,101,false,0
40119,0,0,82310640,142937000,60626360,0,0,99,false,0
40120,0,0,82310640,142937000,60626360,0,85,85,true,0
40121,0,0,82310640,142937000,60626360,0,105,105,true,0
40122,0,0,82310640,142937000,60626360,0,76,76,true,0
40123,0,0,82310640,142941800,60631160,0,0,96,false,0
40124,0,0,82310640,142946950,60636310,0,0,103,false,0
40125,0,0,82310640,142952100,60641460,0,20,123,false,0
40126,0,0,82310640,142955950,60645310,0,0,77,false,0
40127,0,0,82310640,142955950,60645310,0,85,85,true,0
40128,0,0,82310640,142955950,60645310,0,120,120,true,0
40129,0,0,82310640,142955950,60645310,0,105,105,true,0
40130,0,0,82310640,142955950,60645310,0,105,105,true,0
40131,0,0,82310640,142961100,60650460,0,19,122,false,0
40132,0,0,82310640,142965950,60655310,0,0,97,false,0
40133,0,0,82310640,142971100,60660460,0,6,109,false,0
40134,0,0,82310640,142975800,60665160,0,0,94,false,0
40135,0,0,82310640,142980950,60670310,0,11,114,false,0
40136,0,0,82310640,142986100,60675460,0,13,116,false,0
40137,0,0,82310640,142991250,60680610,0,12,115,false,0
40138,0,0,82310640,142991250,60680610,0,100,100,true,0
40139,0,0,82310640,142995500,60684860,0,0,85,false,0
40140,0,0,82310640,143000100,60689460,0,0,92,false,0
40141,0,0,82310640,143000100,60689460,0,101,101,true,0
40142,0,0,82310640,143005250,60694610,0,5,108,false,0
40143,0,0,82310640,143009600,60698960,0,0,87,false,0
40144,0,0,82417260,143014000,60596740,0,0,88,false,0
40145,0,0,82417260,143019150,60601890,0,11,114,false,0
40146,0,0,82417260,143023950,60606690,0,0,96,false,0
40147,0,0,82417260,143029100,60611840,0,2,105,false,0
40148,0,0,82417260,143029100,60611840,0,101,101,true,0
40149,0,0,82417260,143034250,60616990,0,12,115,false,0
40150,0,0,82417260,143038550,60621290,0,0,86,false,0
40151,0,0,82417260,143043700,60626440,0,9,112,false,0
40152,0,0,82417260,143048850,60631590,0,7,110,false,0
40153,0,0,82417260,143054000,60636740,0,3,106,false,0
40154,0,0,82417260,143059000,60641740,0,0,100,false,0
40155,0,0,82417260,143063250,60645990,0,0,85,false,0
40156,0,0,82417260,143068300,60651040,0,0,101,false,0
40157,0,0,82417260,143073350,60656090,0,0,101,false,0
40158,0,0,82417260,143078500,60661240,0,19,122,false,0
40159,0,0,82417260,143083650,60666390,0,5,108,false,0
40160,0,0,82417260,143088800,60671540,0,0,103,false,0
40161,0,0,82417260,143093950,60676690,0,10,113,false,0
40162,0,0,82417260,143093950,60676690,0,93,93,true,0
40163,0,0,82417260,143093950,60676690,0,107,107,true,0
40164,0,0,82417260,143099100,60681840,0,9,112,false,0
40165,0,0,82417260,143103750,60686490,0,0,93,false,0
40166,0,0,82417260,143108700,60691440,0,0,99,false,0
40167,0,0,82417260,143113750,60696490,0,0,101,false,0
40168,0,0,82417260,143117950,60700690,0,0,84,false,0
40169,0,0,82417260,143122200,60704940,0,0,85,false,0
40170,0,0,82417260,143122200,60704940,0,97,97,true,0
40171,0,0,82417260,143127350,60710090,0,7,110,false,0
40172,0,0,82417260,143132500,60715240,0,6,109,false,0
40173,0,0,82417260,143132500,60715240,0,122,122,true,0
40174,0,0,82417260,143132500,60715240,0,91,91,true,0
40175,0,0,82417260,143137250,60719990,0,0,95,false,0
40176,0,0,82417260,143141800,60724540,0,0,91,false,0
40177,0,0,82417260,143141800,60724540,0,105,105,true,0
40178,0,0,82417260,143141800,60724540,0,104,104,true,0
40179,0,0,82417260,143141800,60724540,0,103,103,true,0
40180,0,0,82417260,143146050,60728790,0,0,85,false,0
40181,0,0,82417260,143149700,60732440,0,0,73,false,0
40182,0,0,82417260,143153700,60736440,0,0,80,false,0
40183,0,0,82417260,143153700,60736440,0,107,107,true,0
40184,0,0,82417260,143158300,60741040,0,0,92,false,0
40185,0,0,82417260,143162950,60745690,0,0,93,false,0
40186,0,0,82417260,143167500,60750240,0,0,91,false,0
40187,0,0,82417260,143172250,60754990,0,0,95,false,0
40188,0,0,82417260,143176800,60759540,0,0,91,false,0
40189,0,0,82417260,143176800,60759540,0,106,106,true,0
40190,0,0,82417260,143181500,60764240,0,0,94,false,0
40191,0,0,82417260,143186650,60769390,0,11,114,false,0
40192,0,0,82417260,143190350,60773090,0,0,74,false,0
40193,0,0,82417260,143195050,60777790,0,0,94,false,0
40194,0,0,82417260,143200200,60782940,0,0,103,false,0
40195,0,0,82417260,143205350,60788090,0,5,108,false,0
40196,0,0,82523880,143205350,60681470,0,92,92,true,0
40197,0,0,82523880,143205350,60681470,0,106,106,true,0
40198,0,0,82523880,143205350,60681470,0,102,102,true,0
40199,0,0,82523880,143210500,60686620,0,13,116,false,0
40200,0,0,82523880,143215400,60691520,0,0,98,false,0
40201,0,0,82523880,143220050,60696170,0,0,93,false,0
40202,0,0,82523880,143225200,60701320,0,13,116,false,0
40203,0,0,82523880,143230350,60706470,0,0,103,false,0
40204,0,0,82523880,143235500,60711620,0,26,129,false,0
40205,0,0,82523880,143240500,60716620,0,0,100,false,0
40206,0,0,82523880,143244550,60720670,0,0,81,false,0
40207,0,0,82523880,143249700,60725820,0,7,110,false,0
40208,0,0,82523880,143254600,60730720,0,0,98,false,0
40209,0,0,82523880,143254600,60730720,0,99,99,true,0
40210,0,0,82523880,143254600,60730720,0,97,97,true,0
40211,0,0,82523880,143254600,60730720,0,104,104,true,0
40212,0,0,82523880,143254600,60730720,0,108,108,true,0
40213,0,0,82523880,143254600,60730720,0,96,96,true,0
40214,0,0,82523880,143254600,60730720,0,91,91,true,0
40215,0,0,82523880,143259750,60735870,0,0,103,false,0
40216,0,0,82523880,143264900,60741020,0,13,116,false,0
40217,0,0,82523880,143269350,60745470,0,0,89,false,0
40218,0,0,82523880,143273250,60749370,0,0,78,false,0
40219,0,0,82523880,143277800,60753920,0,0,91,false,0
40220,0,0,82523880,143282700,60758820,0,0,98,false,0
40221,0,0,82523880,143287800,60763920,0,0,102,false,0
40222,0,0,82523880,143287800,60763920,0,96,96,true,0
40223,0,0,82523880,143292350,60768470,0,0,91,false,0
40224,0,0,82523880,143296750,60772870,0,0,88,false,0
40225,0,0,82523880,143300850,60776970,0,0,82,false,0
40226,0,0,82523880,143305750,60781870,0,0,98,false,0
40227,0,0,82523880,143305750,60781870,0,95,95,true,0
40228,0,0,82523880,143310700,60786820,0,0,99,false,0
40229,0,0,82523880,143314950,60791070,0,0,85,false,0
40230,0,0,82523880,143320100,60796220,0,9,112,false,0
40231,0,0,82523880,143325000,60801120,0,0,98,false,0
40232,0,0,82523880,143330150,60806270,0,1,104,false,0
40233,0,0,82523880,143330150,60806270,0,88,88,true,0
40234,0,0,82523880,143330150,60806270,0,107,107,true,0
40235,0,0,82523880,143335150,60811270,0,0,100,false,0
40236,0,0,82523880,143340200,60816320,0,0,101,false,0
40237,0,0,82523880,143345350,60821470,0,18,121,false,0
40238,0,0,82523880,143350500,60826620,0,5,108,false,0
40239,0,0,82523880,143355100,60831220,0,0,92,false,0
40240,0,0,82523880,143360100,60836220,0,0,100,false,0
40241,0,0,82523880,143364900,60841020,0,0,96,false,0
40242,0,0,82523880,143369800,60845920,0,0,98,false,0
40243,0,0,82523880,143369800,60845920,0,92,92,true,0
40244,0,0,82523880,143374950,60851070,0,9,112,false,0
40245,0,0,82523880,143379850,60855970,0,0,98,false,0
40246,0,0,82523880,143385000,60861120,0,0,103,false,0
40247,0,0,82523880,143389550,60865670,0,0,91,false,0
40248,0,0,82630500,143394700,60764200,0,1,104,false,0
40249,0,0,82630500,143399000,60768500,0,0,86,false,0
40250,0,0,82630500,143403750,60773250,0,0,95,false,0
40251,0,0,82630500,143408150,60777650,0,0,88,false,0
40252,0,0,82630500,143413300,60782800,0,16,119,false,0
40253,0,0,82630500,143418450,60787950,0,3,106,false,0
40254,0,0,82630500,143423200,60792700,0,0,95,false,0
40255,0,0,82630500,143427350,60796850,0,0,83,false,0
40256,0,0,82630500,143432250,60801750,0,0,98,false,0
40257,0,0,82630500,143437100,60806600,0,0,97,false,0
40258,0,0,82630500,143442250,60811750,0,0,103,false,0
40259,0,0,82630500,143447000,60816500,0,0,95,false,0
40260,0,0,82630500,143447000,60816500,0,113,113,true,0
40261,0,0,82630500,143452050,60821550,0,0,101,false,0
40262,0,0,82630500,143457000,60826500,0,0,99,false,0
40263,0,0,82630500,143461800,60831300,0,0,96,false,0
40264,0,0,82630500,143461800,60831300,0,103,103,true,0
40265,0,0,82630500,143461800,60831300,0,86,86,true,0
40266,0,0,82630500,143466950,60836450,0,16,119,false,0
40267,0,0,82630500,143471250,60840750,0,0,86,false,0
40268,0,0,82630500,143476400,60845900,0,0,103,false,0
40269,0,0,82630500,143476400,60845900,0,102,102,true,0
40270,0,0,82630500,143481550,60851050,0,11,114,false,0
40271,0,0,82630500,143486700,60856200,0,2,105,false,0
40272,0,0,82630500,143491450,60860950,0,0,95,false,0
40273,0,0,82630500,143491450,60860950,0,99,99,true,0
40274,0,0,82630500,143491450,60860950,0,109,109,true,0
40275,0,0,82630500,143496500,60866000,0,0,101,false,0
40276,0,0,82630500,143501400,60870900,0,0,98,false,0
40277,0,0,82630500,143506550,60876050,0,7,110,false,0
40278,0,0,82630500,143511100,60880600,0,0,91,false,0
40279,0,0,82630500,143516000,60885500,0,0,98,false,0
40280,0,0,82630500,143520200,60889700,0,0,84,false,0
40281,0,0,82630500,143520200,60889700,0,93,93,true,0
40282,0,0,82630500,143520200,60889700,0,119,119,true,0
40283,0,0,82630500,143520200,60889700,0,81,81,true,0
40284,0,0,82630500,143524900,60894400,0,0,94,false,0
40285,0,0,82630500,143529050,60898550,0,0,83,false,0
40286,0,0,82630500,143533800,60903300,0,0,95,false,0
40287,0,0,82630500,143538950,60908450,0,2,105,false,0
40288,0,0,82630500,143543900,60913400,0,0,99,false,0
40289,0,0,82630500,143548800,60918300,0,0,98,false,0
40290,0,0,82630500,143553950,60923450,0,16,119,false,0
40291,0,0,82630500,143559100,60928600,0,9,112,false,0
40292,0,0,82630500,143563750,60933250,0,0,93,false,0
40293,0,0,82630500,143563750,60933250,0,106,106,true,0
40294,0,0,82630500,143563750,60933250,0,100,100,true,0
40295,0,0,82630500,143568900,60938400,0,10,113,false,0
40296,0,0,82630500,143573500,60943000,0,0,92,false,0
40297,0,0,82630500,143573500,60943000,0,101,101,true,0
40298,0,0,82630500,143578550,60948050,0,0,101,false,0
40299,0,0,82630500,143583700,60953200,0,0,103,false,0
40300,0,0,82737120,143588850,60851730,0,15,118,false,0
40301,0,0,82737120,143594000,60856880,0,16,119,false,0
40302,0,0,82737120,143598850,60861730,0,0,97,false,0
40303,0,0,82737120,143603950,60866830,0,0,102,false,0
40304,0,0,82737120,143608100,60870980,0,0,83,false,0
40305,0,0,82737120,143613100,60875980,0,0,100,false,0
40306,0,0,82737120,143618000,60880880,0,0,98,false,0
40307,0,0,82737120,143623150,60886030,0,0,103,false,0
40308,0,0,82737120,143626900,60889780,0,0,75,false,0
40309,0,0,82737120,143632050,60894930,0,2,105,false,0
40310,0,0,82737120,143637200,60900080,0,26,129,false,0
40311,0,0,82737120,143642350,60905230,0,5,108,false,0
40312,0,0,82737120,143647500,60910380,0,0,103,false,0
40313,0,0,82737120,143652050,60914930,0,0,91,false,0
40314,0,0,82737120,143657150,60920030,0,0,102,false,0
40315,0,0,82737120,143662300,60925180,0,9,112,false,0
40316,0,0,82737120,143667450,60930330,0,17,120,false,0
40317,0,0,82737120,143667450,60930330,0,98,98,true,0
40318,0,0,82737120,143667450,60930330,0,109,109,true,0
40319,0,0,82737120,143667450,60930330,0,83,83,true,0
40320,0,0,82737120,143667450,60930330,0,102,102,true,0
40321,0,0,82737120,143672600,60935480,0,2,105,false,0
40322,0,0,82737120,143677400,60940280,0,0,96,false,0
40323,0,0,82737120,143682100,60944980,0,0,94,false,0
40324,0,0,82737120,143687250,60950130,0,0,103,false,0
40325,0,0,82737120,143692050,60954930,0,0,96,false,0
40326,0,0,82737120,143692050,60954930,0,100,100,true,0
40327,0,0,82737120,143692050,60954930,0,79,79,true,0
40328,0,0,82737120,143692050,60954930,0,100,100,true,0
40329,0,0,82737120,143692050,60954930,0,88,88,true,0
40330,0,0,82737120,143692050,60954930,0,87,87,true,0
40331,0,0,82737120,143696150,60959030,0,0,82,false,0
40332,0,0,82737120,143701300,60964180,0,3,106,false,0
40333,0,0,82737120,143706250,60969130,0,0,99,false,0
40334,0,0,82737120,143711200,60974080,0,0,99,false,0
40335,0,0,82737120,143715500,60978380,0,0,86,false,0
40336,0,0,82737120,143715500,60978380,0,106,106,true,0
40337,0,0,82737120,143719750,60982630,0,0,85,false,0
40338,0,0,82737120,143724700,60987580,0,0,99,false,0
40339,0,0,82737120,143729400,60992280,0,0,94,false,0
40340,0,0,82737120,143734550,60997430,0,4,107,false,0
40341,0,0,82737120,143739450,61002330,0,0,98,false,0
40342,0,0,82737120,143744600,61007480,0,1,104,false,0
40343,0,0,82737120,143749200,61012080,0,0,92,false,0
40344,0,0,82737120,143754300,61017180,0,0,102,false,0
40345,0,0,82737120,143758950,61021830,0,0,93,false,0
40346,0,0,82737120,143764100,61026980,0,12,115,false,0
40347,0,0,82737120,143768650,61031530,0,0,91,false,0
40348,0,0,82737120,143773600,61036480,0,0,99,false,0
40349,0,0,82737120,143778750,61041630,0,2,105,false,0
40350,0,0,82737120,143783450,61046330,0,0,94,false,0
40351,0,0,82737120,143787950,61050830,0,0,90,false,0
40352,0,0,82843740,143787950,60944210,0,89,89,true,0
40353,0,0,82843740,143793050,60949310,0,0,102,false,0
40354,0,0,82843740,143797650,60953910,0,0,92,false,0
40355,0,0,82843740,143802800,60959060,0,8,111,false,0
40356,0,0,82843740,143807950,60964210,0,10,113,false,0
40357,0,0,82843740,143813100,60969360,0,10,113,false,0
40358,0,0,82843740,143818250,60974510,0,11,114,false,0
40359,0,0,82843740,143822400,60978660,0,0,83,false,0
40360,0,0,82843740,143827500,60983760,0,0,102,false,0
40361,0,0,82843740,143832650,60988910,0,14,117,false,0
40362,0,0,82843740,143832650,60988910,0,100,100,true,0
40363,0,0,82843740,143832650,60988910,0,110,110,true,0
40364,0,0,82843740,143837800,60994060,0,6,109,false,0
40365,0,0,82843740,143842950,60999210,0,7,110,false,0
40366,0,0,82843740,143847750,61004010,0,0,96,false,0
40367,0,0,82843740,143852850,61009110,0,0,102,false,0
40368,0,0,82843740,143858000,61014260,0,3,106,false,0
40369,0,0,82843740,143862950,61019210,0,0,99,false,0
40370,0,0,82843740,143868100,61024360,0,7,110,false,0
40371,0,0,82843740,143873250,61029510,0,11,114,false,0
40372,0,0,82843740,143878400,61034660,0,12,115,false,0
40373,0,0,82843740,143878400,61034660,0,107,107,true,0
40374,0,0,82843740,143878400,61034660,0,107,107,true,0
40375,0,0,82843740,143882900,61039160,0,0,90,false,0
40376,0,0,82843740,143888050,61044310,0,0,103,false,0
40377,0,0,82843740,143892850,61049110,0,0,96,false,0
40378,0,0,82843740,143897650,61053910,0,0,96,false,0
40379,0,0,82843740,143897650,61053910,0,81,81,true,0
40380,0,0,82843740,143897650,61053910,0,94,94,true,0
40381,0,0,82843740,143897650,61053910,0,99,99,true,0
40382,0,0,82843740,143897650,61053910,0,96,96,true,0
40383,0,0,82843740,143897650,61053910,0,105,105,true,0
40384,0,0,82843740,143897650,61053910,0,76,76,true,0
40385,0,0,82843740,143897650,61053910,0,113,113,true,0
40386,0,0,82843740,143902800,61059060,0,8,111,false,0
40387,0,0,82843740,143906100,61062360,0,0,66,false,0
40388,0,0,82843740,143911250,61067510,0,2,105,false,0
40389,0,0,82843740,143916400,61072660,0,11,114,false,0
40390,0,0,82843740,143921300,61077560,0,0,98,false,0
40391,0,0,82843740,143926100,61082360,0,0,96,false,0
40392,0,0,82843740,143931250,61087510,0,20,123,false,0
40393,0,0,82843740,143936400,61092660,0,14,117,false,0
40394,0,0,82843740,143940600,61096860,0,0,84,false,0
40395,0,0,82843740,143940600,61096860,0,83,83,true,0
40396,0,0,82843740,143945100,61101360,0,0,90,false,0
40397,0,0,82843740,143949700,61105960,0,0,92,false,0
40398,0,0,82843740,143954050,61110310,0,0,87,false,0
40399,0,0,82843740,143958600,61114860,0,0,91,false,0
40400,0,0,82843740,143958600,61114860,0,84,84,true,0
40401,0,0,82843740,143963750,61120010,0,0,103,false,0
40402,0,0,82843740,143968600,61124860,0,0,97,false,0
40403,0,0,82843740,143973750,61130010,0,9,112,false,0
40404,0,0,82950360,143978900,61028540,0,12,115,false,0
40405,0,0,82950360,143984050,61033690,0,0,103,false,0
40406,0,0,82950360,143989200,61038840,0,0,103,false,0
40407,0,0,82950360,143994050,61043690,0,0,97,false,0
40408,0,0,82950360,143999200,61048840,0,4,107,false,0
40409,0,0,82950360,144004300,61053940,0,0,102,false,0
40410,0,0,82950360,144009050,61058690,0,0,95,false,0
40411,0,0,82950360,144014000,61063640,0,0,99,false,0
40412,0,0,82950360,144018250,61067890,0,0,85,false,0
40413,0,0,82950360,144022600,61072240,0,0,87,false,0
40414,0,0,82950360,144027750,61077390,0,0,103,false,0
40415,0,0,82950360,144032050,61081690,0,0,86,false,0
40416,0,0,82950360,144036900,61086540,0,0,97,false,0
40417,0,0,82950360,144041500,61091140,0,0,92,false,0
40418,0,0,82950360,144046200,61095840,0,0,94,false,0
40419,0,0,82950360,144050700,61100340,0,0,90,false,0
40420,0,0,82950360,144055850,61105490,0,4,107,false,0
40421,0,0,82950360,144061000,61110640,0,4,107,false,0
40422,0,0,82950360,144066150,61115790,0,11,114,false,0
40423,0,0,82950360,144071050,61120690,0,0,98,false,0
40424,0,0,82950360,144076200,61125840,0,4,107,false,0
40425,0,0,82950360,144081200,61130840,0,0,100,false,0
40426,0,0,82950360,144085600,61135240,0,0,88,false,0
40427,0,0,82950360,144089800,61139440,0,0,84,false,0
40428,0,0,82950360,144094950,61144590,0,1,104,false,0
40429,0,0,82950360,144094950,61144590,0,85,85,true,0
40430,0,0,82950360,144094950,61144590,0,98,98,true,0
40431,0,0,82950360,144099600,61149240,0,0,93,false,0
40432,0,0,82950360,144104650,61154290,0,0,101,false,0
40433,0,0,82950360,144109800,61159440,0,5,108,false,0
40434,0,0,82950360,144114750,61164390,0,0,99,false,0
40435,0,0,82950360,144119600,61169240,0,0,97,false,0
40436,0,0,82950360,144124750,61174390,0,7,110,false,0
40437,0,0,82950360,144129900,61179540,0,20,123,false,0
40438,0,0,82950360,144129900,61179540,0,100,100,true,0
40439,0,0,82950360,144129900,61179540,0,110,110,true,0
40440,0,0,82950360,144129900,61179540,0,108,108,true,0
40441,0,0,82950360,144129900,61179540,0,102,102,true,0
40442,0,0,82950360,144129900,61179540,0,104,104,true,0
40443,0,0,82950360,144129900,61179540,0,103,103,true,0
40444,0,0,82950360,144129900,61179540,0,95,95,true,0
40445,0,0,82950360,144129900,61179540,0,100,100,true,0
40446,0,0,82950360,144134150,61183790,0,0,85,false,0
40447,0,0,82950360,144138500,61188140,0,0,87,false,0
40448,0,0,82950360,144143150,61192790,0,0,93,false,0
40449,0,0,82950360,144148200,61197840,0,0,101,false,0
40450,0,0,82950360,144153350,61202990,0,7,110,false,0
40451,0,0,82950360,144158500,61208140,0,6,109,false,0
40452,0,0,82950360,144163150,61212790,0,0,93,false,0
40453,0,0,82950360,144163150,61212790,0,94,94,true,0
40454,0,0,82950360,144163150,61212790,0,108,108,true,0
40455,0,0,82950360,144163150,61212790,0,91,91,true,0
40456,0,0,83056980,144163150,61106170,0,95,95,true,0
40457,0,0,83056980,144168300,61111320,0,20,123,false,0
40458,0,0,83056980,144171900,61114920,0,0,72,false,0
40459,0,0,83056980,144176000,61119020,0,0,82,false,0
40460,0,0,83056980,144181150,61124170,0,0,103,false,0
40461,0,0,83056980,144185550,61128570,0,0,88,false,0
40462,0,0,83056980,144189600,61132620,0,0,81,false,0
40463,0,0,83056980,144194750,61137770,0,5,108,false,0
40464,0,0,83056980,144199900,61142920,0,2,105,false,0
40465,0,0,83056980,144205050,61148070,0,14,117,false,0
40466,0,0,83056980,144205050,61148070,0,99,99,true,0
40467,0,0,83056980,144205050,61148070,0,108,108,true,0
40468,0,0,83056980,144205050,61148070,0,83,83,true,0
40469,0,0,83056980,144205050,61148070,0,104,104,true,0
40470,0,0,83056980,144210100,61153120,0,0,101,false,0
40471,0,0,83056980,144214700,61157720,0,0,92,false,0
40472,0,0,83056980,144219350,61162370,0,0,93,false,0
40473,0,0,83056980,144223800,61166820,0,0,89,false,0
40474,0,0,83056980,144223800,61166820,0,107,107,true,0
40475,0,0,83056980,144223800,61166820,0,102,102,true,0
40476,0,0,83056980,144223800,61166820,0,107,107,true,0
40477,0,0,83056980,144228800,61171820,0,0,100,false,0
40478,0,0,83056980,144233850,61176870,0,0,101,false,0
40479,0,0,83056980,144238600,61181620,0,0,95,false,0
40480,0,0,83056980,144243500,61186520,0,0,98,false,0
40481,0,0,83056980,144248650,61191670,0,0,103,false,0
40482,0,0,83056980,144253600,61196620,0,0,99,false,0
40483,0,0,83056980,144258550,61201570,0,0,99,false,0
40484,0,0,83056980,144263700,61206720,0,5,108,false,0
40485,0,0,83056980,144263700,61206720,0,101,101,true,0
40486,0,0,83056980,144263700,61206720,0,99,99,true,0
40487,0,0,83056980,144268200,61211220,0,0,90,false,0
40488,0,0,83056980,144272700,61215720,0,0,90,false,0
40489,0,0,83056980,144272700,61215720,0,120,120,true,0
40490,0,0,83056980,144277600,61220620,0,0,98,false,0
40491,0,0,83056980,144282750,61225770,0,1,104,false,0
40492,0,0,83056980,144287900,61230920,0,10,113,false,0
40493,0,0,83056980,144287900,61230920,0,94,94,true,0
40494,0,0,83056980,144293050,61236070,0,0,103,false,0
40495,0,0,83056980,144297900,61240920,0,0,97,false,0
40496,0,0,83056980,144302150,61245170,0,0,85,false,0
40497,0,0,83056980,144306850,61249870,0,0,94,false,0
40498,0,0,83056980,144306850,61249870,0,85,85,true,0
40499,0,0,83056980,144311250,61254270,0,0,88,false,0
40500,0,0,83056980,144316400,61259420,0,1,104,false,0
40501,0,0,83056980,144321450,61264470,0,0,101,false,0
40502,0,0,83056980,144326000,61269020,0,0,91,false,0
40503,0,0,83056980,144330400,61273420,0,0,88,false,0
40504,0,0,83056980,144335350,61278370,0,0,99,false,0
40505,0,0,83056980,144340500,61283520,0,5,108,false,0
40506,0,0,83056980,144345450,61288470,0,0,99,false,0
40507,0,0,83056980,144350050,61293070,0,0,92,false,0
40508,0,0,83163600,144350050,61186450,0,98,98,true,0
40509,0,0,83163600,144355200,61191600,0,10,113,false,0
40510,0,0,83163600,144360200,61196600,0,0,100,false,0
40511,0,0,83163600,144365200,61201600,0,0,100,false,0
40512,0,0,83163600,144370350,61206750,0,4,107,false,0
40513,0,0,83163600,144375500,61211900,0,0,103,false,0
40514,0,0,83163600,144380500,61216900,0,0,100,false,0
40515,0,0,83163600,144385150,61221550,0,0,93,false,0
40516,0,0,83163600,144390300,61226700,0,8,111,false,0
40517,0,0,83163600,144395450,61231850,0,15,118,false,0
40518,0,0,83163600,144399350,61235750,0,0,78,false,0
40519,0,0,83163600,144403450,61239850,0,0,82,false,0
40520,0,0,83163600,144408150,61244550,0,0,94,false,0
40521,0,0,83163600,144412250,61248650,0,0,82,false,0
40522,0,0,83163600,144416600,61253000,0,0,87,false,0
40523,0,0,83163600,144421300,61257700,0,0,94,false,0
40524,0,0,83163600,144426450,61262850,0,9,112,false,0
40525,0,0,83163600,144430100,61266500,0,0,73,false,0
40526,0,0,83163600,144430100,61266500,0,97,97,true,0
40527,0,0,83163600,144430100,61266500,0,95,95,true,0
40528,0,0,83163600,144435250,61271650,0,3,106,false,0
40529,0,0,83163600,144439900,61276300,0,0,93,false,0
40530,0,0,83163600,144445050,61281450,0,6,109,false,0
40531,0,0,83163600,144449900,61286300,0,0,97,false,0
40532,0,0,83163600,144454800,61291200,0,0,98,false,0
40533,0,0,83163600,144459450,61295850,0,0,93,false,0
40534,0,0,83163600,144464200,61300600,0,0,95,false,0
40535,0,0,83163600,144469150,61305550,0,0,99,false,0
40536,0,0,83163600,144474300,61310700,0,0,103,false,0
40537,0,0,83163600,144479050,61315450,0,0,95,false,0
40538,0,0,83163600,144483550,61319950,0,0,90,false,0
40539,0,0,83163600,144488450,61324850,0,0,98,false,0
40540,0,0,83163600,144493150,61329550,0,0,94,false,0
40541,0,0,83163600,144498300,61334700,0,3,106,false,0
40542,0,0,83163600,144502950,61339350,0,0,93,false,0
40543,0,0,83163600,144507350,61343750,0,0,88,false,0
40544,0,0,83163600,144507350,61343750,0,92,92,true,0
40545,0,0,83163600,144512500,61348900,0,4,107,false,0
40546,0,0,83163600,144517200,61353600,0,0,94,false,0
40547,0,0,83163600,144522350,61358750,0,3,106,false,0
40548,0,0,83163600,144526750,61363150,0,0,88,false,0
40549,0,0,83163600,144531650,61368050,0,0,98,false,0
40550,0,0,83163600,144536800,61373200,0,7,110,false,0
40551,0,0,83163600,144536800,61373200,0,103,103,true,0
40552,0,0,83163600,144536800,61373200,0,103,103,true,0
40553,0,0,83163600,144541650,61378050,0,0,97,false,0
40554,0,0,83163600,144546800,61383200,0,11,114,false,0
40555,0,0,83163600,144551800,61388200,0,0,100,false,0
40556,0,0,83163600,144556950,61393350,0,17,120,false,0
40557,0,0,83163600,144561600,61398000,0,0,93,false,0
40558,0,0,83163600,144566750,61403150,0,5,108,false,0
40559,0,0,83163600,144571600,61408000,0,0,97,false,0
40560,0,0,83270220,144576050,61305830,0,0,89,false,0
40561,0,0,83270220,144580800,61310580,0,0,95,false,0
40562,0,0,83270220,144585700,61315480,0,0,98,false,0
40563,0,0,83270220,144590450,61320230,0,0,95,false,0
40564,0,0,83270220,144595600,61325380,0,12,115,false,0
40565,0,0,83270220,144600050,61329830,0,0,89,false,0
40566,0,0,83270220,144604650,61334430,0,0,92,false,0
40567,0,0,83270220,144609800,61339580,0,10,113,false,0
40568,0,0,83270220,144614850,61344630,0,0,101,false,0
40569,0,0,83270220,144619550,61349330,0,0,94,false,0
40570,0,0,83270220,144623800,61353580,0,0,85,false,0
40571,0,0,83270220,144628850,61358630,0,0,101,false,0
40572,0,0,83270220,144633650,61363430,0,0,96,false,0
40573,0,0,83270220,144638500,61368280,0,0,97,false,0
40574,0,0,83270220,144643650,61373430,0,0,103,false,0
40575,0,0,83270220,144648250,61378030,0,0,92,false,0
40576,0,0,83270220,144648250,61378030,0,88,88,true,0
40577,0,0,83270220,144648250,61378030,0,101,101,true,0
40578,0,0,83270220,144653350,61383130,0,0,102,false,0
40579,0,0,83270220,144658500,61388280,0,7,110,false,0
40580,0,0,83270220,144663300,61393080,0,0,96,false,0
40581,0,0,83270220,144663300,61393080,0,114,114,true,0
40582,0,0,83270220,144663300,61393080,0,96,96,true,0
40583,0,0,83270220,144663300,61393080,0,98,98,true,0
40584,0,0,83270220,144663300,61393080,0,110,110,true,0
40585,0,0,83270220,144668300,61398080,0,0,100,false,0
40586,0,0,83270220,144673150,61402930,0,0,97,false,0
40587,0,0,83270220,144678150,61407930,0,0,100,false,0
40588,0,0,83270220,144683100,61412880,0,0,99,false,0
40589,0,0,83270220,144688250,61418030,0,1,104,false,0
40590,0,0,83270220,144693400,61423180,0,9,112,false,0
40591,0,0,83270220,144698250,61428030,0,0,97,false,0
40592,0,0,83270220,144703400,61433180,0,1,104,false,0
40593,0,0,83270220,144708550,61438330,0,6,109,false,0
40594,0,0,83270220,144713050,61442830,0,0,90,false,0
40595,0,0,83270220,144717750,61447530,0,0,94,false,0
40596,0,0,83270220,144717750,61447530,0,113,113,true,0
40597,0,0,83270220,144722900,61452680,0,2,105,false,0
40598,0,0,83270220,144728000,61457780,0,0,102,false,0
40599,0,0,83270220,144732800,61462580,0,0,96,false,0
40600,0,0,83270220,144736800,61466580,0,0,80,false,0
40601,0,0,83270220,144736800,61466580,0,91,91,true,0
40602,0,0,83270220,144736800,61466580,0,94,94,true,0
40603,0,0,83270220,144741100,61470880,0,0,86,false,0
40604,0,0,83270220,144746000,61475780,0,0,98,false,0
40605,0,0,83270220,144751000,61480780,0,0,100,false,0
40606,0,0,83270220,144756150,61485930,0,14,117,false,0
40607,0,0,83270220,144761150,61490930,0,0,100,false,0
40608,0,0,83270220,144766300,61496080,0,2,105,false,0
40609,0,0,83270220,144770600,61500380,0,0,86,false,0
40610,0,0,83270220,144775400,61505180,0,0,96,false,0
40611,0,0,83270220,144780550,61510330,0,6,109,false,0
40612,0,0,83376840,144785050,61408210,0,0,90,false,0
40613,0,0,83376840,144790200,61413360,0,7,110,false,0
40614,0,0,83376840,144795350,61418510,0,24,127,false,0
40615,0,0,83376840,144800450,61423610,0,0,102,false,0
40616,0,0,83376840,144805600,61428760,0,4,107,false,0
40617,0,0,83376840,144810600,61433760,0,0,100,false,0
40618,0,0,83376840,144815750,61438910,0,2,105,false,0
40619,0,0,83376840,144820900,61444060,0,11,114,false,0
40620,0,0,83376840,144826050,61449210,0,8,111,false,0
40621,0,0,83376840,144830350,61453510,0,0,86,false,0
40622,0,0,83376840,144835350,61458510,0,0,100,false,0
40623,0,0,83376840,144839950,61463110,0,0,92,false,0
40624,0,0,83376840,144844850,61468010,0,0,98,false,0
40625,0,0,83376840,144844850,61468010,0,93,93,true,0
40626,0,0,83376840,144844850,61468010,0,86,86,true,0
40627,0,0,83376840,144844850,61468010,0,93,93,true,0
40628,0,0,83376840,144850000,61473160,0,3,106,false,0
40629,0,0,83376840,144854500,61477660,0,0,90,false,0
40630,0,0,83376840,144859300,61482460,0,0,96,false,0
40631,0,0,83376840,144864000,61487160,0,0,94,false,0
40632,0,0,83376840,144864000,61487160,0,103,103,true,0
40633,0,0,83376840,144864000,61487160,0,100,100,true,0
40634,0,0,83376840,144864000,61487160,0,93,93,true,0
40635,0,0,83376840,144868650,61491810,0,0,93,false,0
40636,0,0,83376840,144873800,61496960,0,4,107,false,0
40637,0,0,83376840,144873800,61496960,0,89,89,true,0
40638,0,0,83376840,144878800,61501960,0,0,100,false,0
40639,0,0,83376840,144883650,61506810,0,0,97,false,0
40640,0,0,83376840,144888800,61511960,0,1,104,false,0
40641,0,0,83376840,144893950,61517110,0,12,115,false,0
40642,0,0,83376840,144893950,61517110,0,94,94,true,0
40643,0,0,83376840,144898850,61522010,0,0,98,false,0
40644,0,0,83376840,144903150,61526310,0,0,86,false,0
40645,0,0,83376840,144908100,61531260,0,0,99,false,0
40646,0,0,83376840,144913250,61536410,0,8,111,false,0
40647,0,0,83376840,144918300,61541460,0,0,101,false,0
40648,0,0,83376840,144923050,61546210,0,0,95,false,0
40649,0,0,83376840,144927950,61551110,0,0,98,false,0
40650,0,0,83376840,144932750,61555910,0,0,96,false,0
40651,0,0,83376840,144937600,61560760,0,0,97,false,0
40652,0,0,83376840,144937600,61560760,0,111,111,true,0
40653,0,0,83376840,144942750,61565910,0,7,110,false,0
40654,0,0,83376840,144947350,61570510,0,0,92,false,0
40655,0,0,83376840,144947350,61570510,0,115,115,true,0
40656,0,0,83376840,144947350,61570510,0,88,88,true,0
40657,0,0,83376840,144952500,61575660,0,16,119,false,0
40658,0,0,83376840,144957150,61580310,0,0,93,false,0
40659,0,0,83376840,144961950,61585110,0,0,96,false,0
40660,0,0,83376840,144961950,61585110,0,110,110,true,0
40661,0,0,83376840,144961950,61585110,0,100,100,true,0
40662,0,0,83376840,144961950,61585110,0,89,89,true,0
40663,0,0,83376840,144961950,61585110,0,94,94,true,0
40664,0,0,83483460,144961950,61478490,0,82,82,true,0
40665,0,0,83483460,144961950,61478490,0,99,99,true,0
40666,0,0,83483460,144961950,61478490,0,93,93,true,0
40667,0,0,83483460,144967000,61483540,0,0,101,false,0
40668,0,0,83483460,144972150,61488690,0,18,121,false,0
40669,0,0,83483460,144976800,61493340,0,0,93,false,0
40670,0,0,83483460,144981950,61498490,0,6,109,false,0
40671,0,0,83483460,144986850,61503390,0,0,98,false,0
40672,0,0,83483460,144991450,61507990,0,0,92,false,0
40673,0,0,83483460,144991450,61507990,0,107,107,true,0
40674,0,0,83483460,144991450,61507990,0,114,114,true,0
40675,0,0,83483460,144991450,61507990,0,93,93,true,0
40676,0,0,83483460,144991450,61507990,0,88,88,true,0
40677,0,0,83483460,144991450,61507990,0,108,108,true,0
40678,0,0,83483460,144996600,61513140,0,1,104,false,0
40679,0,0,83483460,145001500,61518040,0,0,98,false,0
40680,0,0,83483460,145006650,61523190,0,5,108,false,0
40681,0,0,83483460,145011650,61528190,0,0,100,false,0
40682,0,0,83483460,145016800,61533340,0,17,120,false,0
40683,0,0,83483460,145021200,61537740,0,0,88,false,0
40684,0,0,83483460,145025950,61542490,0,0,95,false,0
40685,0,0,83483460,145025950,61542490,0,98,98,true,0
40686,0,0,83483460,145025950,61542490,0,119,119,true,0
40687,0,0,83483460,145030650,61547190,0,0,94,false,0
40688,0,0,83483460,145035400,61551940,0,0,95,false,0
40689,0,0,83483460,145040400,61556940,0,0,100,false,0
40690,0,0,83483460,145045550,61562090,0,15,118,false,0
40691,0,0,83483460,145050400,61566940,0,0,97,false,0
40692,0,0,83483460,145055550,61572090,0,3,106,false,0
40693,0,0,83483460,145059950,61576490,0,0,88,false,0
40694,0,0,83483460,145065050,61581590,0,0,102,false,0
40695,0,0,83483460,145070200,61586740,0,9,112,false,0
40696,0,0,83483460,145074900,61591440,0,0,94,false,0
40697,0,0,83483460,145080050,61596590,0,3,106,false,0
40698,0,0,83483460,145085200,61601740,0,1,104,false,0
40699,0,0,83483460,145089850,61606390,0,0,93,false,0
40700,0,0,83483460,145093850,61610390,0,0,80,false,0
40701,0,0,83483460,145097700,61614240,0,0,77,false,0
40702,0,0,83483460,145102250,61618790,0,0,91,false,0
40703,0,0,83483460,145107100,61623640,0,0,97,false,0
40704,0,0,83483460,145111750,61628290,0,0,93,false,0
40705,0,0,83483460,145116800,61633340,0,0,101,false,0
40706,0,0,83483460,145121950,61638490,0,3,106,false,0
40707,0,0,83483460,145126450,61642990,0,0,90,false,0
40708,0,0,83483460,145131600,61648140,0,0,103,false,0
40709,0,0,83483460,145136750,61653290,0,0,103,false,0
40710,0,0,83483460,145141150,61657690,0,0,88,false,0
40711,0,0,83483460,145146300,61662840,0,9,112,false,0
40712,0,0,83483460,145146300,61662840,0,104,104,true,0
40713,0,0,83483460,145146300,61662840,0,90,90,true,0
40714,0,0,83483460,145146300,61662840,0,76,76,true,0
40715,0,0,83483460,145146300,61662840,0,111,111,true,0
40716,0,0,83590080,145146300,61556220,0,110,110,true,0
40717,0,0,83590080,145146300,61556220,0,100,100,true,0
40718,0,0,83590080,145146300,61556220,0,93,93,true,0
40719,0,0,83590080,145146300,61556220,0,99,99,true,0
40720,0,0,83590080,145150950,61560870,0,0,93,false,0
40721,0,0,83590080,145155800,61565720,0,0,97,false,0
40722,0,0,83590080,145160450,61570370,0,0,93,false,0
40723,0,0,83590080,145165600,61575520,0,17,120,false,0
40724,0,0,83590080,145170600,61580520,0,0,100,false,0
40725,0,0,83590080,145174700,61584620,0,0,82,false,0
40726,0,0,83590080,145179850,61589770,0,10,113,false,0
40727,0,0,83590080,145184550,61594470,0,0,94,false,0
40728,0,0,83590080,145189500,61599420,0,0,99,false,0
40729,0,0,83590080,145189500,61599420,0,97,97,true,0
40730,0,0,83590080,145189500,61599420,0,97,97,true,0
40731,0,0,83590080,145194350,61604270,0,0,97,false,0
40732,0,0,83590080,145199500,61609420,0,2,105,false,0
40733,0,0,83590080,145204350,61614270,0,0,97,false,0
40734,0,0,83590080,145204350,61614270,0,106,106,true,0
40735,0,0,83590080,145204350,61614270,0,103,103,true,0
40736,0,0,83590080,145204350,61614270,0,105,105,true,0
40737,0,0,83590080,145204350,61614270,0,110,110,true,0
40738,0,0,83590080,145204350,61614270,0,88,88,true,0
40739,0,0,83590080,145204350,61614270,0,99,99,true,0
40740,0,0,83590080,145209250,61619170,0,0,98,false,0
40741,0,0,83590080,145213350,61623270,0,0,82,false,0
40742,0,0,83590080,145213350,61623270,0,103,103,true,0
40743,0,0,83590080,145217600,61627520,0,0,85,false,0
40744,0,0,83590080,145222750,61632670,0,2,105,false,0
40745,0,0,83590080,145226700,61636620,0,0,79,false,0
40746,0,0,83590080,145226700,61636620,0,109,109,true,0
40747,0,0,83590080,145231850,61641770,0,15,118,false,0
40748,0,0,83590080,145236550,61646470,0,0,94,false,0
40749,0,0,83590080,145241700,61651620,0,5,108,false,0
40750,0,0,83590080,145246850,61656770,0,4,107,false,0
40751,0,0,83590080,145251550,61661470,0,0,94,false,0
40752,0,0,83590080,145256300,61666220,0,0,95,false,0
40753,0,0,83590080,145260550,61670470,0,0,85,false,0
40754,0,0,83590080,145264900,61674820,0,0,87,false,0
40755,0,0,83590080,145269350,61679270,0,0,89,false,0
40756,0,0,83590080,145274050,61683970,0,0,94,false,0
40757,0,0,83590080,145279000,61688920,0,0,99,false,0
40758,0,0,83590080,145283650,61693570,0,0,93,false,0
40759,0,0,83590080,145288800,61698720,0,1,104,false,0
40760,0,0,83590080,145293550,61703470,0,0,95,false,0
40761,0,0,83590080,145293550,61703470,0,105,105,true,0
40762,0,0,83590080,145298400,61708320,0,0,97,false,0
40763,0,0,83590080,145303500,61713420,0,0,102,false,0
40764,0,0,83590080,145308650,61718570,0,18,121,false,0
40765,0,0,83590080,145313200,61723120,0,0,91,false,0
40766,0,0,83590080,145317500,61727420,0,0,86,false,0
40767,0,0,83590080,145322450,61732370,0,0,99,false,0
40768,0,0,83696700,145327600,61630900,0,1,104,false,0
40769,0,0,83696700,145331800,61635100,0,0,84,false,0
40770,0,0,83696700,145336950,61640250,0,4,107,false,0
40771,0,0,83696700,145341950,61645250,0,0,100,false,0
40772,0,0,83696700,145347100,61650400,0,8,111,false,0
40773,0,0,83696700,145351750,61655050,0,0,93,false,0
40774,0,0,83696700,145356350,61659650,0,0,92,false,0
40775,0,0,83696700,145361150,61664450,0,0,96,false,0
40776,0,0,83696700,145366300,61669600,0,10,113,false,0
40777,0,0,83696700,145371450,61674750,0,1,104,false,0
40778,0,0,83696700,145376400,61679700,0,0,99,false,0
40779,0,0,83696700,145376400,61679700,0,96,96,true,0
40780,0,0,83696700,145376400,61679700,0,83,83,true,0
40781,0,0,83696700,145376400,61679700,0,108,108,true,0
40782,0,0,83696700,145381150,61684450,0,0,95,false,0
40783,0,0,83696700,145385900,61689200,0,0,95,false,0
40784,0,0,83696700,145391050,61694350,0,1,104,false,0
40785,0,0,83696700,145396200,61699500,0,17,120,false,0
40786,0,0,83696700,145400900,61704200,0,0,94,false,0
40787,0,0,83696700,145406050,61709350,0,17,120,false,0
40788,0,0,83696700,145410350,61713650,0,0,86,false,0
40789,0,0,83696700,145415500,61718800,0,1,104,false,0
40790,0,0,83696700,145420650,61723950,0,6,109,false,0
40791,0,0,83696700,145425300,61728600,0,0,93,false,0
40792,0,0,83696700,145430200,61733500,0,0,98,false,0
40793,0,0,83696700,145435150,61738450,0,0,99,false,0
40794,0,0,83696700,145440250,61743550,0,0,102,false,0
40795,0,0,83696700,145445400,61748700,0,9,112,false,0
40796,0,0,83696700,145445400,61748700,0,112,112,true,0
40797,0,0,83696700,145445400,61748700,0,97,97,true,0
40798,0,0,83696700,145450350,61753650,0,0,99,false,0
40799,0,0,83696700,145455500,61758800,0,8,111,false,0
40800,0,0,83696700,145460050,61763350,0,0,91,false,0
40801,0,0,83696700,145464300,61767600,0,0,85,false,0
40802,0,0,83696700,145469450,61772750,0,7,110,false,0
40803,0,0,83696700,145474500,61777800,0,0,101,false,0
40804,0,0,83696700,145474500,61777800,0,102,102,true,0
40805,0,0,83696700,145474500,61777800,0,94,94,true,0
40806,0,0,83696700,145474500,61777800,0,95,95,true,0
40807,0,0,83696700,145474500,61777800,0,88,88,true,0
40808,0,0,83696700,145479100,61782400,0,0,92,false,0
40809,0,0,83696700,145483450,61786750,0,0,87,false,0
40810,0,0,83696700,145488600,61791900,0,9,112,false,0
40811,0,0,83696700,145493750,61797050,0,2,105,false,0
40812,0,0,83696700,145498450,61801750,0,0,94,false,0
40813,0,0,83696700,145503100,61806400,0,0,93,false,0
40814,0,0,83696700,145508250,61811550,0,1,104,false,0
40815,0,0,83696700,145508250,61811550,0,96,96,true,0
40816,0,0,83696700,145508250,61811550,0,104,104,true,0
40817,0,0,83696700,145508250,61811550,0,101,101,true,0
40818,0,0,83696700,145513400,61816700,0,1,104,false,0
40819,0,0,83696700,145518550,61821850,0,13,116,false,0
40820,0,0,83803320,145523700,61720380,0,4,107,false,0
40821,0,0,83803320,145528850,61725530,0,8,111,false,0
40822,0,0,83803320,145533750,61730430,0,0,98,false,0
40823,0,0,83803320,145538250,61734930,0,0,90,false,0
40824,0,0,83803320,145541850,61738530,0,0,72,false,0
40825,0,0,83803320,145547000,61743680,0,0,103,false,0
40826,0,0,83803320,145552150,61748830,0,4,107,false,0
40827,0,0,83803320,145557150,61753830,0,0,100,false,0
40828,0,0,83803320,145562300,61758980,0,5,108,false,0
40829,0,0,83803320,145567050,61763730,0,0,95,false,0
40830,0,0,83803320,145571150,61767830,0,0,82,false,0
40831,0,0,83803320,145576000,61772680,0,0,97,false,0
40832,0,0,83803320,145581100,61777780,0,0,102,false,0
40833,0,0,83803320,145584700,61781380,0,0,72,false,0
40834,0,0,83803320,145589850,61786530,0,1,104,false,0
40835,0,0,83803320,145595000,61791680,0,2,105,false,0
40836,0,0,83803320,145595000,61791680,0,96,96,true,0
40837,0,0,83803320,145595000,61791680,0,94,94,true,0
40838,0,0,83803320,145595000,61791680,0,100,100,true,0
40839,0,0,83803320,145595000,61791680,0,115,115,true,0
40840,0,0,83803320,145599700,61796380,0,0,94,false,0
40841,0,0,83803320,145604850,61801530,0,1,104,false,0
40842,0,0,83803320,145609700,61806380,0,0,97,false,0
40843,0,0,83803320,145614700,61811380,0,0,100,false,0
40844,0,0,83803320,145614700,61811380,0,86,86,true,0
40845,0,0,83803320,145619600,61816280,0,0,98,false,0
40846,0,0,83803320,145624150,61820830,0,0,91,false,0
40847,0,0,83803320,145629150,61825830,0,0,100,false,0
40848,0,0,83803320,145634000,61830680,0,0,97,false,0
40849,0,0,83803320,145639100,61835780,0,0,102,false,0
40850,0,0,83803320,145644250,61840930,0,17,120,false,0
40851,0,0,83803320,145649400,61846080,0,4,107,false,0
40852,0,0,83803320,145649400,61846080,0,106,106,true,0
40853,0,0,83803320,145649400,61846080,0,110,110,true,0
40854,0,0,83803320,145654450,61851130,0,0,101,false,0
40855,0,0,83803320,145659600,61856280,0,10,113,false,0
40856,0,0,83803320,145664050,61860730,0,0,89,false,0
40857,0,0,83803320,145669200,61865880,0,0,103,false,0
40858,0,0,83803320,145674050,61870730,0,0,97,false,0
40859,0,0,83803320,145678550,61875230,0,0,90,false,0
40860,0,0,83803320,145683700,61880380,0,7,110,false,0
40861,0,0,83803320,145688850,61885530,0,12,115,false,0
40862,0,0,83803320,145694000,61890680,0,2,105,false,0
40863,0,0,83803320,145698900,61895580,0,0,98,false,0
40864,0,0,83803320,145703750,61900430,0,0,97,false,0
40865,0,0,83803320,145708900,61905580,0,11,114,false,0
40866,0,0,83803320,145708900,61905580,0,103,103,true,0
40867,0,0,83803320,145713750,61910430,0,0,97,false,0
40868,0,0,83803320,145717950,61914630,0,0,84,false,0
40869,0,0,83803320,145722600,61919280,0,0,93,false,0
40870,0,0,83803320,145722600,61919280,0,95,95,true,0
40871,0,0,83803320,145727250,61923930,0,0,93,false,0
40872,0,0,83909940,145731500,61821560,0,0,85,false,0
40873,0,0,83909940,145736650,61826710,0,0,103,false,0
40874,0,0,83909940,145741650,61831710,0,0,100,false,0
40875,0,0,83909940,145746550,61836610,0,0,98,false,0
40876,0,0,83909940,145750950,61841010,0,0,88,false,0
40877,0,0,83909940,145755400,61845460,0,0,89,false,0
40878,0,0,83909940,145760400,61850460,0,0,100,false,0
40879,0,0,83909940,145765550,61855610,0,0,103,false,0
40880,0,0,83909940,145770700,61860760,0,1,104,false,0
40881,0,0,83909940,145775000,61865060,0,0,86,false,0
40882,0,0,83909940,145779050,61869110,0,0,81,false,0
40883,0,0,83909940,145784200,61874260,0,7,110,false,0
40884,0,0,83909940,145788500,61878560,0,0,86,false,0
40885,0,0,83909940,145793650,61883710,0,11,114,false,0
40886,0,0,83909940,145793650,61883710,0,106,106,true,0
40887,0,0,83909940,145793650,61883710,0,91,91,true,0
40888,0,0,83909940,145793650,61883710,0,90,90,true,0
40889,0,0,83909940,145793650,61883710,0,107,107,true,0
40890,0,0,83909940,145797800,61887860,0,0,83,false,0
40891,0,0,83909940,145802950,61893010,0,1,104,false,0
40892,0,0,83909940,145807800,61897860,0,0,97,false,0
40893,0,0,83909940,145812950,61903010,0,13,116,false,0
40894,0,0,83909940,145812950,61903010,0,89,89,true,0
40895,0,0,83909940,145812950,61903010,0,95,95,true,0
40896,0,0,83909940,145812950,61903010,0,86,86,true,0
40897,0,0,83909940,145812950,61903010,0,82,82,true,0
40898,0,0,83909940,145812950,61903010,0,91,91,true,0
40899,0,0,83909940,145812950,61903010,0,91,91,true,0
40900,0,0,83909940,145812950,61903010,0,100,100,true,0
40901,0,0,83909940,145817450,61907510,0,0,90,false,0
40902,0,0,83909940,145822550,61912610,0,0,102,false,0
40903,0,0,83909940,145827700,61917760,0,7,110,false,0
40904,0,0,83909940,145827700,61917760,0,102,102,true,0
40905,0,0,83909940,145827700,61917760,0,112,112,true,0
40906,0,0,83909940,145832350,61922410,0,0,93,false,0
40907,0,0,83909940,145837500,61927560,0,5,108,false,0
40908,0,0,83909940,145842650,61932710,0,2,105,false,0
40909,0,0,83909940,145842650,61932710,0,107,107,true,0
40910,0,0,83909940,145847650,61937710,0,0,100,false,0
40911,0,0,83909940,145852800,61942860,0,7,110,false,0
40912,0,0,83909940,145857600,61947660,0,0,96,false,0
40913,0,0,83909940,145862500,61952560,0,0,98,false,0
40914,0,0,83909940,145867550,61957610,0,0,101,false,0
40915,0,0,83909940,145872700,61962760,0,5,108,false,0
40916,0,0,83909940,145877550,61967610,0,0,97,false,0
40917,0,0,83909940,145882700,61972760,0,2,105,false,0
40918,0,0,83909940,145882700,61972760,0,103,103,true,0
40919,0,0,83909940,145882700,61972760,0,116,116,true,0
40920,0,0,83909940,145882700,61972760,0,98,98,true,0
40921,0,0,83909940,145882700,61972760,0,117,117,true,0
40922,0,0,83909940,145887850,61977910,0,0,103,false,0
40923,0,0,83909940,145892950,61983010,0,0,102,false,0
40924,0,0,84016560,145897700,61881140,0,0,95,false,0
40925,0,0,84016560,145902850,61886290,0,15,118,false,0
40926,0,0,84016560,145902850,61886290,0,96,96,true,0
40927,0,0,84016560,145902850,61886290,0,98,98,true,0
40928,0,0,84016560,145907950,61891390,0,0,102,false,0
40929,0,0,84016560,145913100,61896540,0,1,104,false,0
40930,0,0,84016560,145917400,61900840,0,0,86,false,0
40931,0,0,84016560,145922550,61905990,0,8,111,false,0
40932,0,0,84016560,145927400,61910840,0,0,97,false,0
40933,0,0,84016560,145932150,61915590,0,0,95,false,0
40934,0,0,84016560,145936300,61919740,0,0,83,false,0
40935,0,0,84016560,145941450,61924890,0,10,113,false,0
40936,0,0,84016560,145946600,61930040,0,14,117,false,0
40937,0,0,84016560,145951750,61935190,0,8,111,false,0
40938,0,0,84016560,145956650,61940090,0,0,98,false,0
40939,0,0,84016560,145956650,61940090,0,107,107,true,0
40940,0,0,84016560,145956650,61940090,0,96,96,true,0
40941,0,0,84016560,145956650,61940090,0,89,89,true,0
40942,0,0,84016560,145956650,61940090,0,96,96,true,0
40943,0,0,84016560,145961250,61944690,0,0,92,false,0
40944,0,0,84016560,145965400,61948840,0,0,83,false,0
40945,0,0,84016560,145970350,61953790,0,0,99,false,0
40946,0,0,84016560,145975300,61958740,0,0,99,false,0
40947,0,0,84016560,145980350,61963790,0,0,101,false,0
40948,0,0,84016560,145985500,61968940,0,11,114,false,0
40949,0,0,84016560,145990650,61974090,0,6,109,false,0
40950,0,0,84016560,145995500,61978940,0,0,97,false,0
40951,0,0,84016560,146000400,61983840,0,0,98,false,0
40952,0,0,84016560,146004500,61987940,0,0,82,false,0
40953,0,0,84016560,146009450,61992890,0,0,99,false,0
40954,0,0,84016560,146013750,61997190,0,0,86,false,0
40955,0,0,84016560,146018900,62002340,0,6,109,false,0
40956,0,0,84016560,146023450,62006890,0,0,91,false,0
40957,0,0,84016560,146027500,62010940,0,0,81,false,0
40958,0,0,84016560,146027500,62010940,0,102,102,true,0
40959,0,0,84016560,146032650,62016090,0,8,111,false,0
40960,0,0,84016560,146037600,62021040,0,0,99,false,0
40961,0,0,84016560,146042750,62026190,0,0,103,false,0
40962,0,0,84016560,146042750,62026190,0,98,98,true,0
40963,0,0,84016560,146042750,62026190,0,96,96,true,0
40964,0,0,84016560,146042750,62026190,0,96,96,true,0
40965,0,0,84016560,146042750,62026190,0,93,93,true,0
40966,0,0,84016560,146042750,62026190,0,101,101,true,0
40967,0,0,84016560,146047900,62031340,0,7,110,false,0
40968,0,0,84016560,146053050,62036490,0,12,115,false,0
40969,0,0,84016560,146057400,62040840,0,0,87,false,0
40970,0,0,84016560,146057400,62040840,0,119,119,true,0
40971,0,0,84016560,146057400,62040840,0,79,79,true,0
40972,0,0,84016560,146057400,62040840,0,94,94,true,0
40973,0,0,84016560,146057400,62040840,0,117,117,true,0
40974,0,0,84016560,146057400,62040840,0,97,97,true,0
40975,0,0,84016560,146057400,62040840,0,117,117,true,0
40976,0,0,84123180,146057400,61934220,0,113,113,true,0
40977,0,0,84123180,146057400,61934220,0,111,111,true,0
40978,0,0,84123180,146057400,61934220,0,106,106,true,0
40979,0,0,84123180,146062550,61939370,0,0,103,false,0
40980,0,0,84123180,146067050,61943870,0,0,90,false,0
40981,0,0,84123180,146072200,61949020,0,4,107,false,0
40982,0,0,84123180,146077200,61954020,0,0,100,false,0
40983,0,0,84123180,146081900,61958720,0,0,94,false,0
40984,0,0,84123180,146081900,61958720,0,92,92,true,0
40985,0,0,84123180,146081900,61958720,0,106,106,true,0
40986,0,0,84123180,146081900,61958720,0,103,103,true,0
40987,0,0,84123180,146086000,61962820,0,0,82,false,0
40988,0,0,84123180,146090450,61967270,0,0,89,false,0
40989,0,0,84123180,146095550,61972370,0,0,102,false,0
40990,0,0,84123180,146100700,61977520,0,2,105,false,0
40991,0,0,84123180,146105850,61982670,0,2,105,false,0
40992,0,0,84123180,146110450,61987270,0,0,92,false,0
40993,0,0,84123180,146115450,61992270,0,0,100,false,0
40994,0,0,84123180,146120450,61997270,0,0,100,false,0
40995,0,0,84123180,146125150,62001970,0,0,94,false,0
40996,0,0,84123180,146125150,62001970,0,92,92,true,0
40997,0,0,84123180,146129700,62006520,0,0,91,false,0
40998,0,0,84123180,146134400,62011220,0,0,94,false,0
40999,0,0,84123180,146139350,62016170,0,0,99,false,0
41000,0,0,84123180,146144500,62021320,0,7,110,false,0
41001,0,0,84123180,146149650,62026470,0,13,116,false,0
41002,0,0,84123180,146149650,62026470,0,109,109,true,0
41003,0,0,84123180,146154800,62031620,0,8,111,false,0
41004,0,0,84123180,146159950,62036770,0,1,104,false,0
41005,0,0,84123180,146159950,62036770,0,108,108,true,0
41006,0,0,84123180,146165100,62041920,0,7,110,false,0
41007,0,0,84123180,146170250,62047070,0,4,107,false,0
41008,0,0,84123180,146175400,62052220,0,9,112,false,0
41009,0,0,84123180,146180150,62056970,0,0,95,false,0
41010,0,0,84123180,146184900,62061720,0,0,95,false,0
41011,0,0,84123180,146190050,62066870,0,3,106,false,0
41012,0,0,84123180,146194550,62071370,0,0,90,false,0
41013,0,0,84123180,146194550,62071370,0,101,101,true,0
41014,0,0,84123180,146199700,62076520,0,21,124,false,0
41015,0,0,84123180,146204850,62081670,0,3,106,false,0
41016,0,0,84123180,146209950,62086770,0,0,102,false,0
41017,0,0,84123180,146215100,62091920,0,1,104,false,0
41018,0,0,84123180,146220000,62096820,0,0,98,false,0
41019,0,0,84123180,146220000,62096820,0,84,84,true,0
41020,0,0,84123180,146220000,62096820,0,106,106,true,0
41021,0,0,84123180,146220000,62096820,0,105,105,true,0
41022,0,0,84123180,146220000,62096820,0,91,91,true,0
41023,0,0,84123180,146220000,62096820,0,89,89,true,0
41024,0,0,84123180,146220000,62096820,0,96,96,true,0
41025,0,0,84123180,146224650,62101470,0,0,93,false,0
41026,0,0,84123180,146229800,62106620,0,6,109,false,0
41027,0,0,84123180,146234950,62111770,0,2,105,false,0
41028,0,0,84229800,146239400,62009600,0,0,89,false,0
41029,0,0,84229800,146243900,62014100,0,0,90,false,0
41030,0,0,84229800,146248200,62018400,0,0,86,false,0
41031,0,0,84229800,146252650,62022850,0,0,89,false,0
41032,0,0,84229800,146257700,62027900,0,0,101,false,0
41033,0,0,84229800,146262850,62033050,0,15,118,false,0
41034,0,0,84229800,146262850,62033050,0,89,89,true,0
41035,0,0,84229800,146262850,62033050,0,108,108,true,0
41036,0,0,84229800,146262850,62033050,0,126,126,true,0
41037,0,0,84229800,146262850,62033050,0,101,101,true,0
41038,0,0,84229800,146267750,62037950,0,0,98,false,0
41039,0,0,84229800,146272900,62043100,0,0,103,false,0
41040,0,0,84229800,146277850,62048050,0,0,99,false,0
41041,0,0,84229800,146282250,62052450,0,0,88,false,0
41042,0,0,84229800,146286550,62056750,0,0,86,false,0
41043,0,0,84229800,146291700,62061900,0,5,108,false,0
41044,0,0,84229800,146291700,62061900,0,79,79,true,0
41045,0,0,84229800,146291700,62061900,0,91,91,true,0
41046,0,0,84229800,146296350,62066550,0,0,93,false,0
41047,0,0,84229800,146300900,62071100,0,0,91,false,0
41048,0,0,84229800,146305850,62076050,0,0,99,false,0
41049,0,0,84229800,146305850,62076050,0,102,102,true,0
41050,0,0,84229800,146310400,62080600,0,0,91,false,0
41051,0,0,84229800,146315550,62085750,0,7,110,false,0
41052,0,0,84229800,146319600,62089800,0,0,81,false,0
41053,0,0,84229800,146319600,62089800,0,99,99,true,0
41054,0,0,84229800,146324550,62094750,0,0,99,false,0
41055,0,0,84229800,146329700,62099900,0,5,108,false,0
41056,0,0,84229800,146329700,62099900,0,95,95,true,0
41057,0,0,84229800,146329700,62099900,0,121,121,true,0
41058,0,0,84229800,146334850,62105050,0,4,107,false,0
41059,0,0,84229800,146339350,62109550,0,0,90,false,0
41060,0,0,84229800,146339350,62109550,0,110,110,true,0
41061,0,0,84229800,146339350,62109550,0,99,99,true,0
41062,0,0,84229800,146339350,62109550,0,103,103,true,0
41063,0,0,84229800,146339350,62109550,0,88,88,true,0
41064,0,0,84229800,146344000,62114200,0,0,93,false,0
41065,0,0,84229800,146349150,62119350,0,10,113,false,0
41066,0,0,84229800,146354300,62124500,0,8,111,false,0
41067,0,0,84229800,146354300,62124500,0,85,85,true,0
41068,0,0,84229800,146359200,62129400,0,0,98,false,0
41069,0,0,84229800,146364350,62134550,0,3,106,false,0
41070,0,0,84229800,146369100,62139300,0,0,95,false,0
41071,0,0,84229800,146374250,62144450,0,7,110,false,0
41072,0,0,84229800,146379400,62149600,0,2,105,false,0
41073,0,0,84229800,146384550,62154750,0,1,104,false,0
41074,0,0,84229800,146389450,62159650,0,0,98,false,0
41075,0,0,84229800,146394550,62164750,0,0,102,false,0
41076,0,0,84229800,146398300,62168500,0,0,75,false,0
41077,0,0,84229800,146403450,62173650,0,7,110,false,0
41078,0,0,84229800,146408200,62178400,0,0,95,false,0
41079,0,0,84229800,146413250,62183450,0,0,101,false,0
41080,0,0,84336420,146413250,62076830,0,105,105,true,0
41081,0,0,84336420,146413250,62076830,0,96,96,true,0
41082,0,0,84336420,146413250,62076830,0,113,113,true,0
41083,0,0,84336420,146413250,62076830,0,94,94,true,0
41084,0,0,84336420,146413250,62076830,0,101,101,true,0
41085,0,0,84336420,146413250,62076830,0,98,98,true,0
41086,0,0,84336420,146413250,62076830,0,102,102,true,0
41087,0,0,84336420,146418400,62081980,0,7,110,false,0
41088,0,0,84336420,146423550,62087130,0,0,103,false,0
41089,0,0,84336420,146428450,62092030,0,0,98,false,0
41090,0,0,84336420,146433600,62097180,0,5,108,false,0
41091,0,0,84336420,146433600,62097180,0,109,109,true,0
41092,0,0,84336420,146433600,62097180,0,112,112,true,0
41093,0,0,84336420,146433600,62097180,0,85,85,true,0
41094,0,0,84336420,146438750,62102330,0,2,105,false,0
41095,0,0,84336420,146443600,62107180,0,0,97,false,0
41096,0,0,84336420,146448500,62112080,0,0,98,false,0
41097,0,0,84336420,146448500,62112080,0,87,87,true,0
41098,0,0,84336420,146448500,62112080,0,119,119,true,0
41099,0,0,84336420,146448500,62112080,0,89,89,true,0
41100,0,0,84336420,146448500,62112080,0,115,115,true,0
41101,0,0,84336420,146448500,62112080,0,86,86,true,0
41102,0,0,84336420,146453650,62117230,0,12,115,false,0
41103,0,0,84336420,146458800,62122380,0,19,122,false,0
41104,0,0,84336420,146463550,62127130,0,0,95,false,0
41105,0,0,84336420,146463550,62127130,0,88,88,true,0
41106,0,0,84336420,146463550,62127130,0,101,101,true,0
41107,0,0,84336420,146468700,62132280,0,0,103,false,0
41108,0,0,84336420,146473650,62137230,0,0,99,false,0
41109,0,0,84336420,146478650,62142230,0,0,100,false,0
41110,0,0,84336420,146483800,62147380,0,1,104,false,0
41111,0,0,84336420,146488900,62152480,0,0,102,false,0
41112,0,0,84336420,146494050,62157630,0,8,111,false,0
41113,0,0,84336420,146499050,62162630,0,0,100,false,0
41114,0,0,84336420,146503900,62167480,0,0,97,false,0
41115,0,0,84336420,146508350,62171930,0,0,89,false,0
41116,0,0,84336420,146513500,62177080,0,6,109,false,0
41117,0,0,84336420,146513500,62177080,0,89,89,true,0
41118,0,0,84336420,146517950,62181530,0,0,89,false,0
41119,0,0,84336420,146522900,62186480,0,0,99,false,0
41120,0,0,84336420,146528000,62191580,0,0,102,false,0
41121,0,0,84336420,146532500,62196080,0,0,90,false,0
41122,0,0,84336420,146537050,62200630,0,0,91,false,0
41123,0,0,84336420,146541700,62205280,0,0,93,false,0
41124,0,0,84336420,146546400,62209980,0,0,94,false,0
41125,0,0,84336420,146551200,62214780,0,0,96,false,0
41126,0,0,84336420,146556100,62219680,0,0,98,false,0
41127,0,0,84336420,146560950,62224530,0,0,97,false,0
41128,0,0,84336420,146565850,62229430,0,0,98,false,0
41129,0,0,84336420,146570800,62234380,0,0,99,false,0
41130,0,0,84336420,146575950,62239530,0,8,111,false,0
41131,0,0,84336420,146575950,62239530,0,110,110,true,0
41132,0,0,84443040,146575950,62132910,0,115,115,true,0
41133,0,0,84443040,146575950,62132910,0,99,99,true,0
41134,0,0,84443040,146575950,62132910,0,91,91,true,0
41135,0,0,84443040,146575950,62132910,0,105,105,true,0
41136,0,0,84443040,146581100,62138060,0,4,107,false,0
41137,0,0,84443040,146585750,62142710,0,0,93,false,0
41138,0,0,84443040,146589850,62146810,0,0,82,false,0
41139,0,0,84443040,146595000,62151960,0,5,108,false,0
41140,0,0,84443040,146595000,62151960,0,114,114,true,0
41141,0,0,84443040,146595000,62151960,0,109,109,true,0
41142,0,0,84443040,146600150,62157110,0,0,103,false,0
41143,0,0,84443040,146604350,62161310,0,0,84,false,0
41144,0,0,84443040,146608600,62165560,0,0,85,false,0
41145,0,0,84443040,146613250,62170210,0,0,93,false,0
41146,0,0,84443040,146618200,62175160,0,0,99,false,0
41147,0,0,84443040,146618200,62175160,0,92,92,true,0
41148,0,0,84443040,146623350,62180310,0,3,106,false,0
41149,0,0,84443040,146628250,62185210,0,0,98,false,0
41150,0,0,84443040,146632900,62189860,0,0,93,false,0
41151,0,0,84443040,146637650,62194610,0,0,95,false,0
41152,0,0,84443040,146637650,62194610,0,96,96,true,0
41153,0,0,84443040,146642350,62199310,0,0,94,false,0
41154,0,0,84443040,146647250,62204210,0,0,98,false,0
41155,0,0,84443040,146647250,62204210,0,99,99,true,0
41156,0,0,84443040,146647250,62204210,0,129,129,true,0
41157,0,0,84443040,146647250,62204210,0,98,98,true,0
41158,0,0,84443040,146651950,62208910,0,0,94,false,0
41159,0,0,84443040,146657100,62214060,0,6,109,false,0
41160,0,0,84443040,146662250,62219210,0,8,111,false,0
41161,0,0,84443040,146667200,62224160,0,0,99,false,0
41162,0,0,84443040,146672350,62229310,0,8,111,false,0
41163,0,0,84443040,146676550,62233510,0,0,84,false,0
41164,0,0,84443040,146676550,62233510,0,103,103,true,0
41165,0,0,84443040,146676550,62233510,0,99,99,true,0
41166,0,0,84443040,146676550,62233510,0,99,99,true,0
41167,0,0,84443040,146676550,62233510,0,86,86,true,0
41168,0,0,84443040,146681350,62238310,0,0,96,false,0
41169,0,0,84443040,146685800,62242760,0,0,89,false,0
41170,0,0,84443040,146685800,62242760,0,128,128,true,0
41171,0,0,84443040,146690550,62247510,0,0,95,false,0
41172,0,0,84443040,146694550,62251510,0,0,80,false,0
41173,0,0,84443040,146699700,62256660,0,3,106,false,0
41174,0,0,84443040,146704850,62261810,0,4,107,false,0
41175,0,0,84443040,146709950,62266910,0,0,102,false,0
41176,0,0,84443040,146713650,62270610,0,0,74,false,0
41177,0,0,84443040,146718800,62275760,0,3,106,false,0
41178,0,0,84443040,146723950,62280910,0,6,109,false,0
41179,0,0,84443040,146728200,62285160,0,0,85,false,0
41180,0,0,84443040,146732850,62289810,0,0,93,false,0
41181,0,0,84443040,146737300,62294260,0,0,89,false,0
41182,0,0,84443040,146737300,62294260,0,87,87,true,0
41183,0,0,84443040,146737300,62294260,0,107,107,true,0
41184,0,0,84549660,146737300,62187640,0,95,95,true,0
41185,0,0,84549660,146742450,62192790,0,8,111,false,0
41186,0,0,84549660,146747600,62197940,0,5,108,false,0
41187,0,0,84549660,146752600,62202940,0,0,100,false,0
41188,0,0,84549660,146757400,62207740,0,0,96,false,0
41189,0,0,84549660,146762550,62212890,0,6,109,false,0
41190,0,0,84549660,146767500,62217840,0,0,99,false,0
41191,0,0,84549660,146772650,62222990,0,8,111,false,0
41192,0,0,84549660,146777800,62228140,0,8,111,false,0
41193,0,0,84549660,146782550,62232890,0,0,95,false,0
41194,0,0,84549660,146787700,62238040,0,12,115,false,0
41195,0,0,84549660,146792650,62242990,0,0,99,false,0
41196,0,0,84549660,146792650,62242990,0,99,99,true,0
41197,0,0,84549660,146792650,62242990,0,84,84,true,0
41198,0,0,84549660,146792650,62242990,0,97,97,true,0
41199,0,0,84549660,146797750,62248090,0,0,102,false,0
41200,0,0,84549660,146801800,62252140,0,0,81,false,0
41201,0,0,84549660,146806950,62257290,0,7,110,false,0
41202,0,0,84549660,146812100,62262440,0,2,105,false,0
41203,0,0,84549660,146816750,62267090,0,0,93,false,0
41204,0,0,84549660,146821900,62272240,0,4,107,false,0
41205,0,0,84549660,146827050,62277390,0,12,115,false,0
41206,0,0,84549660,146832200,62282540,0,7,110,false,0
41207,0,0,84549660,146835900,62286240,0,0,74,false,0
41208,0,0,84549660,146841050,62291390,0,2,105,false,0
41209,0,0,84549660,146841050,62291390,0,99,99,true,0
41210,0,0,84549660,146841050,62291390,0,93,93,true,0
41211,0,0,84549660,146841050,62291390,0,76,76,true,0
41212,0,0,84549660,146841050,62291390,0,101,101,true,0
41213,0,0,84549660,146841050,62291390,0,86,86,true,0
41214,0,0,84549660,146841050,62291390,0,92,92,true,0
41215,0,0,84549660,146845800,62296140,0,0,95,false,0
41216,0,0,84549660,146850900,62301240,0,0,102,false,0
41217,0,0,84549660,146856050,62306390,0,5,108,false,0
41218,0,0,84549660,146861200,62311540,0,2,105,false,0
41219,0,0,84549660,146866250,62316590,0,0,101,false,0
41220,0,0,84549660,146871400,62321740,0,1,104,false,0
41221,0,0,84549660,146875400,62325740,0,0,80,false,0
41222,0,0,84549660,146880550,62330890,0,4,107,false,0
41223,0,0,84549660,146885700,62336040,0,4,107,false,0
41224,0,0,84549660,146890450,62340790,0,0,95,false,0
41225,0,0,84549660,146895400,62345740,0,0,99,false,0
41226,0,0,84549660,146900550,62350890,0,4,107,false,0
41227,0,0,84549660,146905650,62355990,0,0,102,false,0
41228,0,0,84549660,146910150,62360490,0,0,90,false,0
41229,0,0,84549660,146915300,62365640,0,13,116,false,0
41230,0,0,84549660,146919850,62370190,0,0,91,false,0
41231,0,0,84549660,146925000,62375340,0,8,111,false,0
41232,0,0,84549660,146929950,62380290,0,0,99,false,0
41233,0,0,84549660,146935100,62385440,0,9,112,false,0
41234,0,0,84549660,146935100,62385440,0,103,103,true,0
41235,0,0,84549660,146935100,62385440,0,109,109,true,0
41236,0,0,84656280,146939750,62283470,0,0,93,false,0
41237,0,0,84656280,146944900,62288620,0,3,106,false,0
41238,0,0,84656280,146949650,62293370,0,0,95,false,0
41239,0,0,84656280,146954800,62298520,0,9,112,false,0
41240,0,0,84656280,146959950,62303670,0,3,106,false,0
41241,0,0,84656280,146959950,62303670,0,96,96,true,0
41242,0,0,84656280,146959950,62303670,0,110,110,true,0
41243,0,0,84656280,146964450,62308170,0,0,90,false,0
41244,0,0,84656280,146969450,62313170,0,0,100,false,0
41245,0,0,84656280,146974600,62318320,0,1,104,false,0
41246,0,0,84656280,146978600,62322320,0,0,80,false,0
41247,0,0,84656280,146978600,62322320,0,101,101,true,0
41248,0,0,84656280,146978600,62322320,0,100,100,true,0
41249,0,0,84656280,146978600,62322320,0,104,104,true,0
41250,0,0,84656280,146978600,62322320,0,101,101,true,0
41251,0,0,84656280,146983750,62327470,0,1,104,false,0
41252,0,0,84656280,146988900,62332620,0,10,113,false,0
41253,0,0,84656280,146993750,62337470,0,0,97,false,0
41254,0,0,84656280,146998400,62342120,0,0,93,false,0
41255,0,0,84656280,146998400,62342120,0,118,118,true,0
41256,0,0,84656280,146998400,62342120,0,105,105,true,0
41257,0,0,84656280,147003550,62347270,0,0,103,false,0
41258,0,0,84656280,147008250,62351970,0,0,94,false,0
41259,0,0,84656280,147013000,62356720,0,0,95,false,0
41260,0,0,84656280,147017450,62361170,0,0,89,false,0
41261,0,0,84656280,147022400,62366120,0,0,99,false,0
41262,0,0,84656280,147022400,62366120,0,90,90,true,0
41263,0,0,84656280,147027550,62371270,0,4,107,false,0
41264,0,0,84656280,147032350,62376070,0,0,96,false,0
41265,0,0,84656280,147032350,62376070,0,106,106,true,0
41266,0,0,84656280,147036650,62380370,0,0,86,false,0
41267,0,0,84656280,147041600,62385320,0,0,99,false,0
41268,0,0,84656280,147041600,62385320,0,99,99,true,0
41269,0,0,84656280,147041600,62385320,0,91,91,true,0
41270,0,0,84656280,147046750,62390470,0,7,110,false,0
41271,0,0,84656280,147051450,62395170,0,0,94,false,0
41272,0,0,84656280,147056600,62400320,0,12,115,false,0
41273,0,0,84656280,147061500,62405220,0,0,98,false,0
41274,0,0,84656280,147066650,62410370,0,1,104,false,0
41275,0,0,84656280,147066650,62410370,0,109,109,true,0
41276,0,0,84656280,147071800,62415520,0,6,109,false,0
41277,0,0,84656280,147076850,62420570,0,0,101,false,0
41278,0,0,84656280,147081700,62425420,0,0,97,false,0
41279,0,0,84656280,147086400,62430120,0,0,94,false,0
41280,0,0,84656280,147091100,62434820,0,0,94,false,0
41281,0,0,84656280,147096250,62439970,0,10,113,false,0
41282,0,0,84656280,147101400,62445120,0,0,103,false,0
41283,0,0,84656280,147106350,62450070,0,0,99,false,0
41284,0,0,84656280,147110700,62454420,0,0,87,false,0
41285,0,0,84656280,147115750,62459470,0,0,101,false,0
41286,0,0,84656280,147120550,62464270,0,0,96,false,0
41287,0,0,84656280,147125400,62469120,0,0,97,false,0
41288,0,0,84762900,147130050,62367150,0,0,93,false,0
41289,0,0,84762900,147135200,62372300,0,3,106,false,0
41290,0,0,84762900,147139750,62376850,0,0,91,false,0
41291,0,0,84762900,147144650,62381750,0,0,98,false,0
41292,0,0,84762900,147144650,62381750,0,91,91,true,0
41293,0,0,84762900,147144650,62381750,0,106,106,true,0
41294,0,0,84762900,147144650,62381750,0,79,79,true,0
41295,0,0,84762900,147144650,62381750,0,85,85,true,0
41296,0,0,84762900,147149200,62386300,0,0,91,false,0
41297,0,0,84762900,147153300,62390400,0,0,82,false,0
41298,0,0,84762900,147158450,62395550,0,15,118,false,0
41299,0,0,84762900,147163600,62400700,0,10,113,false,0
41300,0,0,84762900,147163600,62400700,0,100,100,true,0
41301,0,0,84762900,147163600,62400700,0,73,73,true,0
41302,0,0,84762900,147163600,62400700,0,104,104,true,0
41303,0,0,84762900,147163600,62400700,0,91,91,true,0
41304,0,0,84762900,147163600,62400700,0,103,103,true,0
41305,0,0,84762900,147168750,62405850,0,7,110,false,0
41306,0,0,84762900,147173700,62410800,0,0,99,false,0
41307,0,0,84762900,147178600,62415700,0,0,98,false,0
41308,0,0,84762900,147183150,62420250,0,0,91,false,0
41309,0,0,84762900,147187900,62425000,0,0,95,false,0
41310,0,0,84762900,147192950,62430050,0,0,101,false,0
41311,0,0,84762900,147197300,62434400,0,0,87,false,0
41312,0,0,84762900,147202250,62439350,0,0,99,false,0
41313,0,0,84762900,147206500,62443600,0,0,85,false,0
41314,0,0,84762900,147211400,62448500,0,0,98,false,0
41315,0,0,84762900,147211400,62448500,0,97,97,true,0
41316,0,0,84762900,147211400,62448500,0,118,118,true,0
41317,0,0,84762900,147215800,62452900,0,0,88,false,0
41318,0,0,84762900,147220800,62457900,0,0,100,false,0
41319,0,0,84762900,147225950,62463050,0,12,115,false,0
41320,0,0,84762900,147229550,62466650,0,0,72,false,0
41321,0,0,84762900,147234400,62471500,0,0,97,false,0
41322,0,0,84762900,147239450,62476550,0,0,101,false,0
41323,0,0,84762900,147244400,62481500,0,0,99,false,0
41324,0,0,84762900,147244400,62481500,0,99,99,true,0
41325,0,0,84762900,147249300,62486400,0,0,98,false,0
41326,0,0,84762900,147253350,62490450,0,0,81,false,0
41327,0,0,84762900,147258500,62495600,0,4,107,false,0
41328,0,0,84762900,147263100,62500200,0,0,92,false,0
41329,0,0,84762900,147263100,62500200,0,97,97,true,0
41330,0,0,84762900,147263100,62500200,0,96,96,true,0
41331,0,0,84762900,147263100,62500200,0,91,91,true,0
41332,0,0,84762900,147263100,62500200,0,100,100,true,0
41333,0,0,84762900,147263100,62500200,0,99,99,true,0
41334,0,0,84762900,147263100,62500200,0,102,102,true,0
41335,0,0,84762900,147268250,62505350,0,4,107,false,0
41336,0,0,84762900,147273050,62510150,0,0,96,false,0
41337,0,0,84762900,147278050,62515150,0,0,100,false,0
41338,0,0,84762900,147278050,62515150,0,99,99,true,0
41339,0,0,84762900,147278050,62515150,0,123,123,true,0
41340,0,0,84869520,147278050,62408530,0,100,100,true,0
41341,0,0,84869520,147283050,62413530,0,0,100,false,0
41342,0,0,84869520,147287800,62418280,0,0,95,false,0
41343,0,0,84869520,147292950,62423430,0,1,104,false,0
41344,0,0,84869520,147298050,62428530,0,0,102,false,0
41345,0,0,84869520,147303200,62433680,0,3,106,false,0
41346,0,0,84869520,147308350,62438830,0,2,105,false,0
41347,0,0,84869520,147312600,62443080,0,0,85,false,0
41348,0,0,84869520,147317400,62447880,0,0,96,false,0
41349,0,0,84869520,147322150,62452630,0,0,95,false,0
41350,0,0,84869520,147327300,62457780,0,2,105,false,0
41351,0,0,84869520,147327300,62457780,0,107,107,true,0
41352,0,0,84869520,147332450,62462930,0,0,103,false,0
41353,0,0,84869520,147337600,62468080,0,2,105,false,0
41354,0,0,84869520,147342750,62473230,0,2,105,false,0
41355,0,0,84869520,147342750,62473230,0,91,91,true,0
41356,0,0,84869520,147342750,62473230,0,109,109,true,0
41357,0,0,84869520,147342750,62473230,0,87,87,true,0
41358,0,0,84869520,147347900,62478380,0,10,113,false,0
41359,0,0,84869520,147352850,62483330,0,0,99,false,0
41360,0,0,84869520,147357150,62487630,0,0,86,false,0
41361,0,0,84869520,147357150,62487630,0,89,89,true,0
41362,0,0,84869520,147362300,62492780,0,13,116,false,0
41363,0,0,84869520,147366500,62496980,0,0,84,false,0
41364,0,0,84869520,147371600,62502080,0,0,102,false,0
41365,0,0,84869520,147376750,62507230,0,18,121,false,0
41366,0,0,84869520,147381650,62512130,0,0,98,false,0
41367,0,0,84869520,147386800,62517280,0,0,103,false,0
41368,0,0,84869520,147386800,62517280,0,99,99,true,0
41369,0,0,84869520,147391400,62521880,0,0,92,false,0
41370,0,0,84869520,147396550,62527030,0,10,113,false,0
41371,0,0,84869520,147400600,62531080,0,0,81,false,0
41372,0,0,84869520,147405700,62536180,0,0,102,false,0
41373,0,0,84869520,147410300,62540780,0,0,92,false,0
41374,0,0,84869520,147415200,62545680,0,0,98,false,0
41375,0,0,84869520,147420350,62550830,0,18,121,false,0
41376,0,0,84869520,147425500,62555980,0,4,107,false,0
41377,0,0,84869520,147425500,62555980,0,78,78,true,0
41378,0,0,84869520,147425500,62555980,0,99,99,true,0
41379,0,0,84869520,147430050,62560530,0,0,91,false,0
41380,0,0,84869520,147434800,62565280,0,0,95,false,0
41381,0,0,84869520,147439000,62569480,0,0,84,false,0
41382,0,0,84869520,147444150,62574630,0,4,107,false,0
41383,0,0,84869520,147444150,62574630,0,88,88,true,0
41384,0,0,84869520,147444150,62574630,0,100,100,true,0
41385,0,0,84869520,147449150,62579630,0,0,100,false,0
41386,0,0,84869520,147454250,62584730,0,0,102,false,0
41387,0,0,84869520,147459400,62589880,0,1,104,false,0
41388,0,0,84869520,147464550,62595030,0,13,116,false,0
41389,0,0,84869520,147468850,62599330,0,0,86,false,0
41390,0,0,84869520,147472800,62603280,0,0,79,false,0
41391,0,0,84869520,147472800,62603280,0,108,108,true,0
41392,0,0,84976140,147476800,62500660,0,0,80,false,0
41393,0,0,84976140,147481600,62505460,0,0,96,false,0
41394,0,0,84976140,147486050,62509910,0,0,89,false,0
41395,0,0,84976140,147491050,62514910,0,0,100,false,0
41396,0,0,84976140,147491050,62514910,0,99,99,true,0
41397,0,0,84976140,147491050,62514910,0,93,93,true,0
41398,0,0,84976140,147491050,62514910,0,102,102,true,0
41399,0,0,84976140,147496200,62520060,0,5,108,false,0
41400,0,0,84976140,147501100,62524960,0,0,98,false,0
41401,0,0,84976140,147501100,62524960,0,83,83,true,0
41402,0,0,84976140,147505600,62529460,0,0,90,false,0
41403,0,0,84976140,147510750,62534610,0,0,103,false,0
41404,0,0,84976140,147515900,62539760,0,8,111,false,0
41405,0,0,84976140,147515900,62539760,0,103,103,true,0
41406,0,0,84976140,147515900,62539760,0,106,106,true,0
41407,0,0,84976140,147515900,62539760,0,107,107,true,0
41408,0,0,84976140,147515900,62539760,0,109,109,true,0
41409,0,0,84976140,147515900,62539760,0,109,109,true,0
41410,0,0,84976140,147515900,62539760,0,103,103,true,0
41411,0,0,84976140,147520800,62544660,0,0,98,false,0
41412,0,0,84976140,147525950,62549810,0,0,103,false,0
41413,0,0,84976140,147531100,62554960,0,9,112,false,0
41414,0,0,84976140,147535800,62559660,0,0,94,false,0
41415,0,0,84976140,147540750,62564610,0,0,99,false,0
41416,0,0,84976140,147545900,62569760,0,2,105,false,0
41417,0,0,84976140,147545900,62569760,0,89,89,true,0
41418,0,0,84976140,147550800,62574660,0,0,98,false,0
41419,0,0,84976140,147555950,62579810,0,0,103,false,0
41420,0,0,84976140,147560700,62584560,0,0,95,false,0
41421,0,0,84976140,147565200,62589060,0,0,90,false,0
41422,0,0,84976140,147570350,62594210,0,4,107,false,0
41423,0,0,84976140,147575500,62599360,0,5,108,false,0
41424,0,0,84976140,147575500,62599360,0,95,95,true,0
41425,0,0,84976140,147575500,62599360,0,101,101,true,0
41426,0,0,84976140,147575500,62599360,0,103,103,true,0
41427,0,0,84976140,147580650,62604510,0,11,114,false,0
41428,0,0,84976140,147585450,62609310,0,0,96,false,0
41429,0,0,84976140,147590600,62614460,0,1,104,false,0
41430,0,0,84976140,147590600,62614460,0,103,103,true,0
41431,0,0,84976140,147595750,62619610,0,2,105,false,0
41432,0,0,84976140,147600250,62624110,0,0,90,false,0
41433,0,0,84976140,147605400,62629260,0,0,103,false,0
41434,0,0,84976140,147609050,62632910,0,0,73,false,0
41435,0,0,84976140,147614200,62638060,0,5,108,false,0
41436,0,0,84976140,147619300,62643160,0,0,102,false,0
41437,0,0,84976140,147624000,62647860,0,0,94,false,0
41438,0,0,84976140,147628350,62652210,0,0,87,false,0
41439,0,0,84976140,147633500,62657360,0,0,103,false,0
41440,0,0,84976140,147638200,62662060,0,0,94,false,0
41441,0,0,84976140,147638200,62662060,0,100,100,true,0
41442,0,0,84976140,147638200,62662060,0,101,101,true,0
41443,0,0,84976140,147643300,62667160,0,0,102,false,0
41444,0,0,85082760,147648450,62565690,0,0,103,false,0
41445,0,0,85082760,147653250,62570490,0,0,96,false,0
41446,0,0,85082760,147658400,62575640,0,6,109,false,0
41447,0,0,85082760,147658400,62575640,0,102,102,true,0
41448,0,0,85082760,147658400,62575640,0,100,100,true,0
41449,0,0,85082760,147658400,62575640,0,109,109,true,0
41450,0,0,85082760,147663550,62580790,0,10,113,false,0
41451,0,0,85082760,147668700,62585940,0,2,105,false,0
41452,0,0,85082760,147668700,62585940,0,79,79,true,0
41453,0,0,85082760,147673100,62590340,0,0,88,false,0
41454,0,0,85082760,147678050,62595290,0,0,99,false,0
41455,0,0,85082760,147683200,62600440,0,5,108,false,0
41456,0,0,85082760,147688350,62605590,0,2,105,false,0
41457,0,0,85082760,147693300,62610540,0,0,99,false,0
41458,0,0,85082760,147698400,62615640,0,0,102,false,0
41459,0,0,85082760,147703000,62620240,0,0,92,false,0
41460,0,0,85082760,147707800,62625040,0,0,96,false,0
41461,0,0,85082760,147712550,62629790,0,0,95,false,0
41462,0,0,85082760,147712550,62629790,0,105,105,true,0
41463,0,0,85082760,147712550,62629790,0,104,104,true,0
41464,0,0,85082760,147717600,62634840,0,0,101,false,0
41465,0,0,85082760,147722200,62639440,0,0,92,false,0
41466,0,0,85082760,147727350,62644590,0,5,108,false,0
41467,0,0,85082760,147731700,62648940,0,0,87,false,0
41468,0,0,85082760,147736300,62653540,0,0,92,false,0
41469,0,0,85082760,147736300,62653540,0,97,97,true,0
41470,0,0,85082760,147741450,62658690,0,6,109,false,0
41471,0,0,85082760,147745900,62663140,0,0,89,false,0
41472,0,0,85082760,147750800,62668040,0,0,98,false,0
41473,0,0,85082760,147755650,62672890,0,0,97,false,0
41474,0,0,85082760,147760550,62677790,0,0,98,false,0
41475,0,0,85082760,147765700,62682940,0,11,114,false,0
41476,0,0,85082760,147770350,62687590,0,0,93,false,0
41477,0,0,85082760,147770350,62687590,0,83,83,true,0
41478,0,0,85082760,147770350,62687590,0,122,122,true,0
41479,0,0,85082760,147770350,62687590,0,97,97,true,0
41480,0,0,85082760,147770350,62687590,0,119,119,true,0
41481,0,0,85082760,147775350,62692590,0,0,100,false,0
41482,0,0,85082760,147780450,62697690,0,0,102,false,0
41483,0,0,85082760,147785150,62702390,0,0,94,false,0
41484,0,0,85082760,147790200,62707440,0,0,101,false,0
41485,0,0,85082760,147795350,62712590,0,7,110,false,0
41486,0,0,85082760,147795350,62712590,0,98,98,true,0
41487,0,0,85082760,147800450,62717690,0,0,102,false,0
41488,0,0,85082760,147805550,62722790,0,0,102,false,0
41489,0,0,85082760,147810400,62727640,0,0,97,false,0
41490,0,0,85082760,147815550,62732790,0,1,104,false,0
41491,0,0,85082760,147820400,62737640,0,0,97,false,0
41492,0,0,85082760,147824700,62741940,0,0,86,false,0
41493,0,0,85082760,147829800,62747040,0,0,102,false,0
41494,0,0,85082760,147834900,62752140,0,0,102,false,0
41495,0,0,85082760,147839850,62757090,0,0,99,false,0
41496,0,0,85189380,147844450,62655070,0,0,92,false,0
41497,0,0,85189380,147849600,62660220,0,5,108,false,0
41498,0,0,85189380,147854150,62664770,0,0,91,false,0
41499,0,0,85189380,147858550,62669170,0,0,88,false,0
41500,0,0,85189380,147863300,62673920,0,0,95,false,0
41501,0,0,85189380,147867900,62678520,0,0,92,false,0
41502,0,0,85189380,147872900,62683520,0,0,100,false,0
41503,0,0,85189380,147877650,62688270,0,0,95,false,0
41504,0,0,85189380,147882650,62693270,0,0,100,false,0
41505,0,0,85189380,147882650,62693270,0,90,90,true,0
41506,0,0,85189380,147882650,62693270,0,86,86,true,0
41507,0,0,85189380,147887800,62698420,0,20,123,false,0
41508,0,0,85189380,147892600,62703220,0,0,96,false,0
41509,0,0,85189380,147897650,62708270,0,0,101,false,0
41510,0,0,85189380,147901900,62712520,0,0,85,false,0
41511,0,0,85189380,147907050,62717670,0,3,106,false,0
41512,0,0,85189380,147912200,62722820,0,6,109,false,0
41513,0,0,85189380,147912200,62722820,0,104,104,true,0
41514,0,0,85189380,147912200,62722820,0,111,111,true,0
41515,0,0,85189380,147912200,62722820,0,102,102,true,0
41516,0,0,85189380,147912200,62722820,0,117,117,true,0
41517,0,0,85189380,147916500,62727120,0,0,86,false,0
41518,0,0,85189380,147921600,62732220,0,0,102,false,0
41519,0,0,85189380,147926600,62737220,0,0,100,false,0
41520,0,0,85189380,147931500,62742120,0,0,98,false,0
41521,0,0,85189380,147936650,62747270,0,20,123,false,0
41522,0,0,85189380,147940950,62751570,0,0,86,false,0
41523,0,0,85189380,147945700,62756320,0,0,95,false,0
41524,0,0,85189380,147945700,62756320,0,103,103,true,0
41525,0,0,85189380,147950750,62761370,0,0,101,false,0
41526,0,0,85189380,147955650,62766270,0,0,98,false,0
41527,0,0,85189380,147960350,62770970,0,0,94,false,0
41528,0,0,85189380,147960350,62770970,0,101,101,true,0
41529,0,0,85189380,147960350,62770970,0,74,74,true,0
41530,0,0,85189380,147965300,62775920,0,0,99,false,0
41531,0,0,85189380,147970300,62780920,0,0,100,false,0
41532,0,0,85189380,147975450,62786070,0,13,116,false,0
41533,0,0,85189380,147980200,62790820,0,0,95,false,0
41534,0,0,85189380,147985150,62795770,0,0,99,false,0
41535,0,0,85189380,147990000,62800620,0,0,97,false,0
41536,0,0,85189380,147994800,62805420,0,0,96,false,0
41537,0,0,85189380,147999950,62810570,0,2,105,false,0
41538,0,0,85189380,148005100,62815720,0,12,115,false,0
41539,0,0,85189380,148010050,62820670,0,0,99,false,0
41540,0,0,85189380,148014350,62824970,0,0,86,false,0
41541,0,0,85189380,148019500,62830120,0,9,112,false,0
41542,0,0,85189380,148024650,62835270,0,7,110,false,0
41543,0,0,85189380,148029800,62840420,0,14,117,false,0
41544,0,0,85189380,148034600,62845220,0,0,96,false,0
41545,0,0,85189380,148039750,62850370,0,9,112,false,0
41546,0,0,85189380,148039750,62850370,0,82,82,true,0
41547,0,0,85189380,148044250,62854870,0,0,90,false,0
41548,0,0,85296000,148049050,62753050,0,0,96,false,0
41549,0,0,85296000,148054200,62758200,0,2,105,false,0
41550,0,0,85296000,148059350,62763350,0,2,105,false,0
41551,0,0,85296000,148064500,62768500,0,3,106,false,0
41552,0,0,85296000,148064500,62768500,0,90,90,true,0
41553,0,0,85296000,148064500,62768500,0,108,108,true,0
41554,0,0,85296000,148069300,62773300,0,0,96,false,0
41555,0,0,85296000,148074150,62778150,0,0,97,false,0
41556,0,0,85296000,148079300,62783300,0,8,111,false,0
41557,0,0,85296000,148084450,62788450,0,5,108,false,0
41558,0,0,85296000,148089600,62793600,0,15,118,false,0
41559,0,0,85296000,148089600,62793600,0,104,104,true,0
41560,0,0,85296000,148089600,62793600,0,89,89,true,0
41561,0,0,85296000,148089600,62793600,0,102,102,true,0
41562,0,0,85296000,148089600,62793600,0,91,91,true,0
41563,0,0,85296000,148093950,62797950,0,0,87,false,0
41564,0,0,85296000,148099100,62803100,0,1,104,false,0
41565,0,0,85296000,148099100,62803100,0,93,93,true,0
41566,0,0,85296000,148099100,62803100,0,111,111,true,0
41567,0,0,85296000,148104150,62808150,0,0,101,false,0
41568,0,0,85296000,148108500,62812500,0,0,87,false,0
41569,0,0,85296000,148113450,62817450,0,0,99,false,0
41570,0,0,85296000,148118600,62822600,0,1,104,false,0
41571,0,0,85296000,148123750,62827750,0,10,113,false,0
41572,0,0,85296000,148123750,62827750,0,116,116,true,0
41573,0,0,85296000,148128750,62832750,0,0,100,false,0
41574,0,0,85296000,148133450,62837450,0,0,94,false,0
41575,0,0,85296000,148133450,62837450,0,110,110,true,0
41576,0,0,85296000,148133450,62837450,0,92,92,true,0
41577,0,0,85296000,148133450,62837450,0,104,104,true,0
41578,0,0,85296000,148138050,62842050,0,0,92,false,0
41579,0,0,85296000,148143200,62847200,0,1,104,false,0
41580,0,0,85296000,148147950,62851950,0,0,95,false,0
41581,0,0,85296000,148152900,62856900,0,0,99,false,0
41582,0,0,85296000,148157500,62861500,0,0,92,false,0
41583,0,0,85296000,148157500,62861500,0,95,95,true,0
41584,0,0,85296000,148157500,62861500,0,90,90,true,0
41585,0,0,85296000,148162650,62866650,0,23,126,false,0
41586,0,0,85296000,148166550,62870550,0,0,78,false,0
41587,0,0,85296000,148166550,62870550,0,100,100,true,0
41588,0,0,85296000,148171700,62875700,0,3,106,false,0
41589,0,0,85296000,148176500,62880500,0,0,96,false,0
41590,0,0,85296000,148176500,62880500,0,115,115,true,0
41591,0,0,85296000,148176500,62880500,0,102,102,true,0
41592,0,0,85296000,148176500,62880500,0,97,97,true,0
41593,0,0,85296000,148176500,62880500,0,98,98,true,0
41594,0,0,85296000,148176500,62880500,0,98,98,true,0
41595,0,0,85296000,148176500,62880500,0,82,82,true,0
41596,0,0,85296000,148176500,62880500,0,94,94,true,0
41597,0,0,85296000,148176500,62880500,0,94,94,true,0
41598,0,0,85296000,148176500,62880500,0,95,95,true,0
41599,0,0,85296000,148176500,62880500,0,107,107,true,0
41600,0,0,85402620,148176500,62773880,0,112,112,true,0
41601,0,0,85402620,148176500,62773880,0,87,87,true,0
41602,0,0,85402620,148176500,62773880,0,98,98,true,0
41603,0,0,85402620,148176500,62773880,0,101,101,true,0
41604,0,0,85402620,148181600,62778980,0,0,102,false,0
41605,0,0,85402620,148186750,62784130,0,9,112,false,0
41606,0,0,85402620,148191650,62789030,0,0,98,false,0
41607,0,0,85402620,148191650,62789030,0,101,101,true,0
41608,0,0,85402620,148191650,62789030,0,110,110,true,0
41609,0,0,85402620,148191650,62789030,0,96,96,true,0
41610,0,0,85402620,148191650,62789030,0,128,128,true,0
41611,0,0,85402620,148191650,62789030,0,95,95,true,0
41612,0,0,85402620,148191650,62789030,0,113,113,true,0
41613,0,0,85402620,148191650,62789030,0,79,79,true,0
41614,0,0,85402620,148195850,62793230,0,0,84,false,0
41615,0,0,85402620,148200100,62797480,0,0,85,false,0
41616,0,0,85402620,148200100,62797480,0,86,86,true,0
41617,0,0,85402620,148204350,62801730,0,0,85,false,0
41618,0,0,85402620,148209150,62806530,0,0,96,false,0
41619,0,0,85402620,148214300,62811680,0,3,106,false,0
41620,0,0,85402620,148214300,62811680,0,98,98,true,0
41621,0,0,85402620,148214300,62811680,0,102,102,true,0
41622,0,0,85402620,148214300,62811680,0,105,105,true,0
41623,0,0,85402620,148219000,62816380,0,0,94,false,0
41624,0,0,85402620,148223450,62820830,0,0,89,false,0
41625,0,0,85402620,148223450,62820830,0,110,110,true,0
41626,0,0,85402620,148223450,62820830,0,107,107,true,0
41627,0,0,85402620,148228600,62825980,0,6,109,false,0
41628,0,0,85402620,148233750,62831130,0,1,104,false,0
41629,0,0,85402620,148238900,62836280,0,20,123,false,0
41630,0,0,85402620,148243650,62841030,0,0,95,false,0
41631,0,0,85402620,148248800,62846180,0,14,117,false,0
41632,0,0,85402620,148253950,62851330,0,9,112,false,0
41633,0,0,85402620,148253950,62851330,0,99,99,true,0
41634,0,0,85402620,148258650,62856030,0,0,94,false,0
41635,0,0,85402620,148263300,62860680,0,0,93,false,0
41636,0,0,85402620,148268000,62865380,0,0,94,false,0
41637,0,0,85402620,148268000,62865380,0,99,99,true,0
41638,0,0,85402620,148268000,62865380,0,102,102,true,0
41639,0,0,85402620,148268000,62865380,0,96,96,true,0
41640,0,0,85402620,148268000,62865380,0,108,108,true,0
41641,0,0,85402620,148268000,62865380,0,98,98,true,0
41642,0,0,85402620,148272700,62870080,0,0,94,false,0
41643,0,0,85402620,148277400,62874780,0,0,94,false,0
41644,0,0,85402620,148282500,62879880,0,0,102,false,0
41645,0,0,85402620,148287100,62884480,0,0,92,false,0
41646,0,0,85402620,148291650,62889030,0,0,91,false,0
41647,0,0,85402620,148296800,62894180,0,7,110,false,0
41648,0,0,85402620,148301450,62898830,0,0,93,false,0
41649,0,0,85402620,148306600,62903980,0,2,105,false,0
41650,0,0,85402620,148306600,62903980,0,84,84,true,0
41651,0,0,85402620,148310950,62908330,0,0,87,false,0
41652,0,0,85509240,148316100,62806860,0,8,111,false,0
41653,0,0,85509240,148321250,62812010,0,6,109,false,0
41654,0,0,85509240,148326000,62816760,0,0,95,false,0
41655,0,0,85509240,148331150,62821910,0,4,107,false,0
41656,0,0,85509240,148336000,62826760,0,0,97,false,0
41657,0,0,85509240,148340700,62831460,0,0,94,false,0
41658,0,0,85509240,148345850,62836610,0,0,103,false,0
41659,0,0,85509240,148351000,62841760,0,3,106,false,0
41660,0,0,85509240,148351000,62841760,0,115,115,true,0
41661,0,0,85509240,148351000,62841760,0,99,99,true,0
41662,0,0,85509240,148356150,62846910,0,1,104,false,0
41663,0,0,85509240,148360950,62851710,0,0,96,false,0
41664,0,0,85509240,148366050,62856810,0,0,102,false,0
41665,0,0,85509240,148371200,62861960,0,1,104,false,0
41666,0,0,85509240,148376150,62866910,0,0,99,false,0
41667,0,0,85509240,148380700,62871460,0,0,91,false,0
41668,0,0,85509240,148380700,62871460,0,118,118,true,0
41669,0,0,85509240,148380700,62871460,0,100,100,true,0
41670,0,0,85509240,148380700,62871460,0,88,88,true,0
41671,0,0,85509240,148380700,62871460,0,113,113,true,0
41672,0,0,85509240,148385850,62876610,0,10,113,false,0
41673,0,0,85509240,148390900,62881660,0,0,101,false,0
41674,0,0,85509240,148395300,62886060,0,0,88,false,0
41675,0,0,85509240,148400450,62891210,0,1,104,false,0
41676,0,0,85509240,148404850,62895610,0,0,88,false,0
41677,0,0,85509240,148409900,62900660,0,0,101,false,0
41678,0,0,85509240,148415050,62905810,0,11,114,false,0
41679,0,0,85509240,148419700,62910460,0,0,93,false,0
41680,0,0,85509240,148424500,62915260,0,0,96,false,0
41681,0,0,85509240,148429350,62920110,0,0,97,false,0
41682,0,0,85509240,148434350,62925110,0,0,100,false,0
41683,0,0,85509240,148434350,62925110,0,115,115,true,0
41684,0,0,85509240,148434350,62925110,0,88,88,true,0
41685,0,0,85509240,148439500,62930260,0,13,116,false,0
41686,0,0,85509240,148444650,62935410,0,20,123,false,0
41687,0,0,85509240,148444650,62935410,0,89,89,true,0
41688,0,0,85509240,148449800,62940560,0,9,112,false,0
41689,0,0,85509240,148454950,62945710,0,2,105,false,0
41690,0,0,85509240,148454950,62945710,0,90,90,true,0
41691,0,0,85509240,148454950,62945710,0,98,98,true,0
41692,0,0,85509240,148459850,62950610,0,0,98,false,0
41693,0,0,85509240,148464400,62955160,0,0,91,false,0
41694,0,0,85509240,148469450,62960210,0,0,101,false,0
41695,0,0,85509240,148474250,62965010,0,0,96,false,0
41696,0,0,85509240,148474250,62965010,0,95,95,true,0
41697,0,0,85509240,148479200,62969960,0,0,99,false,0
41698,0,0,85509240,148484200,62974960,0,0,100,false,0
41699,0,0,85509240,148489350,62980110,0,0,103,false,0
41700,0,0,85509240,148494500,62985260,0,3,106,false,0
41701,0,0,85509240,148499050,62989810,0,0,91,false,0
41702,0,0,85509240,148504050,62994810,0,0,100,false,0
41703,0,0,85509240,148508700,62999460,0,0,93,false,0
41704,0,0,85615860,148508700,62892840,0,93,93,true,0
41705,0,0,85615860,148513600,62897740,0,0,98,false,0
41706,0,0,85615860,148518750,62902890,0,0,103,false,0
41707,0,0,85615860,148523900,62908040,0,6,109,false,0
41708,0,0,85615860,148523900,62908040,0,100,100,true,0
41709,0,0,85615860,148523900,62908040,0,105,105,true,0
41710,0,0,85615860,148523900,62908040,0,117,117,true,0
41711,0,0,85615860,148523900,62908040,0,97,97,true,0
41712,0,0,85615860,148528800,62912940,0,0,98,false,0
41713,0,0,85615860,148533950,62918090,0,11,114,false,0
41714,0,0,85615860,148538550,62922690,0,0,92,false,0
41715,0,0,85615860,148543550,62927690,0,0,100,false,0
41716,0,0,85615860,148548700,62932840,0,0,103,false,0
41717,0,0,85615860,148548700,62932840,0,102,102,true,0
41718,0,0,85615860,148553850,62937990,0,5,108,false,0
41719,0,0,85615860,148559000,62943140,0,8,111,false,0
41720,0,0,85615860,148563600,62947740,0,0,92,false,0
41721,0,0,85615860,148567600,62951740,0,0,80,false,0
41722,0,0,85615860,148572750,62956890,0,1,104,false,0
41723,0,0,85615860,148572750,62956890,0,106,106,true,0
41724,0,0,85615860,148572750,62956890,0,82,82,true,0
41725,0,0,85615860,148572750,62956890,0,102,102,true,0
41726,0,0,85615860,148572750,62956890,0,84,84,true,0
41727,0,0,85615860,148572750,62956890,0,101,101,true,0
41728,0,0,85615860,148577650,62961790,0,0,98,false,0
41729,0,0,85615860,148582800,62966940,0,15,118,false,0
41730,0,0,85615860,148582800,62966940,0,105,105,true,0
41731,0,0,85615860,148587950,62972090,0,9,112,false,0
41732,0,0,85615860,148593100,62977240,0,7,110,false,0
41733,0,0,85615860,148598100,62982240,0,0,100,false,0
41734,0,0,85615860,148603250,62987390,0,2,105,false,0
41735,0,0,85615860,148608400,62992540,0,13,116,false,0
41736,0,0,85615860,148613550,62997690,0,3,106,false,0
41737,0,0,85615860,148618700,63002840,0,6,109,false,0
41738,0,0,85615860,148623850,63007990,0,6,109,false,0
41739,0,0,85615860,148628850,63012990,0,0,100,false,0
41740,0,0,85615860,148633300,63017440,0,0,89,false,0
41741,0,0,85615860,148638050,63022190,0,0,95,false,0
41742,0,0,85615860,148638050,63022190,0,92,92,true,0
41743,0,0,85615860,148638050,63022190,0,107,107,true,0
41744,0,0,85615860,148638050,63022190,0,91,91,true,0
41745,0,0,85615860,148642950,63027090,0,0,98,false,0
41746,0,0,85615860,148647900,63032040,0,0,99,false,0
41747,0,0,85615860,148653000,63037140,0,0,102,false,0
41748,0,0,85615860,148657600,63041740,0,0,92,false,0
41749,0,0,85615860,148662450,63046590,0,0,97,false,0
41750,0,0,85615860,148666600,63050740,0,0,83,false,0
41751,0,0,85615860,148671000,63055140,0,0,88,false,0
41752,0,0,85615860,148675200,63059340,0,0,84,false,0
41753,0,0,85615860,148680200,63064340,0,0,100,false,0
41754,0,0,85615860,148684750,63068890,0,0,91,false,0
41755,0,0,85615860,148689900,63074040,0,1,104,false,0
41756,0,0,85722480,148695050,62972570,0,15,118,false,0
41757,0,0,85722480,148700100,62977620,0,0,101,false,0
41758,0,0,85722480,148703900,62981420,0,0,76,false,0
41759,0,0,85722480,148709050,62986570,0,6,109,false,0
41760,0,0,85722480,148714200,62991720,0,19,122,false,0
41761,0,0,85722480,148714200,62991720,0,102,102,true,0
41762,0,0,85722480,148714200,62991720,0,99,99,true,0
41763,0,0,85722480,148714200,62991720,0,119,119,true,0
41764,0,0,85722480,148714200,62991720,0,96,96,true,0
41765,0,0,85722480,148718950,62996470,0,0,95,false,0
41766,0,0,85722480,148724000,63001520,0,0,101,false,0
41767,0,0,85722480,148728400,63005920,0,0,88,false,0
41768,0,0,85722480,148733550,63011070,0,1,104,false,0
41769,0,0,85722480,148738350,63015870,0,0,96,false,0
41770,0,0,85722480,148743500,63021020,0,1,104,false,0
41771,0,0,85722480,148748150,63025670,0,0,93,false,0
41772,0,0,85722480,148753300,63030820,0,2,105,false,0
41773,0,0,85722480,148758450,63035970,0,10,113,false,0
41774,0,0,85722480,148763500,63041020,0,0,101,false,0
41775,0,0,85722480,148767800,63045320,0,0,86,false,0
41776,0,0,85722480,148767800,63045320,0,84,84,true,0
41777,0,0,85722480,148767800,63045320,0,99,99,true,0
41778,0,0,85722480,148772950,63050470,0,4,107,false,0
41779,0,0,85722480,148778100,63055620,0,11,114,false,0
41780,0,0,85722480,148783250,63060770,0,1,104,false,0
41781,0,0,85722480,148788400,63065920,0,1,104,false,0
41782,0,0,85722480,148792850,63070370,0,0,89,false,0
41783,0,0,85722480,148797950,63075470,0,0,102,false,0
41784,0,0,85722480,148803100,63080620,0,1,104,false,0
41785,0,0,85722480,148807900,63085420,0,0,96,false,0
41786,0,0,85722480,148812650,63090170,0,0,95,false,0
41787,0,0,85722480,148817650,63095170,0,0,100,false,0
41788,0,0,85722480,148817650,63095170,0,116,116,true,0
41789,0,0,85722480,148817650,63095170,0,102,102,true,0
41790,0,0,85722480,148817650,63095170,0,113,113,true,0
41791,0,0,85722480,148817650,63095170,0,112,112,true,0
41792,0,0,85722480,148822650,63100170,0,0,100,false,0
41793,0,0,85722480,148827300,63104820,0,0,93,false,0
41794,0,0,85722480,148832450,63109970,0,22,125,false,0
41795,0,0,85722480,148837600,63115120,0,2,105,false,0
41796,0,0,85722480,148842750,63120270,0,6,109,false,0
41797,0,0,85722480,148842750,63120270,0,102,102,true,0
41798,0,0,85722480,148842750,63120270,0,97,97,true,0
41799,0,0,85722480,148846950,63124470,0,0,84,false,0
41800,0,0,85722480,148852100,63129620,0,13,116,false,0
41801,0,0,85722480,148852100,63129620,0,91,91,true,0
41802,0,0,85722480,148852100,63129620,0,105,105,true,0
41803,0,0,85722480,148856550,63134070,0,0,89,false,0
41804,0,0,85722480,148861350,63138870,0,0,96,false,0
41805,0,0,85722480,148866500,63144020,0,2,105,false,0
41806,0,0,85722480,148871500,63149020,0,0,100,false,0
41807,0,0,85722480,148876000,63153520,0,0,90,false,0
41808,0,0,85829100,148880500,63051400,0,0,90,false,0
41809,0,0,85829100,148885400,63056300,0,0,98,false,0
41810,0,0,85829100,148885400,63056300,0,121,121,true,0
41811,0,0,85829100,148890500,63061400,0,0,102,false,0
41812,0,0,85829100,148895650,63066550,0,20,123,false,0
41813,0,0,85829100,148900650,63071550,0,0,100,false,0
41814,0,0,85829100,148905700,63076600,0,0,101,false,0
41815,0,0,85829100,148910850,63081750,0,12,115,false,0
41816,0,0,85829100,148916000,63086900,0,6,109,false,0
41817,0,0,85829100,148920950,63091850,0,0,99,false,0
41818,0,0,85829100,148925400,63096300,0,0,89,false,0
41819,0,0,85829100,148925400,63096300,0,104,104,true,0
41820,0,0,85829100,148925400,63096300,0,110,110,true,0
41821,0,0,85829100,148925400,63096300,0,107,107,true,0
41822,0,0,85829100,148930550,63101450,0,2,105,false,0
41823,0,0,85829100,148935450,63106350,0,0,98,false,0
41824,0,0,85829100,148935450,63106350,0,86,86,true,0
41825,0,0,85829100,148935450,63106350,0,100,100,true,0
41826,0,0,85829100,148935450,63106350,0,95,95,true,0
41827,0,0,85829100,148935450,63106350,0,90,90,true,0
41828,0,0,85829100,148935450,63106350,0,112,112,true,0
41829,0,0,85829100,148940250,63111150,0,0,96,false,0
41830,0,0,85829100,148945400,63116300,0,1,104,false,0
41831,0,0,85829100,148945400,63116300,0,95,95,true,0
41832,0,0,85829100,148945400,63116300,0,82,82,true,0
41833,0,0,85829100,148950250,63121150,0,0,97,false,0
41834,0,0,85829100,148954900,63125800,0,0,93,false,0
41835,0,0,85829100,148954900,63125800,0,115,115,true,0
41836,0,0,85829100,148954900,63125800,0,90,90,true,0
41837,0,0,85829100,148958750,63129650,0,0,77,false,0
41838,0,0,85829100,148963400,63134300,0,0,93,false,0
41839,0,0,85829100,148963400,63134300,0,104,104,true,0
41840,0,0,85829100,148963400,63134300,0,103,103,true,0
41841,0,0,85829100,148963400,63134300,0,87,87,true,0
41842,0,0,85829100,148968100,63139000,0,0,94,false,0
41843,0,0,85829100,148973250,63144150,0,11,114,false,0
41844,0,0,85829100,148973250,63144150,0,94,94,true,0
41845,0,0,85829100,148973250,63144150,0,97,97,true,0
41846,0,0,85829100,148978400,63149300,0,10,113,false,0
41847,0,0,85829100,148982950,63153850,0,0,91,false,0
41848,0,0,85829100,148988100,63159000,0,3,106,false,0
41849,0,0,85829100,148993250,63164150,0,17,120,false,0
41850,0,0,85829100,148998350,63169250,0,0,102,false,0
41851,0,0,85829100,149003500,63174400,0,27,130,false,0
41852,0,0,85829100,149008150,63179050,0,0,93,false,0
41853,0,0,85829100,149013050,63183950,0,0,98,false,0
41854,0,0,85829100,149018200,63189100,0,1,104,false,0
41855,0,0,85829100,149023350,63194250,0,15,118,false,0
41856,0,0,85829100,149028450,63199350,0,0,102,false,0
41857,0,0,85829100,149033500,63204400,0,0,101,false,0
41858,0,0,85829100,149038650,63209550,0,4,107,false,0
41859,0,0,85829100,149043800,63214700,0,2,105,false,0
41860,0,0,85935720,149048950,63113230,0,3,106,false,0
41861,0,0,85935720,149053700,63117980,0,0,95,false,0
41862,0,0,85935720,149053700,63117980,0,107,107,true,0
41863,0,0,85935720,149058250,63122530,0,0,91,false,0
41864,0,0,85935720,149063400,63127680,0,5,108,false,0
41865,0,0,85935720,149068300,63132580,0,0,98,false,0
41866,0,0,85935720,149068300,63132580,0,98,98,true,0
41867,0,0,85935720,149068300,63132580,0,101,101,true,0
41868,0,0,85935720,149068300,63132580,0,78,78,true,0
41869,0,0,85935720,149068300,63132580,0,94,94,true,0
41870,0,0,85935720,149073250,63137530,0,0,99,false,0
41871,0,0,85935720,149077800,63142080,0,0,91,false,0
41872,0,0,85935720,149082200,63146480,0,0,88,false,0
41873,0,0,85935720,149087350,63151630,0,6,109,false,0
41874,0,0,85935720,149092500,63156780,0,11,114,false,0
41875,0,0,85935720,149097650,63161930,0,12,115,false,0
41876,0,0,85935720,149102750,63167030,0,0,102,false,0
41877,0,0,85935720,149107200,63171480,0,0,89,false,0
41878,0,0,85935720,149112350,63176630,0,6,109,false,0
41879,0,0,85935720,149112350,63176630,0,86,86,true,0
41880,0,0,85935720,149117350,63181630,0,0,100,false,0
41881,0,0,85935720,149122500,63186780,0,8,111,false,0
41882,0,0,85935720,149127150,63191430,0,0,93,false,0
41883,0,0,85935720,149132300,63196580,0,1,104,false,0
41884,0,0,85935720,149137450,63201730,0,8,111,false,0
41885,0,0,85935720,149142600,63206880,0,2,105,false,0
41886,0,0,85935720,149147600,63211880,0,0,100,false,0
41887,0,0,85935720,149147600,63211880,0,112,112,true,0
41888,0,0,85935720,149147600,63211880,0,103,103,true,0
41889,0,0,85935720,149147600,63211880,0,101,101,true,0
41890,0,0,85935720,149152700,63216980,0,0,102,false,0
41891,0,0,85935720,149157450,63221730,0,0,95,false,0
41892,0,0,85935720,149162500,63226780,0,0,101,false,0
41893,0,0,85935720,149162500,63226780,0,100,100,true,0
41894,0,0,85935720,149167650,63231930,0,2,105,false,0
41895,0,0,85935720,149172200,63236480,0,0,91,false,0
41896,0,0,85935720,149177100,63241380,0,0,98,false,0
41897,0,0,85935720,149182200,63246480,0,0,102,false,0
41898,0,0,85935720,149182200,63246480,0,91,91,true,0
41899,0,0,85935720,149182200,63246480,0,107,107,true,0
41900,0,0,85935720,149182200,63246480,0,93,93,true,0
41901,0,0,85935720,149187350,63251630,0,2,105,false,0
41902,0,0,85935720,149191450,63255730,0,0,82,false,0
41903,0,0,85935720,149196300,63260580,0,0,97,false,0
41904,0,0,85935720,149201000,63265280,0,0,94,false,0
41905,0,0,85935720,149206150,63270430,0,9,112,false,0
41906,0,0,85935720,149206150,63270430,0,96,96,true,0
41907,0,0,85935720,149206150,63270430,0,98,98,true,0
41908,0,0,85935720,149206150,63270430,0,115,115,true,0
41909,0,0,85935720,149206150,63270430,0,99,99,true,0
41910,0,0,85935720,149206150,63270430,0,103,103,true,0
41911,0,0,85935720,149206150,63270430,0,105,105,true,0
41912,0,0,86042340,149206150,63163810,0,95,95,true,0
41913,0,0,86042340,149211050,63168710,0,0,98,false,0
41914,0,0,86042340,149215300,63172960,0,0,85,false,0
41915,0,0,86042340,149220450,63178110,0,2,105,false,0
41916,0,0,86042340,149225500,63183160,0,0,101,false,0
41917,0,0,86042340,149225500,63183160,0,100,100,true,0
41918,0,0,86042340,149225500,63183160,0,96,96,true,0
41919,0,0,86042340,149225500,63183160,0,76,76,true,0
41920,0,0,86042340,149225500,63183160,0,98,98,true,0
41921,0,0,86042340,149230200,63187860,0,0,94,false,0
41922,0,0,86042340,149235050,63192710,0,0,97,false,0
41923,0,0,86042340,149239300,63196960,0,0,85,false,0
41924,0,0,86042340,149243750,63201410,0,0,89,false,0
41925,0,0,86042340,149248700,63206360,0,0,99,false,0
41926,0,0,86042340,149253400,63211060,0,0,94,false,0
41927,0,0,86042340,149258250,63215910,0,0,97,false,0
41928,0,0,86042340,149262350,63220010,0,0,82,false,0
41929,0,0,86042340,149262350,63220010,0,95,95,true,0
41930,0,0,86042340,149267500,63225160,0,2,105,false,0
41931,0,0,86042340,149272650,63230310,0,0,103,false,0
41932,0,0,86042340,149277550,63235210,0,0,98,false,0
41933,0,0,86042340,149282200,63239860,0,0,93,false,0
41934,0,0,86042340,149286750,63244410,0,0,91,false,0
41935,0,0,86042340,149291900,63249560,0,5,108,false,0
41936,0,0,86042340,149296750,63254410,0,0,97,false,0
41937,0,0,86042340,149301650,63259310,0,0,98,false,0
41938,0,0,86042340,149301650,63259310,0,99,99,true,0
41939,0,0,86042340,149306800,63264460,0,8,111,false,0
41940,0,0,86042340,149311950,63269610,0,5,108,false,0
41941,0,0,86042340,149317100,63274760,0,8,111,false,0
41942,0,0,86042340,149322250,63279910,0,1,104,false,0
41943,0,0,86042340,149327400,63285060,0,20,123,false,0
41944,0,0,86042340,149332000,63289660,0,0,92,false,0
41945,0,0,86042340,149337150,63294810,0,1,104,false,0
41946,0,0,86042340,149341800,63299460,0,0,93,false,0
41947,0,0,86042340,149346800,63304460,0,0,100,false,0
41948,0,0,86042340,149351950,63309610,0,3,106,false,0
41949,0,0,86042340,149356600,63314260,0,0,93,false,0
41950,0,0,86042340,149361400,63319060,0,0,96,false,0
41951,0,0,86042340,149366550,63324210,0,15,118,false,0
41952,0,0,86042340,149371700,63329360,0,13,116,false,0
41953,0,0,86042340,149371700,63329360,0,94,94,true,0
41954,0,0,86042340,149371700,63329360,0,99,99,true,0
41955,0,0,86042340,149371700,63329360,0,113,113,true,0
41956,0,0,86042340,149371700,63329360,0,90,90,true,0
41957,0,0,86042340,149376850,63334510,0,10,113,false,0
41958,0,0,86042340,149382000,63339660,0,1,104,false,0
41959,0,0,86042340,149386850,63344510,0,0,97,false,0
41960,0,0,86042340,149391750,63349410,0,0,98,false,0
41961,0,0,86042340,149391750,63349410,0,102,102,true,0
41962,0,0,86042340,149391750,63349410,0,108,108,true,0
41963,0,0,86042340,149396050,63353710,0,0,86,false,0
41964,0,0,86148960,149401200,63252240,0,1,104,false,0
41965,0,0,86148960,149406350,63257390,0,2,105,false,0
41966,0,0,86148960,149411500,63262540,0,11,114,false,0
41967,0,0,86148960,149416300,63267340,0,0,96,false,0
41968,0,0,86148960,149420550,63271590,0,0,85,false,0
41969,0,0,86148960,149420550,63271590,0,107,107,true,0
41970,0,0,86148960,149420550,63271590,0,106,106,true,0
41971,0,0,86148960,149420550,63271590,0,105,105,true,0
41972,0,0,86148960,149420550,63271590,0,82,82,true,0
41973,0,0,86148960,149425700,63276740,0,2,105,false,0
41974,0,0,86148960,149430600,63281640,0,0,98,false,0
41975,0,0,86148960,149435650,63286690,0,0,101,false,0
41976,0,0,86148960,149440750,63291790,0,0,102,false,0
41977,0,0,86148960,149445200,63296240,0,0,89,false,0
41978,0,0,86148960,149450350,63301390,0,10,113,false,0
41979,0,0,86148960,149455050,63306090,0,0,94,false,0
41980,0,0,86148960,149459950,63310990,0,0,98,false,0
41981,0,0,86148960,149465100,63316140,0,4,107,false,0
41982,0,0,86148960,149470150,63321190,0,0,101,false,0
41983,0,0,86148960,149475300,63326340,0,11,114,false,0
41984,0,0,86148960,149480450,63331490,0,2,105,false,0
41985,0,0,86148960,149484450,63335490,0,0,80,false,0
41986,0,0,86148960,149488800,63339840,0,0,87,false,0
41987,0,0,86148960,149493950,63344990,0,8,111,false,0
41988,0,0,86148960,149493950,63344990,0,86,86,true,0
41989,0,0,86148960,149493950,63344990,0,90,90,true,0
41990,0,0,86148960,149493950,63344990,0,104,104,true,0
41991,0,0,86148960,149497650,63348690,0,0,74,false,0
41992,0,0,86148960,149502800,63353840,0,14,117,false,0
41993,0,0,86148960,149502800,63353840,0,99,99,true,0
41994,0,0,86148960,149507750,63358790,0,0,99,false,0
41995,0,0,86148960,149512900,63363940,0,7,110,false,0
41996,0,0,86148960,149517750,63368790,0,0,97,false,0
41997,0,0,86148960,149522900,63373940,0,4,107,false,0
41998,0,0,86148960,149528050,63379090,0,3,106,false,0
41999,0,0,86148960,149532850,63383890,0,0,96,false,0
42000,0,0,86148960,149537950,63388990,0,0,102,false,0
42001,0,0,86148960,149542600,63393640,0,0,93,false,0
42002,0,0,86148960,149547350,63398390,0,0,95,false,0
42003,0,0,86148960,149552350,63403390,0,0,100,false,0
42004,0,0,86148960,149552350,63403390,0,103,103,true,0
42005,0,0,86148960,149557500,63408540,0,6,109,false,0
42006,0,0,86148960,149561850,63412890,0,0,87,false,0
42007,0,0,86148960,149566950,63417990,0,0,102,false,0
42008,0,0,86148960,149572100,63423140,0,11,114,false,0
42009,0,0,86148960,149577250,63428290,0,6,109,false,0
42010,0,0,86148960,149582250,63433290,0,0,100,false,0
42011,0,0,86148960,149586700,63437740,0,0,89,false,0
42012,0,0,86148960,149590750,63441790,0,0,81,false,0
42013,0,0,86148960,149595650,63446690,0,0,98,false,0
42014,0,0,86148960,149600750,63451790,0,0,102,false,0
42015,0,0,86148960,149600750,63451790,0,90,90,true,0
42016,0,0,86255580,149600750,63345170,0,91,91,true,0
42017,0,0,86255580,149600750,63345170,0,110,110,true,0
42018,0,0,86255580,149605900,63350320,0,8,111,false,0
42019,0,0,86255580,149611000,63355420,0,0,102,false,0
42020,0,0,86255580,149611000,63355420,0,112,112,true,0
42021,0,0,86255580,149616100,63360520,0,0,102,false,0
42022,0,0,86255580,149621250,63365670,0,4,107,false,0
42023,0,0,86255580,149626000,63370420,0,0,95,false,0
42024,0,0,86255580,149631150,63375570,0,15,118,false,0
42025,0,0,86255580,149631150,63375570,0,95,95,true,0
42026,0,0,86255580,149631150,63375570,0,103,103,true,0
42027,0,0,86255580,149631150,63375570,0,112,112,true,0
42028,0,0,86255580,149631150,63375570,0,99,99,true,0
42029,0,0,86255580,149631150,63375570,0,75,75,true,0
42030,0,0,86255580,149631150,63375570,0,113,113,true,0
42031,0,0,86255580,149631150,63375570,0,108,108,true,0
42032,0,0,86255580,149631150,63375570,0,92,92,true,0
42033,0,0,86255580,149631150,63375570,0,88,88,true,0
42034,0,0,86255580,149631150,63375570,0,101,101,true,0
42035,0,0,86255580,149631150,63375570,0,108,108,true,0
42036,0,0,86255580,149631150,63375570,0,87,87,true,0
42037,0,0,86255580,149631150,63375570,0,97,97,true,0
42038,0,0,86255580,149631150,63375570,0,101,101,true,0
42039,0,0,86255580,149631150,63375570,0,105,105,true,0
42040,0,0,86255580,149631150,63375570,0,99,99,true,0
42041,0,0,86255580,149631150,63375570,0,101,101,true,0
42042,0,0,86255580,149631150,63375570,0,84,84,true,0
42043,0,0,86255580,149631150,63375570,0,97,97,true,0
42044,0,0,86255580,149631150,63375570,0,120,120,true,0
42045,0,0,86255580,149631150,63375570,0,95,95,true,0
42046,0,0,86255580,149631150,63375570,0,90,90,true,0
42047,0,0,86255580,149636000,63380420,0,0,97,false,0
42048,0,0,86255580,149641100,63385520,0,0,102,false,0
42049,0,0,86255580,149646050,63390470,0,0,99,false,0
42050,0,0,86255580,149646050,63390470,0,104,104,true,0
42051,0,0,86255580,149651200,63395620,0,1,104,false,0
42052,0,0,86255580,149656350,63400770,0,16,119,false,0
42053,0,0,86255580,149661400,63405820,0,0,101,false,0
42054,0,0,86255580,149666550,63410970,0,13,116,false,0
42055,0,0,86255580,149671400,63415820,0,0,97,false,0
42056,0,0,86255580,149671400,63415820,0,92,92,true,0
42057,0,0,86255580,149671400,63415820,0,97,97,true,0
42058,0,0,86255580,149671400,63415820,0,94,94,true,0
42059,0,0,86255580,149676250,63420670,0,0,97,false,0
42060,0,0,86255580,149681400,63425820,0,11,114,false,0
42061,0,0,86255580,149686400,63430820,0,0,100,false,0
42062,0,0,86255580,149691550,63435970,0,2,105,false,0
42063,0,0,86255580,149696350,63440770,0,0,96,false,0
42064,0,0,86255580,149701100,63445520,0,0,95,false,0
42065,0,0,86255580,149706250,63450670,0,1,104,false,0
42066,0,0,86255580,149706250,63450670,0,106,106,true,0
42067,0,0,86255580,149711400,63455820,0,14,117,false,0
42068,0,0,86362200,149716550,63354350,0,18,121,false,0
42069,0,0,86362200,149721100,63358900,0,0,91,false,0
42070,0,0,86362200,149721100,63358900,0,106,106,true,0
42071,0,0,86362200,149721100,63358900,0,100,100,true,0
42072,0,0,86362200,149721100,63358900,0,80,80,true,0
42073,0,0,86362200,149725900,63363700,0,0,96,false,0
42074,0,0,86362200,149730550,63368350,0,0,93,false,0
42075,0,0,86362200,149734900,63372700,0,0,87,false,0
42076,0,0,86362200,149739550,63377350,0,0,93,false,0
42077,0,0,86362200,149744700,63382500,0,0,103,false,0
42078,0,0,86362200,149749200,63387000,0,0,90,false,0
42079,0,0,86362200,149753400,63391200,0,0,84,false,0
42080,0,0,86362200,149758550,63396350,0,3,106,false,0
42081,0,0,86362200,149763150,63400950,0,0,92,false,0
42082,0,0,86362200,149767350,63405150,0,0,84,false,0
42083,0,0,86362200,149772400,63410200,0,0,101,false,0
42084,0,0,86362200,149777300,63415100,0,0,98,false,0
42085,0,0,86362200,149782450,63420250,0,5,108,false,0
42086,0,0,86362200,149787600,63425400,0,11,114,false,0
42087,0,0,86362200,149792550,63430350,0,0,99,false,0
42088,0,0,86362200,149796950,63434750,0,0,88,false,0
42089,0,0,86362200,149801500,63439300,0,0,91,false,0
42090,0,0,86362200,149801500,63439300,0,106,106,true,0
42091,0,0,86362200,149806650,63444450,0,1,104,false,0
42092,0,0,86362200,149811400,63449200,0,0,95,false,0
42093,0,0,86362200,149816100,63453900,0,0,94,false,0
42094,0,0,86362200,149820600,63458400,0,0,90,false,0
42095,0,0,86362200,149825550,63463350,0,0,99,false,0
42096,0,0,86362200,149830550,63468350,0,0,100,false,0
42097,0,0,86362200,149835700,63473500,0,0,103,false,0
42098,0,0,86362200,149839800,63477600,0,0,82,false,0
42099,0,0,86362200,149839800,63477600,0,108,108,true,0
42100,0,0,86362200,149844350,63482150,0,0,91,false,0
42101,0,0,86362200,149849400,63487200,0,0,101,false,0
42102,0,0,86362200,149849400,63487200,0,108,108,true,0
42103,0,0,86362200,149849400,63487200,0,100,100,true,0
42104,0,0,86362200,149849400,63487200,0,105,105,true,0
42105,0,0,86362200,149849400,63487200,0,100,100,true,0
42106,0,0,86362200,149854550,63492350,0,11,114,false,0
42107,0,0,86362200,149859700,63497500,0,0,103,false,0
42108,0,0,86362200,149864650,63502450,0,0,99,false,0
42109,0,0,86362200,149869800,63507600,0,2,105,false,0
42110,0,0,86362200,149874950,63512750,0,0,103,false,0
42111,0,0,86362200,149880000,63517800,0,0,101,false,0
42112,0,0,86362200,149885150,63522950,0,10,113,false,0
42113,0,0,86362200,149889050,63526850,0,0,78,false,0
42114,0,0,86362200,149893750,63531550,0,0,94,false,0
42115,0,0,86362200,149898900,63536700,0,2,105,false,0
42116,0,0,86362200,149903850,63541650,0,0,99,false,0
42117,0,0,86362200,149909000,63546800,0,9,112,false,0
42118,0,0,86362200,149909000,63546800,0,112,112,true,0
42119,0,0,86362200,149909000,63546800,0,84,84,true,0
42120,0,0,86468820,149909000,63440180,0,124,124,true,0
42121,0,0,86468820,149909000,63440180,0,95,95,true,0
42122,0,0,86468820,149913700,63444880,0,0,94,false,0
42123,0,0,86468820,149918850,63450030,0,11,114,false,0
42124,0,0,86468820,149918850,63450030,0,102,102,true,0
42125,0,0,86468820,149918850,63450030,0,104,104,true,0
42126,0,0,86468820,149923900,63455080,0,0,101,false,0
42127,0,0,86468820,149928350,63459530,0,0,89,false,0
42128,0,0,86468820,149933500,63464680,0,1,104,false,0
42129,0,0,86468820,149933500,63464680,0,91,91,true,0
42130,0,0,86468820,149933500,63464680,0,106,106,true,0
42131,0,0,86468820,149938150,63469330,0,0,93,false,0
42132,0,0,86468820,149942800,63473980,0,0,93,false,0
42133,0,0,86468820,149947800,63478980,0,0,100,false,0
42134,0,0,86468820,149952500,63483680,0,0,94,false,0
42135,0,0,86468820,149957200,63488380,0,0,94,false,0
42136,0,0,86468820,149962350,63493530,0,6,109,false,0
42137,0,0,86468820,149962350,63493530,0,95,95,true,0
42138,0,0,86468820,149967300,63498480,0,0,99,false,0
42139,0,0,86468820,149971700,63502880,0,0,88,false,0
42140,0,0,86468820,149976850,63508030,0,9,112,false,0
42141,0,0,86468820,149982000,63513180,0,5,108,false,0
42142,0,0,86468820,149982000,63513180,0,95,95,true,0
42143,0,0,86468820,149982000,63513180,0,111,111,true,0
42144,0,0,86468820,149987150,63518330,0,1,104,false,0
42145,0,0,86468820,149991900,63523080,0,0,95,false,0
42146,0,0,86468820,149991900,63523080,0,86,86,true,0
42147,0,0,86468820,149991900,63523080,0,80,80,true,0
42148,0,0,86468820,149991900,63523080,0,97,97,true,0
42149,0,0,86468820,149991900,63523080,0,95,95,true,0
42150,0,0,86468820,149996850,63528030,0,0,99,false,0
42151,0,0,86468820,150002000,63533180,0,14,117,false,0
42152,0,0,86468820,150007150,63538330,0,7,110,false,0
42153,0,0,86468820,150012300,63543480,0,0,103,false,0
42154,0,0,86468820,150017100,63548280,0,0,96,false,0
42155,0,0,86468820,150022250,63553430,0,3,106,false,0
42156,0,0,86468820,150022250,63553430,0,116,116,true,0
42157,0,0,86468820,150022250,63553430,0,82,82,true,0
42158,0,0,86468820,150022250,63553430,0,97,97,true,0
42159,0,0,86468820,150022250,63553430,0,99,99,true,0
42160,0,0,86468820,150022250,63553430,0,92,92,true,0
42161,0,0,86468820,150027300,63558480,0,0,101,false,0
42162,0,0,86468820,150032000,63563180,0,0,94,false,0
42163,0,0,86468820,150036300,63567480,0,0,86,false,0
42164,0,0,86468820,150036300,63567480,0,99,99,true,0
42165,0,0,86468820,150036300,63567480,0,100,100,true,0
42166,0,0,86468820,150041250,63572430,0,0,99,false,0
42167,0,0,86468820,150046400,63577580,0,2,105,false,0
42168,0,0,86468820,150051300,63582480,0,0,98,false,0
42169,0,0,86468820,150056150,63587330,0,0,97,false,0
42170,0,0,86468820,150061300,63592480,0,5,108,false,0
42171,0,0,86468820,150061300,63592480,0,96,96,true,0
42172,0,0,86575440,150066200,63490760,0,0,98,false,0
42173,0,0,86575440,150071100,63495660,0,0,98,false,0
42174,0,0,86575440,150076250,63500810,0,9,112,false,0
42175,0,0,86575440,150081400,63505960,0,6,109,false,0
42176,0,0,86575440,150086000,63510560,0,0,92,false,0
42177,0,0,86575440,150090100,63514660,0,0,82,false,0
42178,0,0,86575440,150095250,63519810,0,8,111,false,0
42179,0,0,86575440,150100400,63524960,0,5,108,false,0
42180,0,0,86575440,150100400,63524960,0,99,99,true,0
42181,0,0,86575440,150100400,63524960,0,100,100,true,0
42182,0,0,86575440,150100400,63524960,0,88,88,true,0
42183,0,0,86575440,150100400,63524960,0,96,96,true,0
42184,0,0,86575440,150100400,63524960,0,94,94,true,0
42185,0,0,86575440,150100400,63524960,0,110,110,true,0
42186,0,0,86575440,150100400,63524960,0,107,107,true,0
42187,0,0,86575440,150100400,63524960,0,91,91,true,0
42188,0,0,86575440,150100400,63524960,0,89,89,true,0
42189,0,0,86575440,150100400,63524960,0,99,99,true,0
42190,0,0,86575440,150100400,63524960,0,94,94,true,0
42191,0,0,86575440,150105550,63530110,0,0,103,false,0
42192,0,0,86575440,150110700,63535260,0,9,112,false,0
42193,0,0,86575440,150110700,63535260,0,81,81,true,0
42194,0,0,86575440,150110700,63535260,0,101,101,true,0
42195,0,0,86575440,150110700,63535260,0,110,110,true,0
42196,0,0,86575440,150110700,63535260,0,115,115,true,0
42197,0,0,86575440,150110700,63535260,0,92,92,true,0
42198,0,0,86575440,150115850,63540410,0,6,109,false,0
42199,0,0,86575440,150121000,63545560,0,16,119,false,0
42200,0,0,86575440,150125650,63550210,0,0,93,false,0
42201,0,0,86575440,150130150,63554710,0,0,90,false,0
42202,0,0,86575440,150135300,63559860,0,0,103,false,0
42203,0,0,86575440,150140100,63564660,0,0,96,false,0
42204,0,0,86575440,150145250,63569810,0,4,107,false,0
42205,0,0,86575440,150149600,63574160,0,0,87,false,0
42206,0,0,86575440,150149600,63574160,0,84,84,true,0
42207,0,0,86575440,150154750,63579310,0,4,107,false,0
42208,0,0,86575440,150159550,63584110,0,0,96,false,0
42209,0,0,86575440,150164700,63589260,0,0,103,false,0
42210,0,0,86575440,150169550,63594110,0,0,97,false,0
42211,0,0,86575440,150174700,63599260,0,7,110,false,0
42212,0,0,86575440,150179850,63604410,0,10,113,false,0
42213,0,0,86575440,150184900,63609460,0,0,101,false,0
42214,0,0,86575440,150189200,63613760,0,0,86,false,0
42215,0,0,86575440,150194150,63618710,0,0,99,false,0
42216,0,0,86575440,150194150,63618710,0,110,110,true,0
42217,0,0,86575440,150194150,63618710,0,91,91,true,0
42218,0,0,86575440,150198800,63623360,0,0,93,false,0
42219,0,0,86575440,150203150,63627710,0,0,87,false,0
42220,0,0,86575440,150207850,63632410,0,0,94,false,0
42221,0,0,86575440,150212400,63636960,0,0,91,false,0
42222,0,0,86575440,150217550,63642110,0,18,121,false,0
42223,0,0,86575440,150217550,63642110,0,113,113,true,0
42224,0,0,86682060,150217550,63535490,0,105,105,true,0
42225,0,0,86682060,150217550,63535490,0,104,104,true,0
42226,0,0,86682060,150217550,63535490,0,117,117,true,0
42227,0,0,86682060,150222000,63539940,0,0,89,false,0
42228,0,0,86682060,150226750,63544690,0,0,95,false,0
42229,0,0,86682060,150231550,63549490,0,0,96,false,0
42230,0,0,86682060,150236450,63554390,0,0,98,false,0
42231,0,0,86682060,150241600,63559540,0,1,104,false,0
42232,0,0,86682060,150246750,63564690,0,11,114,false,0
42233,0,0,86682060,150251700,63569640,0,0,99,false,0
42234,0,0,86682060,150256850,63574790,0,5,108,false,0
42235,0,0,86682060,150261250,63579190,0,0,88,false,0
42236,0,0,86682060,150265750,63583690,0,0,90,false,0
42237,0,0,86682060,150265750,63583690,0,114,114,true,0
42238,0,0,86682060,150265750,63583690,0,100,100,true,0
42239,0,0,86682060,150265750,63583690,0,109,109,true,0
42240,0,0,86682060,150265750,63583690,0,104,104,true,0
42241,0,0,86682060,150265750,63583690,0,101,101,true,0
42242,0,0,86682060,150270900,63588840,0,7,110,false,0
42243,0,0,86682060,150275800,63593740,0,0,98,false,0
42244,0,0,86682060,150280950,63598890,0,15,118,false,0
42245,0,0,86682060,150285950,63603890,0,0,100,false,0
42246,0,0,86682060,150290550,63608490,0,0,92,false,0
42247,0,0,86682060,150294950,63612890,0,0,88,false,0
42248,0,0,86682060,150299800,63617740,0,0,97,false,0
42249,0,0,86682060,150304550,63622490,0,0,95,false,0
42250,0,0,86682060,150304550,63622490,0,114,114,true,0
42251,0,0,86682060,150304550,63622490,0,106,106,true,0
42252,0,0,86682060,150309700,63627640,0,2,105,false,0
42253,0,0,86682060,150314850,63632790,0,1,104,false,0
42254,0,0,86682060,150319900,63637840,0,0,101,false,0
42255,0,0,86682060,150324450,63642390,0,0,91,false,0
42256,0,0,86682060,150324450,63642390,0,78,78,true,0
42257,0,0,86682060,150324450,63642390,0,102,102,true,0
42258,0,0,86682060,150329600,63647540,0,4,107,false,0
42259,0,0,86682060,150334300,63652240,0,0,94,false,0
42260,0,0,86682060,150337600,63655540,0,0,66,false,0
42261,0,0,86682060,150342750,63660690,0,11,114,false,0
42262,0,0,86682060,150347900,63665840,0,8,111,false,0
42263,0,0,86682060,150352700,63670640,0,0,96,false,0
42264,0,0,86682060,150352700,63670640,0,106,106,true,0
42265,0,0,86682060,150356750,63674690,0,0,81,false,0
42266,0,0,86682060,150361350,63679290,0,0,92,false,0
42267,0,0,86682060,150366500,63684440,0,7,110,false,0
42268,0,0,86682060,150371650,63689590,0,17,120,false,0
42269,0,0,86682060,150371650,63689590,0,109,109,true,0
42270,0,0,86682060,150371650,63689590,0,103,103,true,0
42271,0,0,86682060,150371650,63689590,0,95,95,true,0
42272,0,0,86682060,150376800,63694740,0,17,120,false,0
42273,0,0,86682060,150381800,63699740,0,0,100,false,0
42274,0,0,86682060,150386950,63704890,0,8,111,false,0
42275,0,0,86682060,150391850,63709790,0,0,98,false,0
42276,0,0,86788680,150396700,63608020,0,0,97,false,0
42277,0,0,86788680,150401850,63613170,0,2,105,false,0
42278,0,0,86788680,150407000,63618320,0,1,104,false,0
42279,0,0,86788680,150411700,63623020,0,0,94,false,0
42280,0,0,86788680,150416500,63627820,0,0,96,false,0
42281,0,0,86788680,150421400,63632720,0,0,98,false,0
42282,0,0,86788680,150426250,63637570,0,0,97,false,0
42283,0,0,86788680,150426250,63637570,0,94,94,true,0
42284,0,0,86788680,150426250,63637570,0,99,99,true,0
42285,0,0,86788680,150431400,63642720,0,4,107,false,0
42286,0,0,86788680,150436250,63647570,0,0,97,false,0
42287,0,0,86788680,150441400,63652720,0,3,106,false,0
42288,0,0,86788680,150445900,63657220,0,0,90,false,0
42289,0,0,86788680,150451050,63662370,0,6,109,false,0
42290,0,0,86788680,150456050,63667370,0,0,100,false,0
42291,0,0,86788680,150461200,63672520,0,7,110,false,0
42292,0,0,86788680,150466050,63677370,0,0,97,false,0
42293,0,0,86788680,150466050,63677370,0,105,105,true,0
42294,0,0,86788680,150470450,63681770,0,0,88,false,0
42295,0,0,86788680,150475150,63686470,0,0,94,false,0
42296,0,0,86788680,150479750,63691070,0,0,92,false,0
42297,0,0,86788680,150484900,63696220,0,2,105,false,0
42298,0,0,86788680,150489850,63701170,0,0,99,false,0
42299,0,0,86788680,150493800,63705120,0,0,79,false,0
42300,0,0,86788680,150498400,63709720,0,0,92,false,0
42301,0,0,86788680,150503300,63714620,0,0,98,false,0
42302,0,0,86788680,150507650,63718970,0,0,87,false,0
42303,0,0,86788680,150512150,63723470,0,0,90,false,0
42304,0,0,86788680,150517300,63728620,0,0,103,false,0
42305,0,0,86788680,150522450,63733770,0,8,111,false,0
42306,0,0,86788680,150527450,63738770,0,0,100,false,0
42307,0,0,86788680,150532400,63743720,0,0,99,false,0
42308,0,0,86788680,150537500,63748820,0,0,102,false,0
42309,0,0,86788680,150541950,63753270,0,0,89,false,0
42310,0,0,86788680,150547100,63758420,0,6,109,false,0
42311,0,0,86788680,150552250,63763570,0,1,104,false,0
42312,0,0,86788680,150556750,63768070,0,0,90,false,0
42313,0,0,86788680,150556750,63768070,0,85,85,true,0
42314,0,0,86788680,150556750,63768070,0,101,101,true,0
42315,0,0,86788680,150556750,63768070,0,105,105,true,0
42316,0,0,86788680,150556750,63768070,0,96,96,true,0
42317,0,0,86788680,150556750,63768070,0,94,94,true,0
42318,0,0,86788680,150556750,63768070,0,89,89,true,0
42319,0,0,86788680,150556750,63768070,0,104,104,true,0
42320,0,0,86788680,150556750,63768070,0,104,104,true,0
42321,0,0,86788680,150556750,63768070,0,87,87,true,0
42322,0,0,86788680,150561800,63773120,0,0,101,false,0
42323,0,0,86788680,150566350,63777670,0,0,91,false,0
42324,0,0,86788680,150571500,63782820,0,6,109,false,0
42325,0,0,86788680,150576650,63787970,0,0,103,false,0
42326,0,0,86788680,150581150,63792470,0,0,90,false,0
42327,0,0,86788680,150586100,63797420,0,0,99,false,0
42328,0,0,86895300,150590200,63694900,0,0,82,false,0
42329,0,0,86895300,150595350,63700050,0,1,104,false,0
42330,0,0,86895300,150600350,63705050,0,0,100,false,0
42331,0,0,86895300,150605500,63710200,0,3,106,false,0
42332,0,0,86895300,150610550,63715250,0,0,101,false,0
42333,0,0,86895300,150615700,63720400,0,12,115,false,0
42334,0,0,86895300,150620550,63725250,0,0,97,false,0
42335,0,0,86895300,150620550,63725250,0,108,108,true,0
42336,0,0,86895300,150620550,63725250,0,86,86,true,0
42337,0,0,86895300,150625050,63729750,0,0,90,false,0
42338,0,0,86895300,150630050,63734750,0,0,100,false,0
42339,0,0,86895300,150634700,63739400,0,0,93,false,0
42340,0,0,86895300,150639850,63744550,0,5,108,false,0
42341,0,0,86895300,150639850,63744550,0,96,96,true,0
42342,0,0,86895300,150639850,63744550,0,114,114,true,0
42343,0,0,86895300,150644700,63749400,0,0,97,false,0
42344,0,0,86895300,150649150,63753850,0,0,89,false,0
42345,0,0,86895300,150654300,63759000,0,12,115,false,0
42346,0,0,86895300,150654300,63759000,0,89,89,true,0
42347,0,0,86895300,150657950,63762650,0,0,73,false,0
42348,0,0,86895300,150662500,63767200,0,0,91,false,0
42349,0,0,86895300,150667650,63772350,0,5,108,false,0
42350,0,0,86895300,150671750,63776450,0,0,82,false,0
42351,0,0,86895300,150676900,63781600,0,0,103,false,0
42352,0,0,86895300,150681750,63786450,0,0,97,false,0
42353,0,0,86895300,150686100,63790800,0,0,87,false,0
42354,0,0,86895300,150691200,63795900,0,0,102,false,0
42355,0,0,86895300,150696350,63801050,0,0,103,false,0
42356,0,0,86895300,150696350,63801050,0,94,94,true,0
42357,0,0,86895300,150701500,63806200,0,7,110,false,0
42358,0,0,86895300,150706650,63811350,0,2,105,false,0
42359,0,0,86895300,150711600,63816300,0,0,99,false,0
42360,0,0,86895300,150716650,63821350,0,0,101,false,0
42361,0,0,86895300,150716650,63821350,0,126,126,true,0
42362,0,0,86895300,150721100,63825800,0,0,89,false,0
42363,0,0,86895300,150725600,63830300,0,0,90,false,0
42364,0,0,86895300,150730450,63835150,0,0,97,false,0
42365,0,0,86895300,150735600,63840300,0,8,111,false,0
42366,0,0,86895300,150735600,63840300,0,101,101,true,0
42367,0,0,86895300,150740400,63845100,0,0,96,false,0
42368,0,0,86895300,150745550,63850250,0,17,120,false,0
42369,0,0,86895300,150749450,63854150,0,0,78,false,0
42370,0,0,86895300,150754600,63859300,0,12,115,false,0
42371,0,0,86895300,150759350,63864050,0,0,95,false,0
42372,0,0,86895300,150764450,63869150,0,0,102,false,0
42373,0,0,86895300,150768850,63873550,0,0,88,false,0
42374,0,0,86895300,150768850,63873550,0,106,106,true,0
42375,0,0,86895300,150768850,63873550,0,98,98,true,0
42376,0,0,86895300,150768850,63873550,0,101,101,true,0
42377,0,0,86895300,150768850,63873550,0,103,103,true,0
42378,0,0,86895300,150773750,63878450,0,0,98,false,0
42379,0,0,86895300,150778550,63883250,0,0,96,false,0
42380,0,0,87001920,150778550,63776630,0,96,96,true,0
42381,0,0,87001920,150783600,63781680,0,0,101,false,0
42382,0,0,87001920,150788650,63786730,0,0,101,false,0
42383,0,0,87001920,150793150,63791230,0,0,90,false,0
42384,0,0,87001920,150797850,63795930,0,0,94,false,0
42385,0,0,87001920,150802400,63800480,0,0,91,false,0
42386,0,0,87001920,150806700,63804780,0,0,86,false,0
42387,0,0,87001920,150811550,63809630,0,0,97,false,0
42388,0,0,87001920,150816700,63814780,0,1,104,false,0
42389,0,0,87001920,150821850,63819930,0,12,115,false,0
42390,0,0,87001920,150826850,63824930,0,0,100,false,0
42391,0,0,87001920,150831750,63829830,0,0,98,false,0
42392,0,0,87001920,150836750,63834830,0,0,100,false,0
42393,0,0,87001920,150841050,63839130,0,0,86,false,0
42394,0,0,87001920,150845900,63843980,0,0,97,false,0
42395,0,0,87001920,150850350,63848430,0,0,89,false,0
42396,0,0,87001920,150850350,63848430,0,103,103,true,0
42397,0,0,87001920,150855500,63853580,0,6,109,false,0
42398,0,0,87001920,150860100,63858180,0,0,92,false,0
42399,0,0,87001920,150864700,63862780,0,0,92,false,0
42400,0,0,87001920,150869800,63867880,0,0,102,false,0
42401,0,0,87001920,150874550,63872630,0,0,95,false,0
42402,0,0,87001920,150879700,63877780,0,7,110,false,0
42403,0,0,87001920,150884850,63882930,0,1,104,false,0
42404,0,0,87001920,150889650,63887730,0,0,96,false,0
42405,0,0,87001920,150894800,63892880,0,8,111,false,0
42406,0,0,87001920,150899850,63897930,0,0,101,false,0
42407,0,0,87001920,150904550,63902630,0,0,94,false,0
42408,0,0,87001920,150909700,63907780,0,4,107,false,0
42409,0,0,87001920,150914850,63912930,0,0,103,false,0
42410,0,0,87001920,150919750,63917830,0,0,98,false,0
42411,0,0,87001920,150924700,63922780,0,0,99,false,0
42412,0,0,87001920,150929750,63927830,0,0,101,false,0
42413,0,0,87001920,150934100,63932180,0,0,87,false,0
42414,0,0,87001920,150934100,63932180,0,104,104,true,0
42415,0,0,87001920,150939250,63937330,0,1,104,false,0
42416,0,0,87001920,150944250,63942330,0,0,100,false,0
42417,0,0,87001920,150944250,63942330,0,106,106,true,0
42418,0,0,87001920,150944250,63942330,0,103,103,true,0
42419,0,0,87001920,150944250,63942330,0,99,99,true,0
42420,0,0,87001920,150944250,63942330,0,90,90,true,0
42421,0,0,87001920,150949400,63947480,0,2,105,false,0
42422,0,0,87001920,150954250,63952330,0,0,97,false,0
42423,0,0,87001920,150959400,63957480,0,9,112,false,0
42424,0,0,87001920,150963800,63961880,0,0,88,false,0
42425,0,0,87001920,150968250,63966330,0,0,89,false,0
42426,0,0,87001920,150973350,63971430,0,0,102,false,0
42427,0,0,87001920,150978350,63976430,0,0,100,false,0
42428,0,0,87001920,150978350,63976430,0,96,96,true,0
42429,0,0,87001920,150983100,63981180,0,0,95,false,0
42430,0,0,87001920,150988250,63986330,0,4,107,false,0
42431,0,0,87001920,150993400,63991480,0,1,104,false,0
42432,0,0,87108540,150993400,63884860,0,106,106,true,0
42433,0,0,87108540,150993400,63884860,0,97,97,true,0
42434,0,0,87108540,150993400,63884860,0,105,105,true,0
42435,0,0,87108540,150993400,63884860,0,96,96,true,0
42436,0,0,87108540,150993400,63884860,0,94,94,true,0
42437,0,0,87108540,150993400,63884860,0,86,86,true,0
42438,0,0,87108540,150993400,63884860,0,100,100,true,0
42439,0,0,87108540,150998550,63890010,0,10,113,false,0
42440,0,0,87108540,151003700,63895160,0,1,104,false,0
42441,0,0,87108540,151008850,63900310,0,11,114,false,0
42442,0,0,87108540,151013950,63905410,0,0,102,false,0
42443,0,0,87108540,151018350,63909810,0,0,88,false,0
42444,0,0,87108540,151023500,63914960,0,1,104,false,0
42445,0,0,87108540,151023500,63914960,0,82,82,true,0
42446,0,0,87108540,151028350,63919810,0,0,97,false,0
42447,0,0,87108540,151033500,63924960,0,1,104,false,0
42448,0,0,87108540,151037700,63929160,0,0,84,false,0
42449,0,0,87108540,151042850,63934310,0,0,103,false,0
42450,0,0,87108540,151048000,63939460,0,0,103,false,0
42451,0,0,87108540,151052900,63944360,0,0,98,false,0
42452,0,0,87108540,151058050,63949510,0,2,105,false,0
42453,0,0,87108540,151062950,63954410,0,0,98,false,0
42454,0,0,87108540,151067750,63959210,0,0,96,false,0
42455,0,0,87108540,151072250,63963710,0,0,90,false,0
42456,0,0,87108540,151072250,63963710,0,106,106,true,0
42457,0,0,87108540,151077400,63968860,0,15,118,false,0
42458,0,0,87108540,151082400,63973860,0,0,100,false,0
42459,0,0,87108540,151087200,63978660,0,0,96,false,0
42460,0,0,87108540,151092150,63983610,0,0,99,false,0
42461,0,0,87108540,151097300,63988760,0,11,114,false,0
42462,0,0,87108540,151102450,63993910,0,3,106,false,0
42463,0,0,87108540,151107500,63998960,0,0,101,false,0
42464,0,0,87108540,151111500,64002960,0,0,80,false,0
42465,0,0,87108540,151111500,64002960,0,102,102,true,0
42466,0,0,87108540,151111500,64002960,0,107,107,true,0
42467,0,0,87108540,151111500,64002960,0,91,91,true,0
42468,0,0,87108540,151111500,64002960,0,92,92,true,0
42469,0,0,87108540,151111500,64002960,0,117,117,true,0
42470,0,0,87108540,151116650,64008110,0,4,107,false,0
42471,0,0,87108540,151121800,64013260,0,11,114,false,0
42472,0,0,87108540,151121800,64013260,0,102,102,true,0
42473,0,0,87108540,151121800,64013260,0,99,99,true,0
42474,0,0,87108540,151121800,64013260,0,93,93,true,0
42475,0,0,87108540,151126100,64017560,0,0,86,false,0
42476,0,0,87108540,151131250,64022710,0,9,112,false,0
42477,0,0,87108540,151135650,64027110,0,0,88,false,0
42478,0,0,87108540,151135650,64027110,0,117,117,true,0
42479,0,0,87108540,151135650,64027110,0,100,100,true,0
42480,0,0,87108540,151135650,64027110,0,89,89,true,0
42481,0,0,87108540,151135650,64027110,0,90,90,true,0
42482,0,0,87108540,151140600,64032060,0,0,99,false,0
42483,0,0,87108540,151145750,64037210,0,6,109,false,0
42484,0,0,87215160,151150900,63935740,0,7,110,false,0
42485,0,0,87215160,151156050,63940890,0,9,112,false,0
42486,0,0,87215160,151161200,63946040,0,5,108,false,0
42487,0,0,87215160,151165450,63950290,0,0,85,false,0
42488,0,0,87215160,151165450,63950290,0,107,107,true,0
42489,0,0,87215160,151170600,63955440,0,1,104,false,0
42490,0,0,87215160,151175650,63960490,0,0,101,false,0
42491,0,0,87215160,151180700,63965540,0,0,101,false,0
42492,0,0,87215160,151185850,63970690,0,3,106,false,0
42493,0,0,87215160,151190950,63975790,0,0,102,false,0
42494,0,0,87215160,151195900,63980740,0,0,99,false,0
42495,0,0,87215160,151200350,63985190,0,0,89,false,0
42496,0,0,87215160,151204900,63989740,0,0,91,false,0
42497,0,0,87215160,151209050,63993890,0,0,83,false,0
42498,0,0,87215160,151213350,63998190,0,0,86,false,0
42499,0,0,87215160,151218500,64003340,0,1,104,false,0
42500,0,0,87215160,151223000,64007840,0,0,90,false,0
42501,0,0,87215160,151223000,64007840,0,108,108,true,0
42502,0,0,87215160,151223000,64007840,0,102,102,true,0
42503,0,0,87215160,151227650,64012490,0,0,93,false,0
42504,0,0,87215160,151232300,64017140,0,0,93,false,0
42505,0,0,87215160,151236600,64021440,0,0,86,false,0
42506,0,0,87215160,151241700,64026540,0,0,102,false,0
42507,0,0,87215160,151246750,64031590,0,0,101,false,0
42508,0,0,87215160,151251200,64036040,0,0,89,false,0
42509,0,0,87215160,151256350,64041190,0,3,106,false,0
42510,0,0,87215160,151261500,64046340,0,2,105,false,0
42511,0,0,87215160,151266400,64051240,0,0,98,false,0
42512,0,0,87215160,151266400,64051240,0,80,80,true,0
42513,0,0,87215160,151266400,64051240,0,114,114,true,0
42514,0,0,87215160,151271300,64056140,0,0,98,false,0
42515,0,0,87215160,151276450,64061290,0,4,107,false,0
42516,0,0,87215160,151281100,64065940,0,0,93,false,0
42517,0,0,87215160,151285850,64070690,0,0,95,false,0
42518,0,0,87215160,151285850,64070690,0,105,105,true,0
42519,0,0,87215160,151285850,64070690,0,113,113,true,0
42520,0,0,87215160,151291000,64075840,0,16,119,false,0
42521,0,0,87215160,151295950,64080790,0,0,99,false,0
42522,0,0,87215160,151300700,64085540,0,0,95,false,0
42523,0,0,87215160,151300700,64085540,0,95,95,true,0
42524,0,0,87215160,151300700,64085540,0,99,99,true,0
42525,0,0,87215160,151300700,64085540,0,100,100,true,0
42526,0,0,87215160,151300700,64085540,0,114,114,true,0
42527,0,0,87215160,151300700,64085540,0,108,108,true,0
42528,0,0,87215160,151300700,64085540,0,101,101,true,0
42529,0,0,87215160,151300700,64085540,0,96,96,true,0
42530,0,0,87215160,151300700,64085540,0,108,108,true,0
42531,0,0,87215160,151305800,64090640,0,0,102,false,0
42532,0,0,87215160,151310950,64095790,0,4,107,false,0
42533,0,0,87215160,151315550,64100390,0,0,92,false,0
42534,0,0,87215160,151320700,64105540,0,1,104,false,0
42535,0,0,87215160,151325500,64110340,0,0,96,false,0
42536,0,0,87321780,151330650,64008870,0,1,104,false,0
42537,0,0,87321780,151330650,64008870,0,101,101,true,0
42538,0,0,87321780,151330650,64008870,0,81,81,true,0
42539,0,0,87321780,151330650,64008870,0,106,106,true,0
42540,0,0,87321780,151335650,64013870,0,0,100,false,0
42541,0,0,87321780,151340800,64019020,0,12,115,false,0
42542,0,0,87321780,151340800,64019020,0,97,97,true,0
42543,0,0,87321780,151340800,64019020,0,91,91,true,0
42544,0,0,87321780,151345500,64023720,0,0,94,false,0
42545,0,0,87321780,151350350,64028570,0,0,97,false,0
42546,0,0,87321780,151350350,64028570,0,97,97,true,0
42547,0,0,87321780,151355500,64033720,0,16,119,false,0
42548,0,0,87321780,151360650,64038870,0,2,105,false,0
42549,0,0,87321780,151360650,64038870,0,94,94,true,0
42550,0,0,87321780,151360650,64038870,0,100,100,true,0
42551,0,0,87321780,151360650,64038870,0,89,89,true,0
42552,0,0,87321780,151365600,64043820,0,0,99,false,0
42553,0,0,87321780,151370350,64048570,0,0,95,false,0
42554,0,0,87321780,151374500,64052720,0,0,83,false,0
42555,0,0,87321780,151379650,64057870,0,11,114,false,0
42556,0,0,87321780,151384800,64063020,0,6,109,false,0
42557,0,0,87321780,151384800,64063020,0,90,90,true,0
42558,0,0,87321780,151384800,64063020,0,91,91,true,0
42559,0,0,87321780,151384800,64063020,0,89,89,true,0
42560,0,0,87321780,151389950,64068170,0,3,106,false,0
42561,0,0,87321780,151395050,64073270,0,0,102,false,0
42562,0,0,87321780,151400200,64078420,0,0,103,false,0
42563,0,0,87321780,151404400,64082620,0,0,84,false,0
42564,0,0,87321780,151409150,64087370,0,0,95,false,0
42565,0,0,87321780,151414300,64092520,0,10,113,false,0
42566,0,0,87321780,151418750,64096970,0,0,89,false,0
42567,0,0,87321780,151418750,64096970,0,83,83,true,0
42568,0,0,87321780,151423900,64102120,0,9,112,false,0
42569,0,0,87321780,151428250,64106470,0,0,87,false,0
42570,0,0,87321780,151432650,64110870,0,0,88,false,0
42571,0,0,87321780,151437800,64116020,0,3,106,false,0
42572,0,0,87321780,151442250,64120470,0,0,89,false,0
42573,0,0,87321780,151447300,64125520,0,0,101,false,0
42574,0,0,87321780,151447300,64125520,0,98,98,true,0
42575,0,0,87321780,151452450,64130670,0,2,105,false,0
42576,0,0,87321780,151457600,64135820,0,1,104,false,0
42577,0,0,87321780,151461800,64140020,0,0,84,false,0
42578,0,0,87321780,151466400,64144620,0,0,92,false,0
42579,0,0,87321780,151471550,64149770,0,4,107,false,0
42580,0,0,87321780,151476050,64154270,0,0,90,false,0
42581,0,0,87321780,151481200,64159420,0,1,104,false,0
42582,0,0,87321780,151481200,64159420,0,79,79,true,0
42583,0,0,87321780,151481200,64159420,0,107,107,true,0
42584,0,0,87321780,151486350,64164570,0,4,107,false,0
42585,0,0,87321780,151490400,64168620,0,0,81,false,0
42586,0,0,87321780,151495550,64173770,0,2,105,false,0
42587,0,0,87321780,151500200,64178420,0,0,93,false,0
42588,0,0,87428400,151500200,64071800,0,89,89,true,0
42589,0,0,87428400,151500200,64071800,0,102,102,true,0
42590,0,0,87428400,151505350,64076950,0,2,105,false,0
42591,0,0,87428400,151510450,64082050,0,0,102,false,0
42592,0,0,87428400,151515600,64087200,0,2,105,false,0
42593,0,0,87428400,151520350,64091950,0,0,95,false,0
42594,0,0,87428400,151524200,64095800,0,0,77,false,0
42595,0,0,87428400,151524200,64095800,0,97,97,true,0
42596,0,0,87428400,151528850,64100450,0,0,93,false,0
42597,0,0,87428400,151533200,64104800,0,0,87,false,0
42598,0,0,87428400,151538350,64109950,0,1,104,false,0
42599,0,0,87428400,151543500,64115100,0,17,120,false,0
42600,0,0,87428400,151548650,64120250,0,2,105,false,0
42601,0,0,87428400,151553500,64125100,0,0,97,false,0
42602,0,0,87428400,151558650,64130250,0,5,108,false,0
42603,0,0,87428400,151558650,64130250,0,98,98,true,0
42604,0,0,87428400,151558650,64130250,0,103,103,true,0
42605,0,0,87428400,151563800,64135400,0,7,110,false,0
42606,0,0,87428400,151568550,64140150,0,0,95,false,0
42607,0,0,87428400,151568550,64140150,0,92,92,true,0
42608,0,0,87428400,151573700,64145300,0,3,106,false,0
42609,0,0,87428400,151578850,64150450,0,0,103,false,0
42610,0,0,87428400,151583800,64155400,0,0,99,false,0
42611,0,0,87428400,151588650,64160250,0,0,97,false,0
42612,0,0,87428400,151593750,64165350,0,0,102,false,0
42613,0,0,87428400,151598900,64170500,0,15,118,false,0
42614,0,0,87428400,151598900,64170500,0,93,93,true,0
42615,0,0,87428400,151598900,64170500,0,110,110,true,0
42616,0,0,87428400,151602900,64174500,0,0,80,false,0
42617,0,0,87428400,151608050,64179650,0,3,106,false,0
42618,0,0,87428400,151613200,64184800,0,8,111,false,0
42619,0,0,87428400,151618000,64189600,0,0,96,false,0
42620,0,0,87428400,151622850,64194450,0,0,97,false,0
42621,0,0,87428400,151628000,64199600,0,4,107,false,0
42622,0,0,87428400,151633150,64204750,0,15,118,false,0
42623,0,0,87428400,151637650,64209250,0,0,90,false,0
42624,0,0,87428400,151642450,64214050,0,0,96,false,0
42625,0,0,87428400,151647600,64219200,0,1,104,false,0
42626,0,0,87428400,151652550,64224150,0,0,99,false,0
42627,0,0,87428400,151657300,64228900,0,0,95,false,0
42628,0,0,87428400,151661300,64232900,0,0,80,false,0
42629,0,0,87428400,151665750,64237350,0,0,89,false,0
42630,0,0,87428400,151665750,64237350,0,94,94,true,0
42631,0,0,87428400,151665750,64237350,0,103,103,true,0
42632,0,0,87428400,151665750,64237350,0,90,90,true,0
42633,0,0,87428400,151670450,64242050,0,0,94,false,0
42634,0,0,87428400,151675600,64247200,0,2,105,false,0
42635,0,0,87428400,151680350,64251950,0,0,95,false,0
42636,0,0,87428400,151684950,64256550,0,0,92,false,0
42637,0,0,87428400,151689700,64261300,0,0,95,false,0
42638,0,0,87428400,151694850,64266450,0,15,118,false,0
42639,0,0,87428400,151700000,64271600,0,5,108,false,0
42640,0,0,87535020,151700000,64164980,0,114,114,true,0
42641,0,0,87535020,151700000,64164980,0,112,112,true,0
42642,0,0,87535020,151700000,64164980,0,100,100,true,0
42643,0,0,87535020,151700000,64164980,0,105,105,true,0
42644,0,0,87535020,151704950,64169930,0,0,99,false,0
42645,0,0,87535020,151710100,64175080,0,2,105,false,0
42646,0,0,87535020,151714700,64179680,0,0,92,false,0
42647,0,0,87535020,151718850,64183830,0,0,83,false,0
42648,0,0,87535020,151724000,64188980,0,7,110,false,0
42649,0,0,87535020,151727100,64192080,0,0,62,false,0
42650,0,0,87535020,151727100,64192080,0,86,86,true,0
42651,0,0,87535020,151727100,64192080,0,92,92,true,0
42652,0,0,87535020,151732250,64197230,0,6,109,false,0
42653,0,0,87535020,151737400,64202380,0,0,103,false,0
42654,0,0,87535020,151741300,64206280,0,0,78,false,0
42655,0,0,87535020,151741300,64206280,0,91,91,true,0
42656,0,0,87535020,151741300,64206280,0,112,112,true,0
42657,0,0,87535020,151741300,64206280,0,92,92,true,0
42658,0,0,87535020,151745800,64210780,0,0,90,false,0
42659,0,0,87535020,151749750,64214730,0,0,79,false,0
42660,0,0,87535020,151749750,64214730,0,120,120,true,0
42661,0,0,87535020,151749750,64214730,0,119,119,true,0
42662,0,0,87535020,151754600,64219580,0,0,97,false,0
42663,0,0,87535020,151759750,64224730,0,6,109,false,0
42664,0,0,87535020,151764900,64229880,0,3,106,false,0
42665,0,0,87535020,151769300,64234280,0,0,88,false,0
42666,0,0,87535020,151774400,64239380,0,0,102,false,0
42667,0,0,87535020,151779400,64244380,0,0,100,false,0
42668,0,0,87535020,151779400,64244380,0,97,97,true,0
42669,0,0,87535020,151779400,64244380,0,103,103,true,0
42670,0,0,87535020,151779400,64244380,0,103,103,true,0
42671,0,0,87535020,151779400,64244380,0,91,91,true,0
42672,0,0,87535020,151779400,64244380,0,87,87,true,0
42673,0,0,87535020,151779400,64244380,0,99,99,true,0
42674,0,0,87535020,151783750,64248730,0,0,87,false,0
42675,0,0,87535020,151788100,64253080,0,0,87,false,0
42676,0,0,87535020,151793000,64257980,0,0,98,false,0
42677,0,0,87535020,151798150,64263130,0,6,109,false,0
42678,0,0,87535020,151803300,64268280,0,22,125,false,0
42679,0,0,87535020,151808150,64273130,0,0,97,false,0
42680,0,0,87535020,151813050,64278030,0,0,98,false,0
42681,0,0,87535020,151818200,64283180,0,5,108,false,0
42682,0,0,87535020,151823300,64288280,0,0,102,false,0
42683,0,0,87535020,151828450,64293430,0,6,109,false,0
42684,0,0,87535020,151833600,64298580,0,5,108,false,0
42685,0,0,87535020,151838350,64303330,0,0,95,false,0
42686,0,0,87535020,151843500,64308480,0,0,103,false,0
42687,0,0,87535020,151848500,64313480,0,0,100,false,0
42688,0,0,87535020,151853150,64318130,0,0,93,false,0
42689,0,0,87535020,151856750,64321730,0,0,72,false,0
42690,0,0,87535020,151861900,64326880,0,18,121,false,0
42691,0,0,87535020,151867050,64332030,0,4,107,false,0
42692,0,0,87641640,151872200,64230560,0,10,113,false,0
42693,0,0,87641640,151876700,64235060,0,0,90,false,0
42694,0,0,87641640,151881750,64240110,0,0,101,false,0
42695,0,0,87641640,151886900,64245260,0,12,115,false,0
42696,0,0,87641640,151891650,64250010,0,0,95,false,0
42697,0,0,87641640,151891650,64250010,0,97,97,true,0
42698,0,0,87641640,151896800,64255160,0,9,112,false,0
42699,0,0,87641640,151901250,64259610,0,0,89,false,0
42700,0,0,87641640,151901250,64259610,0,99,99,true,0
42701,0,0,87641640,151901250,64259610,0,94,94,true,0
42702,0,0,87641640,151906400,64264760,0,12,115,false,0
42703,0,0,87641640,151910600,64268960,0,0,84,false,0
42704,0,0,87641640,151914450,64272810,0,0,77,false,0
42705,0,0,87641640,151919600,64277960,0,20,123,false,0
42706,0,0,87641640,151924600,64282960,0,0,100,false,0
42707,0,0,87641640,151924600,64282960,0,105,105,true,0
42708,0,0,87641640,151928450,64286810,0,0,77,false,0
42709,0,0,87641640,151933000,64291360,0,0,91,false,0
42710,0,0,87641640,151938150,64296510,0,2,105,false,0
42711,0,0,87641640,151943150,64301510,0,0,100,false,0
42712,0,0,87641640,151946850,64305210,0,0,74,false,0
42713,0,0,87641640,151952000,64310360,0,7,110,false,0
42714,0,0,87641640,151957000,64315360,0,0,100,false,0
42715,0,0,87641640,151962000,64320360,0,0,100,false,0
42716,0,0,87641640,151966050,64324410,0,0,81,false,0
42717,0,0,87641640,151970550,64328910,0,0,90,false,0
42718,0,0,87641640,151975050,64333410,0,0,90,false,0
42719,0,0,87641640,151979500,64337860,0,0,89,false,0
42720,0,0,87641640,151984300,64342660,0,0,96,false,0
42721,0,0,87641640,151989050,64347410,0,0,95,false,0
42722,0,0,87641640,151989050,64347410,0,121,121,true,0
42723,0,0,87641640,151989050,64347410,0,104,104,true,0
42724,0,0,87641640,151989050,64347410,0,109,109,true,0
42725,0,0,87641640,151994200,64352560,0,1,104,false,0
42726,0,0,87641640,151999350,64357710,0,1,104,false,0
42727,0,0,87641640,152004450,64362810,0,0,102,false,0
42728,0,0,87641640,152009600,64367960,0,4,107,false,0
42729,0,0,87641640,152009600,64367960,0,99,99,true,0
42730,0,0,87641640,152014600,64372960,0,0,100,false,0
42731,0,0,87641640,152019150,64377510,0,0,91,false,0
42732,0,0,87641640,152023700,64382060,0,0,91,false,0
42733,0,0,87641640,152028850,64387210,0,3,106,false,0
42734,0,0,87641640,152032750,64391110,0,0,78,false,0
42735,0,0,87641640,152037550,64395910,0,0,96,false,0
42736,0,0,87641640,152042700,64401060,0,12,115,false,0
42737,0,0,87641640,152047450,64405810,0,0,95,false,0
42738,0,0,87641640,152052600,64410960,0,3,106,false,0
42739,0,0,87641640,152057750,64416110,0,0,103,false,0
42740,0,0,87641640,152062900,64421260,0,4,107,false,0
42741,0,0,87641640,152068050,64426410,0,2,105,false,0
42742,0,0,87641640,152072300,64430660,0,0,85,false,0
42743,0,0,87641640,152076950,64435310,0,0,93,false,0
42744,0,0,87748260,152082100,64333840,0,17,120,false,0
42745,0,0,87748260,152087250,64338990,0,1,104,false,0
42746,0,0,87748260,152092250,64343990,0,0,100,false,0
42747,0,0,87748260,152097400,64349140,0,9,112,false,0
42748,0,0,87748260,152102000,64353740,0,0,92,false,0
42749,0,0,87748260,152107150,64358890,0,13,116,false,0
42750,0,0,87748260,152112300,64364040,0,6,109,false,0
42751,0,0,87748260,152117450,64369190,0,10,113,false,0
42752,0,0,87748260,152121850,64373590,0,0,88,false,0
42753,0,0,87748260,152127000,64378740,0,5,108,false,0
42754,0,0,87748260,152131200,64382940,0,0,84,false,0
42755,0,0,87748260,152135550,64387290,0,0,87,false,0
42756,0,0,87748260,152140500,64392240,0,0,99,false,0
42757,0,0,87748260,152145500,64397240,0,0,100,false,0
42758,0,0,87748260,152150650,64402390,0,9,112,false,0
42759,0,0,87748260,152150650,64402390,0,88,88,true,0
42760,0,0,87748260,152155250,64406990,0,0,92,false,0
42761,0,0,87748260,152160100,64411840,0,0,97,false,0
42762,0,0,87748260,152164300,64416040,0,0,84,false,0
42763,0,0,87748260,152169050,64420790,0,0,95,false,0
42764,0,0,87748260,152173500,64425240,0,0,89,false,0
42765,0,0,87748260,152178500,64430240,0,0,100,false,0
42766,0,0,87748260,152183450,64435190,0,0,99,false,0
42767,0,0,87748260,152188550,64440290,0,0,102,false,0
42768,0,0,87748260,152193700,64445440,0,10,113,false,0
42769,0,0,87748260,152198850,64450590,0,4,107,false,0
42770,0,0,87748260,152198850,64450590,0,98,98,true,0
42771,0,0,87748260,152198850,64450590,0,90,90,true,0
42772,0,0,87748260,152204000,64455740,0,16,119,false,0
42773,0,0,87748260,152208950,64460690,0,0,99,false,0
42774,0,0,87748260,152208950,64460690,0,111,111,true,0
42775,0,0,87748260,152213500,64465240,0,0,91,false,0
42776,0,0,87748260,152218200,64469940,0,0,94,false,0
42777,0,0,87748260,152223350,64475090,0,2,105,false,0
42778,0,0,87748260,152228350,64480090,0,0,100,false,0
42779,0,0,87748260,152228350,64480090,0,101,101,true,0
42780,0,0,87748260,152228350,64480090,0,95,95,true,0
42781,0,0,87748260,152228350,64480090,0,115,115,true,0
42782,0,0,87748260,152233300,64485040,0,0,99,false,0
42783,0,0,87748260,152238200,64489940,0,0,98,false,0
42784,0,0,87748260,152242750,64494490,0,0,91,false,0
42785,0,0,87748260,152247350,64499090,0,0,92,false,0
42786,0,0,87748260,152252450,64504190,0,0,102,false,0
42787,0,0,87748260,152257600,64509340,0,7,110,false,0
42788,0,0,87748260,152257600,64509340,0,108,108,true,0
42789,0,0,87748260,152257600,64509340,0,99,99,true,0
42790,0,0,87748260,152257600,64509340,0,78,78,true,0
42791,0,0,87748260,152257600,64509340,0,95,95,true,0
42792,0,0,87748260,152257600,64509340,0,102,102,true,0
42793,0,0,87748260,152262750,64514490,0,10,113,false,0
42794,0,0,87748260,152267900,64519640,0,1,104,false,0
42795,0,0,87748260,152273000,64524740,0,0,102,false,0
42796,0,0,87854880,152278150,64423270,0,2,105,false,0
42797,0,0,87854880,152283300,64428420,0,6,109,false,0
42798,0,0,87854880,152283300,64428420,0,109,109,true,0
42799,0,0,87854880,152283300,64428420,0,101,101,true,0
42800,0,0,87854880,152283300,64428420,0,112,112,true,0
42801,0,0,87854880,152283300,64428420,0,96,96,true,0
42802,0,0,87854880,152283300,64428420,0,100,100,true,0
42803,0,0,87854880,152287450,64432570,0,0,83,false,0
42804,0,0,87854880,152292200,64437320,0,0,95,false,0
42805,0,0,87854880,152297250,64442370,0,0,101,false,0
42806,0,0,87854880,152302400,64447520,0,6,109,false,0
42807,0,0,87854880,152307550,64452670,0,7,110,false,0
42808,0,0,87854880,152312350,64457470,0,0,96,false,0
42809,0,0,87854880,152317250,64462370,0,0,98,false,0
42810,0,0,87854880,152322150,64467270,0,0,98,false,0
42811,0,0,87854880,152327250,64472370,0,0,102,false,0
42812,0,0,87854880,152332200,64477320,0,0,99,false,0
42813,0,0,87854880,152337350,64482470,0,2,105,false,0
42814,0,0,87854880,152337350,64482470,0,99,99,true,0
42815,0,0,87854880,152337350,64482470,0,100,100,true,0
42816,0,0,87854880,152337350,64482470,0,93,93,true,0
42817,0,0,87854880,152342500,64487620,0,1,104,false,0
42818,0,0,87854880,152347300,64492420,0,0,96,false,0
42819,0,0,87854880,152351950,64497070,0,0,93,false,0
42820,0,0,87854880,152357100,64502220,0,7,110,false,0
42821,0,0,87854880,152362250,64507370,0,10,113,false,0
42822,0,0,87854880,152366800,64511920,0,0,91,false,0
42823,0,0,87854880,152371500,64516620,0,0,94,false,0
42824,0,0,87854880,152376500,64521620,0,0,100,false,0
42825,0,0,87854880,152376500,64521620,0,89,89,true,0
42826,0,0,87854880,152381650,64526770,0,13,116,false,0
42827,0,0,87854880,152386800,64531920,0,3,106,false,0
42828,0,0,87854880,152391150,64536270,0,0,87,false,0
42829,0,0,87854880,152391150,64536270,0,81,81,true,0
42830,0,0,87854880,152391150,64536270,0,93,93,true,0
42831,0,0,87854880,152396200,64541320,0,0,101,false,0
42832,0,0,87854880,152401300,64546420,0,0,102,false,0
42833,0,0,87854880,152401300,64546420,0,85,85,true,0
42834,0,0,87854880,152401300,64546420,0,103,103,true,0
42835,0,0,87854880,152406450,64551570,0,8,111,false,0
42836,0,0,87854880,152411600,64556720,0,25,128,false,0
42837,0,0,87854880,152415950,64561070,0,0,87,false,0
42838,0,0,87854880,152415950,64561070,0,97,97,true,0
42839,0,0,87854880,152415950,64561070,0,94,94,true,0
42840,0,0,87854880,152415950,64561070,0,97,97,true,0
42841,0,0,87854880,152415950,64561070,0,100,100,true,0
42842,0,0,87854880,152421100,64566220,0,2,105,false,0
42843,0,0,87854880,152425100,64570220,0,0,80,false,0
42844,0,0,87854880,152429050,64574170,0,0,79,false,0
42845,0,0,87854880,152429050,64574170,0,114,114,true,0
42846,0,0,87854880,152434200,64579320,0,3,106,false,0
42847,0,0,87854880,152439300,64584420,0,0,102,false,0
42848,0,0,87961500,152439300,64477800,0,108,108,true,0
42849,0,0,87961500,152439300,64477800,0,103,103,true,0
42850,0,0,87961500,152439300,64477800,0,108,108,true,0
42851,0,0,87961500,152444450,64482950,0,2,105,false,0
42852,0,0,87961500,152448500,64487000,0,0,81,false,0
42853,0,0,87961500,152453650,64492150,0,5,108,false,0
42854,0,0,87961500,152458750,64497250,0,0,102,false,0
42855,0,0,87961500,152463650,64502150,0,0,98,false,0
42856,0,0,87961500,152468100,64506600,0,0,89,false,0
42857,0,0,87961500,152473250,64511750,0,3,106,false,0
42858,0,0,87961500,152478250,64516750,0,0,100,false,0
42859,0,0,87961500,152482550,64521050,0,0,86,false,0
42860,0,0,87961500,152487700,64526200,0,1,104,false,0
42861,0,0,87961500,152492550,64531050,0,0,97,false,0
42862,0,0,87961500,152496950,64535450,0,0,88,false,0
42863,0,0,87961500,152502100,64540600,0,4,107,false,0
42864,0,0,87961500,152502100,64540600,0,109,109,true,0
42865,0,0,87961500,152502100,64540600,0,97,97,true,0
42866,0,0,87961500,152502100,64540600,0,101,101,true,0
42867,0,0,87961500,152502100,64540600,0,94,94,true,0
42868,0,0,87961500,152502100,64540600,0,98,98,true,0
42869,0,0,87961500,152502100,64540600,0,96,96,true,0
42870,0,0,87961500,152506550,64545050,0,0,89,false,0
42871,0,0,87961500,152511400,64549900,0,0,97,false,0
42872,0,0,87961500,152511400,64549900,0,114,114,true,0
42873,0,0,87961500,152515450,64553950,0,0,81,false,0
42874,0,0,87961500,152520600,64559100,0,0,103,false,0
42875,0,0,87961500,152525750,64564250,0,5,108,false,0
42876,0,0,87961500,152530900,64569400,0,0,103,false,0
42877,0,0,87961500,152536050,64574550,0,3,106,false,0
42878,0,0,87961500,152541200,64579700,0,7,110,false,0
42879,0,0,87961500,152546350,64584850,0,7,110,false,0
42880,0,0,87961500,152550950,64589450,0,0,92,false,0
42881,0,0,87961500,152555450,64593950,0,0,90,false,0
42882,0,0,87961500,152560350,64598850,0,0,98,false,0
42883,0,0,87961500,152565150,64603650,0,0,96,false,0
42884,0,0,87961500,152569800,64608300,0,0,93,false,0
42885,0,0,87961500,152574100,64612600,0,0,86,false,0
42886,0,0,87961500,152579150,64617650,0,0,101,false,0
42887,0,0,87961500,152584300,64622800,0,8,111,false,0
42888,0,0,87961500,152588950,64627450,0,0,93,false,0
42889,0,0,87961500,152593950,64632450,0,0,100,false,0
42890,0,0,87961500,152599100,64637600,0,30,133,false,0
42891,0,0,87961500,152604250,64642750,0,2,105,false,0
42892,0,0,87961500,152608900,64647400,0,0,93,false,0
42893,0,0,87961500,152614050,64652550,0,0,103,false,0
42894,0,0,87961500,152619200,64657700,0,28,131,false,0
42895,0,0,87961500,152624350,64662850,0,13,116,false,0
42896,0,0,87961500,152624350,64662850,0,106,106,true,0
42897,0,0,87961500,152624350,64662850,0,99,99,true,0
42898,0,0,87961500,152628350,64666850,0,0,80,false,0
42899,0,0,87961500,152632850,64671350,0,0,90,false,0
42900,0,0,88068120,152637550,64569430,0,0,94,false,0
42901,0,0,88068120,152642700,64574580,0,10,113,false,0
42902,0,0,88068120,152647150,64579030,0,0,89,false,0
42903,0,0,88068120,152647150,64579030,0,95,95,true,0
42904,0,0,88068120,152647150,64579030,0,119,119,true,0
42905,0,0,88068120,152647150,64579030,0,96,96,true,0
42906,0,0,88068120,152652300,64584180,0,20,123,false,0
42907,0,0,88068120,152657350,64589230,0,0,101,false,0
42908,0,0,88068120,152662500,64594380,0,5,108,false,0
42909,0,0,88068120,152667650,64599530,0,15,118,false,0
42910,0,0,88068120,152672100,64603980,0,0,89,false,0
42911,0,0,88068120,152676000,64607880,0,0,78,false,0
42912,0,0,88068120,152681050,64612930,0,0,101,false,0
42913,0,0,88068120,152686200,64618080,0,3,106,false,0
42914,0,0,88068120,152690800,64622680,0,0,92,false,0
42915,0,0,88068120,152695450,64627330,0,0,93,false,0
42916,0,0,88068120,152700600,64632480,0,13,116,false,0
42917,0,0,88068120,152705750,64637630,0,10,113,false,0
42918,0,0,88068120,152710300,64642180,0,0,91,false,0
42919,0,0,88068120,152710300,64642180,0,108,108,true,0
42920,0,0,88068120,152710300,64642180,0,101,101,true,0
42921,0,0,88068120,152715250,64647130,0,0,99,false,0
42922,0,0,88068120,152720200,64652080,0,0,99,false,0
42923,0,0,88068120,152725350,64657230,0,3,106,false,0
42924,0,0,88068120,152725350,64657230,0,100,100,true,0
42925,0,0,88068120,152725350,64657230,0,122,122,true,0
42926,0,0,88068120,152725350,64657230,0,91,91,true,0
42927,0,0,88068120,152730500,64662380,0,11,114,false,0
42928,0,0,88068120,152735650,64667530,0,2,105,false,0
42929,0,0,88068120,152740750,64672630,0,0,102,false,0
42930,0,0,88068120,152745700,64677580,0,0,99,false,0
42931,0,0,88068120,152750750,64682630,0,0,101,false,0
42932,0,0,88068120,152750750,64682630,0,105,105,true,0
42933,0,0,88068120,152750750,64682630,0,99,99,true,0
42934,0,0,88068120,152755700,64687580,0,0,99,false,0
42935,0,0,88068120,152760550,64692430,0,0,97,false,0
42936,0,0,88068120,152760550,64692430,0,94,94,true,0
42937,0,0,88068120,152764900,64696780,0,0,87,false,0
42938,0,0,88068120,152769450,64701330,0,0,91,false,0
42939,0,0,88068120,152774300,64706180,0,0,97,false,0
42940,0,0,88068120,152779450,64711330,0,3,106,false,0
42941,0,0,88068120,152784600,64716480,0,17,120,false,0
42942,0,0,88068120,152788050,64719930,0,0,69,false,0
42943,0,0,88068120,152792750,64724630,0,0,94,false,0
42944,0,0,88068120,152792750,64724630,0,113,113,true,0
42945,0,0,88068120,152792750,64724630,0,109,109,true,0
42946,0,0,88068120,152792750,64724630,0,80,80,true,0
42947,0,0,88068120,152792750,64724630,0,106,106,true,0
42948,0,0,88068120,152792750,64724630,0,90,90,true,0
42949,0,0,88068120,152792750,64724630,0,103,103,true,0
42950,0,0,88068120,152792750,64724630,0,104,104,true,0
42951,0,0,88068120,152792750,64724630,0,102,102,true,0
42952,0,0,88174740,152792750,64618010,0,98,98,true,0
42953,0,0,88174740,152797600,64622860,0,0,97,false,0
42954,0,0,88174740,152802750,64628010,0,6,109,false,0
42955,0,0,88174740,152807650,64632910,0,0,98,false,0
42956,0,0,88174740,152812350,64637610,0,0,94,false,0
42957,0,0,88174740,152812350,64637610,0,105,105,true,0
42958,0,0,88174740,152812350,64637610,0,102,102,true,0
42959,0,0,88174740,152816500,64641760,0,0,83,false,0
42960,0,0,88174740,152821650,64646910,0,3,106,false,0
42961,0,0,88174740,152821650,64646910,0,99,99,true,0
42962,0,0,88174740,152826200,64651460,0,0,91,false,0
42963,0,0,88174740,152831350,64656610,0,9,112,false,0
42964,0,0,88174740,152836350,64661610,0,0,100,false,0
42965,0,0,88174740,152840600,64665860,0,0,85,false,0
42966,0,0,88174740,152845750,64671010,0,13,116,false,0
42967,0,0,88174740,152850900,64676160,0,1,104,false,0
42968,0,0,88174740,152850900,64676160,0,97,97,true,0
42969,0,0,88174740,152850900,64676160,0,91,91,true,0
42970,0,0,88174740,152850900,64676160,0,98,98,true,0
42971,0,0,88174740,152855500,64680760,0,0,92,false,0
42972,0,0,88174740,152860650,64685910,0,13,116,false,0
42973,0,0,88174740,152865800,64691060,0,16,119,false,0
42974,0,0,88174740,152870850,64696110,0,0,101,false,0
42975,0,0,88174740,152875750,64701010,0,0,98,false,0
42976,0,0,88174740,152880900,64706160,0,0,103,false,0
42977,0,0,88174740,152885450,64710710,0,0,91,false,0
42978,0,0,88174740,152889850,64715110,0,0,88,false,0
42979,0,0,88174740,152894450,64719710,0,0,92,false,0
42980,0,0,88174740,152899600,64724860,0,5,108,false,0
42981,0,0,88174740,152899600,64724860,0,96,96,true,0
42982,0,0,88174740,152904750,64730010,0,18,121,false,0
42983,0,0,88174740,152909900,64735160,0,2,105,false,0
42984,0,0,88174740,152914300,64739560,0,0,88,false,0
42985,0,0,88174740,152918250,64743510,0,0,79,false,0
42986,0,0,88174740,152918250,64743510,0,92,92,true,0
42987,0,0,88174740,152923400,64748660,0,3,106,false,0
42988,0,0,88174740,152928300,64753560,0,0,98,false,0
42989,0,0,88174740,152933050,64758310,0,0,95,false,0
42990,0,0,88174740,152938200,64763460,0,4,107,false,0
42991,0,0,88174740,152943250,64768510,0,0,101,false,0
42992,0,0,88174740,152948400,64773660,0,4,107,false,0
42993,0,0,88174740,152953550,64778810,0,2,105,false,0
42994,0,0,88174740,152958700,64783960,0,0,103,false,0
42995,0,0,88174740,152958700,64783960,0,88,88,true,0
42996,0,0,88174740,152963850,64789110,0,13,116,false,0
42997,0,0,88174740,152968350,64793610,0,0,90,false,0
42998,0,0,88174740,152972600,64797860,0,0,85,false,0
42999,0,0,88174740,152972600,64797860,0,96,96,true,0
43000,0,0,88174740,152977750,64803010,0,2,105,false,0
43001,0,0,88174740,152982900,64808160,0,3,106,false,0
43002,0,0,88174740,152988050,64813310,0,15,118,false,0
43003,0,0,88174740,152992700,64817960,0,0,93,false,0
43004,0,0,88281360,152997300,64715940,0,0,92,false,0
43005,0,0,88281360,153002250,64720890,0,0,99,false,0
43006,0,0,88281360,153007400,64726040,0,6,109,false,0
43007,0,0,88281360,153012550,64731190,0,6,109,false,0
43008,0,0,88281360,153017650,64736290,0,0,102,false,0
43009,0,0,88281360,153022250,64740890,0,0,92,false,0
43010,0,0,88281360,153027300,64745940,0,0,101,false,0
43011,0,0,88281360,153032350,64750990,0,0,101,false,0
43012,0,0,88281360,153032350,64750990,0,103,103,true,0
43013,0,0,88281360,153032350,64750990,0,89,89,true,0
43014,0,0,88281360,153032350,64750990,0,109,109,true,0
43015,0,0,88281360,153032350,64750990,0,104,104,true,0
43016,0,0,88281360,153032350,64750990,0,119,119,true,0
43017,0,0,88281360,153032350,64750990,0,94,94,true,0
43018,0,0,88281360,153032350,64750990,0,98,98,true,0
43019,0,0,88281360,153032350,64750990,0,97,97,true,0
43020,0,0,88281360,153032350,64750990,0,98,98,true,0
43021,0,0,88281360,153032350,64750990,0,106,106,true,0
43022,0,0,88281360,153032350,64750990,0,98,98,true,0
43023,0,0,88281360,153036550,64755190,0,0,84,false,0
43024,0,0,88281360,153041200,64759840,0,0,93,false,0
43025,0,0,88281360,153041200,64759840,0,105,105,true,0
43026,0,0,88281360,153045450,64764090,0,0,85,false,0
43027,0,0,88281360,153050350,64768990,0,0,98,false,0
43028,0,0,88281360,153055500,64774140,0,4,107,false,0
43029,0,0,88281360,153060650,64779290,0,0,103,false,0
43030,0,0,88281360,153065800,64784440,0,5,108,false,0
43031,0,0,88281360,153070950,64789590,0,0,103,false,0
43032,0,0,88281360,153075750,64794390,0,0,96,false,0
43033,0,0,88281360,153080550,64799190,0,0,96,false,0
43034,0,0,88281360,153085150,64803790,0,0,92,false,0
43035,0,0,88281360,153090300,64808940,0,4,107,false,0
43036,0,0,88281360,153090300,64808940,0,93,93,true,0
43037,0,0,88281360,153095300,64813940,0,0,100,false,0
43038,0,0,88281360,153099850,64818490,0,0,91,false,0
43039,0,0,88281360,153104500,64823140,0,0,93,false,0
43040,0,0,88281360,153109650,64828290,0,20,123,false,0
43041,0,0,88281360,153109650,64828290,0,109,109,true,0
43042,0,0,88281360,153109650,64828290,0,115,115,true,0
43043,0,0,88281360,153109650,64828290,0,99,99,true,0
43044,0,0,88281360,153109650,64828290,0,103,103,true,0
43045,0,0,88281360,153109650,64828290,0,108,108,true,0
43046,0,0,88281360,153109650,64828290,0,83,83,true,0
43047,0,0,88281360,153109650,64828290,0,97,97,true,0
43048,0,0,88281360,153114300,64832940,0,0,93,false,0
43049,0,0,88281360,153118500,64837140,0,0,84,false,0
43050,0,0,88281360,153123200,64841840,0,0,94,false,0
43051,0,0,88281360,153128350,64846990,0,2,105,false,0
43052,0,0,88281360,153132900,64851540,0,0,91,false,0
43053,0,0,88281360,153132900,64851540,0,97,97,true,0
43054,0,0,88281360,153132900,64851540,0,97,97,true,0
43055,0,0,88281360,153132900,64851540,0,110,110,true,0
43056,0,0,88387980,153137450,64749470,0,0,91,false,0
43057,0,0,88387980,153141800,64753820,0,0,87,false,0
43058,0,0,88387980,153146200,64758220,0,0,88,false,0
43059,0,0,88387980,153151350,64763370,0,19,122,false,0
43060,0,0,88387980,153155600,64767620,0,0,85,false,0
43061,0,0,88387980,153160550,64772570,0,0,99,false,0
43062,0,0,88387980,153165550,64777570,0,0,100,false,0
43063,0,0,88387980,153170700,64782720,0,2,105,false,0
43064,0,0,88387980,153175850,64787870,0,2,105,false,0
43065,0,0,88387980,153181000,64793020,0,18,121,false,0
43066,0,0,88387980,153185550,64797570,0,0,91,false,0
43067,0,0,88387980,153190250,64802270,0,0,94,false,0
43068,0,0,88387980,153194500,64806520,0,0,85,false,0
43069,0,0,88387980,153199550,64811570,0,0,101,false,0
43070,0,0,88387980,153204700,64816720,0,10,113,false,0
43071,0,0,88387980,153209650,64821670,0,0,99,false,0
43072,0,0,88387980,153214600,64826620,0,0,99,false,0
43073,0,0,88387980,153218900,64830920,0,0,86,false,0
43074,0,0,88387980,153224050,64836070,0,14,117,false,0
43075,0,0,88387980,153228750,64840770,0,0,94,false,0
43076,0,0,88387980,153228750,64840770,0,92,92,true,0
43077,0,0,88387980,153233500,64845520,0,0,95,false,0
43078,0,0,88387980,153237750,64849770,0,0,85,false,0
43079,0,0,88387980,153237750,64849770,0,88,88,true,0
43080,0,0,88387980,153237750,64849770,0,77,77,true,0
43081,0,0,88387980,153237750,64849770,0,107,107,true,0
43082,0,0,88387980,153241850,64853870,0,0,82,false,0
43083,0,0,88387980,153247000,64859020,0,13,116,false,0
43084,0,0,88387980,153252150,64864170,0,0,103,false,0
43085,0,0,88387980,153256950,64868970,0,0,96,false,0
43086,0,0,88387980,153262100,64874120,0,14,117,false,0
43087,0,0,88387980,153267250,64879270,0,3,106,false,0
43088,0,0,88387980,153272400,64884420,0,1,104,false,0
43089,0,0,88387980,153277550,64889570,0,9,112,false,0
43090,0,0,88387980,153282600,64894620,0,0,101,false,0
43091,0,0,88387980,153287750,64899770,0,10,113,false,0
43092,0,0,88387980,153292900,64904920,0,18,121,false,0
43093,0,0,88387980,153297800,64909820,0,0,98,false,0
43094,0,0,88387980,153302600,64914620,0,0,96,false,0
43095,0,0,88387980,153302600,64914620,0,107,107,true,0
43096,0,0,88387980,153302600,64914620,0,109,109,true,0
43097,0,0,88387980,153302600,64914620,0,101,101,true,0
43098,0,0,88387980,153307750,64919770,0,12,115,false,0
43099,0,0,88387980,153312850,64924870,0,0,102,false,0
43100,0,0,88387980,153317500,64929520,0,0,93,false,0
43101,0,0,88387980,153321400,64933420,0,0,78,false,0
43102,0,0,88387980,153326050,64938070,0,0,93,false,0
43103,0,0,88387980,153331200,64943220,0,2,105,false,0
43104,0,0,88387980,153336350,64948370,0,6,109,false,0
43105,0,0,88387980,153341150,64953170,0,0,96,false,0
43106,0,0,88387980,153346050,64958070,0,0,98,false,0
43107,0,0,88387980,153351200,64963220,0,0,103,false,0
43108,0,0,88494600,153355700,64861100,0,0,90,false,0
43109,0,0,88494600,153360850,64866250,0,7,110,false,0
43110,0,0,88494600,153366000,64871400,0,3,106,false,0
43111,0,0,88494600,153370750,64876150,0,0,95,false,0
43112,0,0,88494600,153370750,64876150,0,94,94,true,0
43113,0,0,88494600,153375650,64881050,0,0,98,false,0
43114,0,0,88494600,153380800,64886200,0,2,105,false,0
43115,0,0,88494600,153385150,64890550,0,0,87,false,0
43116,0,0,88494600,153390000,64895400,0,0,97,false,0
43117,0,0,88494600,153394950,64900350,0,0,99,false,0
43118,0,0,88494600,153394950,64900350,0,108,108,true,0
43119,0,0,88494600,153394950,64900350,0,98,98,true,0
43120,0,0,88494600,153394950,64900350,0,105,105,true,0
43121,0,0,88494600,153394950,64900350,0,115,115,true,0
43122,0,0,88494600,153394950,64900350,0,107,107,true,0
43123,0,0,88494600,153400100,64905500,0,7,110,false,0
43124,0,0,88494600,153405150,64910550,0,0,101,false,0
43125,0,0,88494600,153409800,64915200,0,0,93,false,0
43126,0,0,88494600,153414300,64919700,0,0,90,false,0
43127,0,0,88494600,153418750,64924150,0,0,89,false,0
43128,0,0,88494600,153423850,64929250,0,0,102,false,0
43129,0,0,88494600,153423850,64929250,0,106,106,true,0
43130,0,0,88494600,153428900,64934300,0,0,101,false,0
43131,0,0,88494600,153434050,64939450,0,7,110,false,0
43132,0,0,88494600,153439200,64944600,0,12,115,false,0
43133,0,0,88494600,153444150,64949550,0,0,99,false,0
43134,0,0,88494600,153448600,64954000,0,0,89,false,0
43135,0,0,88494600,153453650,64959050,0,0,101,false,0
43136,0,0,88494600,153453650,64959050,0,112,112,true,0
43137,0,0,88494600,153453650,64959050,0,98,98,true,0
43138,0,0,88494600,153457650,64963050,0,0,80,false,0
43139,0,0,88494600,153462750,64968150,0,0,102,false,0
43140,0,0,88494600,153467900,64973300,0,4,107,false,0
43141,0,0,88494600,153467900,64973300,0,95,95,true,0
43142,0,0,88494600,153473050,64978450,0,4,107,false,0
43143,0,0,88494600,153477850,64983250,0,0,96,false,0
43144,0,0,88494600,153483000,64988400,0,5,108,false,0
43145,0,0,88494600,153488000,64993400,0,0,100,false,0
43146,0,0,88494600,153488000,64993400,0,99,99,true,0
43147,0,0,88494600,153488000,64993400,0,108,108,true,0
43148,0,0,88494600,153492950,64998350,0,0,99,false,0
43149,0,0,88494600,153497800,65003200,0,0,97,false,0
43150,0,0,88494600,153502750,65008150,0,0,99,false,0
43151,0,0,88494600,153507800,65013200,0,0,101,false,0
43152,0,0,88494600,153512150,65017550,0,0,87,false,0
43153,0,0,88494600,153512150,65017550,0,100,100,true,0
43154,0,0,88494600,153512150,65017550,0,106,106,true,0
43155,0,0,88494600,153512150,65017550,0,88,88,true,0
43156,0,0,88494600,153512150,65017550,0,98,98,true,0
43157,0,0,88494600,153512150,65017550,0,90,90,true,0
43158,0,0,88494600,153516400,65021800,0,0,85,false,0
43159,0,0,88494600,153521550,65026950,0,8,111,false,0
43160,0,0,88601220,153525950,64924730,0,0,88,false,0
43161,0,0,88601220,153531100,64929880,0,1,104,false,0
43162,0,0,88601220,153536250,64935030,0,4,107,false,0
43163,0,0,88601220,153541400,64940180,0,21,124,false,0
43164,0,0,88601220,153541400,64940180,0,93,93,true,0
43165,0,0,88601220,153541400,64940180,0,93,93,true,0
43166,0,0,88601220,153546400,64945180,0,0,100,false,0
43167,0,0,88601220,153551300,64950080,0,0,98,false,0
43168,0,0,88601220,153556400,64955180,0,0,102,false,0
43169,0,0,88601220,153561550,64960330,0,1,104,false,0
43170,0,0,88601220,153566250,64965030,0,0,94,false,0
43171,0,0,88601220,153571300,64970080,0,0,101,false,0
43172,0,0,88601220,153576400,64975180,0,0,102,false,0
43173,0,0,88601220,153576400,64975180,0,101,101,true,0
43174,0,0,88601220,153581100,64979880,0,0,94,false,0
43175,0,0,88601220,153586250,64985030,0,10,113,false,0
43176,0,0,88601220,153590900,64989680,0,0,93,false,0
43177,0,0,88601220,153595650,64994430,0,0,95,false,0
43178,0,0,88601220,153600800,64999580,0,3,106,false,0
43179,0,0,88601220,153604650,65003430,0,0,77,false,0
43180,0,0,88601220,153604650,65003430,0,92,92,true,0
43181,0,0,88601220,153604650,65003430,0,112,112,true,0
43182,0,0,88601220,153609800,65008580,0,4,107,false,0
43183,0,0,88601220,153614150,65012930,0,0,87,false,0
43184,0,0,88601220,153619300,65018080,0,11,114,false,0
43185,0,0,88601220,153623250,65022030,0,0,79,false,0
43186,0,0,88601220,153628400,65027180,0,4,107,false,0
43187,0,0,88601220,153633250,65032030,0,0,97,false,0
43188,0,0,88601220,153637650,65036430,0,0,88,false,0
43189,0,0,88601220,153642800,65041580,0,0,103,false,0
43190,0,0,88601220,153647950,65046730,0,3,106,false,0
43191,0,0,88601220,153652050,65050830,0,0,82,false,0
43192,0,0,88601220,153656850,65055630,0,0,96,false,0
43193,0,0,88601220,153662000,65060780,0,16,119,false,0
43194,0,0,88601220,153667150,65065930,0,5,108,false,0
43195,0,0,88601220,153672300,65071080,0,4,107,false,0
43196,0,0,88601220,153676650,65075430,0,0,87,false,0
43197,0,0,88601220,153681800,65080580,0,4,107,false,0
43198,0,0,88601220,153686900,65085680,0,0,102,false,0
43199,0,0,88601220,153686900,65085680,0,109,109,true,0
43200,0,0,88601220,153686900,65085680,0,104,104,true,0
43201,0,0,88601220,153692000,65090780,0,0,102,false,0
43202,0,0,88601220,153697150,65095930,0,8,111,false,0
43203,0,0,88601220,153702300,65101080,0,3,106,false,0
43204,0,0,88601220,153706650,65105430,0,0,87,false,0
43205,0,0,88601220,153711600,65110380,0,0,99,false,0
43206,0,0,88601220,153716750,65115530,0,13,116,false,0
43207,0,0,88601220,153721500,65120280,0,0,95,false,0
43208,0,0,88601220,153726650,65125430,0,11,114,false,0
43209,0,0,88601220,153726650,65125430,0,106,106,true,0
43210,0,0,88601220,153726650,65125430,0,107,107,true,0
43211,0,0,88601220,153726650,65125430,0,103,103,true,0
43212,0,0,88707840,153731800,65023960,0,0,103,false,0
43213,0,0,88707840,153736400,65028560,0,0,92,false,0
43214,0,0,88707840,153736400,65028560,0,90,90,true,0
43215,0,0,88707840,153736400,65028560,0,113,113,true,0
43216,0,0,88707840,153736400,65028560,0,104,104,true,0
43217,0,0,88707840,153736400,65028560,0,107,107,true,0
43218,0,0,88707840,153741550,65033710,0,20,123,false,0
43219,0,0,88707840,153746700,65038860,0,8,111,false,0
43220,0,0,88707840,153751800,65043960,0,0,102,false,0
43221,0,0,88707840,153756950,65049110,0,7,110,false,0
43222,0,0,88707840,153756950,65049110,0,91,91,true,0
43223,0,0,88707840,153761400,65053560,0,0,89,false,0
43224,0,0,88707840,153766150,65058310,0,0,95,false,0
43225,0,0,88707840,153771150,65063310,0,0,100,false,0
43226,0,0,88707840,153775850,65068010,0,0,94,false,0
43227,0,0,88707840,153780600,65072760,0,0,95,false,0
43228,0,0,88707840,153785750,65077910,0,1,104,false,0
43229,0,0,88707840,153790350,65082510,0,0,92,false,0
43230,0,0,88707840,153795300,65087460,0,0,99,false,0
43231,0,0,88707840,153800450,65092610,0,4,107,false,0
43232,0,0,88707840,153800450,65092610,0,108,108,true,0
43233,0,0,88707840,153800450,65092610,0,81,81,true,0
43234,0,0,88707840,153805000,65097160,0,0,91,false,0
43235,0,0,88707840,153810150,65102310,0,5,108,false,0
43236,0,0,88707840,153815250,65107410,0,0,102,false,0
43237,0,0,88707840,153820150,65112310,0,0,98,false,0
43238,0,0,88707840,153825100,65117260,0,0,99,false,0
43239,0,0,88707840,153830250,65122410,0,1,104,false,0
43240,0,0,88707840,153835400,65127560,0,7,110,false,0
43241,0,0,88707840,153835400,65127560,0,110,110,true,0
43242,0,0,88707840,153840150,65132310,0,0,95,false,0
43243,0,0,88707840,153845300,65137460,0,11,114,false,0
43244,0,0,88707840,153850350,65142510,0,0,101,false,0
43245,0,0,88707840,153850350,65142510,0,97,97,true,0
43246,0,0,88707840,153850350,65142510,0,106,106,true,0
43247,0,0,88707840,153855500,65147660,0,4,107,false,0
43248,0,0,88707840,153860600,65152760,0,0,102,false,0
43249,0,0,88707840,153865550,65157710,0,0,99,false,0
43250,0,0,88707840,153870700,65162860,0,3,106,false,0
43251,0,0,88707840,153875850,65168010,0,10,113,false,0
43252,0,0,88707840,153881000,65173160,0,21,124,false,0
43253,0,0,88707840,153881000,65173160,0,101,101,true,0
43254,0,0,88707840,153885600,65177760,0,0,92,false,0
43255,0,0,88707840,153890750,65182910,0,8,111,false,0
43256,0,0,88707840,153895900,65188060,0,8,111,false,0
43257,0,0,88707840,153900650,65192810,0,0,95,false,0
43258,0,0,88707840,153904950,65197110,0,0,86,false,0
43259,0,0,88707840,153909850,65202010,0,0,98,false,0
43260,0,0,88707840,153914450,65206610,0,0,92,false,0
43261,0,0,88707840,153914450,65206610,0,99,99,true,0
43262,0,0,88707840,153919350,65211510,0,0,98,false,0
43263,0,0,88707840,153923600,65215760,0,0,85,false,0
43264,0,0,88814460,153928400,65113940,0,0,96,false,0
43265,0,0,88814460,153933300,65118840,0,0,98,false,0
43266,0,0,88814460,153937850,65123390,0,0,91,false,0
43267,0,0,88814460,153942300,65127840,0,0,89,false,0
43268,0,0,88814460,153947000,65132540,0,0,94,false,0
43269,0,0,88814460,153951900,65137440,0,0,98,false,0
43270,0,0,88814460,153951900,65137440,0,87,87,true,0
43271,0,0,88814460,153957050,65142590,0,3,106,false,0
43272,0,0,88814460,153962100,65147640,0,0,101,false,0
43273,0,0,88814460,153967100,65152640,0,0,100,false,0
43274,0,0,88814460,153971700,65157240,0,0,92,false,0
43275,0,0,88814460,153976850,65162390,0,6,109,false,0
43276,0,0,88814460,153982000,65167540,0,1,104,false,0
43277,0,0,88814460,153986900,65172440,0,0,98,false,0
43278,0,0,88814460,153992050,65177590,0,9,112,false,0
43279,0,0,88814460,153997200,65182740,0,2,105,false,0
43280,0,0,88814460,154001200,65186740,0,0,80,false,0
43281,0,0,88814460,154004950,65190490,0,0,75,false,0
43282,0,0,88814460,154004950,65190490,0,93,93,true,0
43283,0,0,88814460,154004950,65190490,0,94,94,true,0
43284,0,0,88814460,154009550,65195090,0,0,92,false,0
43285,0,0,88814460,154014700,65200240,0,15,118,false,0
43286,0,0,88814460,154019150,65204690,0,0,89,false,0
43287,0,0,88814460,154019150,65204690,0,112,112,true,0
43288,0,0,88814460,154024100,65209640,0,0,99,false,0
43289,0,0,88814460,154028850,65214390,0,0,95,false,0
43290,0,0,88814460,154033350,65218890,0,0,90,false,0
43291,0,0,88814460,154038500,65224040,0,2,105,false,0
43292,0,0,88814460,154038500,65224040,0,93,93,true,0
43293,0,0,88814460,154043300,65228840,0,0,96,false,0
43294,0,0,88814460,154048150,65233690,0,0,97,false,0
43295,0,0,88814460,154052700,65238240,0,0,91,false,0
43296,0,0,88814460,154057850,65243390,0,8,111,false,0
43297,0,0,88814460,154062350,65247890,0,0,90,false,0
43298,0,0,88814460,154067500,65253040,0,1,104,false,0
43299,0,0,88814460,154071150,65256690,0,0,73,false,0
43300,0,0,88814460,154075400,65260940,0,0,85,false,0
43301,0,0,88814460,154079850,65265390,0,0,89,false,0
43302,0,0,88814460,154085000,65270540,0,4,107,false,0
43303,0,0,88814460,154090150,65275690,0,3,106,false,0
43304,0,0,88814460,154094350,65279890,0,0,84,false,0
43305,0,0,88814460,154099150,65284690,0,0,96,false,0
43306,0,0,88814460,154099150,65284690,0,107,107,true,0
43307,0,0,88814460,154103350,65288890,0,0,84,false,0
43308,0,0,88814460,154108250,65293790,0,0,98,false,0
43309,0,0,88814460,154108250,65293790,0,92,92,true,0
43310,0,0,88814460,154108250,65293790,0,91,91,true,0
43311,0,0,88814460,154113400,65298940,0,24,127,false,0
43312,0,0,88814460,154118050,65303590,0,0,93,false,0
43313,0,0,88814460,154123050,65308590,0,0,100,false,0
43314,0,0,88814460,154128200,65313740,0,9,112,false,0
43315,0,0,88814460,154133350,65318890,0,9,112,false,0
43316,0,0,88921080,154138500,65217420,0,7,110,false,0
43317,0,0,88921080,154143450,65222370,0,0,99,false,0
43318,0,0,88921080,154148300,65227220,0,0,97,false,0
43319,0,0,88921080,154153450,65232370,0,3,106,false,0
43320,0,0,88921080,154153450,65232370,0,96,96,true,0
43321,0,0,88921080,154158100,65237020,0,0,93,false,0
43322,0,0,88921080,154163000,65241920,0,0,98,false,0
43323,0,0,88921080,154168050,65246970,0,0,101,false,0
43324,0,0,88921080,154172500,65251420,0,0,89,false,0
43325,0,0,88921080,154177650,65256570,0,8,111,false,0
43326,0,0,88921080,154182800,65261720,0,5,108,false,0
43327,0,0,88921080,154187600,65266520,0,0,96,false,0
43328,0,0,88921080,154192150,65271070,0,0,91,false,0
43329,0,0,88921080,154197150,65276070,0,0,100,false,0
43330,0,0,88921080,154202100,65281020,0,0,99,false,0
43331,0,0,88921080,154202100,65281020,0,93,93,true,0
43332,0,0,88921080,154202100,65281020,0,109,109,true,0
43333,0,0,88921080,154202100,65281020,0,106,106,true,0
43334,0,0,88921080,154202100,65281020,0,91,91,true,0
43335,0,0,88921080,154206500,65285420,0,0,88,false,0
43336,0,0,88921080,154211050,65289970,0,0,91,false,0
43337,0,0,88921080,154211050,65289970,0,90,90,true,0
43338,0,0,88921080,154215550,65294470,0,0,90,false,0
43339,0,0,88921080,154220700,65299620,0,13,116,false,0
43340,0,0,88921080,154220700,65299620,0,99,99,true,0
43341,0,0,88921080,154220700,65299620,0,101,101,true,0
43342,0,0,88921080,154225750,65304670,0,0,101,false,0
43343,0,0,88921080,154230800,65309720,0,0,101,false,0
43344,0,0,88921080,154235700,65314620,0,0,98,false,0
43345,0,0,88921080,154239650,65318570,0,0,79,false,0
43346,0,0,88921080,154244800,65323720,0,2,105,false,0
43347,0,0,88921080,154249750,65328670,0,0,99,false,0
43348,0,0,88921080,154249750,65328670,0,105,105,true,0
43349,0,0,88921080,154254400,65333320,0,0,93,false,0
43350,0,0,88921080,154259550,65338470,0,2,105,false,0
43351,0,0,88921080,154264050,65342970,0,0,90,false,0
43352,0,0,88921080,154264050,65342970,0,85,85,true,0
43353,0,0,88921080,154264050,65342970,0,105,105,true,0
43354,0,0,88921080,154269200,65348120,0,15,118,false,0
43355,0,0,88921080,154273800,65352720,0,0,92,false,0
43356,0,0,88921080,154278900,65357820,0,0,102,false,0
43357,0,0,88921080,154283800,65362720,0,0,98,false,0
43358,0,0,88921080,154288150,65367070,0,0,87,false,0
43359,0,0,88921080,154292950,65371870,0,0,96,false,0
43360,0,0,88921080,154298100,65377020,0,2,105,false,0
43361,0,0,88921080,154302850,65381770,0,0,95,false,0
43362,0,0,88921080,154307800,65386720,0,0,99,false,0
43363,0,0,88921080,154312600,65391520,0,0,96,false,0
43364,0,0,88921080,154317450,65396370,0,0,97,false,0
43365,0,0,88921080,154322550,65401470,0,0,102,false,0
43366,0,0,88921080,154322550,65401470,0,98,98,true,0
43367,0,0,88921080,154322550,65401470,0,103,103,true,0
43368,0,0,89027700,154322550,65294850,0,96,96,true,0
43369,0,0,89027700,154322550,65294850,0,99,99,true,0
43370,0,0,89027700,154326250,65298550,0,0,74,false,0
43371,0,0,89027700,154331400,65303700,0,5,108,false,0
43372,0,0,89027700,154335750,65308050,0,0,87,false,0
43373,0,0,89027700,154335750,65308050,0,110,110,true,0
43374,0,0,89027700,154335750,65308050,0,99,99,true,0
43375,0,0,89027700,154335750,65308050,0,125,125,true,0
43376,0,0,89027700,154340900,65313200,0,2,105,false,0
43377,0,0,89027700,154345700,65318000,0,0,96,false,0
43378,0,0,89027700,154350450,65322750,0,0,95,false,0
43379,0,0,89027700,154355250,65327550,0,0,96,false,0
43380,0,0,89027700,154359900,65332200,0,0,93,false,0
43381,0,0,89027700,154364750,65337050,0,0,97,false,0
43382,0,0,89027700,154364750,65337050,0,102,102,true,0
43383,0,0,89027700,154368950,65341250,0,0,84,false,0
43384,0,0,89027700,154373350,65345650,0,0,88,false,0
43385,0,0,89027700,154378500,65350800,0,15,118,false,0
43386,0,0,89027700,154383350,65355650,0,0,97,false,0
43387,0,0,89027700,154387700,65360000,0,0,87,false,0
43388,0,0,89027700,154392850,65365150,0,14,117,false,0
43389,0,0,89027700,154397700,65370000,0,0,97,false,0
43390,0,0,89027700,154402300,65374600,0,0,92,false,0
43391,0,0,89027700,154406550,65378850,0,0,85,false,0
43392,0,0,89027700,154411700,65384000,0,3,106,false,0
43393,0,0,89027700,154416850,65389150,0,7,110,false,0
43394,0,0,89027700,154421500,65393800,0,0,93,false,0
43395,0,0,89027700,154425650,65397950,0,0,83,false,0
43396,0,0,89027700,154430650,65402950,0,0,100,false,0
43397,0,0,89027700,154434650,65406950,0,0,80,false,0
43398,0,0,89027700,154439450,65411750,0,0,96,false,0
43399,0,0,89027700,154444000,65416300,0,0,91,false,0
43400,0,0,89027700,154449150,65421450,0,1,104,false,0
43401,0,0,89027700,154449150,65421450,0,107,107,true,0
43402,0,0,89027700,154454300,65426600,0,18,121,false,0
43403,0,0,89027700,154459200,65431500,0,0,98,false,0
43404,0,0,89027700,154464350,65436650,0,12,115,false,0
43405,0,0,89027700,154469300,65441600,0,0,99,false,0
43406,0,0,89027700,154469300,65441600,0,97,97,true,0
43407,0,0,89027700,154469300,65441600,0,94,94,true,0
43408,0,0,89027700,154469300,65441600,0,106,106,true,0
43409,0,0,89027700,154469300,65441600,0,95,95,true,0
43410,0,0,89027700,154473900,65446200,0,0,92,false,0
43411,0,0,89027700,154479000,65451300,0,0,102,false,0
43412,0,0,89027700,154483450,65455750,0,0,89,false,0
43413,0,0,89027700,154483450,65455750,0,119,119,true,0
43414,0,0,89027700,154483450,65455750,0,81,81,true,0
43415,0,0,89027700,154487800,65460100,0,0,87,false,0
43416,0,0,89027700,154492950,65465250,0,7,110,false,0
43417,0,0,89027700,154497250,65469550,0,0,86,false,0
43418,0,0,89027700,154502050,65474350,0,0,96,false,0
43419,0,0,89027700,154507150,65479450,0,0,102,false,0
43420,0,0,89134320,154511450,65377130,0,0,86,false,0
43421,0,0,89134320,154516250,65381930,0,0,96,false,0
43422,0,0,89134320,154520650,65386330,0,0,88,false,0
43423,0,0,89134320,154524650,65390330,0,0,80,false,0
43424,0,0,89134320,154529800,65395480,0,23,126,false,0
43425,0,0,89134320,154529800,65395480,0,75,75,true,0
43426,0,0,89134320,154529800,65395480,0,112,112,true,0
43427,0,0,89134320,154534950,65400630,0,18,121,false,0
43428,0,0,89134320,154539950,65405630,0,0,100,false,0
43429,0,0,89134320,154539950,65405630,0,92,92,true,0
43430,0,0,89134320,154539950,65405630,0,113,113,true,0
43431,0,0,89134320,154539950,65405630,0,95,95,true,0
43432,0,0,89134320,154539950,65405630,0,94,94,true,0
43433,0,0,89134320,154545000,65410680,0,0,101,false,0
43434,0,0,89134320,154549250,65414930,0,0,85,false,0
43435,0,0,89134320,154549250,65414930,0,124,124,true,0
43436,0,0,89134320,154549250,65414930,0,101,101,true,0
43437,0,0,89134320,154549250,65414930,0,98,98,true,0
43438,0,0,89134320,154549250,65414930,0,94,94,true,0
43439,0,0,89134320,154553050,65418730,0,0,76,false,0
43440,0,0,89134320,154557850,65423530,0,0,96,false,0
43441,0,0,89134320,154562450,65428130,0,0,92,false,0
43442,0,0,89134320,154567600,65433280,0,2,105,false,0
43443,0,0,89134320,154572650,65438330,0,0,101,false,0
43444,0,0,89134320,154576800,65442480,0,0,83,false,0
43445,0,0,89134320,154581750,65447430,0,0,99,false,0
43446,0,0,89134320,154586900,65452580,0,4,107,false,0
43447,0,0,89134320,154586900,65452580,0,104,104,true,0
43448,0,0,89134320,154586900,65452580,0,85,85,true,0
43449,0,0,89134320,154591950,65457630,0,0,101,false,0
43450,0,0,89134320,154596400,65462080,0,0,89,false,0
43451,0,0,89134320,154601550,65467230,0,3,106,false,0
43452,0,0,89134320,154606500,65472180,0,0,99,false,0
43453,0,0,89134320,154611200,65476880,0,0,94,false,0
43454,0,0,89134320,154615700,65481380,0,0,90,false,0
43455,0,0,89134320,154620650,65486330,0,0,99,false,0
43456,0,0,89134320,154625800,65491480,0,14,117,false,0
43457,0,0,89134320,154630700,65496380,0,0,98,false,0
43458,0,0,89134320,154635200,65500880,0,0,90,false,0
43459,0,0,89134320,154635200,65500880,0,112,112,true,0
43460,0,0,89134320,154640350,65506030,0,6,109,false,0
43461,0,0,89134320,154645500,65511180,0,21,124,false,0
43462,0,0,89134320,154649500,65515180,0,0,80,false,0
43463,0,0,89134320,154654100,65519780,0,0,92,false,0
43464,0,0,89134320,154659250,65524930,0,16,119,false,0
43465,0,0,89134320,154663750,65529430,0,0,90,false,0
43466,0,0,89134320,154668600,65534280,0,0,97,false,0
43467,0,0,89134320,154668600,65534280,0,97,97,true,0
43468,0,0,89134320,154668600,65534280,0,106,106,true,0
43469,0,0,89134320,154668600,65534280,0,91,91,true,0
43470,0,0,89134320,154668600,65534280,0,84,84,true,0
43471,0,0,89134320,154668600,65534280,0,94,94,true,0
43472,0,0,89240940,154673550,65432610,0,0,99,false,0
43473,0,0,89240940,154678100,65437160,0,0,91,false,0
43474,0,0,89240940,154683000,65442060,0,0,98,false,0
43475,0,0,89240940,154683000,65442060,0,106,106,true,0
43476,0,0,89240940,154683000,65442060,0,93,93,true,0
43477,0,0,89240940,154683000,65442060,0,96,96,true,0
43478,0,0,89240940,154683000,65442060,0,101,101,true,0
43479,0,0,89240940,154683000,65442060,0,101,101,true,0
43480,0,0,89240940,154687400,65446460,0,0,88,false,0
43481,0,0,89240940,154692550,65451610,0,2,105,false,0
43482,0,0,89240940,154697700,65456760,0,6,109,false,0
43483,0,0,89240940,154702850,65461910,0,0,103,false,0
43484,0,0,89240940,154707950,65467010,0,0,102,false,0
43485,0,0,89240940,154713100,65472160,0,5,108,false,0
43486,0,0,89240940,154717700,65476760,0,0,92,false,0
43487,0,0,89240940,154722850,65481910,0,9,112,false,0
43488,0,0,89240940,154722850,65481910,0,95,95,true,0
43489,0,0,89240940,154728000,65487060,0,0,103,false,0
43490,0,0,89240940,154733050,65492110,0,0,101,false,0
43491,0,0,89240940,154733050,65492110,0,114,114,true,0
43492,0,0,89240940,154733050,65492110,0,114,114,true,0
43493,0,0,89240940,154733050,65492110,0,96,96,true,0
43494,0,0,89240940,154738200,65497260,0,10,113,false,0
43495,0,0,89240940,154742500,65501560,0,0,86,false,0
43496,0,0,89240940,154747250,65506310,0,0,95,false,0
43497,0,0,89240940,154752400,65511460,0,7,110,false,0
43498,0,0,89240940,154752400,65511460,0,114,114,true,0
43499,0,0,89240940,154757100,65516160,0,0,94,false,0
43500,0,0,89240940,154762200,65521260,0,0,102,false,0
43501,0,0,89240940,154766500,65525560,0,0,86,false,0
43502,0,0,89240940,154771200,65530260,0,0,94,false,0
43503,0,0,89240940,154771200,65530260,0,90,90,true,0
43504,0,0,89240940,154771200,65530260,0,110,110,true,0
43505,0,0,89240940,154771200,65530260,0,82,82,true,0
43506,0,0,89240940,154775550,65534610,0,0,87,false,0
43507,0,0,89240940,154779400,65538460,0,0,77,false,0
43508,0,0,89240940,154784200,65543260,0,0,96,false,0
43509,0,0,89240940,154789350,65548410,0,0,103,false,0
43510,0,0,89240940,154793200,65552260,0,0,77,false,0
43511,0,0,89240940,154797900,65556960,0,0,94,false,0
43512,0,0,89240940,154801900,65560960,0,0,80,false,0
43513,0,0,89240940,154806750,65565810,0,0,97,false,0
43514,0,0,89240940,154806750,65565810,0,99,99,true,0
43515,0,0,89240940,154806750,65565810,0,88,88,true,0
43516,0,0,89240940,154811900,65570960,0,7,110,false,0
43517,0,0,89240940,154817050,65576110,0,4,107,false,0
43518,0,0,89240940,154817050,65576110,0,94,94,true,0
43519,0,0,89240940,154817050,65576110,0,108,108,true,0
43520,0,0,89240940,154817050,65576110,0,108,108,true,0
43521,0,0,89240940,154822200,65581260,0,15,118,false,0
43522,0,0,89240940,154827350,65586410,0,0,103,false,0
43523,0,0,89240940,154831100,65590160,0,0,75,false,0
43524,0,0,89347560,154835550,65487990,0,0,89,false,0
43525,0,0,89347560,154840700,65493140,0,5,108,false,0
43526,0,0,89347560,154845700,65498140,0,0,100,false,0
43527,0,0,89347560,154845700,65498140,0,86,86,true,0
43528,0,0,89347560,154845700,65498140,0,86,86,true,0
43529,0,0,89347560,154845700,65498140,0,90,90,true,0
43530,0,0,89347560,154845700,65498140,0,93,93,true,0
43531,0,0,89347560,154845700,65498140,0,96,96,true,0
43532,0,0,89347560,154845700,65498140,0,110,110,true,0
43533,0,0,89347560,154845700,65498140,0,92,92,true,0
43534,0,0,89347560,154845700,65498140,0,95,95,true,0
43535,0,0,89347560,154845700,65498140,0,105,105,true,0
43536,0,0,89347560,154845700,65498140,0,105,105,true,0
43537,0,0,89347560,154845700,65498140,0,90,90,true,0
43538,0,0,89347560,154845700,65498140,0,93,93,true,0
43539,0,0,89347560,154849950,65502390,0,0,85,false,0
43540,0,0,89347560,154854000,65506440,0,0,81,false,0
43541,0,0,89347560,154859100,65511540,0,0,102,false,0
43542,0,0,89347560,154864250,65516690,0,22,125,false,0
43543,0,0,89347560,154864250,65516690,0,115,115,true,0
43544,0,0,89347560,154864250,65516690,0,107,107,true,0
43545,0,0,89347560,154868100,65520540,0,0,77,false,0
43546,0,0,89347560,154873250,65525690,0,1,104,false,0
43547,0,0,89347560,154877450,65529890,0,0,84,false,0
43548,0,0,89347560,154877450,65529890,0,110,110,true,0
43549,0,0,89347560,154877450,65529890,0,111,111,true,0
43550,0,0,89347560,154877450,65529890,0,108,108,true,0
43551,0,0,89347560,154882600,65535040,0,6,109,false,0
43552,0,0,89347560,154887550,65539990,0,0,99,false,0
43553,0,0,89347560,154891500,65543940,0,0,79,false,0
43554,0,0,89347560,154896650,65549090,0,13,116,false,0
43555,0,0,89347560,154901700,65554140,0,0,101,false,0
43556,0,0,89347560,154906550,65558990,0,0,97,false,0
43557,0,0,89347560,154911700,65564140,0,10,113,false,0
43558,0,0,89347560,154916850,65569290,0,2,105,false,0
43559,0,0,89347560,154922000,65574440,0,20,123,false,0
43560,0,0,89347560,154927150,65579590,0,5,108,false,0
43561,0,0,89347560,154932300,65584740,0,2,105,false,0
43562,0,0,89347560,154937200,65589640,0,0,98,false,0
43563,0,0,89347560,154941800,65594240,0,0,92,false,0
43564,0,0,89347560,154946400,65598840,0,0,92,false,0
43565,0,0,89347560,154951050,65603490,0,0,93,false,0
43566,0,0,89347560,154956200,65608640,0,4,107,false,0
43567,0,0,89347560,154961350,65613790,0,0,103,false,0
43568,0,0,89347560,154966350,65618790,0,0,100,false,0
43569,0,0,89347560,154970600,65623040,0,0,85,false,0
43570,0,0,89347560,154975550,65627990,0,0,99,false,0
43571,0,0,89347560,154975550,65627990,0,86,86,true,0
43572,0,0,89347560,154975550,65627990,0,106,106,true,0
43573,0,0,89347560,154975550,65627990,0,100,100,true,0
43574,0,0,89347560,154975550,65627990,0,82,82,true,0
43575,0,0,89347560,154980400,65632840,0,0,97,false,0
43576,0,0,89454180,154985300,65531120,0,0,98,false,0
43577,0,0,89454180,154990250,65536070,0,0,99,false,0
43578,0,0,89454180,154994800,65540620,0,0,91,false,0
43579,0,0,89454180,154999250,65545070,0,0,89,false,0
43580,0,0,89454180,155004100,65549920,0,0,97,false,0
43581,0,0,89454180,155008650,65554470,0,0,91,false,0
43582,0,0,89454180,155013600,65559420,0,0,99,false,0
43583,0,0,89454180,155018150,65563970,0,0,91,false,0
43584,0,0,89454180,155023200,65569020,0,0,101,false,0
43585,0,0,89454180,155028350,65574170,0,4,107,false,0
43586,0,0,89454180,155033000,65578820,0,0,93,false,0
43587,0,0,89454180,155037550,65583370,0,0,91,false,0
43588,0,0,89454180,155042500,65588320,0,0,99,false,0
43589,0,0,89454180,155047650,65593470,0,12,115,false,0
43590,0,0,89454180,155052800,65598620,0,0,103,false,0
43591,0,0,89454180,155057750,65603570,0,0,99,false,0
43592,0,0,89454180,155062900,65608720,0,10,113,false,0
43593,0,0,89454180,155067400,65613220,0,0,90,false,0
43594,0,0,89454180,155072050,65617870,0,0,93,false,0
43595,0,0,89454180,155077200,65623020,0,2,105,false,0
43596,0,0,89454180,155082350,65628170,0,12,115,false,0
43597,0,0,89454180,155086800,65632620,0,0,89,false,0
43598,0,0,89454180,155091300,65637120,0,0,90,false,0
43599,0,0,89454180,155091300,65637120,0,109,109,true,0
43600,0,0,89454180,155095950,65641770,0,0,93,false,0
43601,0,0,89454180,155100750,65646570,0,0,96,false,0
43602,0,0,89454180,155105700,65651520,0,0,99,false,0
43603,0,0,89454180,155110800,65656620,0,0,102,false,0
43604,0,0,89454180,155110800,65656620,0,111,111,true,0
43605,0,0,89454180,155115950,65661770,0,3,106,false,0
43606,0,0,89454180,155121100,65666920,0,1,104,false,0
43607,0,0,89454180,155126050,65671870,0,0,99,false,0
43608,0,0,89454180,155130850,65676670,0,0,96,false,0
43609,0,0,89454180,155135800,65681620,0,0,99,false,0
43610,0,0,89454180,155140400,65686220,0,0,92,false,0
43611,0,0,89454180,155145550,65691370,0,1,104,false,0
43612,0,0,89454180,155150700,65696520,0,1,104,false,0
43613,0,0,89454180,155155750,65701570,0,0,101,false,0
43614,0,0,89454180,155155750,65701570,0,101,101,true,0
43615,0,0,89454180,155160900,65706720,0,14,117,false,0
43616,0,0,89454180,155165100,65710920,0,0,84,false,0
43617,0,0,89454180,155165100,65710920,0,98,98,true,0
43618,0,0,89454180,155165100,65710920,0,102,102,true,0
43619,0,0,89454180,155170250,65716070,0,10,113,false,0
43620,0,0,89454180,155175100,65720920,0,0,97,false,0
43621,0,0,89454180,155180200,65726020,0,0,102,false,0
43622,0,0,89454180,155185350,65731170,0,4,107,false,0
43623,0,0,89454180,155185350,65731170,0,117,117,true,0
43624,0,0,89454180,155185350,65731170,0,84,84,true,0
43625,0,0,89454180,155185350,65731170,0,101,101,true,0
43626,0,0,89454180,155185350,65731170,0,101,101,true,0
43627,0,0,89454180,155188950,65734770,0,0,72,false,0
43628,0,0,89560800,155193400,65632600,0,0,89,false,0
43629,0,0,89560800,155197600,65636800,0,0,84,false,0
43630,0,0,89560800,155202350,65641550,0,0,95,false,0
43631,0,0,89560800,155207400,65646600,0,0,101,false,0
43632,0,0,89560800,155211800,65651000,0,0,88,false,0
43633,0,0,89560800,155216950,65656150,0,12,115,false,0
43634,0,0,89560800,155221350,65660550,0,0,88,false,0
43635,0,0,89560800,155226000,65665200,0,0,93,false,0
43636,0,0,89560800,155229900,65669100,0,0,78,false,0
43637,0,0,89560800,155234600,65673800,0,0,94,false,0
43638,0,0,89560800,155239100,65678300,0,0,90,false,0
43639,0,0,89560800,155244250,65683450,0,1,104,false,0
43640,0,0,89560800,155249300,65688500,0,0,101,false,0
43641,0,0,89560800,155254250,65693450,0,0,99,false,0
43642,0,0,89560800,155254250,65693450,0,106,106,true,0
43643,0,0,89560800,155258500,65697700,0,0,85,false,0
43644,0,0,89560800,155263650,65702850,0,4,107,false,0
43645,0,0,89560800,155268650,65707850,0,0,100,false,0
43646,0,0,89560800,155273250,65712450,0,0,92,false,0
43647,0,0,89560800,155277800,65717000,0,0,91,false,0
43648,0,0,89560800,155282950,65722150,0,14,117,false,0
43649,0,0,89560800,155287650,65726850,0,0,94,false,0
43650,0,0,89560800,155292800,65732000,0,0,103,false,0
43651,0,0,89560800,155297450,65736650,0,0,93,false,0
43652,0,0,89560800,155297450,65736650,0,85,85,true,0
43653,0,0,89560800,155297450,65736650,0,107,107,true,0
43654,0,0,89560800,155297450,65736650,0,98,98,true,0
43655,0,0,89560800,155301650,65740850,0,0,84,false,0
43656,0,0,89560800,155306750,65745950,0,0,102,false,0
43657,0,0,89560800,155311650,65750850,0,0,98,false,0
43658,0,0,89560800,155316800,65756000,0,3,106,false,0
43659,0,0,89560800,155321150,65760350,0,0,87,false,0
43660,0,0,89560800,155325450,65764650,0,0,86,false,0
43661,0,0,89560800,155330300,65769500,0,0,97,false,0
43662,0,0,89560800,155334650,65773850,0,0,87,false,0
43663,0,0,89560800,155339100,65778300,0,0,89,false,0
43664,0,0,89560800,155343900,65783100,0,0,96,false,0
43665,0,0,89560800,155348350,65787550,0,0,89,false,0
43666,0,0,89560800,155353000,65792200,0,0,93,false,0
43667,0,0,89560800,155358150,65797350,0,2,105,false,0
43668,0,0,89560800,155363300,65802500,0,6,109,false,0
43669,0,0,89560800,155368000,65807200,0,0,94,false,0
43670,0,0,89560800,155368000,65807200,0,100,100,true,0
43671,0,0,89560800,155373000,65812200,0,0,100,false,0
43672,0,0,89560800,155377600,65816800,0,0,92,false,0
43673,0,0,89560800,155382650,65821850,0,0,101,false,0
43674,0,0,89560800,155387800,65827000,0,10,113,false,0
43675,0,0,89560800,155387800,65827000,0,100,100,true,0
43676,0,0,89560800,155387800,65827000,0,93,93,true,0
43677,0,0,89560800,155387800,65827000,0,118,118,true,0
43678,0,0,89560800,155387800,65827000,0,98,98,true,0
43679,0,0,89560800,155392700,65831900,0,0,98,false,0
43680,0,0,89667420,155397050,65729630,0,0,87,false,0
43681,0,0,89667420,155402200,65734780,0,1,104,false,0
43682,0,0,89667420,155407100,65739680,0,0,98,false,0
43683,0,0,89667420,155412000,65744580,0,0,98,false,0
43684,0,0,89667420,155416400,65748980,0,0,88,false,0
43685,0,0,89667420,155421500,65754080,0,0,102,false,0
43686,0,0,89667420,155426300,65758880,0,0,96,false,0
43687,0,0,89667420,155426300,65758880,0,99,99,true,0
43688,0,0,89667420,155431450,65764030,0,3,106,false,0
43689,0,0,89667420,155436500,65769080,0,0,101,false,0
43690,0,0,89667420,155436500,65769080,0,106,106,true,0
43691,0,0,89667420,155441150,65773730,0,0,93,false,0
43692,0,0,89667420,155446300,65778880,0,0,103,false,0
43693,0,0,89667420,155451200,65783780,0,0,98,false,0
43694,0,0,89667420,155455550,65788130,0,0,87,false,0
43695,0,0,89667420,155460500,65793080,0,0,99,false,0
43696,0,0,89667420,155465150,65797730,0,0,93,false,0
43697,0,0,89667420,155470250,65802830,0,0,102,false,0
43698,0,0,89667420,155474800,65807380,0,0,91,false,0
43699,0,0,89667420,155479250,65811830,0,0,89,false,0
43700,0,0,89667420,155484400,65816980,0,18,121,false,0
43701,0,0,89667420,155489000,65821580,0,0,92,false,0
43702,0,0,89667420,155494150,65826730,0,14,117,false,0
43703,0,0,89667420,155498450,65831030,0,0,86,false,0
43704,0,0,89667420,155502600,65835180,0,0,83,false,0
43705,0,0,89667420,155507550,65840130,0,0,99,false,0
43706,0,0,89667420,155507550,65840130,0,107,107,true,0
43707,0,0,89667420,155512650,65845230,0,0,102,false,0
43708,0,0,89667420,155516300,65848880,0,0,73,false,0
43709,0,0,89667420,155520900,65853480,0,0,92,false,0
43710,0,0,89667420,155520900,65853480,0,104,104,true,0
43711,0,0,89667420,155520900,65853480,0,85,85,true,0
43712,0,0,89667420,155520900,65853480,0,103,103,true,0
43713,0,0,89667420,155520900,65853480,0,91,91,true,0
43714,0,0,89667420,155526050,65858630,0,11,114,false,0
43715,0,0,89667420,155531100,65863680,0,0,101,false,0
43716,0,0,89667420,155535500,65868080,0,0,88,false,0
43717,0,0,89667420,155540350,65872930,0,0,97,false,0
43718,0,0,89667420,155545250,65877830,0,0,98,false,0
43719,0,0,89667420,155545250,65877830,0,108,108,true,0
43720,0,0,89667420,155550050,65882630,0,0,96,false,0
43721,0,0,89667420,155554700,65887280,0,0,93,false,0
43722,0,0,89667420,155554700,65887280,0,92,92,true,0
43723,0,0,89667420,155554700,65887280,0,83,83,true,0
43724,0,0,89667420,155559850,65892430,0,6,109,false,0
43725,0,0,89667420,155565000,65897580,0,0,103,false,0
43726,0,0,89667420,155565000,65897580,0,96,96,true,0
43727,0,0,89667420,155565000,65897580,0,107,107,true,0
43728,0,0,89667420,155569650,65902230,0,0,93,false,0
43729,0,0,89667420,155574800,65907380,0,2,105,false,0
43730,0,0,89667420,155579500,65912080,0,0,94,false,0
43731,0,0,89667420,155584500,65917080,0,0,100,false,0
43732,0,0,89774040,155589100,65815060,0,0,92,false,0
43733,0,0,89774040,155593550,65819510,0,0,89,false,0
43734,0,0,89774040,155598150,65824110,0,0,92,false,0
43735,0,0,89774040,155602850,65828810,0,0,94,false,0
43736,0,0,89774040,155608000,65833960,0,14,117,false,0
43737,0,0,89774040,155608000,65833960,0,99,99,true,0
43738,0,0,89774040,155613150,65839110,0,0,103,false,0
43739,0,0,89774040,155618300,65844260,0,1,104,false,0
43740,0,0,89774040,155622900,65848860,0,0,92,false,0
43741,0,0,89774040,155627500,65853460,0,0,92,false,0
43742,0,0,89774040,155632650,65858610,0,4,107,false,0
43743,0,0,89774040,155637750,65863710,0,0,102,false,0
43744,0,0,89774040,155637750,65863710,0,95,95,true,0
43745,0,0,89774040,155637750,65863710,0,106,106,true,0
43746,0,0,89774040,155637750,65863710,0,101,101,true,0
43747,0,0,89774040,155642900,65868860,0,5,108,false,0
43748,0,0,89774040,155647800,65873760,0,0,98,false,0
43749,0,0,89774040,155652450,65878410,0,0,93,false,0
43750,0,0,89774040,155652450,65878410,0,84,84,true,0
43751,0,0,89774040,155652450,65878410,0,86,86,true,0
43752,0,0,89774040,155657150,65883110,0,0,94,false,0
43753,0,0,89774040,155662200,65888160,0,0,101,false,0
43754,0,0,89774040,155667350,65893310,0,6,109,false,0
43755,0,0,89774040,155672000,65897960,0,0,93,false,0
43756,0,0,89774040,155677050,65903010,0,0,101,false,0
43757,0,0,89774040,155682200,65908160,0,2,105,false,0
43758,0,0,89774040,155687350,65913310,0,13,116,false,0
43759,0,0,89774040,155692100,65918060,0,0,95,false,0
43760,0,0,89774040,155697250,65923210,0,1,104,false,0
43761,0,0,89774040,155702100,65928060,0,0,97,false,0
43762,0,0,89774040,155707250,65933210,0,17,120,false,0
43763,0,0,89774040,155712250,65938210,0,0,100,false,0
43764,0,0,89774040,155712250,65938210,0,109,109,true,0
43765,0,0,89774040,155712250,65938210,0,87,87,true,0
43766,0,0,89774040,155712250,65938210,0,90,90,true,0
43767,0,0,89774040,155712250,65938210,0,110,110,true,0
43768,0,0,89774040,155716300,65942260,0,0,81,false,0
43769,0,0,89774040,155721350,65947310,0,0,101,false,0
43770,0,0,89774040,155725850,65951810,0,0,90,false,0
43771,0,0,89774040,155725850,65951810,0,101,101,true,0
43772,0,0,89774040,155730750,65956710,0,0,98,false,0
43773,0,0,89774040,155735300,65961260,0,0,91,false,0
43774,0,0,89774040,155740450,65966410,0,4,107,false,0
43775,0,0,89774040,155745050,65971010,0,0,92,false,0
43776,0,0,89774040,155749600,65975560,0,0,91,false,0
43777,0,0,89774040,155754750,65980710,0,4,107,false,0
43778,0,0,89774040,155759900,65985860,0,8,111,false,0
43779,0,0,89774040,155764000,65989960,0,0,82,false,0
43780,0,0,89774040,155769150,65995110,0,2,105,false,0
43781,0,0,89774040,155774300,66000260,0,6,109,false,0
43782,0,0,89774040,155779450,66005410,0,7,110,false,0
43783,0,0,89774040,155784600,66010560,0,3,106,false,0
43784,0,0,89880660,155788550,65907890,0,0,79,false,0
43785,0,0,89880660,155793650,65912990,0,0,102,false,0
43786,0,0,89880660,155797950,65917290,0,0,86,false,0
43787,0,0,89880660,155803100,65922440,0,2,105,false,0
43788,0,0,89880660,155808250,65927590,0,5,108,false,0
43789,0,0,89880660,155813400,65932740,0,6,109,false,0
43790,0,0,89880660,155818000,65937340,0,0,92,false,0
43791,0,0,89880660,155823150,65942490,0,4,107,false,0
43792,0,0,89880660,155827750,65947090,0,0,92,false,0
43793,0,0,89880660,155831900,65951240,0,0,83,false,0
43794,0,0,89880660,155831900,65951240,0,84,84,true,0
43795,0,0,89880660,155831900,65951240,0,99,99,true,0
43796,0,0,89880660,155831900,65951240,0,111,111,true,0
43797,0,0,89880660,155831900,65951240,0,95,95,true,0
43798,0,0,89880660,155837050,65956390,0,5,108,false,0
43799,0,0,89880660,155841700,65961040,0,0,93,false,0
43800,0,0,89880660,155846850,65966190,0,7,110,false,0
43801,0,0,89880660,155852000,65971340,0,1,104,false,0
43802,0,0,89880660,155856800,65976140,0,0,96,false,0
43803,0,0,89880660,155856800,65976140,0,108,108,true,0
43804,0,0,89880660,155861950,65981290,0,3,106,false,0
43805,0,0,89880660,155866350,65985690,0,0,88,false,0
43806,0,0,89880660,155871500,65990840,0,2,105,false,0
43807,0,0,89880660,155871500,65990840,0,112,112,true,0
43808,0,0,89880660,155876350,65995690,0,0,97,false,0
43809,0,0,89880660,155881500,66000840,0,2,105,false,0
43810,0,0,89880660,155886450,66005790,0,0,99,false,0
43811,0,0,89880660,155891300,66010640,0,0,97,false,0
43812,0,0,89880660,155896250,66015590,0,0,99,false,0
43813,0,0,89880660,155901400,66020740,0,7,110,false,0
43814,0,0,89880660,155906350,66025690,0,0,99,false,0
43815,0,0,89880660,155911500,66030840,0,4,107,false,0
43816,0,0,89880660,155911500,66030840,0,86,86,true,0
43817,0,0,89880660,155916450,66035790,0,0,99,false,0
43818,0,0,89880660,155920750,66040090,0,0,86,false,0
43819,0,0,89880660,155925000,66044340,0,0,85,false,0
43820,0,0,89880660,155930050,66049390,0,0,101,false,0
43821,0,0,89880660,155935150,66054490,0,0,102,false,0
43822,0,0,89880660,155940300,66059640,0,0,103,false,0
43823,0,0,89880660,155940300,66059640,0,74,74,true,0
43824,0,0,89880660,155940300,66059640,0,93,93,true,0
43825,0,0,89880660,155945050,66064390,0,0,95,false,0
43826,0,0,89880660,155950000,66069340,0,0,99,false,0
43827,0,0,89880660,155955000,66074340,0,0,100,false,0
43828,0,0,89880660,155960050,66079390,0,0,101,false,0
43829,0,0,89880660,155965200,66084540,0,2,105,false,0
43830,0,0,89880660,155969550,66088890,0,0,87,false,0
43831,0,0,89880660,155969550,66088890,0,85,85,true,0
43832,0,0,89880660,155974450,66093790,0,0,98,false,0
43833,0,0,89880660,155979200,66098540,0,0,95,false,0
43834,0,0,89880660,155984000,66103340,0,0,96,false,0
43835,0,0,89880660,155989150,66108490,0,4,107,false,0
43836,0,0,89987280,155994050,66006770,0,0,98,false,0
43837,0,0,89987280,155998500,66011220,0,0,89,false,0
43838,0,0,89987280,156002700,66015420,0,0,84,false,0
43839,0,0,89987280,156007350,66020070,0,0,93,false,0
43840,0,0,89987280,156012500,66025220,0,4,107,false,0
43841,0,0,89987280,156012500,66025220,0,102,102,true,0
43842,0,0,89987280,156017650,66030370,0,14,117,false,0
43843,0,0,89987280,156022450,66035170,0,0,96,false,0
43844,0,0,89987280,156022450,66035170,0,121,121,true,0
43845,0,0,89987280,156022450,66035170,0,76,76,true,0
43846,0,0,89987280,156022450,66035170,0,96,96,true,0
43847,0,0,89987280,156022450,66035170,0,95,95,true,0
43848,0,0,89987280,156027500,66040220,0,0,101,false,0
43849,0,0,89987280,156032200,66044920,0,0,94,false,0
43850,0,0,89987280,156032200,66044920,0,97,97,true,0
43851,0,0,89987280,156032200,66044920,0,93,93,true,0
43852,0,0,89987280,156037350,66050070,0,2,105,false,0
43853,0,0,89987280,156042500,66055220,0,9,112,false,0
43854,0,0,89987280,156047650,66060370,0,0,103,false,0
43855,0,0,89987280,156052800,66065520,0,20,123,false,0
43856,0,0,89987280,156057800,66070520,0,0,100,false,0
43857,0,0,89987280,156062700,66075420,0,0,98,false,0
43858,0,0,89987280,156062700,66075420,0,101,101,true,0
43859,0,0,89987280,156062700,66075420,0,101,101,true,0
43860,0,0,89987280,156062700,66075420,0,89,89,true,0
43861,0,0,89987280,156062700,66075420,0,122,122,true,0
43862,0,0,89987280,156062700,66075420,0,88,88,true,0
43863,0,0,89987280,156062700,66075420,0,91,91,true,0
43864,0,0,89987280,156062700,66075420,0,89,89,true,0
43865,0,0,89987280,156062700,66075420,0,97,97,true,0
43866,0,0,89987280,156066950,66079670,0,0,85,false,0
43867,0,0,89987280,156072100,66084820,0,1,104,false,0
43868,0,0,89987280,156072100,66084820,0,104,104,true,0
43869,0,0,89987280,156072100,66084820,0,82,82,true,0
43870,0,0,89987280,156072100,66084820,0,90,90,true,0
43871,0,0,89987280,156072100,66084820,0,104,104,true,0
43872,0,0,89987280,156077250,66089970,0,17,120,false,0
43873,0,0,89987280,156082400,66095120,0,0,103,false,0
43874,0,0,89987280,156087100,66099820,0,0,94,false,0
43875,0,0,89987280,156087100,66099820,0,100,100,true,0
43876,0,0,89987280,156087100,66099820,0,108,108,true,0
43877,0,0,89987280,156087100,66099820,0,102,102,true,0
43878,0,0,89987280,156087100,66099820,0,101,101,true,0
43879,0,0,89987280,156087100,66099820,0,98,98,true,0
43880,0,0,89987280,156092250,66104970,0,1,104,false,0
43881,0,0,89987280,156097400,66110120,0,1,104,false,0
43882,0,0,89987280,156101600,66114320,0,0,84,false,0
43883,0,0,89987280,156106750,66119470,0,1,104,false,0
43884,0,0,89987280,156111900,66124620,0,10,113,false,0
43885,0,0,89987280,156111900,66124620,0,94,94,true,0
43886,0,0,89987280,156111900,66124620,0,108,108,true,0
43887,0,0,89987280,156111900,66124620,0,100,100,true,0
43888,0,0,90093900,156116350,66022450,0,0,89,false,0
43889,0,0,90093900,156120850,66026950,0,0,90,false,0
43890,0,0,90093900,156125100,66031200,0,0,85,false,0
43891,0,0,90093900,156130250,66036350,0,14,117,false,0
43892,0,0,90093900,156135400,66041500,0,19,122,false,0
43893,0,0,90093900,156140500,66046600,0,0,102,false,0
43894,0,0,90093900,156144850,66050950,0,0,87,false,0
43895,0,0,90093900,156150000,66056100,0,12,115,false,0
43896,0,0,90093900,156154950,66061050,0,0,99,false,0
43897,0,0,90093900,156160100,66066200,0,2,105,false,0
43898,0,0,90093900,156160100,66066200,0,91,91,true,0
43899,0,0,90093900,156160100,66066200,0,112,112,true,0
43900,0,0,90093900,156164800,66070900,0,0,94,false,0
43901,0,0,90093900,156169400,66075500,0,0,92,false,0
43902,0,0,90093900,156173350,66079450,0,0,79,false,0
43903,0,0,90093900,156173350,66079450,0,102,102,true,0
43904,0,0,90093900,156173350,66079450,0,118,118,true,0
43905,0,0,90093900,156178300,66084400,0,0,99,false,0
43906,0,0,90093900,156183100,66089200,0,0,96,false,0
43907,0,0,90093900,156187400,66093500,0,0,86,false,0
43908,0,0,90093900,156191950,66098050,0,0,91,false,0
43909,0,0,90093900,156197100,66103200,0,3,106,false,0
43910,0,0,90093900,156197100,66103200,0,119,119,true,0
43911,0,0,90093900,156197100,66103200,0,108,108,true,0
43912,0,0,90093900,156202200,66108300,0,0,102,false,0
43913,0,0,90093900,156207350,66113450,0,9,112,false,0
43914,0,0,90093900,156212500,66118600,0,20,123,false,0
43915,0,0,90093900,156216250,66122350,0,0,75,false,0
43916,0,0,90093900,156221400,66127500,0,3,106,false,0
43917,0,0,90093900,156221400,66127500,0,89,89,true,0
43918,0,0,90093900,156221400,66127500,0,114,114,true,0
43919,0,0,90093900,156221400,66127500,0,108,108,true,0
43920,0,0,90093900,156221400,66127500,0,91,91,true,0
43921,0,0,90093900,156221400,66127500,0,106,106,true,0
43922,0,0,90093900,156221400,66127500,0,84,84,true,0
43923,0,0,90093900,156221400,66127500,0,93,93,true,0
43924,0,0,90093900,156226150,66132250,0,0,95,false,0
43925,0,0,90093900,156230950,66137050,0,0,96,false,0
43926,0,0,90093900,156236100,66142200,0,1,104,false,0
43927,0,0,90093900,156241050,66147150,0,0,99,false,0
43928,0,0,90093900,156246200,66152300,0,0,103,false,0
43929,0,0,90093900,156246200,66152300,0,104,104,true,0
43930,0,0,90093900,156246200,66152300,0,98,98,true,0
43931,0,0,90093900,156246200,66152300,0,95,95,true,0
43932,0,0,90093900,156246200,66152300,0,102,102,true,0
43933,0,0,90093900,156251350,66157450,0,2,105,false,0
43934,0,0,90093900,156255850,66161950,0,0,90,false,0
43935,0,0,90093900,156260050,66166150,0,0,84,false,0
43936,0,0,90093900,156260050,66166150,0,104,104,true,0
43937,0,0,90093900,156265200,66171300,0,19,122,false,0
43938,0,0,90093900,156270050,66176150,0,0,97,false,0
43939,0,0,90093900,156275200,66181300,0,1,104,false,0
43940,0,0,90200520,156279650,66079130,0,0,89,false,0
43941,0,0,90200520,156284450,66083930,0,0,96,false,0
43942,0,0,90200520,156289000,66088480,0,0,91,false,0
43943,0,0,90200520,156289000,66088480,0,94,94,true,0
43944,0,0,90200520,156289000,66088480,0,97,97,true,0
43945,0,0,90200520,156293300,66092780,0,0,86,false,0
43946,0,0,90200520,156297850,66097330,0,0,91,false,0
43947,0,0,90200520,156303000,66102480,0,19,122,false,0
43948,0,0,90200520,156303000,66102480,0,102,102,true,0
43949,0,0,90200520,156303000,66102480,0,94,94,true,0
43950,0,0,90200520,156307700,66107180,0,0,94,false,0
43951,0,0,90200520,156312650,66112130,0,0,99,false,0
43952,0,0,90200520,156317800,66117280,0,1,104,false,0
43953,0,0,90200520,156322950,66122430,0,20,123,false,0
43954,0,0,90200520,156328100,66127580,0,13,116,false,0
43955,0,0,90200520,156332250,66131730,0,0,83,false,0
43956,0,0,90200520,156336700,66136180,0,0,89,false,0
43957,0,0,90200520,156341200,66140680,0,0,90,false,0
43958,0,0,90200520,156346350,66145830,0,1,104,false,0
43959,0,0,90200520,156351500,66150980,0,6,109,false,0
43960,0,0,90200520,156356100,66155580,0,0,92,false,0
43961,0,0,90200520,156356100,66155580,0,107,107,true,0
43962,0,0,90200520,156356100,66155580,0,101,101,true,0
43963,0,0,90200520,156360600,66160080,0,0,90,false,0
43964,0,0,90200520,156364700,66164180,0,0,82,false,0
43965,0,0,90200520,156368800,66168280,0,0,82,false,0
43966,0,0,90200520,156373550,66173030,0,0,95,false,0
43967,0,0,90200520,156378250,66177730,0,0,94,false,0
43968,0,0,90200520,156383400,66182880,0,1,104,false,0
43969,0,0,90200520,156388500,66187980,0,0,102,false,0
43970,0,0,90200520,156392850,66192330,0,0,87,false,0
43971,0,0,90200520,156398000,66197480,0,8,111,false,0
43972,0,0,90200520,156403150,66202630,0,0,103,false,0
43973,0,0,90200520,156407500,66206980,0,0,87,false,0
43974,0,0,90200520,156412650,66212130,0,10,113,false,0
43975,0,0,90200520,156417400,66216880,0,0,95,false,0
43976,0,0,90200520,156422150,66221630,0,0,95,false,0
43977,0,0,90200520,156427300,66226780,0,1,104,false,0
43978,0,0,90200520,156432450,66231930,0,6,109,false,0
43979,0,0,90200520,156437000,66236480,0,0,91,false,0
43980,0,0,90200520,156441500,66240980,0,0,90,false,0
43981,0,0,90200520,156446650,66246130,0,7,110,false,0
43982,0,0,90200520,156451150,66250630,0,0,90,false,0
43983,0,0,90200520,156456050,66255530,0,0,98,false,0
43984,0,0,90200520,156461200,66260680,0,4,107,false,0
43985,0,0,90200520,156465800,66265280,0,0,92,false,0
43986,0,0,90200520,156470850,66270330,0,0,101,false,0
43987,0,0,90200520,156470850,66270330,0,107,107,true,0
43988,0,0,90200520,156470850,66270330,0,103,103,true,0
43989,0,0,90200520,156470850,66270330,0,86,86,true,0
43990,0,0,90200520,156470850,66270330,0,87,87,true,0
43991,0,0,90200520,156470850,66270330,0,87,87,true,0
43992,0,0,90307140,156470850,66163710,0,83,83,true,0
43993,0,0,90307140,156475650,66168510,0,0,96,false,0
43994,0,0,90307140,156480800,66173660,0,0,103,false,0
43995,0,0,90307140,156485950,66178810,0,18,121,false,0
43996,0,0,90307140,156485950,66178810,0,92,92,true,0
43997,0,0,90307140,156485950,66178810,0,94,94,true,0
43998,0,0,90307140,156485950,66178810,0,91,91,true,0
43999,0,0,90307140,156485950,66178810,0,95,95,true,0
44000,0,0,90307140,156491100,66183960,0,2,105,false,0
44001,0,0,90307140,156496250,66189110,0,5,108,false,0
44002,0,0,90307140,156501400,66194260,0,11,114,false,0
44003,0,0,90307140,156506550,66199410,0,5,108,false,0
44004,0,0,90307140,156511700,66204560,0,2,105,false,0
44005,0,0,90307140,156516700,66209560,0,0,100,false,0
44006,0,0,90307140,156521850,66214710,0,3,106,false,0
44007,0,0,90307140,156525750,66218610,0,0,78,false,0
44008,0,0,90307140,156530750,66223610,0,0,100,false,0
44009,0,0,90307140,156535100,66227960,0,0,87,false,0
44010,0,0,90307140,156540250,66233110,0,26,129,false,0
44011,0,0,90307140,156544500,66237360,0,0,85,false,0
44012,0,0,90307140,156549650,66242510,0,11,114,false,0
44013,0,0,90307140,156549650,66242510,0,86,86,true,0
44014,0,0,90307140,156549650,66242510,0,100,100,true,0
44015,0,0,90307140,156553850,66246710,0,0,84,false,0
44016,0,0,90307140,156558150,66251010,0,0,86,false,0
44017,0,0,90307140,156563300,66256160,0,8,111,false,0
44018,0,0,90307140,156567900,66260760,0,0,92,false,0
44019,0,0,90307140,156573050,66265910,0,9,112,false,0
44020,0,0,90307140,156573050,66265910,0,92,92,true,0
44021,0,0,90307140,156577750,66270610,0,0,94,false,0
44022,0,0,90307140,156582300,66275160,0,0,91,false,0
44023,0,0,90307140,156587450,66280310,0,0,103,false,0
44024,0,0,90307140,156592300,66285160,0,0,97,false,0
44025,0,0,90307140,156597450,66290310,0,7,110,false,0
44026,0,0,90307140,156602600,66295460,0,1,104,false,0
44027,0,0,90307140,156606700,66299560,0,0,82,false,0
44028,0,0,90307140,156611700,66304560,0,0,100,false,0
44029,0,0,90307140,156616850,66309710,0,18,121,false,0
44030,0,0,90307140,156622000,66314860,0,5,108,false,0
44031,0,0,90307140,156622000,66314860,0,106,106,true,0
44032,0,0,90307140,156622000,66314860,0,91,91,true,0
44033,0,0,90307140,156622000,66314860,0,110,110,true,0
44034,0,0,90307140,156622000,66314860,0,113,113,true,0
44035,0,0,90307140,156622000,66314860,0,108,108,true,0
44036,0,0,90307140,156626950,66319810,0,0,99,false,0
44037,0,0,90307140,156632100,66324960,0,0,103,false,0
44038,0,0,90307140,156637250,66330110,0,13,116,false,0
44039,0,0,90307140,156642400,66335260,0,9,112,false,0
44040,0,0,90307140,156647500,66340360,0,0,102,false,0
44041,0,0,90307140,156652650,66345510,0,19,122,false,0
44042,0,0,90307140,156657800,66350660,0,12,115,false,0
44043,0,0,90307140,156662150,66355010,0,0,87,false,0
44044,0,0,90413760,156667300,66253540,0,5,108,false,0
44045,0,0,90413760,156672450,66258690,0,3,106,false,0
44046,0,0,90413760,156677600,66263840,0,3,106,false,0
44047,0,0,90413760,156682750,66268990,0,0,103,false,0
44048,0,0,90413760,156687650,66273890,0,0,98,false,0
44049,0,0,90413760,156692400,66278640,0,0,95,false,0
44050,0,0,90413760,156697000,66283240,0,0,92,false,0
44051,0,0,90413760,156701950,66288190,0,0,99,false,0
44052,0,0,90413760,156701950,66288190,0,97,97,true,0
44053,0,0,90413760,156706900,66293140,0,0,99,false,0
44054,0,0,90413760,156712050,66298290,0,4,107,false,0
44055,0,0,90413760,156716700,66302940,0,0,93,false,0
44056,0,0,90413760,156716700,66302940,0,106,106,true,0
44057,0,0,90413760,156716700,66302940,0,95,95,true,0
44058,0,0,90413760,156716700,66302940,0,103,103,true,0
44059,0,0,90413760,156716700,66302940,0,102,102,true,0
44060,0,0,90413760,156721850,66308090,0,5,108,false,0
44061,0,0,90413760,156726450,66312690,0,0,92,false,0
44062,0,0,90413760,156731600,66317840,0,6,109,false,0
44063,0,0,90413760,156736750,66322990,0,5,108,false,0
44064,0,0,90413760,156741600,66327840,0,0,97,false,0
44065,0,0,90413760,156746750,66332990,0,9,112,false,0
44066,0,0,90413760,156751700,66337940,0,0,99,false,0
44067,0,0,90413760,156756300,66342540,0,0,92,false,0
44068,0,0,90413760,156761450,66347690,0,11,114,false,0
44069,0,0,90413760,156766600,66352840,0,3,106,false,0
44070,0,0,90413760,156771300,66357540,0,0,94,false,0
44071,0,0,90413760,156771300,66357540,0,92,92,true,0
44072,0,0,90413760,156776450,66362690,0,3,106,false,0
44073,0,0,90413760,156780900,66367140,0,0,89,false,0
44074,0,0,90413760,156786050,66372290,0,2,105,false,0
44075,0,0,90413760,156791200,66377440,0,2,105,false,0
44076,0,0,90413760,156791200,66377440,0,81,81,true,0
44077,0,0,90413760,156796350,66382590,0,3,106,false,0
44078,0,0,90413760,156801500,66387740,0,3,106,false,0
44079,0,0,90413760,156806000,66392240,0,0,90,false,0
44080,0,0,90413760,156811150,66397390,0,6,109,false,0
44081,0,0,90413760,156811150,66397390,0,103,103,true,0
44082,0,0,90413760,156811150,66397390,0,94,94,true,0
44083,0,0,90413760,156811150,66397390,0,105,105,true,0
44084,0,0,90413760,156811150,66397390,0,111,111,true,0
44085,0,0,90413760,156811150,66397390,0,101,101,true,0
44086,0,0,90413760,156811150,66397390,0,96,96,true,0
44087,0,0,90413760,156816300,66402540,0,5,108,false,0
44088,0,0,90413760,156821200,66407440,0,0,98,false,0
44089,0,0,90413760,156825500,66411740,0,0,86,false,0
44090,0,0,90413760,156825500,66411740,0,98,98,true,0
44091,0,0,90413760,156825500,66411740,0,93,93,true,0
44092,0,0,90413760,156825500,66411740,0,99,99,true,0
44093,0,0,90413760,156825500,66411740,0,103,103,true,0
44094,0,0,90413760,156830100,66416340,0,0,92,false,0
44095,0,0,90413760,156834650,66420890,0,0,91,false,0
44096,0,0,90520380,156834650,66314270,0,102,102,true,0
44097,0,0,90520380,156834650,66314270,0,86,86,true,0
44098,0,0,90520380,156839800,66319420,0,6,109,false,0
44099,0,0,90520380,156844700,66324320,0,0,98,false,0
44100,0,0,90520380,156849850,66329470,0,3,106,false,0
44101,0,0,90520380,156854450,66334070,0,0,92,false,0
44102,0,0,90520380,156859350,66338970,0,0,98,false,0
44103,0,0,90520380,156859350,66338970,0,101,101,true,0
44104,0,0,90520380,156864250,66343870,0,0,98,false,0
44105,0,0,90520380,156869000,66348620,0,0,95,false,0
44106,0,0,90520380,156874150,66353770,0,4,107,false,0
44107,0,0,90520380,156874150,66353770,0,107,107,true,0
44108,0,0,90520380,156874150,66353770,0,113,113,true,0
44109,0,0,90520380,156879300,66358920,0,0,103,false,0
44110,0,0,90520380,156883850,66363470,0,0,91,false,0
44111,0,0,90520380,156888650,66368270,0,0,96,false,0
44112,0,0,90520380,156892850,66372470,0,0,84,false,0
44113,0,0,90520380,156897700,66377320,0,0,97,false,0
44114,0,0,90520380,156902000,66381620,0,0,86,false,0
44115,0,0,90520380,156907150,66386770,0,1,104,false,0
44116,0,0,90520380,156907150,66386770,0,115,115,true,0
44117,0,0,90520380,156907150,66386770,0,106,106,true,0
44118,0,0,90520380,156907150,66386770,0,105,105,true,0
44119,0,0,90520380,156907150,66386770,0,95,95,true,0
44120,0,0,90520380,156907150,66386770,0,91,91,true,0
44121,0,0,90520380,156912300,66391920,0,5,108,false,0
44122,0,0,90520380,156917350,66396970,0,0,101,false,0
44123,0,0,90520380,156922350,66401970,0,0,100,false,0
44124,0,0,90520380,156927250,66406870,0,0,98,false,0
44125,0,0,90520380,156932400,66412020,0,11,114,false,0
44126,0,0,90520380,156937100,66416720,0,0,94,false,0
44127,0,0,90520380,156941750,66421370,0,0,93,false,0
44128,0,0,90520380,156946750,66426370,0,0,100,false,0
44129,0,0,90520380,156951100,66430720,0,0,87,false,0
44130,0,0,90520380,156955900,66435520,0,0,96,false,0
44131,0,0,90520380,156960550,66440170,0,0,93,false,0
44132,0,0,90520380,156965550,66445170,0,0,100,false,0
44133,0,0,90520380,156969250,66448870,0,0,74,false,0
44134,0,0,90520380,156974400,66454020,0,6,109,false,0
44135,0,0,90520380,156979550,66459170,0,3,106,false,0
44136,0,0,90520380,156984050,66463670,0,0,90,false,0
44137,0,0,90520380,156988500,66468120,0,0,89,false,0
44138,0,0,90520380,156993650,66473270,0,9,112,false,0
44139,0,0,90520380,156993650,66473270,0,111,111,true,0
44140,0,0,90520380,156998550,66478170,0,0,98,false,0
44141,0,0,90520380,157003400,66483020,0,0,97,false,0
44142,0,0,90520380,157008550,66488170,0,3,106,false,0
44143,0,0,90520380,157012900,66492520,0,0,87,false,0
44144,0,0,90520380,157018050,66497670,0,20,123,false,0
44145,0,0,90520380,157018050,66497670,0,99,99,true,0
44146,0,0,90520380,157022450,66502070,0,0,88,false,0
44147,0,0,90520380,157026600,66506220,0,0,83,false,0
44148,0,0,90627000,157031400,66404400,0,0,96,false,0
44149,0,0,90627000,157036500,66409500,0,0,102,false,0
44150,0,0,90627000,157040900,66413900,0,0,88,false,0
44151,0,0,90627000,157045500,66418500,0,0,92,false,0
44152,0,0,90627000,157050150,66423150,0,0,93,false,0
44153,0,0,90627000,157054950,66427950,0,0,96,false,0
44154,0,0,90627000,157054950,66427950,0,106,106,true,0
44155,0,0,90627000,157054950,66427950,0,95,95,true,0
44156,0,0,90627000,157054950,66427950,0,90,90,true,0
44157,0,0,90627000,157060100,66433100,0,11,114,false,0
44158,0,0,90627000,157064950,66437950,0,0,97,false,0
44159,0,0,90627000,157070100,66443100,0,9,112,false,0
44160,0,0,90627000,157074800,66447800,0,0,94,false,0
44161,0,0,90627000,157074800,66447800,0,90,90,true,0
44162,0,0,90627000,157074800,66447800,0,98,98,true,0
44163,0,0,90627000,157074800,66447800,0,99,99,true,0
44164,0,0,90627000,157074800,66447800,0,98,98,true,0
44165,0,0,90627000,157074800,66447800,0,107,107,true,0
44166,0,0,90627000,157074800,66447800,0,91,91,true,0
44167,0,0,90627000,157079400,66452400,0,0,92,false,0
44168,0,0,90627000,157084250,66457250,0,0,97,false,0
44169,0,0,90627000,157089050,66462050,0,0,96,false,0
44170,0,0,90627000,157089050,66462050,0,79,79,true,0
44171,0,0,90627000,157089050,66462050,0,100,100,true,0
44172,0,0,90627000,157093900,66466900,0,0,97,false,0
44173,0,0,90627000,157098750,66471750,0,0,97,false,0
44174,0,0,90627000,157103850,66476850,0,0,102,false,0
44175,0,0,90627000,157108950,66481950,0,0,102,false,0
44176,0,0,90627000,157113700,66486700,0,0,95,false,0
44177,0,0,90627000,157118150,66491150,0,0,89,false,0
44178,0,0,90627000,157122800,66495800,0,0,93,false,0
44179,0,0,90627000,157127950,66500950,0,8,111,false,0
44180,0,0,90627000,157133100,66506100,0,2,105,false,0
44181,0,0,90627000,157133100,66506100,0,62,62,true,0
44182,0,0,90627000,157138000,66511000,0,0,98,false,0
44183,0,0,90627000,157142800,66515800,0,0,96,false,0
44184,0,0,90627000,157147400,66520400,0,0,92,false,0
44185,0,0,90627000,157151500,66524500,0,0,82,false,0
44186,0,0,90627000,157156650,66529650,0,4,107,false,0
44187,0,0,90627000,157160450,66533450,0,0,76,false,0
44188,0,0,90627000,157165600,66538600,0,0,103,false,0
44189,0,0,90627000,157170450,66543450,0,0,97,false,0
44190,0,0,90627000,157174700,66547700,0,0,85,false,0
44191,0,0,90627000,157179850,66552850,0,2,105,false,0
44192,0,0,90627000,157185000,66558000,0,2,105,false,0
44193,0,0,90627000,157189850,66562850,0,0,97,false,0
44194,0,0,90627000,157194900,66567900,0,0,101,false,0
44195,0,0,90627000,157200050,66573050,0,5,108,false,0
44196,0,0,90627000,157204750,66577750,0,0,94,false,0
44197,0,0,90627000,157209900,66582900,0,0,103,false,0
44198,0,0,90627000,157214650,66587650,0,0,95,false,0
44199,0,0,90627000,157219800,66592800,0,3,106,false,0
44200,0,0,90733620,157224500,66490880,0,0,94,false,0
44201,0,0,90733620,157228950,66495330,0,0,89,false,0
44202,0,0,90733620,157234050,66500430,0,0,102,false,0
44203,0,0,90733620,157239200,66505580,0,1,104,false,0
44204,0,0,90733620,157244350,66510730,0,6,109,false,0
44205,0,0,90733620,157249500,66515880,0,7,110,false,0
44206,0,0,90733620,157254650,66521030,0,15,118,false,0
44207,0,0,90733620,157259800,66526180,0,11,114,false,0
44208,0,0,90733620,157264550,66530930,0,0,95,false,0
44209,0,0,90733620,157269450,66535830,0,0,98,false,0
44210,0,0,90733620,157274500,66540880,0,0,101,false,0
44211,0,0,90733620,157279000,66545380,0,0,90,false,0
44212,0,0,90733620,157279000,66545380,0,91,91,true,0
44213,0,0,90733620,157283250,66549630,0,0,85,false,0
44214,0,0,90733620,157288100,66554480,0,0,97,false,0
44215,0,0,90733620,157293000,66559380,0,0,98,false,0
44216,0,0,90733620,157293000,66559380,0,81,81,true,0
44217,0,0,90733620,157298150,66564530,0,7,110,false,0
44218,0,0,90733620,157303300,66569680,0,11,114,false,0
44219,0,0,90733620,157307300,66573680,0,0,80,false,0
44220,0,0,90733620,157312450,66578830,0,13,116,false,0
44221,0,0,90733620,157317100,66583480,0,0,93,false,0
44222,0,0,90733620,157321650,66588030,0,0,91,false,0
44223,0,0,90733620,157321650,66588030,0,100,100,true,0
44224,0,0,90733620,157326600,66592980,0,0,99,false,0
44225,0,0,90733620,157331050,66597430,0,0,89,false,0
44226,0,0,90733620,157331050,66597430,0,98,98,true,0
44227,0,0,90733620,157331050,66597430,0,102,102,true,0
44228,0,0,90733620,157336200,66602580,0,6,109,false,0
44229,0,0,90733620,157341150,66607530,0,0,99,false,0
44230,0,0,90733620,157345850,66612230,0,0,94,false,0
44231,0,0,90733620,157351000,66617380,0,6,109,false,0
44232,0,0,90733620,157356100,66622480,0,0,102,false,0
44233,0,0,90733620,157361250,66627630,0,3,106,false,0
44234,0,0,90733620,157366100,66632480,0,0,97,false,0
44235,0,0,90733620,157370700,66637080,0,0,92,false,0
44236,0,0,90733620,157375450,66641830,0,0,95,false,0
44237,0,0,90733620,157379750,66646130,0,0,86,false,0
44238,0,0,90733620,157384900,66651280,0,5,108,false,0
44239,0,0,90733620,157389150,66655530,0,0,85,false,0
44240,0,0,90733620,157394300,66660680,0,11,114,false,0
44241,0,0,90733620,157399250,66665630,0,0,99,false,0
44242,0,0,90733620,157404400,66670780,0,1,104,false,0
44243,0,0,90733620,157409350,66675730,0,0,99,false,0
44244,0,0,90733620,157414000,66680380,0,0,93,false,0
44245,0,0,90733620,157418200,66684580,0,0,84,false,0
44246,0,0,90733620,157418200,66684580,0,96,96,true,0
44247,0,0,90733620,157422850,66689230,0,0,93,false,0
44248,0,0,90733620,157427800,66694180,0,0,99,false,0
44249,0,0,90733620,157432450,66698830,0,0,93,false,0
44250,0,0,90733620,157437600,66703980,0,2,105,false,0
44251,0,0,90733620,157442300,66708680,0,0,94,false,0
44252,0,0,90840240,157447450,66607210,0,8,111,false,0
44253,0,0,90840240,157447450,66607210,0,91,91,true,0
44254,0,0,90840240,157447450,66607210,0,94,94,true,0
44255,0,0,90840240,157452200,66611960,0,0,95,false,0
44256,0,0,90840240,157456350,66616110,0,0,83,false,0
44257,0,0,90840240,157461500,66621260,0,11,114,false,0
44258,0,0,90840240,157466650,66626410,0,10,113,false,0
44259,0,0,90840240,157471350,66631110,0,0,94,false,0
44260,0,0,90840240,157475900,66635660,0,0,91,false,0
44261,0,0,90840240,157480400,66640160,0,0,90,false,0
44262,0,0,90840240,157480400,66640160,0,123,123,true,0
44263,0,0,90840240,157485550,66645310,0,6,109,false,0
44264,0,0,90840240,157490300,66650060,0,0,95,false,0
44265,0,0,90840240,157495450,66655210,0,4,107,false,0
44266,0,0,90840240,157500150,66659910,0,0,94,false,0
44267,0,0,90840240,157504850,66664610,0,0,94,false,0
44268,0,0,90840240,157509300,66669060,0,0,89,false,0
44269,0,0,90840240,157514300,66674060,0,0,100,false,0
44270,0,0,90840240,157519350,66679110,0,0,101,false,0
44271,0,0,90840240,157519350,66679110,0,95,95,true,0
44272,0,0,90840240,157519350,66679110,0,103,103,true,0
44273,0,0,90840240,157524350,66684110,0,0,100,false,0
44274,0,0,90840240,157528500,66688260,0,0,83,false,0
44275,0,0,90840240,157532950,66692710,0,0,89,false,0
44276,0,0,90840240,157532950,66692710,0,109,109,true,0
44277,0,0,90840240,157537350,66697110,0,0,88,false,0
44278,0,0,90840240,157542500,66702260,0,5,108,false,0
44279,0,0,90840240,157547250,66707010,0,0,95,false,0
44280,0,0,90840240,157551900,66711660,0,0,93,false,0
44281,0,0,90840240,157557050,66716810,0,0,103,false,0
44282,0,0,90840240,157562200,66721960,0,13,116,false,0
44283,0,0,90840240,157567350,66727110,0,3,106,false,0
44284,0,0,90840240,157567350,66727110,0,91,91,true,0
44285,0,0,90840240,157571350,66731110,0,0,80,false,0
44286,0,0,90840240,157576150,66735910,0,0,96,false,0
44287,0,0,90840240,157580900,66740660,0,0,95,false,0
44288,0,0,90840240,157580900,66740660,0,101,101,true,0
44289,0,0,90840240,157585800,66745560,0,0,98,false,0
44290,0,0,90840240,157590350,66750110,0,0,91,false,0
44291,0,0,90840240,157590350,66750110,0,96,96,true,0
44292,0,0,90840240,157595000,66754760,0,0,93,false,0
44293,0,0,90840240,157599800,66759560,0,0,96,false,0
44294,0,0,90840240,157599800,66759560,0,95,95,true,0
44295,0,0,90840240,157604000,66763760,0,0,84,false,0
44296,0,0,90840240,157609150,66768910,0,7,110,false,0
44297,0,0,90840240,157614250,66774010,0,0,102,false,0
44298,0,0,90840240,157619400,66779160,0,8,111,false,0
44299,0,0,90840240,157624200,66783960,0,0,96,false,0
44300,0,0,90840240,157629000,66788760,0,0,96,false,0
44301,0,0,90840240,157634000,66793760,0,0,100,false,0
44302,0,0,90840240,157638950,66798710,0,0,99,false,0
44303,0,0,90840240,157644100,66803860,0,1,104,false,0
44304,0,0,90946860,157649000,66702140,0,0,98,false,0
44305,0,0,90946860,157654100,66707240,0,0,102,false,0
44306,0,0,90946860,157658900,66712040,0,0,96,false,0
44307,0,0,90946860,157658900,66712040,0,89,89,true,0
44308,0,0,90946860,157658900,66712040,0,120,120,true,0
44309,0,0,90946860,157663350,66716490,0,0,89,false,0
44310,0,0,90946860,157668350,66721490,0,0,100,false,0
44311,0,0,90946860,157673450,66726590,0,0,102,false,0
44312,0,0,90946860,157678450,66731590,0,0,100,false,0
44313,0,0,90946860,157683350,66736490,0,0,98,false,0
44314,0,0,90946860,157687750,66740890,0,0,88,false,0
44315,0,0,90946860,157692550,66745690,0,0,96,false,0
44316,0,0,90946860,157697700,66750840,0,7,110,false,0
44317,0,0,90946860,157702550,66755690,0,0,97,false,0
44318,0,0,90946860,157707550,66760690,0,0,100,false,0
44319,0,0,90946860,157712400,66765540,0,0,97,false,0
44320,0,0,90946860,157717350,66770490,0,0,99,false,0
44321,0,0,90946860,157722150,66775290,0,0,96,false,0
44322,0,0,90946860,157727300,66780440,0,8,111,false,0
44323,0,0,90946860,157732300,66785440,0,0,100,false,0
44324,0,0,90946860,157737450,66790590,0,2,105,false,0
44325,0,0,90946860,157742300,66795440,0,0,97,false,0
44326,0,0,90946860,157747450,66800590,0,0,103,false,0
44327,0,0,90946860,157752600,66805740,0,7,110,false,0
44328,0,0,90946860,157752600,66805740,0,81,81,true,0
44329,0,0,90946860,157752600,66805740,0,94,94,true,0
44330,0,0,90946860,157757200,66810340,0,0,92,false,0
44331,0,0,90946860,157761950,66815090,0,0,95,false,0
44332,0,0,90946860,157766400,66819540,0,0,89,false,0
44333,0,0,90946860,157771550,66824690,0,0,103,false,0
44334,0,0,90946860,157776100,66829240,0,0,91,false,0
44335,0,0,90946860,157780700,66833840,0,0,92,false,0
44336,0,0,90946860,157785250,66838390,0,0,91,false,0
44337,0,0,90946860,157790400,66843540,0,14,117,false,0
44338,0,0,90946860,157795550,66848690,0,2,105,false,0
44339,0,0,90946860,157795550,66848690,0,105,105,true,0
44340,0,0,90946860,157795550,66848690,0,87,87,true,0
44341,0,0,90946860,157800300,66853440,0,0,95,false,0
44342,0,0,90946860,157805150,66858290,0,0,97,false,0
44343,0,0,90946860,157809800,66862940,0,0,93,false,0
44344,0,0,90946860,157814950,66868090,0,7,110,false,0
44345,0,0,90946860,157820100,66873240,0,1,104,false,0
44346,0,0,90946860,157825250,66878390,0,1,104,false,0
44347,0,0,90946860,157830400,66883540,0,8,111,false,0
44348,0,0,90946860,157835500,66888640,0,0,102,false,0
44349,0,0,90946860,157835500,66888640,0,108,108,true,0
44350,0,0,90946860,157835500,66888640,0,93,93,true,0
44351,0,0,90946860,157835500,66888640,0,88,88,true,0
44352,0,0,90946860,157835500,66888640,0,91,91,true,0
44353,0,0,90946860,157835500,66888640,0,113,113,true,0
44354,0,0,90946860,157838800,66891940,0,0,66,false,0
44355,0,0,90946860,157843450,66896590,0,0,93,false,0
44356,0,0,91053480,157848600,66795120,0,9,112,false,0
44357,0,0,91053480,157853550,66800070,0,0,99,false,0
44358,0,0,91053480,157853550,66800070,0,90,90,true,0
44359,0,0,91053480,157853550,66800070,0,101,101,true,0
44360,0,0,91053480,157853550,66800070,0,98,98,true,0
44361,0,0,91053480,157853550,66800070,0,108,108,true,0
44362,0,0,91053480,157853550,66800070,0,89,89,true,0
44363,0,0,91053480,157853550,66800070,0,94,94,true,0
44364,0,0,91053480,157858700,66805220,0,14,117,false,0
44365,0,0,91053480,157863700,66810220,0,0,100,false,0
44366,0,0,91053480,157868350,66814870,0,0,93,false,0
44367,0,0,91053480,157868350,66814870,0,90,90,true,0
44368,0,0,91053480,157873500,66820020,0,3,106,false,0
44369,0,0,91053480,157877750,66824270,0,0,85,false,0
44370,0,0,91053480,157882750,66829270,0,0,100,false,0
44371,0,0,91053480,157887400,66833920,0,0,93,false,0
44372,0,0,91053480,157887400,66833920,0,107,107,true,0
44373,0,0,91053480,157892150,66838670,0,0,95,false,0
44374,0,0,91053480,157896200,66842720,0,0,81,false,0
44375,0,0,91053480,157896200,66842720,0,94,94,true,0
44376,0,0,91053480,157901250,66847770,0,0,101,false,0
44377,0,0,91053480,157905350,66851870,0,0,82,false,0
44378,0,0,91053480,157910300,66856820,0,0,99,false,0
44379,0,0,91053480,157915450,66861970,0,1,104,false,0
44380,0,0,91053480,157920450,66866970,0,0,100,false,0
44381,0,0,91053480,157925600,66872120,0,3,106,false,0
44382,0,0,91053480,157930750,66877270,0,8,111,false,0
44383,0,0,91053480,157935900,66882420,0,19,122,false,0
44384,0,0,91053480,157940600,66887120,0,0,94,false,0
44385,0,0,91053480,157944900,66891420,0,0,86,false,0
44386,0,0,91053480,157949900,66896420,0,0,100,false,0
44387,0,0,91053480,157954000,66900520,0,0,82,false,0
44388,0,0,91053480,157958900,66905420,0,0,98,false,0
44389,0,0,91053480,157958900,66905420,0,86,86,true,0
44390,0,0,91053480,157958900,66905420,0,102,102,true,0
44391,0,0,91053480,157958900,66905420,0,107,107,true,0
44392,0,0,91053480,157958900,66905420,0,108,108,true,0
44393,0,0,91053480,157963900,66910420,0,0,100,false,0
44394,0,0,91053480,157969050,66915570,0,1,104,false,0
44395,0,0,91053480,157974100,66920620,0,0,101,false,0
44396,0,0,91053480,157974100,66920620,0,102,102,true,0
44397,0,0,91053480,157974100,66920620,0,90,90,true,0
44398,0,0,91053480,157974100,66920620,0,95,95,true,0
44399,0,0,91053480,157974100,66920620,0,88,88,true,0
44400,0,0,91053480,157978950,66925470,0,0,97,false,0
44401,0,0,91053480,157983750,66930270,0,0,96,false,0
44402,0,0,91053480,157988900,66935420,0,7,110,false,0
44403,0,0,91053480,157993600,66940120,0,0,94,false,0
44404,0,0,91053480,157998200,66944720,0,0,92,false,0
44405,0,0,91053480,158002800,66949320,0,0,92,false,0
44406,0,0,91053480,158007500,66954020,0,0,94,false,0
44407,0,0,91053480,158012650,66959170,0,10,113,false,0
44408,0,0,91160100,158017800,66857700,0,11,114,false,0
44409,0,0,91160100,158022750,66862650,0,0,99,false,0
44410,0,0,91160100,158027600,66867500,0,0,97,false,0
44411,0,0,91160100,158032400,66872300,0,0,96,false,0
44412,0,0,91160100,158037550,66877450,0,0,103,false,0
44413,0,0,91160100,158041900,66881800,0,0,87,false,0
44414,0,0,91160100,158047050,66886950,0,2,105,false,0
44415,0,0,91160100,158052200,66892100,0,10,113,false,0
44416,0,0,91160100,158056750,66896650,0,0,91,false,0
44417,0,0,91160100,158061050,66900950,0,0,86,false,0
44418,0,0,91160100,158066200,66906100,0,5,108,false,0
44419,0,0,91160100,158066200,66906100,0,100,100,true,0
44420,0,0,91160100,158071350,66911250,0,16,119,false,0
44421,0,0,91160100,158076450,66916350,0,0,102,false,0
44422,0,0,91160100,158081600,66921500,0,8,111,false,0
44423,0,0,91160100,158086750,66926650,0,0,103,false,0
44424,0,0,91160100,158091550,66931450,0,0,96,false,0
44425,0,0,91160100,158096700,66936600,0,4,107,false,0
44426,0,0,91160100,158101250,66941150,0,0,91,false,0
44427,0,0,91160100,158106100,66946000,0,0,97,false,0
44428,0,0,91160100,158106100,66946000,0,109,109,true,0
44429,0,0,91160100,158111250,66951150,0,3,106,false,0
44430,0,0,91160100,158116200,66956100,0,0,99,false,0
44431,0,0,91160100,158120850,66960750,0,0,93,false,0
44432,0,0,91160100,158125200,66965100,0,0,87,false,0
44433,0,0,91160100,158130350,66970250,0,17,120,false,0
44434,0,0,91160100,158130350,66970250,0,113,113,true,0
44435,0,0,91160100,158130350,66970250,0,100,100,true,0
44436,0,0,91160100,158130350,66970250,0,97,97,true,0
44437,0,0,91160100,158130350,66970250,0,120,120,true,0
44438,0,0,91160100,158130350,66970250,0,96,96,true,0
44439,0,0,91160100,158130350,66970250,0,83,83,true,0
44440,0,0,91160100,158135500,66975400,0,1,104,false,0
44441,0,0,91160100,158140650,66980550,0,13,116,false,0
44442,0,0,91160100,158145800,66985700,0,8,111,false,0
44443,0,0,91160100,158150950,66990850,0,10,113,false,0
44444,0,0,91160100,158155750,66995650,0,0,96,false,0
44445,0,0,91160100,158160050,66999950,0,0,86,false,0
44446,0,0,91160100,158165200,67005100,0,0,103,false,0
44447,0,0,91160100,158169550,67009450,0,0,87,false,0
44448,0,0,91160100,158174600,67014500,0,0,101,false,0
44449,0,0,91160100,158179300,67019200,0,0,94,false,0
44450,0,0,91160100,158184450,67024350,0,3,106,false,0
44451,0,0,91160100,158189600,67029500,0,8,111,false,0
44452,0,0,91160100,158194750,67034650,0,0,103,false,0
44453,0,0,91160100,158199450,67039350,0,0,94,false,0
44454,0,0,91160100,158204450,67044350,0,0,100,false,0
44455,0,0,91160100,158208550,67048450,0,0,82,false,0
44456,0,0,91160100,158212800,67052700,0,0,85,false,0
44457,0,0,91160100,158212800,67052700,0,104,104,true,0
44458,0,0,91160100,158212800,67052700,0,99,99,true,0
44459,0,0,91160100,158217000,67056900,0,0,84,false,0
44460,0,0,91266720,158221950,66955230,0,0,99,false,0
44461,0,0,91266720,158226700,66959980,0,0,95,false,0
44462,0,0,91266720,158226700,66959980,0,82,82,true,0
44463,0,0,91266720,158231750,66965030,0,0,101,false,0
44464,0,0,91266720,158236850,66970130,0,0,102,false,0
44465,0,0,91266720,158236850,66970130,0,106,106,true,0
44466,0,0,91266720,158236850,66970130,0,91,91,true,0
44467,0,0,91266720,158236850,66970130,0,92,92,true,0
44468,0,0,91266720,158236850,66970130,0,107,107,true,0
44469,0,0,91266720,158236850,66970130,0,92,92,true,0
44470,0,0,91266720,158241500,66974780,0,0,93,false,0
44471,0,0,91266720,158246400,66979680,0,0,98,false,0
44472,0,0,91266720,158251300,66984580,0,0,98,false,0
44473,0,0,91266720,158256000,66989280,0,0,94,false,0
44474,0,0,91266720,158259550,66992830,0,0,71,false,0
44475,0,0,91266720,158264700,66997980,0,27,130,false,0
44476,0,0,91266720,158269850,67003130,0,11,114,false,0
44477,0,0,91266720,158275000,67008280,0,2,105,false,0
44478,0,0,91266720,158279900,67013180,0,0,98,false,0
44479,0,0,91266720,158285050,67018330,0,12,115,false,0
44480,0,0,91266720,158289500,67022780,0,0,89,false,0
44481,0,0,91266720,158294650,67027930,0,3,106,false,0
44482,0,0,91266720,158294650,67027930,0,106,106,true,0
44483,0,0,91266720,158299350,67032630,0,0,94,false,0
44484,0,0,91266720,158304500,67037780,0,3,106,false,0
44485,0,0,91266720,158304500,67037780,0,102,102,true,0
44486,0,0,91266720,158304500,67037780,0,83,83,true,0
44487,0,0,91266720,158304500,67037780,0,117,117,true,0
44488,0,0,91266720,158308800,67042080,0,0,86,false,0
44489,0,0,91266720,158313950,67047230,0,12,115,false,0
44490,0,0,91266720,158319100,67052380,0,0,103,false,0
44491,0,0,91266720,158323900,67057180,0,0,96,false,0
44492,0,0,91266720,158329050,67062330,0,9,112,false,0
44493,0,0,91266720,158333550,67066830,0,0,90,false,0
44494,0,0,91266720,158333550,67066830,0,84,84,true,0
44495,0,0,91266720,158333550,67066830,0,98,98,true,0
44496,0,0,91266720,158337650,67070930,0,0,82,false,0
44497,0,0,91266720,158342500,67075780,0,0,97,false,0
44498,0,0,91266720,158347350,67080630,0,0,97,false,0
44499,0,0,91266720,158347350,67080630,0,91,91,true,0
44500,0,0,91266720,158352500,67085780,0,6,109,false,0
44501,0,0,91266720,158357450,67090730,0,0,99,false,0
44502,0,0,91266720,158357450,67090730,0,98,98,true,0
44503,0,0,91266720,158361900,67095180,0,0,89,false,0
44504,0,0,91266720,158366150,67099430,0,0,85,false,0
44505,0,0,91266720,158371300,67104580,0,7,110,false,0
44506,0,0,91266720,158371300,67104580,0,91,91,true,0
44507,0,0,91266720,158371300,67104580,0,109,109,true,0
44508,0,0,91266720,158371300,67104580,0,110,110,true,0
44509,0,0,91266720,158371300,67104580,0,98,98,true,0
44510,0,0,91266720,158371300,67104580,0,110,110,true,0
44511,0,0,91266720,158376450,67109730,0,0,103,false,0
44512,0,0,91373340,158381150,67007810,0,0,94,false,0
44513,0,0,91373340,158386250,67012910,0,0,102,false,0
44514,0,0,91373340,158390300,67016960,0,0,81,false,0
44515,0,0,91373340,158395450,67022110,0,6,109,false,0
44516,0,0,91373340,158399700,67026360,0,0,85,false,0
44517,0,0,91373340,158404500,67031160,0,0,96,false,0
44518,0,0,91373340,158408550,67035210,0,0,81,false,0
44519,0,0,91373340,158408550,67035210,0,97,97,true,0
44520,0,0,91373340,158412600,67039260,0,0,81,false,0
44521,0,0,91373340,158417450,67044110,0,0,97,false,0
44522,0,0,91373340,158421650,67048310,0,0,84,false,0
44523,0,0,91373340,158426800,67053460,0,0,103,false,0
44524,0,0,91373340,158431300,67057960,0,0,90,false,0
44525,0,0,91373340,158431300,67057960,0,92,92,true,0
44526,0,0,91373340,158436100,67062760,0,0,96,false,0
44527,0,0,91373340,158440750,67067410,0,0,93,false,0
44528,0,0,91373340,158445000,67071660,0,0,85,false,0
44529,0,0,91373340,158449950,67076610,0,0,99,false,0
44530,0,0,91373340,158455100,67081760,0,3,106,false,0
44531,0,0,91373340,158460250,67086910,0,8,111,false,0
44532,0,0,91373340,158465400,67092060,0,27,130,false,0
44533,0,0,91373340,158465400,67092060,0,113,113,true,0
44534,0,0,91373340,158470450,67097110,0,0,101,false,0
44535,0,0,91373340,158475400,67102060,0,0,99,false,0
44536,0,0,91373340,158475400,67102060,0,109,109,true,0
44537,0,0,91373340,158475400,67102060,0,99,99,true,0
44538,0,0,91373340,158480100,67106760,0,0,94,false,0
44539,0,0,91373340,158485250,67111910,0,11,114,false,0
44540,0,0,91373340,158490250,67116910,0,0,100,false,0
44541,0,0,91373340,158495250,67121910,0,0,100,false,0
44542,0,0,91373340,158500100,67126760,0,0,97,false,0
44543,0,0,91373340,158505250,67131910,0,7,110,false,0
44544,0,0,91373340,158510350,67137010,0,0,102,false,0
44545,0,0,91373340,158515350,67142010,0,0,100,false,0
44546,0,0,91373340,158520050,67146710,0,0,94,false,0
44547,0,0,91373340,158525200,67151860,0,10,113,false,0
44548,0,0,91373340,158529800,67156460,0,0,92,false,0
44549,0,0,91373340,158534450,67161110,0,0,93,false,0
44550,0,0,91373340,158539250,67165910,0,0,96,false,0
44551,0,0,91373340,158544400,67171060,0,21,124,false,0
44552,0,0,91373340,158544400,67171060,0,103,103,true,0
44553,0,0,91373340,158544400,67171060,0,110,110,true,0
44554,0,0,91373340,158549550,67176210,0,12,115,false,0
44555,0,0,91373340,158553750,67180410,0,0,84,false,0
44556,0,0,91373340,158558800,67185460,0,0,101,false,0
44557,0,0,91373340,158558800,67185460,0,86,86,true,0
44558,0,0,91373340,158558800,67185460,0,84,84,true,0
44559,0,0,91373340,158558800,67185460,0,79,79,true,0
44560,0,0,91373340,158558800,67185460,0,105,105,true,0
44561,0,0,91373340,158558800,67185460,0,92,92,true,0
44562,0,0,91373340,158563600,67190260,0,0,96,false,0
44563,0,0,91373340,158568750,67195410,0,0,103,false,0
44564,0,0,91479960,158572950,67092990,0,0,84,false,0
44565,0,0,91479960,158577300,67097340,0,0,87,false,0
44566,0,0,91479960,158582450,67102490,0,1,104,false,0
44567,0,0,91479960,158582450,67102490,0,102,102,true,0
44568,0,0,91479960,158582450,67102490,0,93,93,true,0
44569,0,0,91479960,158582450,67102490,0,109,109,true,0
44570,0,0,91479960,158582450,67102490,0,75,75,true,0
44571,0,0,91479960,158582450,67102490,0,113,113,true,0
44572,0,0,91479960,158582450,67102490,0,88,88,true,0
44573,0,0,91479960,158587600,67107640,0,16,119,false,0
44574,0,0,91479960,158592750,67112790,0,3,106,false,0
44575,0,0,91479960,158597800,67117840,0,0,101,false,0
44576,0,0,91479960,158601950,67121990,0,0,83,false,0
44577,0,0,91479960,158607100,67127140,0,3,106,false,0
44578,0,0,91479960,158611900,67131940,0,0,96,false,0
44579,0,0,91479960,158611900,67131940,0,105,105,true,0
44580,0,0,91479960,158616950,67136990,0,0,101,false,0
44581,0,0,91479960,158621800,67141840,0,0,97,false,0
44582,0,0,91479960,158626900,67146940,0,0,102,false,0
44583,0,0,91479960,158631400,67151440,0,0,90,false,0
44584,0,0,91479960,158636550,67156590,0,9,112,false,0
44585,0,0,91479960,158641600,67161640,0,0,101,false,0
44586,0,0,91479960,158646150,67166190,0,0,91,false,0
44587,0,0,91479960,158651300,67171340,0,14,117,false,0
44588,0,0,91479960,158655800,67175840,0,0,90,false,0
44589,0,0,91479960,158660750,67180790,0,0,99,false,0
44590,0,0,91479960,158665900,67185940,0,4,107,false,0
44591,0,0,91479960,158670350,67190390,0,0,89,false,0
44592,0,0,91479960,158675100,67195140,0,0,95,false,0
44593,0,0,91479960,158679100,67199140,0,0,80,false,0
44594,0,0,91479960,158684150,67204190,0,0,101,false,0
44595,0,0,91479960,158688900,67208940,0,0,95,false,0
44596,0,0,91479960,158694050,67214090,0,4,107,false,0
44597,0,0,91479960,158694050,67214090,0,112,112,true,0
44598,0,0,91479960,158694050,67214090,0,102,102,true,0
44599,0,0,91479960,158697850,67217890,0,0,76,false,0
44600,0,0,91479960,158703000,67223040,0,20,123,false,0
44601,0,0,91479960,158708150,67228190,0,3,106,false,0
44602,0,0,91479960,158713300,67233340,0,4,107,false,0
44603,0,0,91479960,158718450,67238490,0,2,105,false,0
44604,0,0,91479960,158723550,67243590,0,0,102,false,0
44605,0,0,91479960,158728700,67248740,0,3,106,false,0
44606,0,0,91479960,158728700,67248740,0,94,94,true,0
44607,0,0,91479960,158728700,67248740,0,97,97,true,0
44608,0,0,91479960,158728700,67248740,0,115,115,true,0
44609,0,0,91479960,158733850,67253890,0,9,112,false,0
44610,0,0,91479960,158739000,67259040,0,0,103,false,0
44611,0,0,91479960,158739000,67259040,0,121,121,true,0
44612,0,0,91479960,158744050,67264090,0,0,101,false,0
44613,0,0,91479960,158748300,67268340,0,0,85,false,0
44614,0,0,91479960,158752900,67272940,0,0,92,false,0
44615,0,0,91479960,158757700,67277740,0,0,96,false,0
44616,0,0,91586580,158762850,67176270,0,1,104,false,0
44617,0,0,91586580,158767900,67181320,0,0,101,false,0
44618,0,0,91586580,158767900,67181320,0,103,103,true,0
44619,0,0,91586580,158773050,67186470,0,17,120,false,0
44620,0,0,91586580,158778200,67191620,0,1,104,false,0
44621,0,0,91586580,158783300,67196720,0,0,102,false,0
44622,0,0,91586580,158787900,67201320,0,0,92,false,0
44623,0,0,91586580,158787900,67201320,0,95,95,true,0
44624,0,0,91586580,158792950,67206370,0,0,101,false,0
44625,0,0,91586580,158798100,67211520,0,0,103,false,0
44626,0,0,91586580,158802750,67216170,0,0,93,false,0
44627,0,0,91586580,158802750,67216170,0,90,90,true,0
44628,0,0,91586580,158802750,67216170,0,88,88,true,0
44629,0,0,91586580,158807700,67221120,0,0,99,false,0
44630,0,0,91586580,158811700,67225120,0,0,80,false,0
44631,0,0,91586580,158811700,67225120,0,97,97,true,0
44632,0,0,91586580,158815000,67228420,0,0,66,false,0
44633,0,0,91586580,158819550,67232970,0,0,91,false,0
44634,0,0,91586580,158824200,67237620,0,0,93,false,0
44635,0,0,91586580,158829350,67242770,0,6,109,false,0
44636,0,0,91586580,158834500,67247920,0,1,104,false,0
44637,0,0,91586580,158839500,67252920,0,0,100,false,0
44638,0,0,91586580,158843500,67256920,0,0,80,false,0
44639,0,0,91586580,158843500,67256920,0,87,87,true,0
44640,0,0,91586580,158843500,67256920,0,107,107,true,0
44641,0,0,91586580,158848350,67261770,0,0,97,false,0
44642,0,0,91586580,158853450,67266870,0,0,102,false,0
44643,0,0,91586580,158858450,67271870,0,0,100,false,0
44644,0,0,91586580,158863350,67276770,0,0,98,false,0
44645,0,0,91586580,158867950,67281370,0,0,92,false,0
44646,0,0,91586580,158872700,67286120,0,0,95,false,0
44647,0,0,91586580,158877450,67290870,0,0,95,false,0
44648,0,0,91586580,158882600,67296020,0,0,103,false,0
44649,0,0,91586580,158887700,67301120,0,0,102,false,0
44650,0,0,91586580,158892700,67306120,0,0,100,false,0
44651,0,0,91586580,158892700,67306120,0,103,103,true,0
44652,0,0,91586580,158892700,67306120,0,90,90,true,0
44653,0,0,91586580,158892700,67306120,0,81,81,true,0
44654,0,0,91586580,158892700,67306120,0,106,106,true,0
44655,0,0,91586580,158897850,67311270,0,7,110,false,0
44656,0,0,91586580,158902900,67316320,0,0,101,false,0
44657,0,0,91586580,158907800,67321220,0,0,98,false,0
44658,0,0,91586580,158912900,67326320,0,0,102,false,0
44659,0,0,91586580,158917550,67330970,0,0,93,false,0
44660,0,0,91586580,158922600,67336020,0,0,101,false,0
44661,0,0,91586580,158927350,67340770,0,0,95,false,0
44662,0,0,91586580,158927350,67340770,0,101,101,true,0
44663,0,0,91586580,158927350,67340770,0,98,98,true,0
44664,0,0,91586580,158927350,67340770,0,82,82,true,0
44665,0,0,91586580,158932500,67345920,0,8,111,false,0
44666,0,0,91586580,158937650,67351070,0,16,119,false,0
44667,0,0,91586580,158937650,67351070,0,100,100,true,0
44668,0,0,91693200,158937650,67244450,0,91,91,true,0
44669,0,0,91693200,158937650,67244450,0,104,104,true,0
44670,0,0,91693200,158937650,67244450,0,93,93,true,0
44671,0,0,91693200,158942750,67249550,0,0,102,false,0
44672,0,0,91693200,158947800,67254600,0,0,101,false,0
44673,0,0,91693200,158947800,67254600,0,100,100,true,0
44674,0,0,91693200,158947800,67254600,0,100,100,true,0
44675,0,0,91693200,158952950,67259750,0,5,108,false,0
44676,0,0,91693200,158958100,67264900,0,3,106,false,0
44677,0,0,91693200,158963150,67269950,0,0,101,false,0
44678,0,0,91693200,158963150,67269950,0,102,102,true,0
44679,0,0,91693200,158966950,67273750,0,0,76,false,0
44680,0,0,91693200,158971350,67278150,0,0,88,false,0
44681,0,0,91693200,158976500,67283300,0,2,105,false,0
44682,0,0,91693200,158981100,67287900,0,0,92,false,0
44683,0,0,91693200,158981100,67287900,0,100,100,true,0
44684,0,0,91693200,158981100,67287900,0,107,107,true,0
44685,0,0,91693200,158986100,67292900,0,0,100,false,0
44686,0,0,91693200,158991250,67298050,0,2,105,false,0
44687,0,0,91693200,158995850,67302650,0,0,92,false,0
44688,0,0,91693200,159000750,67307550,0,0,98,false,0
44689,0,0,91693200,159005900,67312700,0,18,121,false,0
44690,0,0,91693200,159010950,67317750,0,0,101,false,0
44691,0,0,91693200,159016100,67322900,0,15,118,false,0
44692,0,0,91693200,159020650,67327450,0,0,91,false,0
44693,0,0,91693200,159020650,67327450,0,112,112,true,0
44694,0,0,91693200,159020650,67327450,0,119,119,true,0
44695,0,0,91693200,159020650,67327450,0,128,128,true,0
44696,0,0,91693200,159020650,67327450,0,110,110,true,0
44697,0,0,91693200,159020650,67327450,0,119,119,true,0
44698,0,0,91693200,159025550,67332350,0,0,98,false,0
44699,0,0,91693200,159030500,67337300,0,0,99,false,0
44700,0,0,91693200,159035650,67342450,0,11,114,false,0
44701,0,0,91693200,159040650,67347450,0,0,100,false,0
44702,0,0,91693200,159045800,67352600,0,0,103,false,0
44703,0,0,91693200,159045800,67352600,0,105,105,true,0
44704,0,0,91693200,159045800,67352600,0,79,79,true,0
44705,0,0,91693200,159045800,67352600,0,103,103,true,0
44706,0,0,91693200,159045800,67352600,0,81,81,true,0
44707,0,0,91693200,159045800,67352600,0,101,101,true,0
44708,0,0,91693200,159050250,67357050,0,0,89,false,0
44709,0,0,91693200,159055400,67362200,0,13,116,false,0
44710,0,0,91693200,159059900,67366700,0,0,90,false,0
44711,0,0,91693200,159064800,67371600,0,0,98,false,0
44712,0,0,91693200,159069600,67376400,0,0,96,false,0
44713,0,0,91693200,159074750,67381550,0,1,104,false,0
44714,0,0,91693200,159079450,67386250,0,0,94,false,0
44715,0,0,91693200,159084450,67391250,0,0,100,false,0
44716,0,0,91693200,159089100,67395900,0,0,93,false,0
44717,0,0,91693200,159094250,67401050,0,3,106,false,0
44718,0,0,91693200,159099400,67406200,0,2,105,false,0
44719,0,0,91693200,159099400,67406200,0,102,102,true,0
44720,0,0,91799820,159104250,67304430,0,0,97,false,0
44721,0,0,91799820,159109200,67309380,0,0,99,false,0
44722,0,0,91799820,159114150,67314330,0,0,99,false,0
44723,0,0,91799820,159114150,67314330,0,110,110,true,0
44724,0,0,91799820,159114150,67314330,0,112,112,true,0
44725,0,0,91799820,159118700,67318880,0,0,91,false,0
44726,0,0,91799820,159123300,67323480,0,0,92,false,0
44727,0,0,91799820,159128450,67328630,0,0,103,false,0
44728,0,0,91799820,159133200,67333380,0,0,95,false,0
44729,0,0,91799820,159138350,67338530,0,13,116,false,0
44730,0,0,91799820,159138350,67338530,0,95,95,true,0
44731,0,0,91799820,159138350,67338530,0,96,96,true,0
44732,0,0,91799820,159138350,67338530,0,107,107,true,0
44733,0,0,91799820,159138350,67338530,0,110,110,true,0
44734,0,0,91799820,159138350,67338530,0,92,92,true,0
44735,0,0,91799820,159138350,67338530,0,96,96,true,0
44736,0,0,91799820,159143150,67343330,0,0,96,false,0
44737,0,0,91799820,159147300,67347480,0,0,83,false,0
44738,0,0,91799820,159147300,67347480,0,108,108,true,0
44739,0,0,91799820,159147300,67347480,0,99,99,true,0
44740,0,0,91799820,159147300,67347480,0,69,69,true,0
44741,0,0,91799820,159147300,67347480,0,84,84,true,0
44742,0,0,91799820,159152400,67352580,0,0,102,false,0
44743,0,0,91799820,159157250,67357430,0,0,97,false,0
44744,0,0,91799820,159157250,67357430,0,104,104,true,0
44745,0,0,91799820,159157250,67357430,0,110,110,true,0
44746,0,0,91799820,159157250,67357430,0,93,93,true,0
44747,0,0,91799820,159161650,67361830,0,0,88,false,0
44748,0,0,91799820,159166300,67366480,0,0,93,false,0
44749,0,0,91799820,159170500,67370680,0,0,84,false,0
44750,0,0,91799820,159175650,67375830,0,5,108,false,0
44751,0,0,91799820,159180750,67380930,0,0,102,false,0
44752,0,0,91799820,159185450,67385630,0,0,94,false,0
44753,0,0,91799820,159190050,67390230,0,0,92,false,0
44754,0,0,91799820,159195200,67395380,0,1,104,false,0
44755,0,0,91799820,159200000,67400180,0,0,96,false,0
44756,0,0,91799820,159205150,67405330,0,0,103,false,0
44757,0,0,91799820,159209850,67410030,0,0,94,false,0
44758,0,0,91799820,159215000,67415180,0,17,120,false,0
44759,0,0,91799820,159219700,67419880,0,0,94,false,0
44760,0,0,91799820,159219700,67419880,0,96,96,true,0
44761,0,0,91799820,159219700,67419880,0,114,114,true,0
44762,0,0,91799820,159224850,67425030,0,6,109,false,0
44763,0,0,91799820,159230000,67430180,0,1,104,false,0
44764,0,0,91799820,159230000,67430180,0,101,101,true,0
44765,0,0,91799820,159230000,67430180,0,98,98,true,0
44766,0,0,91799820,159230000,67430180,0,103,103,true,0
44767,0,0,91799820,159230000,67430180,0,95,95,true,0
44768,0,0,91799820,159230000,67430180,0,96,96,true,0
44769,0,0,91799820,159234900,67435080,0,0,98,false,0
44770,0,0,91799820,159240050,67440230,0,3,106,false,0
44771,0,0,91799820,159245200,67445380,0,19,122,false,0
44772,0,0,91906440,159245200,67338760,0,115,115,true,0
44773,0,0,91906440,159250050,67343610,0,0,97,false,0
44774,0,0,91906440,159254650,67348210,0,0,92,false,0
44775,0,0,91906440,159254650,67348210,0,98,98,true,0
44776,0,0,91906440,159259200,67352760,0,0,91,false,0
44777,0,0,91906440,159264000,67357560,0,0,96,false,0
44778,0,0,91906440,159264000,67357560,0,115,115,true,0
44779,0,0,91906440,159264000,67357560,0,105,105,true,0
44780,0,0,91906440,159269150,67362710,0,27,130,false,0
44781,0,0,91906440,159273550,67367110,0,0,88,false,0
44782,0,0,91906440,159278500,67372060,0,0,99,false,0
44783,0,0,91906440,159283050,67376610,0,0,91,false,0
44784,0,0,91906440,159287700,67381260,0,0,93,false,0
44785,0,0,91906440,159292850,67386410,0,29,132,false,0
44786,0,0,91906440,159297500,67391060,0,0,93,false,0
44787,0,0,91906440,159297500,67391060,0,112,112,true,0
44788,0,0,91906440,159297500,67391060,0,104,104,true,0
44789,0,0,91906440,159297500,67391060,0,85,85,true,0
44790,0,0,91906440,159302650,67396210,0,4,107,false,0
44791,0,0,91906440,159307350,67400910,0,0,94,false,0
44792,0,0,91906440,159312500,67406060,0,4,107,false,0
44793,0,0,91906440,159312500,67406060,0,111,111,true,0
44794,0,0,91906440,159312500,67406060,0,88,88,true,0
44795,0,0,91906440,159317350,67410910,0,0,97,false,0
44796,0,0,91906440,159321750,67415310,0,0,88,false,0
44797,0,0,91906440,159321750,67415310,0,99,99,true,0
44798,0,0,91906440,159321750,67415310,0,91,91,true,0
44799,0,0,91906440,159321750,67415310,0,92,92,true,0
44800,0,0,91906440,159321750,67415310,0,93,93,true,0
44801,0,0,91906440,159321750,67415310,0,89,89,true,0
44802,0,0,91906440,159321750,67415310,0,100,100,true,0
44803,0,0,91906440,159326800,67420360,0,0,101,false,0
44804,0,0,91906440,159331950,67425510,0,10,113,false,0
44805,0,0,91906440,159336600,67430160,0,0,93,false,0
44806,0,0,91906440,159341650,67435210,0,0,101,false,0
44807,0,0,91906440,159346750,67440310,0,0,102,false,0
44808,0,0,91906440,159351900,67445460,0,7,110,false,0
44809,0,0,91906440,159356800,67450360,0,0,98,false,0
44810,0,0,91906440,159361200,67454760,0,0,88,false,0
44811,0,0,91906440,159365950,67459510,0,0,95,false,0
44812,0,0,91906440,159371100,67464660,0,8,111,false,0
44813,0,0,91906440,159375700,67469260,0,0,92,false,0
44814,0,0,91906440,159380300,67473860,0,0,92,false,0
44815,0,0,91906440,159385350,67478910,0,0,101,false,0
44816,0,0,91906440,159390500,67484060,0,2,105,false,0
44817,0,0,91906440,159395650,67489210,0,6,109,false,0
44818,0,0,91906440,159400400,67493960,0,0,95,false,0
44819,0,0,91906440,159405250,67498810,0,0,97,false,0
44820,0,0,91906440,159410400,67503960,0,4,107,false,0
44821,0,0,91906440,159415550,67509110,0,4,107,false,0
44822,0,0,91906440,159415550,67509110,0,92,92,true,0
44823,0,0,91906440,159415550,67509110,0,97,97,true,0
44824,0,0,92013060,159420650,67407590,0,0,102,false,0
44825,0,0,92013060,159425800,67412740,0,2,105,false,0
44826,0,0,92013060,159430750,67417690,0,0,99,false,0
44827,0,0,92013060,159430750,67417690,0,93,93,true,0
44828,0,0,92013060,159435900,67422840,0,18,121,false,0
44829,0,0,92013060,159441050,67427990,0,9,112,false,0
44830,0,0,92013060,159441050,67427990,0,106,106,true,0
44831,0,0,92013060,159445650,67432590,0,0,92,false,0
44832,0,0,92013060,159450600,67437540,0,0,99,false,0
44833,0,0,92013060,159455450,67442390,0,0,97,false,0
44834,0,0,92013060,159460600,67447540,0,12,115,false,0
44835,0,0,92013060,159465700,67452640,0,0,102,false,0
44836,0,0,92013060,159470300,67457240,0,0,92,false,0
44837,0,0,92013060,159474800,67461740,0,0,90,false,0
44838,0,0,92013060,159474800,67461740,0,102,102,true,0
44839,0,0,92013060,159474800,67461740,0,98,98,true,0
44840,0,0,92013060,159474800,67461740,0,107,107,true,0
44841,0,0,92013060,159474800,67461740,0,96,96,true,0
44842,0,0,92013060,159474800,67461740,0,90,90,true,0
44843,0,0,92013060,159479950,67466890,0,11,114,false,0
44844,0,0,92013060,159484650,67471590,0,0,94,false,0
44845,0,0,92013060,159489200,67476140,0,0,91,false,0
44846,0,0,92013060,159494350,67481290,0,11,114,false,0
44847,0,0,92013060,159499500,67486440,0,8,111,false,0
44848,0,0,92013060,159504350,67491290,0,0,97,false,0
44849,0,0,92013060,159504350,67491290,0,91,91,true,0
44850,0,0,92013060,159509500,67496440,0,15,118,false,0
44851,0,0,92013060,159513750,67500690,0,0,85,false,0
44852,0,0,92013060,159518650,67505590,0,0,98,false,0
44853,0,0,92013060,159523800,67510740,0,0,103,false,0
44854,0,0,92013060,159523800,67510740,0,104,104,true,0
44855,0,0,92013060,159528850,67515790,0,0,101,false,0
44856,0,0,92013060,159532600,67519540,0,0,75,false,0
44857,0,0,92013060,159532600,67519540,0,117,117,true,0
44858,0,0,92013060,159532600,67519540,0,79,79,true,0
44859,0,0,92013060,159532600,67519540,0,114,114,true,0
44860,0,0,92013060,159532600,67519540,0,103,103,true,0
44861,0,0,92013060,159532600,67519540,0,101,101,true,0
44862,0,0,92013060,159536750,67523690,0,0,83,false,0
44863,0,0,92013060,159541650,67528590,0,0,98,false,0
44864,0,0,92013060,159546550,67533490,0,0,98,false,0
44865,0,0,92013060,159546550,67533490,0,98,98,true,0
44866,0,0,92013060,159551050,67537990,0,0,90,false,0
44867,0,0,92013060,159556200,67543140,0,13,116,false,0
44868,0,0,92013060,159560750,67547690,0,0,91,false,0
44869,0,0,92013060,159560750,67547690,0,102,102,true,0
44870,0,0,92013060,159565900,67552840,0,9,112,false,0
44871,0,0,92013060,159570600,67557540,0,0,94,false,0
44872,0,0,92013060,159575500,67562440,0,0,98,false,0
44873,0,0,92013060,159580050,67566990,0,0,91,false,0
44874,0,0,92013060,159585200,67572140,0,4,107,false,0
44875,0,0,92013060,159589950,67576890,0,0,95,false,0
44876,0,0,92119680,159589950,67470270,0,107,107,true,0
44877,0,0,92119680,159594500,67474820,0,0,91,false,0
44878,0,0,92119680,159599650,67479970,0,6,109,false,0
44879,0,0,92119680,159604100,67484420,0,0,89,false,0
44880,0,0,92119680,159608950,67489270,0,0,97,false,0
44881,0,0,92119680,159614100,67494420,0,8,111,false,0
44882,0,0,92119680,159618700,67499020,0,0,92,false,0
44883,0,0,92119680,159623150,67503470,0,0,89,false,0
44884,0,0,92119680,159628150,67508470,0,0,100,false,0
44885,0,0,92119680,159633000,67513320,0,0,97,false,0
44886,0,0,92119680,159638150,67518470,0,18,121,false,0
44887,0,0,92119680,159643250,67523570,0,0,102,false,0
44888,0,0,92119680,159647650,67527970,0,0,88,false,0
44889,0,0,92119680,159652800,67533120,0,5,108,false,0
44890,0,0,92119680,159657950,67538270,0,3,106,false,0
44891,0,0,92119680,159663100,67543420,0,2,105,false,0
44892,0,0,92119680,159667950,67548270,0,0,97,false,0
44893,0,0,92119680,159673050,67553370,0,0,102,false,0
44894,0,0,92119680,159677550,67557870,0,0,90,false,0
44895,0,0,92119680,159682700,67563020,0,5,108,false,0
44896,0,0,92119680,159682700,67563020,0,87,87,true,0
44897,0,0,92119680,159687850,67568170,0,19,122,false,0
44898,0,0,92119680,159693000,67573320,0,6,109,false,0
44899,0,0,92119680,159693000,67573320,0,103,103,true,0
44900,0,0,92119680,159693000,67573320,0,106,106,true,0
44901,0,0,92119680,159697700,67578020,0,0,94,false,0
44902,0,0,92119680,159701750,67582070,0,0,81,false,0
44903,0,0,92119680,159706900,67587220,0,7,110,false,0
44904,0,0,92119680,159711750,67592070,0,0,97,false,0
44905,0,0,92119680,159716100,67596420,0,0,87,false,0
44906,0,0,92119680,159721250,67601570,0,6,109,false,0
44907,0,0,92119680,159725400,67605720,0,0,83,false,0
44908,0,0,92119680,159730250,67610570,0,0,97,false,0
44909,0,0,92119680,159734900,67615220,0,0,93,false,0
44910,0,0,92119680,159734900,67615220,0,120,120,true,0
44911,0,0,92119680,159734900,67615220,0,112,112,true,0
44912,0,0,92119680,159734900,67615220,0,105,105,true,0
44913,0,0,92119680,159734900,67615220,0,80,80,true,0
44914,0,0,92119680,159740050,67620370,0,4,107,false,0
44915,0,0,92119680,159745200,67625520,0,18,121,false,0
44916,0,0,92119680,159748950,67629270,0,0,75,false,0
44917,0,0,92119680,159754100,67634420,0,14,117,false,0
44918,0,0,92119680,159759250,67639570,0,9,112,false,0
44919,0,0,92119680,159764100,67644420,0,0,97,false,0
44920,0,0,92119680,159768850,67649170,0,0,95,false,0
44921,0,0,92119680,159774000,67654320,0,10,113,false,0
44922,0,0,92119680,159779150,67659470,0,14,117,false,0
44923,0,0,92119680,159783700,67664020,0,0,91,false,0
44924,0,0,92119680,159788200,67668520,0,0,90,false,0
44925,0,0,92119680,159788200,67668520,0,96,96,true,0
44926,0,0,92119680,159793350,67673670,0,1,104,false,0
44927,0,0,92119680,159798500,67678820,0,3,106,false,0
44928,0,0,92226300,159798500,67572200,0,91,91,true,0
44929,0,0,92226300,159802500,67576200,0,0,80,false,0
44930,0,0,92226300,159807000,67580700,0,0,90,false,0
44931,0,0,92226300,159812150,67585850,0,11,114,false,0
44932,0,0,92226300,159812150,67585850,0,76,76,true,0
44933,0,0,92226300,159812150,67585850,0,104,104,true,0
44934,0,0,92226300,159816800,67590500,0,0,93,false,0
44935,0,0,92226300,159821950,67595650,0,0,103,false,0
44936,0,0,92226300,159827100,67600800,0,3,106,false,0
44937,0,0,92226300,159827100,67600800,0,104,104,true,0
44938,0,0,92226300,159827100,67600800,0,97,97,true,0
44939,0,0,92226300,159832250,67605950,0,9,112,false,0
44940,0,0,92226300,159836700,67610400,0,0,89,false,0
44941,0,0,92226300,159841350,67615050,0,0,93,false,0
44942,0,0,92226300,159846500,67620200,0,4,107,false,0
44943,0,0,92226300,159851650,67625350,0,2,105,false,0
44944,0,0,92226300,159856800,67630500,0,13,116,false,0
44945,0,0,92226300,159861550,67635250,0,0,95,false,0
44946,0,0,92226300,159866700,67640400,0,5,108,false,0
44947,0,0,92226300,159866700,67640400,0,93,93,true,0
44948,0,0,92226300,159866700,67640400,0,115,115,true,0
44949,0,0,92226300,159871450,67645150,0,0,95,false,0
44950,0,0,92226300,159876600,67650300,0,3,106,false,0
44951,0,0,92226300,159881300,67655000,0,0,94,false,0
44952,0,0,92226300,159886150,67659850,0,0,97,false,0
44953,0,0,92226300,159886150,67659850,0,102,102,true,0
44954,0,0,92226300,159886150,67659850,0,100,100,true,0
44955,0,0,92226300,159891150,67664850,0,0,100,false,0
44956,0,0,92226300,159895850,67669550,0,0,94,false,0
44957,0,0,92226300,159901000,67674700,0,2,105,false,0
44958,0,0,92226300,159906150,67679850,0,15,118,false,0
44959,0,0,92226300,159911050,67684750,0,0,98,false,0
44960,0,0,92226300,159916200,67689900,0,4,107,false,0
44961,0,0,92226300,159916200,67689900,0,109,109,true,0
44962,0,0,92226300,159916200,67689900,0,99,99,true,0
44963,0,0,92226300,159916200,67689900,0,91,91,true,0
44964,0,0,92226300,159920700,67694400,0,0,90,false,0
44965,0,0,92226300,159925750,67699450,0,0,101,false,0
44966,0,0,92226300,159930300,67704000,0,0,91,false,0
44967,0,0,92226300,159935450,67709150,0,10,113,false,0
44968,0,0,92226300,159940350,67714050,0,0,98,false,0
44969,0,0,92226300,159945400,67719100,0,0,101,false,0
44970,0,0,92226300,159950550,67724250,0,6,109,false,0
44971,0,0,92226300,159955550,67729250,0,0,100,false,0
44972,0,0,92226300,159960700,67734400,0,4,107,false,0
44973,0,0,92226300,159965850,67739550,0,0,103,false,0
44974,0,0,92226300,159970500,67744200,0,0,93,false,0
44975,0,0,92226300,159970500,67744200,0,95,95,true,0
44976,0,0,92226300,159970500,67744200,0,103,103,true,0
44977,0,0,92226300,159974900,67748600,0,0,88,false,0
44978,0,0,92226300,159980050,67753750,0,1,104,false,0
44979,0,0,92226300,159985000,67758700,0,0,99,false,0
44980,0,0,92332920,159990150,67657230,0,3,106,false,0
44981,0,0,92332920,159993950,67661030,0,0,76,false,0
44982,0,0,92332920,159998500,67665580,0,0,91,false,0
44983,0,0,92332920,160003650,67670730,0,10,113,false,0
44984,0,0,92332920,160008350,67675430,0,0,94,false,0
44985,0,0,92332920,160013100,67680180,0,0,95,false,0
44986,0,0,92332920,160018250,67685330,0,14,117,false,0
44987,0,0,92332920,160022800,67689880,0,0,91,false,0
44988,0,0,92332920,160022800,67689880,0,95,95,true,0
44989,0,0,92332920,160022800,67689880,0,99,99,true,0
44990,0,0,92332920,160022800,67689880,0,103,103,true,0
44991,0,0,92332920,160027950,67695030,0,14,117,false,0
44992,0,0,92332920,160032550,67699630,0,0,92,false,0
44993,0,0,92332920,160037450,67704530,0,0,98,false,0
44994,0,0,92332920,160042200,67709280,0,0,95,false,0
44995,0,0,92332920,160046750,67713830,0,0,91,false,0
44996,0,0,92332920,160051050,67718130,0,0,86,false,0
44997,0,0,92332920,160056100,67723180,0,0,101,false,0
44998,0,0,92332920,160060000,67727080,0,0,78,false,0
44999,0,0,92332920,160065150,67732230,0,2,105,false,0
45000,0,0,92332920,160069600,67736680,0,0,89,false,0
45001,0,0,92332920,160074750,67741830,0,0,103,false,0
45002,0,0,92332920,160079550,67746630,0,0,96,false,0
45003,0,0,92332920,160083250,67750330,0,0,74,false,0
45004,0,0,92332920,160083250,67750330,0,96,96,true,0
45005,0,0,92332920,160088400,67755480,0,6,109,false,0
45006,0,0,92332920,160092950,67760030,0,0,91,false,0
45007,0,0,92332920,160098100,67765180,0,26,129,false,0
45008,0,0,92332920,160102150,67769230,0,0,81,false,0
45009,0,0,92332920,160102150,67769230,0,93,93,true,0
45010,0,0,92332920,160102150,67769230,0,99,99,true,0
45011,0,0,92332920,160107300,67774380,0,0,103,false,0
45012,0,0,92332920,160112450,67779530,0,2,105,false,0
45013,0,0,92332920,160117600,67784680,0,0,103,false,0
45014,0,0,92332920,160122750,67789830,0,19,122,false,0
45015,0,0,92332920,160127500,67794580,0,0,95,false,0
45016,0,0,92332920,160132650,67799730,0,7,110,false,0
45017,0,0,92332920,160137600,67804680,0,0,99,false,0
45018,0,0,92332920,160142750,67809830,0,7,110,false,0
45019,0,0,92332920,160142750,67809830,0,89,89,true,0
45020,0,0,92332920,160147900,67814980,0,1,104,false,0
45021,0,0,92332920,160153050,67820130,0,1,104,false,0
45022,0,0,92332920,160157750,67824830,0,0,94,false,0
45023,0,0,92332920,160162300,67829380,0,0,91,false,0
45024,0,0,92332920,160167250,67834330,0,0,99,false,0
45025,0,0,92332920,160172050,67839130,0,0,96,false,0
45026,0,0,92332920,160172050,67839130,0,104,104,true,0
45027,0,0,92332920,160177200,67844280,0,13,116,false,0
45028,0,0,92332920,160182350,67849430,0,6,109,false,0
45029,0,0,92332920,160187350,67854430,0,0,100,false,0
45030,0,0,92332920,160191650,67858730,0,0,86,false,0
45031,0,0,92332920,160196450,67863530,0,0,96,false,0
45032,0,0,92439540,160200700,67761160,0,0,85,false,0
45033,0,0,92439540,160205350,67765810,0,0,93,false,0
45034,0,0,92439540,160209750,67770210,0,0,88,false,0
45035,0,0,92439540,160209750,67770210,0,99,99,true,0
45036,0,0,92439540,160209750,67770210,0,96,96,true,0
45037,0,0,92439540,160209750,67770210,0,92,92,true,0
45038,0,0,92439540,160209750,67770210,0,99,99,true,0
45039,0,0,92439540,160209750,67770210,0,94,94,true,0
45040,0,0,92439540,160209750,67770210,0,95,95,true,0
45041,0,0,92439540,160209750,67770210,0,90,90,true,0
45042,0,0,92439540,160214550,67775010,0,0,96,false,0
45043,0,0,92439540,160219700,67780160,0,3,106,false,0
45044,0,0,92439540,160224700,67785160,0,0,100,false,0
45045,0,0,92439540,160229750,67790210,0,0,101,false,0
45046,0,0,92439540,160234900,67795360,0,1,104,false,0
45047,0,0,92439540,160238850,67799310,0,0,79,false,0
45048,0,0,92439540,160244000,67804460,0,10,113,false,0
45049,0,0,92439540,160248600,67809060,0,0,92,false,0
45050,0,0,92439540,160248600,67809060,0,113,113,true,0
45051,0,0,92439540,160248600,67809060,0,88,88,true,0
45052,0,0,92439540,160248600,67809060,0,100,100,true,0
45053,0,0,92439540,160248600,67809060,0,104,104,true,0
45054,0,0,92439540,160248600,67809060,0,108,108,true,0
45055,0,0,92439540,160248600,67809060,0,89,89,true,0
45056,0,0,92439540,160253750,67814210,0,0,103,false,0
45057,0,0,92439540,160258900,67819360,0,22,125,false,0
45058,0,0,92439540,160258900,67819360,0,110,110,true,0
45059,0,0,92439540,160263850,67824310,0,0,99,false,0
45060,0,0,92439540,160267650,67828110,0,0,76,false,0
45061,0,0,92439540,160272750,67833210,0,0,102,false,0
45062,0,0,92439540,160277900,67838360,0,5,108,false,0
45063,0,0,92439540,160282300,67842760,0,0,88,false,0
45064,0,0,92439540,160287050,67847510,0,0,95,false,0
45065,0,0,92439540,160291800,67852260,0,0,95,false,0
45066,0,0,92439540,160296750,67857210,0,0,99,false,0
45067,0,0,92439540,160301900,67862360,0,1,104,false,0
45068,0,0,92439540,160307050,67867510,0,0,103,false,0
45069,0,0,92439540,160312150,67872610,0,0,102,false,0
45070,0,0,92439540,160316600,67877060,0,0,89,false,0
45071,0,0,92439540,160321550,67882010,0,0,99,false,0
45072,0,0,92439540,160321550,67882010,0,99,99,true,0
45073,0,0,92439540,160321550,67882010,0,87,87,true,0
45074,0,0,92439540,160321550,67882010,0,98,98,true,0
45075,0,0,92439540,160321550,67882010,0,99,99,true,0
45076,0,0,92439540,160326550,67887010,0,0,100,false,0
45077,0,0,92439540,160331150,67891610,0,0,92,false,0
45078,0,0,92439540,160331150,67891610,0,106,106,true,0
45079,0,0,92439540,160331150,67891610,0,93,93,true,0
45080,0,0,92439540,160331150,67891610,0,118,118,true,0
45081,0,0,92439540,160331150,67891610,0,89,89,true,0
45082,0,0,92439540,160336300,67896760,0,1,104,false,0
45083,0,0,92439540,160340900,67901360,0,0,92,false,0
45084,0,0,92546160,160345250,67799090,0,0,87,false,0
45085,0,0,92546160,160349650,67803490,0,0,88,false,0
45086,0,0,92546160,160354400,67808240,0,0,95,false,0
45087,0,0,92546160,160359550,67813390,0,0,103,false,0
45088,0,0,92546160,160364700,67818540,0,13,116,false,0
45089,0,0,92546160,160369750,67823590,0,0,101,false,0
45090,0,0,92546160,160374250,67828090,0,0,90,false,0
45091,0,0,92546160,160379400,67833240,0,4,107,false,0
45092,0,0,92546160,160379400,67833240,0,100,100,true,0
45093,0,0,92546160,160383050,67836890,0,0,73,false,0
45094,0,0,92546160,160388200,67842040,0,3,106,false,0
45095,0,0,92546160,160388200,67842040,0,83,83,true,0
45096,0,0,92546160,160393350,67847190,0,4,107,false,0
45097,0,0,92546160,160398300,67852140,0,0,99,false,0
45098,0,0,92546160,160402450,67856290,0,0,83,false,0
45099,0,0,92546160,160407350,67861190,0,0,98,false,0
45100,0,0,92546160,160412500,67866340,0,26,129,false,0
45101,0,0,92546160,160417650,67871490,0,4,107,false,0
45102,0,0,92546160,160421600,67875440,0,0,79,false,0
45103,0,0,92546160,160421600,67875440,0,102,102,true,0
45104,0,0,92546160,160426400,67880240,0,0,96,false,0
45105,0,0,92546160,160431050,67884890,0,0,93,false,0
45106,0,0,92546160,160436200,67890040,0,10,113,false,0
45107,0,0,92546160,160441350,67895190,0,13,116,false,0
45108,0,0,92546160,160446500,67900340,0,10,113,false,0
45109,0,0,92546160,160446500,67900340,0,110,110,true,0
45110,0,0,92546160,160446500,67900340,0,99,99,true,0
45111,0,0,92546160,160451650,67905490,0,5,108,false,0
45112,0,0,92546160,160456800,67910640,0,8,111,false,0
45113,0,0,92546160,160461950,67915790,0,9,112,false,0
45114,0,0,92546160,160461950,67915790,0,97,97,true,0
45115,0,0,92546160,160461950,67915790,0,100,100,true,0
45116,0,0,92546160,160461950,67915790,0,111,111,true,0
45117,0,0,92546160,160467100,67920940,0,9,112,false,0
45118,0,0,92546160,160472250,67926090,0,13,116,false,0
45119,0,0,92546160,160477350,67931190,0,0,102,false,0
45120,0,0,92546160,160482500,67936340,0,12,115,false,0
45121,0,0,92546160,160487150,67940990,0,0,93,false,0
45122,0,0,92546160,160492000,67945840,0,0,97,false,0
45123,0,0,92546160,160497150,67950990,0,6,109,false,0
45124,0,0,92546160,160502300,67956140,0,6,109,false,0
45125,0,0,92546160,160502300,67956140,0,95,95,true,0
45126,0,0,92546160,160507450,67961290,0,2,105,false,0
45127,0,0,92546160,160512400,67966240,0,0,99,false,0
45128,0,0,92546160,160517350,67971190,0,0,99,false,0
45129,0,0,92546160,160517350,67971190,0,95,95,true,0
45130,0,0,92546160,160517350,67971190,0,91,91,true,0
45131,0,0,92546160,160517350,67971190,0,101,101,true,0
45132,0,0,92546160,160517350,67971190,0,103,103,true,0
45133,0,0,92546160,160522150,67975990,0,0,96,false,0
45134,0,0,92546160,160526850,67980690,0,0,94,false,0
45135,0,0,92546160,160532000,67985840,0,10,113,false,0
45136,0,0,92652780,160536650,67883870,0,0,93,false,0
45137,0,0,92652780,160541500,67888720,0,0,97,false,0
45138,0,0,92652780,160546650,67893870,0,4,107,false,0
45139,0,0,92652780,160551800,67899020,0,11,114,false,0
45140,0,0,92652780,160556850,67904070,0,0,101,false,0
45141,0,0,92652780,160556850,67904070,0,86,86,true,0
45142,0,0,92652780,160562000,67909220,0,11,114,false,0
45143,0,0,92652780,160566550,67913770,0,0,91,false,0
45144,0,0,92652780,160566550,67913770,0,84,84,true,0
45145,0,0,92652780,160566550,67913770,0,99,99,true,0
45146,0,0,92652780,160571050,67918270,0,0,90,false,0
45147,0,0,92652780,160575650,67922870,0,0,92,false,0
45148,0,0,92652780,160580800,67928020,0,5,108,false,0
45149,0,0,92652780,160580800,67928020,0,95,95,true,0
45150,0,0,92652780,160580800,67928020,0,102,102,true,0
45151,0,0,92652780,160580800,67928020,0,105,105,true,0
45152,0,0,92652780,160580800,67928020,0,90,90,true,0
45153,0,0,92652780,160585700,67932920,0,0,98,false,0
45154,0,0,92652780,160590250,67937470,0,0,91,false,0
45155,0,0,92652780,160590250,67937470,0,89,89,true,0
45156,0,0,92652780,160595400,67942620,0,18,121,false,0
45157,0,0,92652780,160600550,67947770,0,9,112,false,0
45158,0,0,92652780,160605700,67952920,0,3,106,false,0
45159,0,0,92652780,160610600,67957820,0,0,98,false,0
45160,0,0,92652780,160615750,67962970,0,5,108,false,0
45161,0,0,92652780,160620900,67968120,0,0,103,false,0
45162,0,0,92652780,160625350,67972570,0,0,89,false,0
45163,0,0,92652780,160630500,67977720,0,7,110,false,0
45164,0,0,92652780,160635650,67982870,0,0,103,false,0
45165,0,0,92652780,160640800,67988020,0,0,103,false,0
45166,0,0,92652780,160645500,67992720,0,0,94,false,0
45167,0,0,92652780,160650650,67997870,0,4,107,false,0
45168,0,0,92652780,160655600,68002820,0,0,99,false,0
45169,0,0,92652780,160655600,68002820,0,93,93,true,0
45170,0,0,92652780,160655600,68002820,0,114,114,true,0
45171,0,0,92652780,160655600,68002820,0,106,106,true,0
45172,0,0,92652780,160655600,68002820,0,97,97,true,0
45173,0,0,92652780,160660600,68007820,0,0,100,false,0
45174,0,0,92652780,160665750,68012970,0,10,113,false,0
45175,0,0,92652780,160670900,68018120,0,4,107,false,0
45176,0,0,92652780,160676050,68023270,0,11,114,false,0
45177,0,0,92652780,160680800,68028020,0,0,95,false,0
45178,0,0,92652780,160680800,68028020,0,116,116,true,0
45179,0,0,92652780,160685850,68033070,0,0,101,false,0
45180,0,0,92652780,160690650,68037870,0,0,96,false,0
45181,0,0,92652780,160695350,68042570,0,0,94,false,0
45182,0,0,92652780,160700400,68047620,0,0,101,false,0
45183,0,0,92652780,160705150,68052370,0,0,95,false,0
45184,0,0,92652780,160710150,68057370,0,0,100,false,0
45185,0,0,92652780,160715300,68062520,0,2,105,false,0
45186,0,0,92652780,160719800,68067020,0,0,90,false,0
45187,0,0,92652780,160724900,68072120,0,0,102,false,0
45188,0,0,92759400,160729600,67970200,0,0,94,false,0
45189,0,0,92759400,160734750,67975350,0,6,109,false,0
45190,0,0,92759400,160738850,67979450,0,0,82,false,0
45191,0,0,92759400,160743650,67984250,0,0,96,false,0
45192,0,0,92759400,160748550,67989150,0,0,98,false,0
45193,0,0,92759400,160752200,67992800,0,0,73,false,0
45194,0,0,92759400,160752200,67992800,0,117,117,true,0
45195,0,0,92759400,160756750,67997350,0,0,91,false,0
45196,0,0,92759400,160761600,68002200,0,0,97,false,0
45197,0,0,92759400,160766200,68006800,0,0,92,false,0
45198,0,0,92759400,160770950,68011550,0,0,95,false,0
45199,0,0,92759400,160776100,68016700,0,20,123,false,0
45200,0,0,92759400,160781150,68021750,0,0,101,false,0
45201,0,0,92759400,160786000,68026600,0,0,97,false,0
45202,0,0,92759400,160791150,68031750,0,4,107,false,0
45203,0,0,92759400,160796300,68036900,0,4,107,false,0
45204,0,0,92759400,160801350,68041950,0,0,101,false,0
45205,0,0,92759400,160806500,68047100,0,0,103,false,0
45206,0,0,92759400,160811600,68052200,0,0,102,false,0
45207,0,0,92759400,160816450,68057050,0,0,97,false,0
45208,0,0,92759400,160816450,68057050,0,96,96,true,0
45209,0,0,92759400,160816450,68057050,0,117,117,true,0
45210,0,0,92759400,160821600,68062200,0,3,106,false,0
45211,0,0,92759400,160826250,68066850,0,0,93,false,0
45212,0,0,92759400,160830750,68071350,0,0,90,false,0
45213,0,0,92759400,160835900,68076500,0,5,108,false,0
45214,0,0,92759400,160841050,68081650,0,8,111,false,0
45215,0,0,92759400,160845500,68086100,0,0,89,false,0
45216,0,0,92759400,160850300,68090900,0,0,96,false,0
45217,0,0,92759400,160854850,68095450,0,0,91,false,0
45218,0,0,92759400,160859900,68100500,0,0,101,false,0
45219,0,0,92759400,160864450,68105050,0,0,91,false,0
45220,0,0,92759400,160869600,68110200,0,4,107,false,0
45221,0,0,92759400,160874750,68115350,0,17,120,false,0
45222,0,0,92759400,160879900,68120500,0,3,106,false,0
45223,0,0,92759400,160884900,68125500,0,0,100,false,0
45224,0,0,92759400,160890050,68130650,0,0,103,false,0
45225,0,0,92759400,160894500,68135100,0,0,89,false,0
45226,0,0,92759400,160899150,68139750,0,0,93,false,0
45227,0,0,92759400,160903600,68144200,0,0,89,false,0
45228,0,0,92759400,160908550,68149150,0,0,99,false,0
45229,0,0,92759400,160913700,68154300,0,25,128,false,0
45230,0,0,92759400,160918850,68159450,0,4,107,false,0
45231,0,0,92759400,160923550,68164150,0,0,94,false,0
45232,0,0,92759400,160928700,68169300,0,20,123,false,0
45233,0,0,92759400,160933850,68174450,0,9,112,false,0
45234,0,0,92759400,160939000,68179600,0,9,112,false,0
45235,0,0,92759400,160944100,68184700,0,0,102,false,0
45236,0,0,92759400,160949250,68189850,0,0,103,false,0
45237,0,0,92759400,160954400,68195000,0,7,110,false,0
45238,0,0,92759400,160958800,68199400,0,0,88,false,0
45239,0,0,92759400,160963800,68204400,0,0,100,false,0
45240,0,0,92866020,160968750,68102730,0,0,99,false,0
45241,0,0,92866020,160973750,68107730,0,0,100,false,0
45242,0,0,92866020,160978500,68112480,0,0,95,false,0
45243,0,0,92866020,160983650,68117630,0,14,117,false,0
45244,0,0,92866020,160983650,68117630,0,106,106,true,0
45245,0,0,92866020,160988800,68122780,0,0,103,false,0
45246,0,0,92866020,160993950,68127930,0,1,104,false,0
45247,0,0,92866020,160999050,68133030,0,0,102,false,0
45248,0,0,92866020,161004200,68138180,0,1,104,false,0
45249,0,0,92866020,161009150,68143130,0,0,99,false,0
45250,0,0,92866020,161014000,68147980,0,0,97,false,0
45251,0,0,92866020,161018000,68151980,0,0,80,false,0
45252,0,0,92866020,161022450,68156430,0,0,89,false,0
45253,0,0,92866020,161027450,68161430,0,0,100,false,0
45254,0,0,92866020,161032550,68166530,0,0,102,false,0
45255,0,0,92866020,161036450,68170430,0,0,78,false,0
45256,0,0,92866020,161041200,68175180,0,0,95,false,0
45257,0,0,92866020,161045450,68179430,0,0,85,false,0
45258,0,0,92866020,161050600,68184580,0,8,111,false,0
45259,0,0,92866020,161055750,68189730,0,7,110,false,0
45260,0,0,92866020,161060000,68193980,0,0,85,false,0
45261,0,0,92866020,161065150,68199130,0,6,109,false,0
45262,0,0,92866020,161069800,68203780,0,0,93,false,0
45263,0,0,92866020,161074800,68208780,0,0,100,false,0
45264,0,0,92866020,161079950,68213930,0,4,107,false,0
45265,0,0,92866020,161085100,68219080,0,8,111,false,0
45266,0,0,92866020,161089800,68223780,0,0,94,false,0
45267,0,0,92866020,161094950,68228930,0,15,118,false,0
45268,0,0,92866020,161100100,68234080,0,13,116,false,0
45269,0,0,92866020,161100100,68234080,0,111,111,true,0
45270,0,0,92866020,161100100,68234080,0,103,103,true,0
45271,0,0,92866020,161100100,68234080,0,78,78,true,0
45272,0,0,92866020,161100100,68234080,0,108,108,true,0
45273,0,0,92866020,161104400,68238380,0,0,86,false,0
45274,0,0,92866020,161109550,68243530,0,2,105,false,0
45275,0,0,92866020,161114700,68248680,0,2,105,false,0
45276,0,0,92866020,161119200,68253180,0,0,90,false,0
45277,0,0,92866020,161123800,68257780,0,0,92,false,0
45278,0,0,92866020,161128400,68262380,0,0,92,false,0
45279,0,0,92866020,161133550,68267530,0,2,105,false,0
45280,0,0,92866020,161133550,68267530,0,101,101,true,0
45281,0,0,92866020,161133550,68267530,0,94,94,true,0
45282,0,0,92866020,161138700,68272680,0,13,116,false,0
45283,0,0,92866020,161143700,68277680,0,0,100,false,0
45284,0,0,92866020,161148850,68282830,0,2,105,false,0
45285,0,0,92866020,161153900,68287880,0,0,101,false,0
45286,0,0,92866020,161158350,68292330,0,0,89,false,0
45287,0,0,92866020,161163150,68297130,0,0,96,false,0
45288,0,0,92866020,161168300,68302280,0,0,103,false,0
45289,0,0,92866020,161173450,68307430,0,1,104,false,0
45290,0,0,92866020,161178600,68312580,0,11,114,false,0
45291,0,0,92866020,161183500,68317480,0,0,98,false,0
45292,0,0,92972640,161188650,68216010,0,8,111,false,0
45293,0,0,92972640,161193750,68221110,0,0,102,false,0
45294,0,0,92972640,161193750,68221110,0,101,101,true,0
45295,0,0,92972640,161193750,68221110,0,94,94,true,0
45296,0,0,92972640,161193750,68221110,0,104,104,true,0
45297,0,0,92972640,161198000,68225360,0,0,85,false,0
45298,0,0,92972640,161203100,68230460,0,0,102,false,0
45299,0,0,92972640,161208150,68235510,0,0,101,false,0
45300,0,0,92972640,161213050,68240410,0,0,98,false,0
45301,0,0,92972640,161218200,68245560,0,2,105,false,0
45302,0,0,92972640,161223350,68250710,0,0,103,false,0
45303,0,0,92972640,161227900,68255260,0,0,91,false,0
45304,0,0,92972640,161232300,68259660,0,0,88,false,0
45305,0,0,92972640,161236650,68264010,0,0,87,false,0
45306,0,0,92972640,161241800,68269160,0,7,110,false,0
45307,0,0,92972640,161246100,68273460,0,0,86,false,0
45308,0,0,92972640,161251100,68278460,0,0,100,false,0
45309,0,0,92972640,161256000,68283360,0,0,98,false,0
45310,0,0,92972640,161260650,68288010,0,0,93,false,0
45311,0,0,92972640,161260650,68288010,0,104,104,true,0
45312,0,0,92972640,161260650,68288010,0,110,110,true,0
45313,0,0,92972640,161260650,68288010,0,78,78,true,0
45314,0,0,92972640,161260650,68288010,0,96,96,true,0
45315,0,0,92972640,161265800,68293160,0,12,115,false,0
45316,0,0,92972640,161270150,68297510,0,0,87,false,0
45317,0,0,92972640,161273850,68301210,0,0,74,false,0
45318,0,0,92972640,161279000,68306360,0,2,105,false,0
45319,0,0,92972640,161279000,68306360,0,88,88,true,0
45320,0,0,92972640,161284100,68311460,0,0,102,false,0
45321,0,0,92972640,161289250,68316610,0,10,113,false,0
45322,0,0,92972640,161294400,68321760,0,1,104,false,0
45323,0,0,92972640,161299550,68326910,0,3,106,false,0
45324,0,0,92972640,161304700,68332060,0,11,114,false,0
45325,0,0,92972640,161304700,68332060,0,108,108,true,0
45326,0,0,92972640,161304700,68332060,0,114,114,true,0
45327,0,0,92972640,161309550,68336910,0,0,97,false,0
45328,0,0,92972640,161314700,68342060,0,8,111,false,0
45329,0,0,92972640,161319850,68347210,0,2,105,false,0
45330,0,0,92972640,161319850,68347210,0,85,85,true,0
45331,0,0,92972640,161324850,68352210,0,0,100,false,0
45332,0,0,92972640,161329450,68356810,0,0,92,false,0
45333,0,0,92972640,161329450,68356810,0,103,103,true,0
45334,0,0,92972640,161334400,68361760,0,0,99,false,0
45335,0,0,92972640,161339550,68366910,0,0,103,false,0
45336,0,0,92972640,161339550,68366910,0,98,98,true,0
45337,0,0,92972640,161344250,68371610,0,0,94,false,0
45338,0,0,92972640,161349250,68376610,0,0,100,false,0
45339,0,0,92972640,161349250,68376610,0,117,117,true,0
45340,0,0,92972640,161349250,68376610,0,105,105,true,0
45341,0,0,92972640,161349250,68376610,0,103,103,true,0
45342,0,0,92972640,161354400,68381760,0,10,113,false,0
45343,0,0,92972640,161359300,68386660,0,0,98,false,0
45344,0,0,93079260,161359300,68280040,0,102,102,true,0
45345,0,0,93079260,161364450,68285190,0,6,109,false,0
45346,0,0,93079260,161369600,68290340,0,14,117,false,0
45347,0,0,93079260,161374450,68295190,0,0,97,false,0
45348,0,0,93079260,161378950,68299690,0,0,90,false,0
45349,0,0,93079260,161384100,68304840,0,14,117,false,0
45350,0,0,93079260,161384100,68304840,0,83,83,true,0
45351,0,0,93079260,161389250,68309990,0,15,118,false,0
45352,0,0,93079260,161393800,68314540,0,0,91,false,0
45353,0,0,93079260,161398950,68319690,0,8,111,false,0
45354,0,0,93079260,161403750,68324490,0,0,96,false,0
45355,0,0,93079260,161403750,68324490,0,98,98,true,0
45356,0,0,93079260,161403750,68324490,0,101,101,true,0
45357,0,0,93079260,161403750,68324490,0,101,101,true,0
45358,0,0,93079260,161403750,68324490,0,110,110,true,0
45359,0,0,93079260,161408900,68329640,0,5,108,false,0
45360,0,0,93079260,161413900,68334640,0,0,100,false,0
45361,0,0,93079260,161413900,68334640,0,82,82,true,0
45362,0,0,93079260,161413900,68334640,0,84,84,true,0
45363,0,0,93079260,161419050,68339790,0,5,108,false,0
45364,0,0,93079260,161423350,68344090,0,0,86,false,0
45365,0,0,93079260,161428500,68349240,0,1,104,false,0
45366,0,0,93079260,161433250,68353990,0,0,95,false,0
45367,0,0,93079260,161437850,68358590,0,0,92,false,0
45368,0,0,93079260,161442400,68363140,0,0,91,false,0
45369,0,0,93079260,161447250,68367990,0,0,97,false,0
45370,0,0,93079260,161451750,68372490,0,0,90,false,0
45371,0,0,93079260,161456800,68377540,0,0,101,false,0
45372,0,0,93079260,161461850,68382590,0,0,101,false,0
45373,0,0,93079260,161467000,68387740,0,2,105,false,0
45374,0,0,93079260,161467000,68387740,0,92,92,true,0
45375,0,0,93079260,161467000,68387740,0,102,102,true,0
45376,0,0,93079260,161467000,68387740,0,109,109,true,0
45377,0,0,93079260,161467000,68387740,0,85,85,true,0
45378,0,0,93079260,161471900,68392640,0,0,98,false,0
45379,0,0,93079260,161477050,68397790,0,4,107,false,0
45380,0,0,93079260,161482200,68402940,0,2,105,false,0
45381,0,0,93079260,161482200,68402940,0,97,97,true,0
45382,0,0,93079260,161486850,68407590,0,0,93,false,0
45383,0,0,93079260,161491650,68412390,0,0,96,false,0
45384,0,0,93079260,161496800,68417540,0,5,108,false,0
45385,0,0,93079260,161501950,68422690,0,5,108,false,0
45386,0,0,93079260,161506900,68427640,0,0,99,false,0
45387,0,0,93079260,161506900,68427640,0,100,100,true,0
45388,0,0,93079260,161511700,68432440,0,0,96,false,0
45389,0,0,93079260,161515950,68436690,0,0,85,false,0
45390,0,0,93079260,161520600,68441340,0,0,93,false,0
45391,0,0,93079260,161525250,68445990,0,0,93,false,0
45392,0,0,93079260,161530400,68451140,0,1,104,false,0
45393,0,0,93079260,161534650,68455390,0,0,85,false,0
45394,0,0,93079260,161539350,68460090,0,0,94,false,0
45395,0,0,93079260,161544500,68465240,0,2,105,false,0
45396,0,0,93185880,161549650,68363770,0,5,108,false,0
45397,0,0,93185880,161554750,68368870,0,0,102,false,0
45398,0,0,93185880,161558750,68372870,0,0,80,false,0
45399,0,0,93185880,161563500,68377620,0,0,95,false,0
45400,0,0,93185880,161568650,68382770,0,6,109,false,0
45401,0,0,93185880,161573400,68387520,0,0,95,false,0
45402,0,0,93185880,161578400,68392520,0,0,100,false,0
45403,0,0,93185880,161578400,68392520,0,97,97,true,0
45404,0,0,93185880,161578400,68392520,0,103,103,true,0
45405,0,0,93185880,161578400,68392520,0,94,94,true,0
45406,0,0,93185880,161583450,68397570,0,0,101,false,0
45407,0,0,93185880,161588050,68402170,0,0,92,false,0
45408,0,0,93185880,161593200,68407320,0,0,103,false,0
45409,0,0,93185880,161593200,68407320,0,94,94,true,0
45410,0,0,93185880,161593200,68407320,0,115,115,true,0
45411,0,0,93185880,161593200,68407320,0,108,108,true,0
45412,0,0,93185880,161597800,68411920,0,0,92,false,0
45413,0,0,93185880,161602300,68416420,0,0,90,false,0
45414,0,0,93185880,161607150,68421270,0,0,97,false,0
45415,0,0,93185880,161611750,68425870,0,0,92,false,0
45416,0,0,93185880,161616850,68430970,0,0,102,false,0
45417,0,0,93185880,161616850,68430970,0,114,114,true,0
45418,0,0,93185880,161622000,68436120,0,3,106,false,0
45419,0,0,93185880,161626800,68440920,0,0,96,false,0
45420,0,0,93185880,161631950,68446070,0,2,105,false,0
45421,0,0,93185880,161637100,68451220,0,17,120,false,0
45422,0,0,93185880,161642250,68456370,0,10,113,false,0
45423,0,0,93185880,161647400,68461520,0,1,104,false,0
45424,0,0,93185880,161651700,68465820,0,0,86,false,0
45425,0,0,93185880,161656400,68470520,0,0,94,false,0
45426,0,0,93185880,161660250,68474370,0,0,77,false,0
45427,0,0,93185880,161664150,68478270,0,0,78,false,0
45428,0,0,93185880,161664150,68478270,0,97,97,true,0
45429,0,0,93185880,161664150,68478270,0,92,92,true,0
45430,0,0,93185880,161669200,68483320,0,0,101,false,0
45431,0,0,93185880,161673900,68488020,0,0,94,false,0
45432,0,0,93185880,161679000,68493120,0,0,102,false,0
45433,0,0,93185880,161683500,68497620,0,0,90,false,0
45434,0,0,93185880,161688050,68502170,0,0,91,false,0
45435,0,0,93185880,161693200,68507320,0,16,119,false,0
45436,0,0,93185880,161698050,68512170,0,0,97,false,0
45437,0,0,93185880,161703200,68517320,0,1,104,false,0
45438,0,0,93185880,161708000,68522120,0,0,96,false,0
45439,0,0,93185880,161712500,68526620,0,0,90,false,0
45440,0,0,93185880,161717300,68531420,0,0,96,false,0
45441,0,0,93185880,161722450,68536570,0,0,103,false,0
45442,0,0,93185880,161727550,68541670,0,0,102,false,0
45443,0,0,93185880,161732300,68546420,0,0,95,false,0
45444,0,0,93185880,161737000,68551120,0,0,94,false,0
45445,0,0,93185880,161742100,68556220,0,0,102,false,0
45446,0,0,93185880,161746550,68560670,0,0,89,false,0
45447,0,0,93185880,161751700,68565820,0,7,110,false,0
45448,0,0,93292500,161751700,68459200,0,85,85,true,0
45449,0,0,93292500,161756800,68464300,0,0,102,false,0
45450,0,0,93292500,161761800,68469300,0,0,100,false,0
45451,0,0,93292500,161766950,68474450,0,17,120,false,0
45452,0,0,93292500,161766950,68474450,0,107,107,true,0
45453,0,0,93292500,161766950,68474450,0,104,104,true,0
45454,0,0,93292500,161766950,68474450,0,101,101,true,0
45455,0,0,93292500,161772100,68479600,0,3,106,false,0
45456,0,0,93292500,161776300,68483800,0,0,84,false,0
45457,0,0,93292500,161776300,68483800,0,85,85,true,0
45458,0,0,93292500,161776300,68483800,0,91,91,true,0
45459,0,0,93292500,161776300,68483800,0,91,91,true,0
45460,0,0,93292500,161780700,68488200,0,0,88,false,0
45461,0,0,93292500,161785850,68493350,0,12,115,false,0
45462,0,0,93292500,161790300,68497800,0,0,89,false,0
45463,0,0,93292500,161795450,68502950,0,3,106,false,0
45464,0,0,93292500,161799550,68507050,0,0,82,false,0
45465,0,0,93292500,161804700,68512200,0,14,117,false,0
45466,0,0,93292500,161809850,68517350,0,16,119,false,0
45467,0,0,93292500,161815000,68522500,0,5,108,false,0
45468,0,0,93292500,161819350,68526850,0,0,87,false,0
45469,0,0,93292500,161824500,68532000,0,9,112,false,0
45470,0,0,93292500,161829050,68536550,0,0,91,false,0
45471,0,0,93292500,161834200,68541700,0,16,119,false,0
45472,0,0,93292500,161834200,68541700,0,93,93,true,0
45473,0,0,93292500,161834200,68541700,0,103,103,true,0
45474,0,0,93292500,161834200,68541700,0,100,100,true,0
45475,0,0,93292500,161838550,68546050,0,0,87,false,0
45476,0,0,93292500,161843500,68551000,0,0,99,false,0
45477,0,0,93292500,161848400,68555900,0,0,98,false,0
45478,0,0,93292500,161853550,68561050,0,1,104,false,0
45479,0,0,93292500,161858200,68565700,0,0,93,false,0
45480,0,0,93292500,161863250,68570750,0,0,101,false,0
45481,0,0,93292500,161863250,68570750,0,115,115,true,0
45482,0,0,93292500,161863250,68570750,0,91,91,true,0
45483,0,0,93292500,161867950,68575450,0,0,94,false,0
45484,0,0,93292500,161872600,68580100,0,0,93,false,0
45485,0,0,93292500,161877750,68585250,0,0,103,false,0
45486,0,0,93292500,161877750,68585250,0,114,114,true,0
45487,0,0,93292500,161882900,68590400,0,4,107,false,0
45488,0,0,93292500,161887400,68594900,0,0,90,false,0
45489,0,0,93292500,161892550,68600050,0,2,105,false,0
45490,0,0,93292500,161897450,68604950,0,0,98,false,0
45491,0,0,93292500,161902250,68609750,0,0,96,false,0
45492,0,0,93292500,161907300,68614800,0,0,101,false,0
45493,0,0,93292500,161911500,68619000,0,0,84,false,0
45494,0,0,93292500,161916650,68624150,0,3,106,false,0
45495,0,0,93292500,161921800,68629300,0,2,105,false,0
45496,0,0,93292500,161921800,68629300,0,98,98,true,0
45497,0,0,93292500,161921800,68629300,0,90,90,true,0
45498,0,0,93292500,161926950,68634450,0,15,118,false,0
45499,0,0,93292500,161931600,68639100,0,0,93,false,0
45500,0,0,93399120,161936750,68537630,0,21,124,false,0
45501,0,0,93399120,161941250,68542130,0,0,90,false,0
45502,0,0,93399120,161946400,68547280,0,9,112,false,0
45503,0,0,93399120,161951550,68552430,0,1,104,false,0
45504,0,0,93399120,161956700,68557580,0,0,103,false,0
45505,0,0,93399120,161961400,68562280,0,0,94,false,0
45506,0,0,93399120,161966350,68567230,0,0,99,false,0
45507,0,0,93399120,161970850,68571730,0,0,90,false,0
45508,0,0,93399120,161975900,68576780,0,0,101,false,0
45509,0,0,93399120,161980550,68581430,0,0,93,false,0
45510,0,0,93399120,161985700,68586580,0,19,122,false,0
45511,0,0,93399120,161990500,68591380,0,0,96,false,0
45512,0,0,93399120,161995400,68596280,0,0,98,false,0
45513,0,0,93399120,162000550,68601430,0,7,110,false,0
45514,0,0,93399120,162005350,68606230,0,0,96,false,0
45515,0,0,93399120,162010500,68611380,0,14,117,false,0
45516,0,0,93399120,162015600,68616480,0,0,102,false,0
45517,0,0,93399120,162015600,68616480,0,94,94,true,0
45518,0,0,93399120,162020550,68621430,0,0,99,false,0
45519,0,0,93399120,162025700,68626580,0,7,110,false,0
45520,0,0,93399120,162030850,68631730,0,24,127,false,0
45521,0,0,93399120,162036000,68636880,0,10,113,false,0
45522,0,0,93399120,162039800,68640680,0,0,76,false,0
45523,0,0,93399120,162039800,68640680,0,86,86,true,0
45524,0,0,93399120,162039800,68640680,0,104,104,true,0
45525,0,0,93399120,162039800,68640680,0,103,103,true,0
45526,0,0,93399120,162044000,68644880,0,0,84,false,0
45527,0,0,93399120,162049150,68650030,0,0,103,false,0
45528,0,0,93399120,162054100,68654980,0,0,99,false,0
45529,0,0,93399120,162059250,68660130,0,5,108,false,0
45530,0,0,93399120,162059250,68660130,0,90,90,true,0
45531,0,0,93399120,162064400,68665280,0,7,110,false,0
45532,0,0,93399120,162069550,68670430,0,8,111,false,0
45533,0,0,93399120,162074100,68674980,0,0,91,false,0
45534,0,0,93399120,162079150,68680030,0,0,101,false,0
45535,0,0,93399120,162084250,68685130,0,0,102,false,0
45536,0,0,93399120,162088750,68689630,0,0,90,false,0
45537,0,0,93399120,162093450,68694330,0,0,94,false,0
45538,0,0,93399120,162098350,68699230,0,0,98,false,0
45539,0,0,93399120,162103000,68703880,0,0,93,false,0
45540,0,0,93399120,162107600,68708480,0,0,92,false,0
45541,0,0,93399120,162112250,68713130,0,0,93,false,0
45542,0,0,93399120,162116400,68717280,0,0,83,false,0
45543,0,0,93399120,162121500,68722380,0,0,102,false,0
45544,0,0,93399120,162126650,68727530,0,11,114,false,0
45545,0,0,93399120,162130700,68731580,0,0,81,false,0
45546,0,0,93399120,162135300,68736180,0,0,92,false,0
45547,0,0,93399120,162140450,68741330,0,27,130,false,0
45548,0,0,93399120,162144650,68745530,0,0,84,false,0
45549,0,0,93399120,162149350,68750230,0,0,94,false,0
45550,0,0,93399120,162149350,68750230,0,103,103,true,0
45551,0,0,93399120,162149350,68750230,0,102,102,true,0
45552,0,0,93505740,162154500,68648760,0,15,118,false,0
45553,0,0,93505740,162159650,68653910,0,8,111,false,0
45554,0,0,93505740,162164150,68658410,0,0,90,false,0
45555,0,0,93505740,162168450,68662710,0,0,86,false,0
45556,0,0,93505740,162173150,68667410,0,0,94,false,0
45557,0,0,93505740,162177800,68672060,0,0,93,false,0
45558,0,0,93505740,162182950,68677210,0,15,118,false,0
45559,0,0,93505740,162188100,68682360,0,5,108,false,0
45560,0,0,93505740,162193200,68687460,0,0,102,false,0
45561,0,0,93505740,162197800,68692060,0,0,92,false,0
45562,0,0,93505740,162202950,68697210,0,2,105,false,0
45563,0,0,93505740,162202950,68697210,0,115,115,true,0
45564,0,0,93505740,162208100,68702360,0,0,103,false,0
45565,0,0,93505740,162213250,68707510,0,2,105,false,0
45566,0,0,93505740,162218400,68712660,0,6,109,false,0
45567,0,0,93505740,162223450,68717710,0,0,101,false,0
45568,0,0,93505740,162228300,68722560,0,0,97,false,0
45569,0,0,93505740,162233450,68727710,0,5,108,false,0
45570,0,0,93505740,162237650,68731910,0,0,84,false,0
45571,0,0,93505740,162242800,68737060,0,9,112,false,0
45572,0,0,93505740,162247950,68742210,0,12,115,false,0
45573,0,0,93505740,162252800,68747060,0,0,97,false,0
45574,0,0,93505740,162257650,68751910,0,0,97,false,0
45575,0,0,93505740,162262800,68757060,0,2,105,false,0
45576,0,0,93505740,162267900,68762160,0,0,102,false,0
45577,0,0,93505740,162273050,68767310,0,7,110,false,0
45578,0,0,93505740,162277950,68772210,0,0,98,false,0
45579,0,0,93505740,162277950,68772210,0,93,93,true,0
45580,0,0,93505740,162282750,68777010,0,0,96,false,0
45581,0,0,93505740,162287800,68782060,0,0,101,false,0
45582,0,0,93505740,162292950,68787210,0,0,103,false,0
45583,0,0,93505740,162298100,68792360,0,5,108,false,0
45584,0,0,93505740,162298100,68792360,0,102,102,true,0
45585,0,0,93505740,162298100,68792360,0,96,96,true,0
45586,0,0,93505740,162298100,68792360,0,90,90,true,0
45587,0,0,93505740,162302750,68797010,0,0,93,false,0
45588,0,0,93505740,162307900,68802160,0,0,103,false,0
45589,0,0,93505740,162312500,68806760,0,0,92,false,0
45590,0,0,93505740,162317650,68811910,0,7,110,false,0
45591,0,0,93505740,162321400,68815660,0,0,75,false,0
45592,0,0,93505740,162325850,68820110,0,0,89,false,0
45593,0,0,93505740,162331000,68825260,0,6,109,false,0
45594,0,0,93505740,162336000,68830260,0,0,100,false,0
45595,0,0,93505740,162340650,68834910,0,0,93,false,0
45596,0,0,93505740,162345800,68840060,0,1,104,false,0
45597,0,0,93505740,162345800,68840060,0,88,88,true,0
45598,0,0,93505740,162345800,68840060,0,117,117,true,0
45599,0,0,93505740,162350950,68845210,0,4,107,false,0
45600,0,0,93505740,162356100,68850360,0,0,103,false,0
45601,0,0,93505740,162356100,68850360,0,87,87,true,0
45602,0,0,93505740,162356100,68850360,0,88,88,true,0
45603,0,0,93505740,162360550,68854810,0,0,89,false,0
45604,0,0,93612360,162365250,68752890,0,0,94,false,0
45605,0,0,93612360,162369700,68757340,0,0,89,false,0
45606,0,0,93612360,162374050,68761690,0,0,87,false,0
45607,0,0,93612360,162378750,68766390,0,0,94,false,0
45608,0,0,93612360,162378750,68766390,0,98,98,true,0
45609,0,0,93612360,162378750,68766390,0,99,99,true,0
45610,0,0,93612360,162383600,68771240,0,0,97,false,0
45611,0,0,93612360,162388200,68775840,0,0,92,false,0
45612,0,0,93612360,162392500,68780140,0,0,86,false,0
45613,0,0,93612360,162397550,68785190,0,0,101,false,0
45614,0,0,93612360,162401450,68789090,0,0,78,false,0
45615,0,0,93612360,162401450,68789090,0,87,87,true,0
45616,0,0,93612360,162406600,68794240,0,16,119,false,0
45617,0,0,93612360,162411500,68799140,0,0,98,false,0
45618,0,0,93612360,162416650,68804290,0,9,112,false,0
45619,0,0,93612360,162421650,68809290,0,0,100,false,0
45620,0,0,93612360,162421650,68809290,0,79,79,true,0
45621,0,0,93612360,162421650,68809290,0,88,88,true,0
45622,0,0,93612360,162421650,68809290,0,88,88,true,0
45623,0,0,93612360,162421650,68809290,0,97,97,true,0
45624,0,0,93612360,162421650,68809290,0,97,97,true,0
45625,0,0,93612360,162425750,68813390,0,0,82,false,0
45626,0,0,93612360,162430900,68818540,0,1,104,false,0
45627,0,0,93612360,162430900,68818540,0,90,90,true,0
45628,0,0,93612360,162436050,68823690,0,11,114,false,0
45629,0,0,93612360,162440650,68828290,0,0,92,false,0
45630,0,0,93612360,162445800,68833440,0,5,108,false,0
45631,0,0,93612360,162450950,68838590,0,0,103,false,0
45632,0,0,93612360,162455650,68843290,0,0,94,false,0
45633,0,0,93612360,162460650,68848290,0,0,100,false,0
45634,0,0,93612360,162460650,68848290,0,96,96,true,0
45635,0,0,93612360,162460650,68848290,0,86,86,true,0
45636,0,0,93612360,162460650,68848290,0,103,103,true,0
45637,0,0,93612360,162465450,68853090,0,0,96,false,0
45638,0,0,93612360,162469950,68857590,0,0,90,false,0
45639,0,0,93612360,162474650,68862290,0,0,94,false,0
45640,0,0,93612360,162479050,68866690,0,0,88,false,0
45641,0,0,93612360,162482550,68870190,0,0,70,false,0
45642,0,0,93612360,162487350,68874990,0,0,96,false,0
45643,0,0,93612360,162492350,68879990,0,0,100,false,0
45644,0,0,93612360,162497500,68885140,0,0,103,false,0
45645,0,0,93612360,162502650,68890290,0,3,106,false,0
45646,0,0,93612360,162507250,68894890,0,0,92,false,0
45647,0,0,93612360,162512400,68900040,0,14,117,false,0
45648,0,0,93612360,162517500,68905140,0,0,102,false,0
45649,0,0,93612360,162517500,68905140,0,90,90,true,0
45650,0,0,93612360,162517500,68905140,0,93,93,true,0
45651,0,0,93612360,162521950,68909590,0,0,89,false,0
45652,0,0,93612360,162527100,68914740,0,25,128,false,0
45653,0,0,93612360,162527100,68914740,0,95,95,true,0
45654,0,0,93612360,162527100,68914740,0,105,105,true,0
45655,0,0,93612360,162532250,68919890,0,0,103,false,0
45656,0,0,93718980,162536650,68817670,0,0,88,false,0
45657,0,0,93718980,162540450,68821470,0,0,76,false,0
45658,0,0,93718980,162545450,68826470,0,0,100,false,0
45659,0,0,93718980,162550250,68831270,0,0,96,false,0
45660,0,0,93718980,162554700,68835720,0,0,89,false,0
45661,0,0,93718980,162554700,68835720,0,89,89,true,0
45662,0,0,93718980,162559850,68840870,0,10,113,false,0
45663,0,0,93718980,162565000,68846020,0,2,105,false,0
45664,0,0,93718980,162569350,68850370,0,0,87,false,0
45665,0,0,93718980,162574400,68855420,0,0,101,false,0
45666,0,0,93718980,162578950,68859970,0,0,91,false,0
45667,0,0,93718980,162584100,68865120,0,7,110,false,0
45668,0,0,93718980,162584100,68865120,0,86,86,true,0
45669,0,0,93718980,162584100,68865120,0,103,103,true,0
45670,0,0,93718980,162584100,68865120,0,109,109,true,0
45671,0,0,93718980,162588800,68869820,0,0,94,false,0
45672,0,0,93718980,162593950,68874970,0,13,116,false,0
45673,0,0,93718980,162598900,68879920,0,0,99,false,0
45674,0,0,93718980,162603450,68884470,0,0,91,false,0
45675,0,0,93718980,162607600,68888620,0,0,83,false,0
45676,0,0,93718980,162612750,68893770,0,12,115,false,0
45677,0,0,93718980,162612750,68893770,0,102,102,true,0
45678,0,0,93718980,162617900,68898920,0,1,104,false,0
45679,0,0,93718980,162623050,68904070,0,4,107,false,0
45680,0,0,93718980,162627850,68908870,0,0,96,false,0
45681,0,0,93718980,162632850,68913870,0,0,100,false,0
45682,0,0,93718980,162637500,68918520,0,0,93,false,0
45683,0,0,93718980,162642350,68923370,0,0,97,false,0
45684,0,0,93718980,162647350,68928370,0,0,100,false,0
45685,0,0,93718980,162650900,68931920,0,0,71,false,0
45686,0,0,93718980,162655000,68936020,0,0,82,false,0
45687,0,0,93718980,162655000,68936020,0,94,94,true,0
45688,0,0,93718980,162655000,68936020,0,85,85,true,0
45689,0,0,93718980,162658600,68939620,0,0,72,false,0
45690,0,0,93718980,162663200,68944220,0,0,92,false,0
45691,0,0,93718980,162667900,68948920,0,0,94,false,0
45692,0,0,93718980,162672600,68953620,0,0,94,false,0
45693,0,0,93718980,162677250,68958270,0,0,93,false,0
45694,0,0,93718980,162681450,68962470,0,0,84,false,0
45695,0,0,93718980,162685900,68966920,0,0,89,false,0
45696,0,0,93718980,162685900,68966920,0,101,101,true,0
45697,0,0,93718980,162685900,68966920,0,121,121,true,0
45698,0,0,93718980,162685900,68966920,0,103,103,true,0
45699,0,0,93718980,162690750,68971770,0,0,97,false,0
45700,0,0,93718980,162695900,68976920,0,1,104,false,0
45701,0,0,93718980,162701050,68982070,0,0,103,false,0
45702,0,0,93718980,162706100,68987120,0,0,101,false,0
45703,0,0,93718980,162711250,68992270,0,1,104,false,0
45704,0,0,93718980,162711250,68992270,0,97,97,true,0
45705,0,0,93718980,162711250,68992270,0,110,110,true,0
45706,0,0,93718980,162711250,68992270,0,100,100,true,0
45707,0,0,93718980,162711250,68992270,0,103,103,true,0
45708,0,0,93825600,162711250,68885650,0,93,93,true,0
45709,0,0,93825600,162711250,68885650,0,101,101,true,0
45710,0,0,93825600,162715700,68890100,0,0,89,false,0
45711,0,0,93825600,162720550,68894950,0,0,97,false,0
45712,0,0,93825600,162720550,68894950,0,118,118,true,0
45713,0,0,93825600,162720550,68894950,0,92,92,true,0
45714,0,0,93825600,162725700,68900100,0,5,108,false,0
45715,0,0,93825600,162730700,68905100,0,0,100,false,0
45716,0,0,93825600,162735500,68909900,0,0,96,false,0
45717,0,0,93825600,162740550,68914950,0,0,101,false,0
45718,0,0,93825600,162745700,68920100,0,6,109,false,0
45719,0,0,93825600,162750850,68925250,0,9,112,false,0
45720,0,0,93825600,162756000,68930400,0,7,110,false,0
45721,0,0,93825600,162756000,68930400,0,96,96,true,0
45722,0,0,93825600,162761150,68935550,0,4,107,false,0
45723,0,0,93825600,162766300,68940700,0,3,106,false,0
45724,0,0,93825600,162766300,68940700,0,104,104,true,0
45725,0,0,93825600,162770750,68945150,0,0,89,false,0
45726,0,0,93825600,162775300,68949700,0,0,91,false,0
45727,0,0,93825600,162780450,68954850,0,16,119,false,0
45728,0,0,93825600,162785600,68960000,0,5,108,false,0
45729,0,0,93825600,162789600,68964000,0,0,80,false,0
45730,0,0,93825600,162794750,68969150,0,5,108,false,0
45731,0,0,93825600,162799750,68974150,0,0,100,false,0
45732,0,0,93825600,162804900,68979300,0,20,123,false,0
45733,0,0,93825600,162810050,68984450,0,7,110,false,0
45734,0,0,93825600,162815200,68989600,0,12,115,false,0
45735,0,0,93825600,162819800,68994200,0,0,92,false,0
45736,0,0,93825600,162819800,68994200,0,85,85,true,0
45737,0,0,93825600,162819800,68994200,0,102,102,true,0
45738,0,0,93825600,162819800,68994200,0,98,98,true,0
45739,0,0,93825600,162819800,68994200,0,111,111,true,0
45740,0,0,93825600,162819800,68994200,0,101,101,true,0
45741,0,0,93825600,162824950,68999350,0,4,107,false,0
45742,0,0,93825600,162830100,69004500,0,7,110,false,0
45743,0,0,93825600,162835050,69009450,0,0,99,false,0
45744,0,0,93825600,162840200,69014600,0,3,106,false,0
45745,0,0,93825600,162845150,69019550,0,0,99,false,0
45746,0,0,93825600,162849500,69023900,0,0,87,false,0
45747,0,0,93825600,162854000,69028400,0,0,90,false,0
45748,0,0,93825600,162859150,69033550,0,13,116,false,0
45749,0,0,93825600,162864050,69038450,0,0,98,false,0
45750,0,0,93825600,162869000,69043400,0,0,99,false,0
45751,0,0,93825600,162873700,69048100,0,0,94,false,0
45752,0,0,93825600,162878850,69053250,0,10,113,false,0
45753,0,0,93825600,162878850,69053250,0,98,98,true,0
45754,0,0,93825600,162878850,69053250,0,90,90,true,0
45755,0,0,93825600,162878850,69053250,0,99,99,true,0
45756,0,0,93825600,162883700,69058100,0,0,97,false,0
45757,0,0,93825600,162888700,69063100,0,0,100,false,0
45758,0,0,93825600,162893850,69068250,0,1,104,false,0
45759,0,0,93825600,162898300,69072700,0,0,89,false,0
45760,0,0,93932220,162903450,68971230,0,4,107,false,0
45761,0,0,93932220,162907950,68975730,0,0,90,false,0
45762,0,0,93932220,162913100,68980880,0,4,107,false,0
45763,0,0,93932220,162918250,68986030,0,7,110,false,0
45764,0,0,93932220,162923400,68991180,0,0,103,false,0
45765,0,0,93932220,162928000,68995780,0,0,92,false,0
45766,0,0,93932220,162928000,68995780,0,100,100,true,0
45767,0,0,93932220,162928000,68995780,0,104,104,true,0
45768,0,0,93932220,162928000,68995780,0,108,108,true,0
45769,0,0,93932220,162928000,68995780,0,93,93,true,0
45770,0,0,93932220,162928000,68995780,0,96,96,true,0
45771,0,0,93932220,162928000,68995780,0,86,86,true,0
45772,0,0,93932220,162933150,69000930,0,2,105,false,0
45773,0,0,93932220,162937550,69005330,0,0,88,false,0
45774,0,0,93932220,162942100,69009880,0,0,91,false,0
45775,0,0,93932220,162947250,69015030,0,2,105,false,0
45776,0,0,93932220,162951900,69019680,0,0,93,false,0
45777,0,0,93932220,162957050,69024830,0,5,108,false,0
45778,0,0,93932220,162961900,69029680,0,0,97,false,0
45779,0,0,93932220,162966750,69034530,0,0,97,false,0
45780,0,0,93932220,162966750,69034530,0,75,75,true,0
45781,0,0,93932220,162966750,69034530,0,85,85,true,0
45782,0,0,93932220,162966750,69034530,0,112,112,true,0
45783,0,0,93932220,162966750,69034530,0,103,103,true,0
45784,0,0,93932220,162966750,69034530,0,95,95,true,0
45785,0,0,93932220,162966750,69034530,0,77,77,true,0
45786,0,0,93932220,162971450,69039230,0,0,94,false,0
45787,0,0,93932220,162976600,69044380,0,11,114,false,0
45788,0,0,93932220,162981750,69049530,0,0,103,false,0
45789,0,0,93932220,162986300,69054080,0,0,91,false,0
45790,0,0,93932220,162990550,69058330,0,0,85,false,0
45791,0,0,93932220,162995450,69063230,0,0,98,false,0
45792,0,0,93932220,162999950,69067730,0,0,90,false,0
45793,0,0,93932220,163004650,69072430,0,0,94,false,0
45794,0,0,93932220,163009800,69077580,0,12,115,false,0
45795,0,0,93932220,163014950,69082730,0,9,112,false,0
45796,0,0,93932220,163020100,69087880,0,6,109,false,0
45797,0,0,93932220,163020100,69087880,0,95,95,true,0
45798,0,0,93932220,163024500,69092280,0,0,88,false,0
45799,0,0,93932220,163028950,69096730,0,0,89,false,0
45800,0,0,93932220,163033900,69101680,0,0,99,false,0
45801,0,0,93932220,163038700,69106480,0,0,96,false,0
45802,0,0,93932220,163038700,69106480,0,94,94,true,0
45803,0,0,93932220,163038700,69106480,0,94,94,true,0
45804,0,0,93932220,163043850,69111630,0,9,112,false,0
45805,0,0,93932220,163049000,69116780,0,12,115,false,0
45806,0,0,93932220,163053250,69121030,0,0,85,false,0
45807,0,0,93932220,163057850,69125630,0,0,92,false,0
45808,0,0,93932220,163057850,69125630,0,115,115,true,0
45809,0,0,93932220,163062900,69130680,0,0,101,false,0
45810,0,0,93932220,163068050,69135830,0,0,103,false,0
45811,0,0,93932220,163073200,69140980,0,0,103,false,0
45812,0,0,94038840,163078200,69039360,0,0,100,false,0
45813,0,0,94038840,163083350,69044510,0,7,110,false,0
45814,0,0,94038840,163088500,69049660,0,7,110,false,0
45815,0,0,94038840,163093650,69054810,0,4,107,false,0
45816,0,0,94038840,163098800,69059960,0,9,112,false,0
45817,0,0,94038840,163103950,69065110,0,1,104,false,0
45818,0,0,94038840,163108250,69069410,0,0,86,false,0
45819,0,0,94038840,163113400,69074560,0,4,107,false,0
45820,0,0,94038840,163118050,69079210,0,0,93,false,0
45821,0,0,94038840,163118050,69079210,0,97,97,true,0
45822,0,0,94038840,163123200,69084360,0,7,110,false,0
45823,0,0,94038840,163128150,69089310,0,0,99,false,0
45824,0,0,94038840,163128150,69089310,0,98,98,true,0
45825,0,0,94038840,163128150,69089310,0,107,107,true,0
45826,0,0,94038840,163128150,69089310,0,111,111,true,0
45827,0,0,94038840,163133300,69094460,0,12,115,false,0
45828,0,0,94038840,163137700,69098860,0,0,88,false,0
45829,0,0,94038840,163142850,69104010,0,1,104,false,0
45830,0,0,94038840,163148000,69109160,0,4,107,false,0
45831,0,0,94038840,163152250,69113410,0,0,85,false,0
45832,0,0,94038840,163152250,69113410,0,76,76,true,0
45833,0,0,94038840,163152250,69113410,0,86,86,true,0
45834,0,0,94038840,163152250,69113410,0,111,111,true,0
45835,0,0,94038840,163152250,69113410,0,106,106,true,0
45836,0,0,94038840,163157350,69118510,0,0,102,false,0
45837,0,0,94038840,163162500,69123660,0,10,113,false,0
45838,0,0,94038840,163167300,69128460,0,0,96,false,0
45839,0,0,94038840,163172050,69133210,0,0,95,false,0
45840,0,0,94038840,163176600,69137760,0,0,91,false,0
45841,0,0,94038840,163180950,69142110,0,0,87,false,0
45842,0,0,94038840,163185800,69146960,0,0,97,false,0
45843,0,0,94038840,163190500,69151660,0,0,94,false,0
45844,0,0,94038840,163195400,69156560,0,0,98,false,0
45845,0,0,94038840,163200100,69161260,0,0,94,false,0
45846,0,0,94038840,163204900,69166060,0,0,96,false,0
45847,0,0,94038840,163209250,69170410,0,0,87,false,0
45848,0,0,94038840,163213600,69174760,0,0,87,false,0
45849,0,0,94038840,163217600,69178760,0,0,80,false,0
45850,0,0,94038840,163222750,69183910,0,13,116,false,0
45851,0,0,94038840,163226850,69188010,0,0,82,false,0
45852,0,0,94038840,163232000,69193160,0,8,111,false,0
45853,0,0,94038840,163232000,69193160,0,103,103,true,0
45854,0,0,94038840,163232000,69193160,0,119,119,true,0
45855,0,0,94038840,163236950,69198110,0,0,99,false,0
45856,0,0,94038840,163242100,69203260,0,2,105,false,0
45857,0,0,94038840,163247200,69208360,0,0,102,false,0
45858,0,0,94038840,163252350,69213510,0,1,104,false,0
45859,0,0,94038840,163252350,69213510,0,109,109,true,0
45860,0,0,94038840,163252350,69213510,0,103,103,true,0
45861,0,0,94038840,163252350,69213510,0,102,102,true,0
45862,0,0,94038840,163257500,69218660,0,12,115,false,0
45863,0,0,94038840,163262150,69223310,0,0,93,false,0
45864,0,0,94145460,163262150,69116690,0,93,93,true,0
45865,0,0,94145460,163267050,69121590,0,0,98,false,0
45866,0,0,94145460,163271850,69126390,0,0,96,false,0
45867,0,0,94145460,163276250,69130790,0,0,88,false,0
45868,0,0,94145460,163280950,69135490,0,0,94,false,0
45869,0,0,94145460,163285950,69140490,0,0,100,false,0
45870,0,0,94145460,163290600,69145140,0,0,93,false,0
45871,0,0,94145460,163295300,69149840,0,0,94,false,0
45872,0,0,94145460,163300250,69154790,0,0,99,false,0
45873,0,0,94145460,163305400,69159940,0,8,111,false,0
45874,0,0,94145460,163309850,69164390,0,0,89,false,0
45875,0,0,94145460,163314450,69168990,0,0,92,false,0
45876,0,0,94145460,163319200,69173740,0,0,95,false,0
45877,0,0,94145460,163324350,69178890,0,9,112,false,0
45878,0,0,94145460,163329100,69183640,0,0,95,false,0
45879,0,0,94145460,163333900,69188440,0,0,96,false,0
45880,0,0,94145460,163333900,69188440,0,104,104,true,0
45881,0,0,94145460,163333900,69188440,0,91,91,true,0
45882,0,0,94145460,163333900,69188440,0,114,114,true,0
45883,0,0,94145460,163333900,69188440,0,116,116,true,0
45884,0,0,94145460,163333900,69188440,0,105,105,true,0
45885,0,0,94145460,163333900,69188440,0,97,97,true,0
45886,0,0,94145460,163339050,69193590,0,2,105,false,0
45887,0,0,94145460,163344050,69198590,0,0,100,false,0
45888,0,0,94145460,163348500,69203040,0,0,89,false,0
45889,0,0,94145460,163353650,69208190,0,4,107,false,0
45890,0,0,94145460,163353650,69208190,0,91,91,true,0
45891,0,0,94145460,163358500,69213040,0,0,97,false,0
45892,0,0,94145460,163363250,69217790,0,0,95,false,0
45893,0,0,94145460,163368400,69222940,0,3,106,false,0
45894,0,0,94145460,163368400,69222940,0,96,96,true,0
45895,0,0,94145460,163368400,69222940,0,105,105,true,0
45896,0,0,94145460,163373550,69228090,0,9,112,false,0
45897,0,0,94145460,163378700,69233240,0,1,104,false,0
45898,0,0,94145460,163383850,69238390,0,1,104,false,0
45899,0,0,94145460,163388900,69243440,0,0,101,false,0
45900,0,0,94145460,163394050,69248590,0,6,109,false,0
45901,0,0,94145460,163398950,69253490,0,0,98,false,0
45902,0,0,94145460,163398950,69253490,0,98,98,true,0
45903,0,0,94145460,163398950,69253490,0,101,101,true,0
45904,0,0,94145460,163398950,69253490,0,91,91,true,0
45905,0,0,94145460,163398950,69253490,0,106,106,true,0
45906,0,0,94145460,163398950,69253490,0,104,104,true,0
45907,0,0,94145460,163403250,69257790,0,0,86,false,0
45908,0,0,94145460,163408400,69262940,0,7,110,false,0
45909,0,0,94145460,163413100,69267640,0,0,94,false,0
45910,0,0,94145460,163418100,69272640,0,0,100,false,0
45911,0,0,94145460,163423100,69277640,0,0,100,false,0
45912,0,0,94145460,163423100,69277640,0,98,98,true,0
45913,0,0,94145460,163428050,69282590,0,0,99,false,0
45914,0,0,94145460,163433200,69287740,0,14,117,false,0
45915,0,0,94145460,163438150,69292690,0,0,99,false,0
45916,0,0,94252080,163443150,69191070,0,0,100,false,0
45917,0,0,94252080,163448300,69196220,0,3,106,false,0
45918,0,0,94252080,163453250,69201170,0,0,99,false,0
45919,0,0,94252080,163458150,69206070,0,0,98,false,0
45920,0,0,94252080,163463100,69211020,0,0,99,false,0
45921,0,0,94252080,163468250,69216170,0,11,114,false,0
45922,0,0,94252080,163468250,69216170,0,87,87,true,0
45923,0,0,94252080,163468250,69216170,0,97,97,true,0
45924,0,0,94252080,163468250,69216170,0,93,93,true,0
45925,0,0,94252080,163473150,69221070,0,0,98,false,0
45926,0,0,94252080,163478300,69226220,0,27,130,false,0
45927,0,0,94252080,163478300,69226220,0,97,97,true,0
45928,0,0,94252080,163483450,69231370,0,7,110,false,0
45929,0,0,94252080,163488400,69236320,0,0,99,false,0
45930,0,0,94252080,163493550,69241470,0,1,104,false,0
45931,0,0,94252080,163498700,69246620,0,14,117,false,0
45932,0,0,94252080,163503700,69251620,0,0,100,false,0
45933,0,0,94252080,163508350,69256270,0,0,93,false,0
45934,0,0,94252080,163508350,69256270,0,87,87,true,0
45935,0,0,94252080,163508350,69256270,0,97,97,true,0
45936,0,0,94252080,163508350,69256270,0,112,112,true,0
45937,0,0,94252080,163513500,69261420,0,1,104,false,0
45938,0,0,94252080,163518400,69266320,0,0,98,false,0
45939,0,0,94252080,163523450,69271370,0,0,101,false,0
45940,0,0,94252080,163527750,69275670,0,0,86,false,0
45941,0,0,94252080,163532900,69280820,0,13,116,false,0
45942,0,0,94252080,163537950,69285870,0,0,101,false,0
45943,0,0,94252080,163543000,69290920,0,0,101,false,0
45944,0,0,94252080,163547850,69295770,0,0,97,false,0
45945,0,0,94252080,163552850,69300770,0,0,100,false,0
45946,0,0,94252080,163552850,69300770,0,96,96,true,0
45947,0,0,94252080,163552850,69300770,0,93,93,true,0
45948,0,0,94252080,163552850,69300770,0,95,95,true,0
45949,0,0,94252080,163552850,69300770,0,103,103,true,0
45950,0,0,94252080,163552850,69300770,0,90,90,true,0
45951,0,0,94252080,163557850,69305770,0,0,100,false,0
45952,0,0,94252080,163562350,69310270,0,0,90,false,0
45953,0,0,94252080,163562350,69310270,0,102,102,true,0
45954,0,0,94252080,163567500,69315420,0,8,111,false,0
45955,0,0,94252080,163572650,69320570,0,14,117,false,0
45956,0,0,94252080,163577400,69325320,0,0,95,false,0
45957,0,0,94252080,163582550,69330470,0,16,119,false,0
45958,0,0,94252080,163587350,69335270,0,0,96,false,0
45959,0,0,94252080,163592150,69340070,0,0,96,false,0
45960,0,0,94252080,163597050,69344970,0,0,98,false,0
45961,0,0,94252080,163597050,69344970,0,98,98,true,0
45962,0,0,94252080,163597050,69344970,0,98,98,true,0
45963,0,0,94252080,163597050,69344970,0,106,106,true,0
45964,0,0,94252080,163602200,69350120,0,2,105,false,0
45965,0,0,94252080,163606950,69354870,0,0,95,false,0
45966,0,0,94252080,163612100,69360020,0,8,111,false,0
45967,0,0,94252080,163616200,69364120,0,0,82,false,0
45968,0,0,94358700,163621200,69262500,0,0,100,false,0
45969,0,0,94358700,163626150,69267450,0,0,99,false,0
45970,0,0,94358700,163626150,69267450,0,104,104,true,0
45971,0,0,94358700,163626150,69267450,0,97,97,true,0
45972,0,0,94358700,163626150,69267450,0,87,87,true,0
45973,0,0,94358700,163629950,69271250,0,0,76,false,0
45974,0,0,94358700,163634750,69276050,0,0,96,false,0
45975,0,0,94358700,163634750,69276050,0,83,83,true,0
45976,0,0,94358700,163634750,69276050,0,124,124,true,0
45977,0,0,94358700,163639900,69281200,0,1,104,false,0
45978,0,0,94358700,163644850,69286150,0,0,99,false,0
45979,0,0,94358700,163649650,69290950,0,0,96,false,0
45980,0,0,94358700,163654800,69296100,0,0,103,false,0
45981,0,0,94358700,163659700,69301000,0,0,98,false,0
45982,0,0,94358700,163664850,69306150,0,1,104,false,0
45983,0,0,94358700,163669700,69311000,0,0,97,false,0
45984,0,0,94358700,163674200,69315500,0,0,90,false,0
45985,0,0,94358700,163678600,69319900,0,0,88,false,0
45986,0,0,94358700,163683750,69325050,0,1,104,false,0
45987,0,0,94358700,163683750,69325050,0,107,107,true,0
45988,0,0,94358700,163683750,69325050,0,108,108,true,0
45989,0,0,94358700,163683750,69325050,0,81,81,true,0
45990,0,0,94358700,163683750,69325050,0,92,92,true,0
45991,0,0,94358700,163688450,69329750,0,0,94,false,0
45992,0,0,94358700,163693600,69334900,0,14,117,false,0
45993,0,0,94358700,163698750,69340050,0,6,109,false,0
45994,0,0,94358700,163703700,69345000,0,0,99,false,0
45995,0,0,94358700,163703700,69345000,0,115,115,true,0
45996,0,0,94358700,163703700,69345000,0,87,87,true,0
45997,0,0,94358700,163703700,69345000,0,99,99,true,0
45998,0,0,94358700,163708800,69350100,0,0,102,false,0
45999,0,0,94358700,163713350,69354650,0,0,91,false,0
46000,0,0,94358700,163718250,69359550,0,0,98,false,0
46001,0,0,94358700,163723150,69364450,0,0,98,false,0
46002,0,0,94358700,163723150,69364450,0,90,90,true,0
46003,0,0,94358700,163728300,69369600,0,2,105,false,0
46004,0,0,94358700,163733150,69374450,0,0,97,false,0
46005,0,0,94358700,163738300,69379600,0,3,106,false,0
46006,0,0,94358700,163743450,69384750,0,6,109,false,0
46007,0,0,94358700,163743450,69384750,0,107,107,true,0
46008,0,0,94358700,163748600,69389900,0,12,115,false,0
46009,0,0,94358700,163753750,69395050,0,8,111,false,0
46010,0,0,94358700,163758900,69400200,0,6,109,false,0
46011,0,0,94358700,163763850,69405150,0,0,99,false,0
46012,0,0,94358700,163769000,69410300,0,20,123,false,0
46013,0,0,94358700,163774150,69415450,0,1,104,false,0
46014,0,0,94358700,163778400,69419700,0,0,85,false,0
46015,0,0,94358700,163778400,69419700,0,124,124,true,0
46016,0,0,94358700,163778400,69419700,0,115,115,true,0
46017,0,0,94358700,163783000,69424300,0,0,92,false,0
46018,0,0,94358700,163788150,69429450,0,9,112,false,0
46019,0,0,94358700,163791950,69433250,0,0,76,false,0
46020,0,0,94465320,163791950,69326630,0,94,94,true,0
46021,0,0,94465320,163791950,69326630,0,100,100,true,0
46022,0,0,94465320,163796850,69331530,0,0,98,false,0
46023,0,0,94465320,163802000,69336680,0,2,105,false,0
46024,0,0,94465320,163802000,69336680,0,97,97,true,0
46025,0,0,94465320,163802000,69336680,0,102,102,true,0
46026,0,0,94465320,163802000,69336680,0,88,88,true,0
46027,0,0,94465320,163802000,69336680,0,108,108,true,0
46028,0,0,94465320,163802000,69336680,0,116,116,true,0
46029,0,0,94465320,163807100,69341780,0,0,102,false,0
46030,0,0,94465320,163812250,69346930,0,2,105,false,0
46031,0,0,94465320,163817250,69351930,0,0,100,false,0
46032,0,0,94465320,163822400,69357080,0,1,104,false,0
46033,0,0,94465320,163827500,69362180,0,0,102,false,0
46034,0,0,94465320,163827500,69362180,0,89,89,true,0
46035,0,0,94465320,163827500,69362180,0,94,94,true,0
46036,0,0,94465320,163827500,69362180,0,104,104,true,0
46037,0,0,94465320,163832650,69367330,0,10,113,false,0
46038,0,0,94465320,163837800,69372480,0,12,115,false,0
46039,0,0,94465320,163842250,69376930,0,0,89,false,0
46040,0,0,94465320,163847400,69382080,0,4,107,false,0
46041,0,0,94465320,163851850,69386530,0,0,89,false,0
46042,0,0,94465320,163856450,69391130,0,0,92,false,0
46043,0,0,94465320,163861600,69396280,0,8,111,false,0
46044,0,0,94465320,163861600,69396280,0,79,79,true,0
46045,0,0,94465320,163861600,69396280,0,99,99,true,0
46046,0,0,94465320,163861600,69396280,0,94,94,true,0
46047,0,0,94465320,163861600,69396280,0,82,82,true,0
46048,0,0,94465320,163861600,69396280,0,102,102,true,0
46049,0,0,94465320,163866750,69401430,0,2,105,false,0
46050,0,0,94465320,163871900,69406580,0,14,117,false,0
46051,0,0,94465320,163876500,69411180,0,0,92,false,0
46052,0,0,94465320,163881100,69415780,0,0,92,false,0
46053,0,0,94465320,163886250,69420930,0,9,112,false,0
46054,0,0,94465320,163891400,69426080,0,8,111,false,0
46055,0,0,94465320,163896550,69431230,0,0,103,false,0
46056,0,0,94465320,163901450,69436130,0,0,98,false,0
46057,0,0,94465320,163906600,69441280,0,6,109,false,0
46058,0,0,94465320,163906600,69441280,0,87,87,true,0
46059,0,0,94465320,163906600,69441280,0,105,105,true,0
46060,0,0,94465320,163911200,69445880,0,0,92,false,0
46061,0,0,94465320,163916350,69451030,0,5,108,false,0
46062,0,0,94465320,163916350,69451030,0,97,97,true,0
46063,0,0,94465320,163921500,69456180,0,1,104,false,0
46064,0,0,94465320,163926650,69461330,0,5,108,false,0
46065,0,0,94465320,163926650,69461330,0,102,102,true,0
46066,0,0,94465320,163926650,69461330,0,70,70,true,0
46067,0,0,94465320,163926650,69461330,0,90,90,true,0
46068,0,0,94465320,163926650,69461330,0,94,94,true,0
46069,0,0,94465320,163931550,69466230,0,0,98,false,0
46070,0,0,94465320,163936100,69470780,0,0,91,false,0
46071,0,0,94465320,163941250,69475930,0,4,107,false,0
46072,0,0,94571940,163946050,69374110,0,0,96,false,0
46073,0,0,94571940,163946050,69374110,0,90,90,true,0
46074,0,0,94571940,163946050,69374110,0,98,98,true,0
46075,0,0,94571940,163946050,69374110,0,84,84,true,0
46076,0,0,94571940,163946050,69374110,0,85,85,true,0
46077,0,0,94571940,163946050,69374110,0,97,97,true,0
46078,0,0,94571940,163950900,69378960,0,0,97,false,0
46079,0,0,94571940,163955350,69383410,0,0,89,false,0
46080,0,0,94571940,163955350,69383410,0,113,113,true,0
46081,0,0,94571940,163955350,69383410,0,99,99,true,0
46082,0,0,94571940,163960500,69388560,0,7,110,false,0
46083,0,0,94571940,163965650,69393710,0,6,109,false,0
46084,0,0,94571940,163970800,69398860,0,6,109,false,0
46085,0,0,94571940,163975500,69403560,0,0,94,false,0
46086,0,0,94571940,163980650,69408710,0,7,110,false,0
46087,0,0,94571940,163985800,69413860,0,5,108,false,0
46088,0,0,94571940,163990250,69418310,0,0,89,false,0
46089,0,0,94571940,163994800,69422860,0,0,91,false,0
46090,0,0,94571940,163999550,69427610,0,0,95,false,0
46091,0,0,94571940,164004500,69432560,0,0,99,false,0
46092,0,0,94571940,164009650,69437710,0,6,109,false,0
46093,0,0,94571940,164014600,69442660,0,0,99,false,0
46094,0,0,94571940,164019750,69447810,0,7,110,false,0
46095,0,0,94571940,164024800,69452860,0,0,101,false,0
46096,0,0,94571940,164029950,69458010,0,11,114,false,0
46097,0,0,94571940,164034700,69462760,0,0,95,false,0
46098,0,0,94571940,164034700,69462760,0,91,91,true,0
46099,0,0,94571940,164039550,69467610,0,0,97,false,0
46100,0,0,94571940,164044700,69472760,0,11,114,false,0
46101,0,0,94571940,164044700,69472760,0,102,102,true,0
46102,0,0,94571940,164044700,69472760,0,107,107,true,0
46103,0,0,94571940,164049200,69477260,0,0,90,false,0
46104,0,0,94571940,164053800,69481860,0,0,92,false,0
46105,0,0,94571940,164058950,69487010,0,6,109,false,0
46106,0,0,94571940,164063000,69491060,0,0,81,false,0
46107,0,0,94571940,164067750,69495810,0,0,95,false,0
46108,0,0,94571940,164071650,69499710,0,0,78,false,0
46109,0,0,94571940,164071650,69499710,0,99,99,true,0
46110,0,0,94571940,164076800,69504860,0,2,105,false,0
46111,0,0,94571940,164081950,69510010,0,9,112,false,0
46112,0,0,94571940,164081950,69510010,0,101,101,true,0
46113,0,0,94571940,164081950,69510010,0,103,103,true,0
46114,0,0,94571940,164086700,69514760,0,0,95,false,0
46115,0,0,94571940,164091850,69519910,0,17,120,false,0
46116,0,0,94571940,164097000,69525060,0,7,110,false,0
46117,0,0,94571940,164102150,69530210,0,2,105,false,0
46118,0,0,94571940,164107300,69535360,0,14,117,false,0
46119,0,0,94571940,164112450,69540510,0,10,113,false,0
46120,0,0,94571940,164117600,69545660,0,7,110,false,0
46121,0,0,94571940,164122600,69550660,0,0,100,false,0
46122,0,0,94571940,164126700,69554760,0,0,82,false,0
46123,0,0,94571940,164126700,69554760,0,95,95,true,0
46124,0,0,94678560,164130950,69452390,0,0,85,false,0
46125,0,0,94678560,164136100,69457540,0,2,105,false,0
46126,0,0,94678560,164141100,69462540,0,0,100,false,0
46127,0,0,94678560,164141100,69462540,0,101,101,true,0
46128,0,0,94678560,164145150,69466590,0,0,81,false,0
46129,0,0,94678560,164150300,69471740,0,0,103,false,0
46130,0,0,94678560,164150300,69471740,0,101,101,true,0
46131,0,0,94678560,164155300,69476740,0,0,100,false,0
46132,0,0,94678560,164160450,69481890,0,0,103,false,0
46133,0,0,94678560,164165150,69486590,0,0,94,false,0
46134,0,0,94678560,164170100,69491540,0,0,99,false,0
46135,0,0,94678560,164174800,69496240,0,0,94,false,0
46136,0,0,94678560,164179550,69500990,0,0,95,false,0
46137,0,0,94678560,164184700,69506140,0,7,110,false,0
46138,0,0,94678560,164184700,69506140,0,112,112,true,0
46139,0,0,94678560,164189850,69511290,0,2,105,false,0
46140,0,0,94678560,164195000,69516440,0,1,104,false,0
46141,0,0,94678560,164200150,69521590,0,7,110,false,0
46142,0,0,94678560,164205150,69526590,0,0,100,false,0
46143,0,0,94678560,164209900,69531340,0,0,95,false,0
46144,0,0,94678560,164215050,69536490,0,18,121,false,0
46145,0,0,94678560,164220200,69541640,0,2,105,false,0
46146,0,0,94678560,164225350,69546790,0,9,112,false,0
46147,0,0,94678560,164230500,69551940,0,0,103,false,0
46148,0,0,94678560,164234350,69555790,0,0,77,false,0
46149,0,0,94678560,164238100,69559540,0,0,75,false,0
46150,0,0,94678560,164242900,69564340,0,0,96,false,0
46151,0,0,94678560,164247600,69569040,0,0,94,false,0
46152,0,0,94678560,164247600,69569040,0,78,78,true,0
46153,0,0,94678560,164247600,69569040,0,101,101,true,0
46154,0,0,94678560,164252150,69573590,0,0,91,false,0
46155,0,0,94678560,164256550,69577990,0,0,88,false,0
46156,0,0,94678560,164260650,69582090,0,0,82,false,0
46157,0,0,94678560,164265000,69586440,0,0,87,false,0
46158,0,0,94678560,164270150,69591590,0,7,110,false,0
46159,0,0,94678560,164270150,69591590,0,106,106,true,0
46160,0,0,94678560,164274950,69596390,0,0,96,false,0
46161,0,0,94678560,164279750,69601190,0,0,96,false,0
46162,0,0,94678560,164284650,69606090,0,0,98,false,0
46163,0,0,94678560,164289800,69611240,0,18,121,false,0
46164,0,0,94678560,164294850,69616290,0,0,101,false,0
46165,0,0,94678560,164299900,69621340,0,0,101,false,0
46166,0,0,94678560,164304600,69626040,0,0,94,false,0
46167,0,0,94678560,164304600,69626040,0,89,89,true,0
46168,0,0,94678560,164304600,69626040,0,91,91,true,0
46169,0,0,94678560,164309750,69631190,0,15,118,false,0
46170,0,0,94678560,164314900,69636340,0,5,108,false,0
46171,0,0,94678560,164319500,69640940,0,0,92,false,0
46172,0,0,94678560,164319500,69640940,0,110,110,true,0
46173,0,0,94678560,164319500,69640940,0,91,91,true,0
46174,0,0,94678560,164319500,69640940,0,109,109,true,0
46175,0,0,94678560,164319500,69640940,0,103,103,true,0
46176,0,0,94785180,164324650,69539470,0,5,108,false,0
46177,0,0,94785180,164329800,69544620,0,19,122,false,0
46178,0,0,94785180,164334950,69549770,0,10,113,false,0
46179,0,0,94785180,164339600,69554420,0,0,93,false,0
46180,0,0,94785180,164344750,69559570,0,2,105,false,0
46181,0,0,94785180,164344750,69559570,0,98,98,true,0
46182,0,0,94785180,164344750,69559570,0,108,108,true,0
46183,0,0,94785180,164348900,69563720,0,0,83,false,0
46184,0,0,94785180,164354050,69568870,0,1,104,false,0
46185,0,0,94785180,164358700,69573520,0,0,93,false,0
46186,0,0,94785180,164363200,69578020,0,0,90,false,0
46187,0,0,94785180,164363200,69578020,0,91,91,true,0
46188,0,0,94785180,164363200,69578020,0,93,93,true,0
46189,0,0,94785180,164363200,69578020,0,105,105,true,0
46190,0,0,94785180,164367600,69582420,0,0,88,false,0
46191,0,0,94785180,164372750,69587570,0,1,104,false,0
46192,0,0,94785180,164377300,69592120,0,0,91,false,0
46193,0,0,94785180,164382000,69596820,0,0,94,false,0
46194,0,0,94785180,164387150,69601970,0,3,106,false,0
46195,0,0,94785180,164391750,69606570,0,0,92,false,0
46196,0,0,94785180,164391750,69606570,0,112,112,true,0
46197,0,0,94785180,164396900,69611720,0,11,114,false,0
46198,0,0,94785180,164401750,69616570,0,0,97,false,0
46199,0,0,94785180,164406900,69621720,0,14,117,false,0
46200,0,0,94785180,164411450,69626270,0,0,91,false,0
46201,0,0,94785180,164415500,69630320,0,0,81,false,0
46202,0,0,94785180,164415500,69630320,0,94,94,true,0
46203,0,0,94785180,164415500,69630320,0,103,103,true,0
46204,0,0,94785180,164415500,69630320,0,102,102,true,0
46205,0,0,94785180,164419950,69634770,0,0,89,false,0
46206,0,0,94785180,164425100,69639920,0,13,116,false,0
46207,0,0,94785180,164429750,69644570,0,0,93,false,0
46208,0,0,94785180,164434500,69649320,0,0,95,false,0
46209,0,0,94785180,164434500,69649320,0,104,104,true,0
46210,0,0,94785180,164439350,69654170,0,0,97,false,0
46211,0,0,94785180,164443700,69658520,0,0,87,false,0
46212,0,0,94785180,164448850,69663670,0,1,104,false,0
46213,0,0,94785180,164454000,69668820,0,0,103,false,0
46214,0,0,94785180,164458600,69673420,0,0,92,false,0
46215,0,0,94785180,164462800,69677620,0,0,84,false,0
46216,0,0,94785180,164466950,69681770,0,0,83,false,0
46217,0,0,94785180,164466950,69681770,0,99,99,true,0
46218,0,0,94785180,164466950,69681770,0,102,102,true,0
46219,0,0,94785180,164466950,69681770,0,109,109,true,0
46220,0,0,94785180,164471650,69686470,0,0,94,false,0
46221,0,0,94785180,164476450,69691270,0,0,96,false,0
46222,0,0,94785180,164476450,69691270,0,108,108,true,0
46223,0,0,94785180,164476450,69691270,0,106,106,true,0
46224,0,0,94785180,164480850,69695670,0,0,88,false,0
46225,0,0,94785180,164485900,69700720,0,0,101,false,0
46226,0,0,94785180,164491050,69705870,0,0,103,false,0
46227,0,0,94785180,164495750,69710570,0,0,94,false,0
46228,0,0,94891800,164500900,69609100,0,8,111,false,0
46229,0,0,94891800,164506050,69614250,0,11,114,false,0
46230,0,0,94891800,164511200,69619400,0,17,120,false,0
46231,0,0,94891800,164516200,69624400,0,0,100,false,0
46232,0,0,94891800,164521000,69629200,0,0,96,false,0
46233,0,0,94891800,164526150,69634350,0,6,109,false,0
46234,0,0,94891800,164530900,69639100,0,0,95,false,0
46235,0,0,94891800,164535950,69644150,0,0,101,false,0
46236,0,0,94891800,164541100,69649300,0,2,105,false,0
46237,0,0,94891800,164541100,69649300,0,86,86,true,0
46238,0,0,94891800,164541100,69649300,0,94,94,true,0
46239,0,0,94891800,164541100,69649300,0,103,103,true,0
46240,0,0,94891800,164541100,69649300,0,115,115,true,0
46241,0,0,94891800,164541100,69649300,0,91,91,true,0
46242,0,0,94891800,164545600,69653800,0,0,90,false,0
46243,0,0,94891800,164550600,69658800,0,0,100,false,0
46244,0,0,94891800,164550600,69658800,0,99,99,true,0
46245,0,0,94891800,164555750,69663950,0,13,116,false,0
46246,0,0,94891800,164560900,69669100,0,13,116,false,0
46247,0,0,94891800,164566050,69674250,0,3,106,false,0
46248,0,0,94891800,164571050,69679250,0,0,100,false,0
46249,0,0,94891800,164576200,69684400,0,4,107,false,0
46250,0,0,94891800,164581350,69689550,0,2,105,false,0
46251,0,0,94891800,164585700,69693900,0,0,87,false,0
46252,0,0,94891800,164590150,69698350,0,0,89,false,0
46253,0,0,94891800,164590150,69698350,0,103,103,true,0
46254,0,0,94891800,164595300,69703500,0,21,124,false,0
46255,0,0,94891800,164599700,69707900,0,0,88,false,0
46256,0,0,94891800,164599700,69707900,0,106,106,true,0
46257,0,0,94891800,164604850,69713050,0,6,109,false,0
46258,0,0,94891800,164610000,69718200,0,10,113,false,0
46259,0,0,94891800,164614900,69723100,0,0,98,false,0
46260,0,0,94891800,164620050,69728250,0,9,112,false,0
46261,0,0,94891800,164620050,69728250,0,94,94,true,0
46262,0,0,94891800,164620050,69728250,0,93,93,true,0
46263,0,0,94891800,164620050,69728250,0,70,70,true,0
46264,0,0,94891800,164624900,69733100,0,0,97,false,0
46265,0,0,94891800,164630050,69738250,0,1,104,false,0
46266,0,0,94891800,164635000,69743200,0,0,99,false,0
46267,0,0,94891800,164640150,69748350,0,1,104,false,0
46268,0,0,94891800,164645300,69753500,0,5,108,false,0
46269,0,0,94891800,164649800,69758000,0,0,90,false,0
46270,0,0,94891800,164654900,69763100,0,0,102,false,0
46271,0,0,94891800,164654900,69763100,0,109,109,true,0
46272,0,0,94891800,164654900,69763100,0,109,109,true,0
46273,0,0,94891800,164654900,69763100,0,69,69,true,0
46274,0,0,94891800,164660050,69768250,0,0,103,false,0
46275,0,0,94891800,164665200,69773400,0,1,104,false,0
46276,0,0,94891800,164670150,69778350,0,0,99,false,0
46277,0,0,94891800,164675250,69783450,0,0,102,false,0
46278,0,0,94891800,164680150,69788350,0,0,98,false,0
46279,0,0,94891800,164685300,69793500,0,1,104,false,0
46280,0,0,94998420,164689500,69691080,0,0,84,false,0
46281,0,0,94998420,164694650,69696230,0,7,110,false,0
46282,0,0,94998420,164699800,69701380,0,3,106,false,0
46283,0,0,94998420,164704950,69706530,0,0,103,false,0
46284,0,0,94998420,164709500,69711080,0,0,91,false,0
46285,0,0,94998420,164709500,69711080,0,96,96,true,0
46286,0,0,94998420,164709500,69711080,0,97,97,true,0
46287,0,0,94998420,164709500,69711080,0,105,105,true,0
46288,0,0,94998420,164709500,69711080,0,101,101,true,0
46289,0,0,94998420,164709500,69711080,0,108,108,true,0
46290,0,0,94998420,164714300,69715880,0,0,96,false,0
46291,0,0,94998420,164719450,69721030,0,7,110,false,0
46292,0,0,94998420,164724500,69726080,0,0,101,false,0
46293,0,0,94998420,164729650,69731230,0,12,115,false,0
46294,0,0,94998420,164734200,69735780,0,0,91,false,0
46295,0,0,94998420,164739300,69740880,0,0,102,false,0
46296,0,0,94998420,164744000,69745580,0,0,94,false,0
46297,0,0,94998420,164749150,69750730,0,10,113,false,0
46298,0,0,94998420,164754200,69755780,0,0,101,false,0
46299,0,0,94998420,164758600,69760180,0,0,88,false,0
46300,0,0,94998420,164763300,69764880,0,0,94,false,0
46301,0,0,94998420,164768000,69769580,0,0,94,false,0
46302,0,0,94998420,164773150,69774730,0,6,109,false,0
46303,0,0,94998420,164778300,69779880,0,2,105,false,0
46304,0,0,94998420,164783450,69785030,0,12,115,false,0
46305,0,0,94998420,164788600,69790180,0,23,126,false,0
46306,0,0,94998420,164793750,69795330,0,2,105,false,0
46307,0,0,94998420,164798850,69800430,0,0,102,false,0
46308,0,0,94998420,164798850,69800430,0,113,113,true,0
46309,0,0,94998420,164803750,69805330,0,0,98,false,0
46310,0,0,94998420,164808400,69809980,0,0,93,false,0
46311,0,0,94998420,164813550,69815130,0,0,103,false,0
46312,0,0,94998420,164818400,69819980,0,0,97,false,0
46313,0,0,94998420,164823550,69825130,0,3,106,false,0
46314,0,0,94998420,164828700,69830280,0,17,120,false,0
46315,0,0,94998420,164833850,69835430,0,9,112,false,0
46316,0,0,94998420,164839000,69840580,0,15,118,false,0
46317,0,0,94998420,164843550,69845130,0,0,91,false,0
46318,0,0,94998420,164847950,69849530,0,0,88,false,0
46319,0,0,94998420,164847950,69849530,0,110,110,true,0
46320,0,0,94998420,164852650,69854230,0,0,94,false,0
46321,0,0,94998420,164856000,69857580,0,0,67,false,0
46322,0,0,94998420,164860100,69861680,0,0,82,false,0
46323,0,0,94998420,164864500,69866080,0,0,88,false,0
46324,0,0,94998420,164869050,69870630,0,0,91,false,0
46325,0,0,94998420,164873700,69875280,0,0,93,false,0
46326,0,0,94998420,164878350,69879930,0,0,93,false,0
46327,0,0,94998420,164883500,69885080,0,8,111,false,0
46328,0,0,94998420,164887850,69889430,0,0,87,false,0
46329,0,0,94998420,164892150,69893730,0,0,86,false,0
46330,0,0,94998420,164896150,69897730,0,0,80,false,0
46331,0,0,94998420,164901300,69902880,0,2,105,false,0
46332,0,0,95105040,164906450,69801410,0,11,114,false,0
46333,0,0,95105040,164911100,69806060,0,0,93,false,0
46334,0,0,95105040,164916250,69811210,0,2,105,false,0
46335,0,0,95105040,164920650,69815610,0,0,88,false,0
46336,0,0,95105040,164925600,69820560,0,0,99,false,0
46337,0,0,95105040,164929750,69824710,0,0,83,false,0
46338,0,0,95105040,164934800,69829760,0,0,101,false,0
46339,0,0,95105040,164938800,69833760,0,0,80,false,0
46340,0,0,95105040,164938800,69833760,0,85,85,true,0
46341,0,0,95105040,164943950,69838910,0,8,111,false,0
46342,0,0,95105040,164949050,69844010,0,0,102,false,0
46343,0,0,95105040,164954150,69849110,0,0,102,false,0
46344,0,0,95105040,164958950,69853910,0,0,96,false,0
46345,0,0,95105040,164964100,69859060,0,5,108,false,0
46346,0,0,95105040,164969050,69864010,0,0,99,false,0
46347,0,0,95105040,164974200,69869160,0,6,109,false,0
46348,0,0,95105040,164978800,69873760,0,0,92,false,0
46349,0,0,95105040,164983400,69878360,0,0,92,false,0
46350,0,0,95105040,164983400,69878360,0,113,113,true,0
46351,0,0,95105040,164988550,69883510,0,5,108,false,0
46352,0,0,95105040,164993100,69888060,0,0,91,false,0
46353,0,0,95105040,164997200,69892160,0,0,82,false,0
46354,0,0,95105040,165001200,69896160,0,0,80,false,0
46355,0,0,95105040,165006350,69901310,0,11,114,false,0
46356,0,0,95105040,165011000,69905960,0,0,93,false,0
46357,0,0,95105040,165015650,69910610,0,0,93,false,0
46358,0,0,95105040,165020800,69915760,0,6,109,false,0
46359,0,0,95105040,165025950,69920910,0,6,109,false,0
46360,0,0,95105040,165031100,69926060,0,8,111,false,0
46361,0,0,95105040,165035700,69930660,0,0,92,false,0
46362,0,0,95105040,165039800,69934760,0,0,82,false,0
46363,0,0,95105040,165043800,69938760,0,0,80,false,0
46364,0,0,95105040,165048950,69943910,0,5,108,false,0
46365,0,0,95105040,165048950,69943910,0,116,116,true,0
46366,0,0,95105040,165048950,69943910,0,96,96,true,0
46367,0,0,95105040,165048950,69943910,0,114,114,true,0
46368,0,0,95105040,165048950,69943910,0,83,83,true,0
46369,0,0,95105040,165053350,69948310,0,0,88,false,0
46370,0,0,95105040,165058050,69953010,0,0,94,false,0
46371,0,0,95105040,165062850,69957810,0,0,96,false,0
46372,0,0,95105040,165062850,69957810,0,98,98,true,0
46373,0,0,95105040,165062850,69957810,0,113,113,true,0
46374,0,0,95105040,165062850,69957810,0,107,107,true,0
46375,0,0,95105040,165067600,69962560,0,0,95,false,0
46376,0,0,95105040,165072300,69967260,0,0,94,false,0
46377,0,0,95105040,165077450,69972410,0,5,108,false,0
46378,0,0,95105040,165081800,69976760,0,0,87,false,0
46379,0,0,95105040,165086700,69981660,0,0,98,false,0
46380,0,0,95105040,165086700,69981660,0,98,98,true,0
46381,0,0,95105040,165086700,69981660,0,90,90,true,0
46382,0,0,95105040,165086700,69981660,0,108,108,true,0
46383,0,0,95105040,165091250,69986210,0,0,91,false,0
46384,0,0,95211660,165096400,69884740,0,0,103,false,0
46385,0,0,95211660,165096400,69884740,0,90,90,true,0
46386,0,0,95211660,165096400,69884740,0,101,101,true,0
46387,0,0,95211660,165101000,69889340,0,0,92,false,0
46388,0,0,95211660,165106150,69894490,0,1,104,false,0
46389,0,0,95211660,165110450,69898790,0,0,86,false,0
46390,0,0,95211660,165115600,69903940,0,9,112,false,0
46391,0,0,95211660,165120750,69909090,0,8,111,false,0
46392,0,0,95211660,165125900,69914240,0,3,106,false,0
46393,0,0,95211660,165129650,69917990,0,0,75,false,0
46394,0,0,95211660,165134800,69923140,0,12,115,false,0
46395,0,0,95211660,165139950,69928290,0,13,116,false,0
46396,0,0,95211660,165145100,69933440,0,0,103,false,0
46397,0,0,95211660,165149600,69937940,0,0,90,false,0
46398,0,0,95211660,165154750,69943090,0,0,103,false,0
46399,0,0,95211660,165159900,69948240,0,1,104,false,0
46400,0,0,95211660,165164250,69952590,0,0,87,false,0
46401,0,0,95211660,165169400,69957740,0,2,105,false,0
46402,0,0,95211660,165169400,69957740,0,84,84,true,0
46403,0,0,95211660,165169400,69957740,0,90,90,true,0
46404,0,0,95211660,165169400,69957740,0,98,98,true,0
46405,0,0,95211660,165174550,69962890,0,9,112,false,0
46406,0,0,95211660,165179700,69968040,0,2,105,false,0
46407,0,0,95211660,165184650,69972990,0,0,99,false,0
46408,0,0,95211660,165184650,69972990,0,77,77,true,0
46409,0,0,95211660,165184650,69972990,0,104,104,true,0
46410,0,0,95211660,165184650,69972990,0,108,108,true,0
46411,0,0,95211660,165189800,69978140,0,1,104,false,0
46412,0,0,95211660,165194000,69982340,0,0,84,false,0
46413,0,0,95211660,165199150,69987490,0,2,105,false,0
46414,0,0,95211660,165204300,69992640,0,3,106,false,0
46415,0,0,95211660,165209400,69997740,0,0,102,false,0
46416,0,0,95211660,165213800,70002140,0,0,88,false,0
46417,0,0,95211660,165218650,70006990,0,0,97,false,0
46418,0,0,95211660,165222900,70011240,0,0,85,false,0
46419,0,0,95211660,165227300,70015640,0,0,88,false,0
46420,0,0,95211660,165227300,70015640,0,99,99,true,0
46421,0,0,95211660,165227300,70015640,0,98,98,true,0
46422,0,0,95211660,165227300,70015640,0,125,125,true,0
46423,0,0,95211660,165227300,70015640,0,111,111,true,0
46424,0,0,95211660,165232300,70020640,0,0,100,false,0
46425,0,0,95211660,165237450,70025790,0,5,108,false,0
46426,0,0,95211660,165241950,70030290,0,0,90,false,0
46427,0,0,95211660,165246850,70035190,0,0,98,false,0
46428,0,0,95211660,165251950,70040290,0,0,102,false,0
46429,0,0,95211660,165257100,70045440,0,3,106,false,0
46430,0,0,95211660,165257100,70045440,0,105,105,true,0
46431,0,0,95211660,165261550,70049890,0,0,89,false,0
46432,0,0,95211660,165266100,70054440,0,0,91,false,0
46433,0,0,95211660,165271250,70059590,0,9,112,false,0
46434,0,0,95211660,165271250,70059590,0,99,99,true,0
46435,0,0,95211660,165271250,70059590,0,106,106,true,0
46436,0,0,95318280,165276250,69957970,0,0,100,false,0
46437,0,0,95318280,165281150,69962870,0,0,98,false,0
46438,0,0,95318280,165286150,69967870,0,0,100,false,0
46439,0,0,95318280,165290250,69971970,0,0,82,false,0
46440,0,0,95318280,165294650,69976370,0,0,88,false,0
46441,0,0,95318280,165299700,69981420,0,0,101,false,0
46442,0,0,95318280,165299700,69981420,0,131,131,true,0
46443,0,0,95318280,165303950,69985670,0,0,85,false,0
46444,0,0,95318280,165309100,69990820,0,12,115,false,0
46445,0,0,95318280,165313850,69995570,0,0,95,false,0
46446,0,0,95318280,165313850,69995570,0,83,83,true,0
46447,0,0,95318280,165313850,69995570,0,103,103,true,0
46448,0,0,95318280,165313850,69995570,0,95,95,true,0
46449,0,0,95318280,165319000,70000720,0,0,103,false,0
46450,0,0,95318280,165323450,70005170,0,0,89,false,0
46451,0,0,95318280,165328600,70010320,0,8,111,false,0
46452,0,0,95318280,165333050,70014770,0,0,89,false,0
46453,0,0,95318280,165338200,70019920,0,14,117,false,0
46454,0,0,95318280,165343150,70024870,0,0,99,false,0
46455,0,0,95318280,165343150,70024870,0,109,109,true,0
46456,0,0,95318280,165343150,70024870,0,116,116,true,0
46457,0,0,95318280,165343150,70024870,0,111,111,true,0
46458,0,0,95318280,165343150,70024870,0,100,100,true,0
46459,0,0,95318280,165343150,70024870,0,87,87,true,0
46460,0,0,95318280,165343150,70024870,0,97,97,true,0
46461,0,0,95318280,165343150,70024870,0,94,94,true,0
46462,0,0,95318280,165348300,70030020,0,1,104,false,0
46463,0,0,95318280,165353400,70035120,0,0,102,false,0
46464,0,0,95318280,165358500,70040220,0,0,102,false,0
46465,0,0,95318280,165363600,70045320,0,0,102,false,0
46466,0,0,95318280,165363600,70045320,0,83,83,true,0
46467,0,0,95318280,165363600,70045320,0,100,100,true,0
46468,0,0,95318280,165363600,70045320,0,96,96,true,0
46469,0,0,95318280,165363600,70045320,0,89,89,true,0
46470,0,0,95318280,165363600,70045320,0,91,91,true,0
46471,0,0,95318280,165368750,70050470,0,7,110,false,0
46472,0,0,95318280,165373800,70055520,0,0,101,false,0
46473,0,0,95318280,165373800,70055520,0,90,90,true,0
46474,0,0,95318280,165378000,70059720,0,0,84,false,0
46475,0,0,95318280,165383150,70064870,0,9,112,false,0
46476,0,0,95318280,165388150,70069870,0,0,100,false,0
46477,0,0,95318280,165392900,70074620,0,0,95,false,0
46478,0,0,95318280,165398050,70079770,0,6,109,false,0
46479,0,0,95318280,165403200,70084920,0,0,103,false,0
46480,0,0,95318280,165408350,70090070,0,8,111,false,0
46481,0,0,95318280,165413300,70095020,0,0,99,false,0
46482,0,0,95318280,165413300,70095020,0,98,98,true,0
46483,0,0,95318280,165418450,70100170,0,0,103,false,0
46484,0,0,95318280,165423350,70105070,0,0,98,false,0
46485,0,0,95318280,165428300,70110020,0,0,99,false,0
46486,0,0,95318280,165433450,70115170,0,15,118,false,0
46487,0,0,95318280,165438600,70120320,0,4,107,false,0
46488,0,0,95424900,165443600,70018700,0,0,100,false,0
46489,0,0,95424900,165448500,70023600,0,0,98,false,0
46490,0,0,95424900,165453450,70028550,0,0,99,false,0
46491,0,0,95424900,165458000,70033100,0,0,91,false,0
46492,0,0,95424900,165458000,70033100,0,98,98,true,0
46493,0,0,95424900,165458000,70033100,0,112,112,true,0
46494,0,0,95424900,165458000,70033100,0,92,92,true,0
46495,0,0,95424900,165458000,70033100,0,109,109,true,0
46496,0,0,95424900,165462950,70038050,0,0,99,false,0
46497,0,0,95424900,165467050,70042150,0,0,82,false,0
46498,0,0,95424900,165471050,70046150,0,0,80,false,0
46499,0,0,95424900,165476200,70051300,0,4,107,false,0
46500,0,0,95424900,165481300,70056400,0,0,102,false,0
46501,0,0,95424900,165486250,70061350,0,0,99,false,0
46502,0,0,95424900,165491100,70066200,0,0,97,false,0
46503,0,0,95424900,165496250,70071350,0,1,104,false,0
46504,0,0,95424900,165496250,70071350,0,85,85,true,0
46505,0,0,95424900,165496250,70071350,0,91,91,true,0
46506,0,0,95424900,165496250,70071350,0,118,118,true,0
46507,0,0,95424900,165496250,70071350,0,101,101,true,0
46508,0,0,95424900,165496250,70071350,0,115,115,true,0
46509,0,0,95424900,165496250,70071350,0,100,100,true,0
46510,0,0,95424900,165496250,70071350,0,107,107,true,0
46511,0,0,95424900,165496250,70071350,0,91,91,true,0
46512,0,0,95424900,165501250,70076350,0,0,100,false,0
46513,0,0,95424900,165506350,70081450,0,0,102,false,0
46514,0,0,95424900,165511350,70086450,0,0,100,false,0
46515,0,0,95424900,165516150,70091250,0,0,96,false,0
46516,0,0,95424900,165521200,70096300,0,0,101,false,0
46517,0,0,95424900,165526350,70101450,0,5,108,false,0
46518,0,0,95424900,165531500,70106600,0,0,103,false,0
46519,0,0,95424900,165536650,70111750,0,1,104,false,0
46520,0,0,95424900,165541600,70116700,0,0,99,false,0
46521,0,0,95424900,165546050,70121150,0,0,89,false,0
46522,0,0,95424900,165551200,70126300,0,14,117,false,0
46523,0,0,95424900,165556000,70131100,0,0,96,false,0
46524,0,0,95424900,165560900,70136000,0,0,98,false,0
46525,0,0,95424900,165564550,70139650,0,0,73,false,0
46526,0,0,95424900,165569700,70144800,0,8,111,false,0
46527,0,0,95424900,165574400,70149500,0,0,94,false,0
46528,0,0,95424900,165578950,70154050,0,0,91,false,0
46529,0,0,95424900,165578950,70154050,0,103,103,true,0
46530,0,0,95424900,165584100,70159200,0,1,104,false,0
46531,0,0,95424900,165588200,70163300,0,0,82,false,0
46532,0,0,95424900,165592850,70167950,0,0,93,false,0
46533,0,0,95424900,165597650,70172750,0,0,96,false,0
46534,0,0,95424900,165602550,70177650,0,0,98,false,0
46535,0,0,95424900,165606700,70181800,0,0,83,false,0
46536,0,0,95424900,165606700,70181800,0,93,93,true,0
46537,0,0,95424900,165610600,70185700,0,0,78,false,0
46538,0,0,95424900,165615750,70190850,0,0,103,false,0
46539,0,0,95424900,165615750,70190850,0,102,102,true,0
46540,0,0,95531520,165620450,70088930,0,0,94,false,0
46541,0,0,95531520,165625600,70094080,0,2,105,false,0
46542,0,0,95531520,165630750,70099230,0,5,108,false,0
46543,0,0,95531520,165635350,70103830,0,0,92,false,0
46544,0,0,95531520,165635350,70103830,0,87,87,true,0
46545,0,0,95531520,165635350,70103830,0,118,118,true,0
46546,0,0,95531520,165635350,70103830,0,100,100,true,0
46547,0,0,95531520,165640300,70108780,0,0,99,false,0
46548,0,0,95531520,165644850,70113330,0,0,91,false,0
46549,0,0,95531520,165644850,70113330,0,115,115,true,0
46550,0,0,95531520,165644850,70113330,0,100,100,true,0
46551,0,0,95531520,165644850,70113330,0,90,90,true,0
46552,0,0,95531520,165644850,70113330,0,109,109,true,0
46553,0,0,95531520,165644850,70113330,0,108,108,true,0
46554,0,0,95531520,165650000,70118480,0,8,111,false,0
46555,0,0,95531520,165655100,70123580,0,0,102,false,0
46556,0,0,95531520,165660250,70128730,0,8,111,false,0
46557,0,0,95531520,165665400,70133880,0,7,110,false,0
46558,0,0,95531520,165665400,70133880,0,99,99,true,0
46559,0,0,95531520,165670350,70138830,0,0,99,false,0
46560,0,0,95531520,165675050,70143530,0,0,94,false,0
46561,0,0,95531520,165679900,70148380,0,0,97,false,0
46562,0,0,95531520,165679900,70148380,0,83,83,true,0
46563,0,0,95531520,165679900,70148380,0,90,90,true,0
46564,0,0,95531520,165684750,70153230,0,0,97,false,0
46565,0,0,95531520,165689900,70158380,0,8,111,false,0
46566,0,0,95531520,165695050,70163530,0,12,115,false,0
46567,0,0,95531520,165700200,70168680,0,7,110,false,0
46568,0,0,95531520,165705350,70173830,0,18,121,false,0
46569,0,0,95531520,165710500,70178980,0,6,109,false,0
46570,0,0,95531520,165715650,70184130,0,12,115,false,0
46571,0,0,95531520,165720650,70189130,0,0,100,false,0
46572,0,0,95531520,165725200,70193680,0,0,91,false,0
46573,0,0,95531520,165729600,70198080,0,0,88,false,0
46574,0,0,95531520,165734750,70203230,0,9,112,false,0
46575,0,0,95531520,165734750,70203230,0,99,99,true,0
46576,0,0,95531520,165734750,70203230,0,99,99,true,0
46577,0,0,95531520,165734750,70203230,0,91,91,true,0
46578,0,0,95531520,165734750,70203230,0,103,103,true,0
46579,0,0,95531520,165739200,70207680,0,0,89,false,0
46580,0,0,95531520,165744350,70212830,0,1,104,false,0
46581,0,0,95531520,165744350,70212830,0,94,94,true,0
46582,0,0,95531520,165744350,70212830,0,102,102,true,0
46583,0,0,95531520,165744350,70212830,0,107,107,true,0
46584,0,0,95531520,165744350,70212830,0,98,98,true,0
46585,0,0,95531520,165749200,70217680,0,0,97,false,0
46586,0,0,95531520,165754350,70222830,0,3,106,false,0
46587,0,0,95531520,165759500,70227980,0,1,104,false,0
46588,0,0,95531520,165764650,70233130,0,9,112,false,0
46589,0,0,95531520,165769800,70238280,0,13,116,false,0
46590,0,0,95531520,165774950,70243430,0,15,118,false,0
46591,0,0,95531520,165774950,70243430,0,99,99,true,0
46592,0,0,95638140,165774950,70136810,0,102,102,true,0
46593,0,0,95638140,165774950,70136810,0,107,107,true,0
46594,0,0,95638140,165774950,70136810,0,92,92,true,0
46595,0,0,95638140,165779650,70141510,0,0,94,false,0
46596,0,0,95638140,165784450,70146310,0,0,96,false,0
46597,0,0,95638140,165789600,70151460,0,7,110,false,0
46598,0,0,95638140,165794750,70156610,0,11,114,false,0
46599,0,0,95638140,165799100,70160960,0,0,87,false,0
46600,0,0,95638140,165799100,70160960,0,102,102,true,0
46601,0,0,95638140,165799100,70160960,0,94,94,true,0
46602,0,0,95638140,165799100,70160960,0,81,81,true,0
46603,0,0,95638140,165799100,70160960,0,98,98,true,0
46604,0,0,95638140,165799100,70160960,0,94,94,true,0
46605,0,0,95638140,165799100,70160960,0,93,93,true,0
46606,0,0,95638140,165803900,70165760,0,0,96,false,0
46607,0,0,95638140,165808550,70170410,0,0,93,false,0
46608,0,0,95638140,165813700,70175560,0,4,107,false,0
46609,0,0,95638140,165813700,70175560,0,108,108,true,0
46610,0,0,95638140,165813700,70175560,0,97,97,true,0
46611,0,0,95638140,165818850,70180710,0,9,112,false,0
46612,0,0,95638140,165824000,70185860,0,0,103,false,0
46613,0,0,95638140,165829150,70191010,0,0,103,false,0
46614,0,0,95638140,165834300,70196160,0,1,104,false,0
46615,0,0,95638140,165839450,70201310,0,8,111,false,0
46616,0,0,95638140,165844600,70206460,0,8,111,false,0
46617,0,0,95638140,165849350,70211210,0,0,95,false,0
46618,0,0,95638140,165853700,70215560,0,0,87,false,0
46619,0,0,95638140,165853700,70215560,0,104,104,true,0
46620,0,0,95638140,165858850,70220710,0,12,115,false,0
46621,0,0,95638140,165864000,70225860,0,2,105,false,0
46622,0,0,95638140,165869000,70230860,0,0,100,false,0
46623,0,0,95638140,165869000,70230860,0,89,89,true,0
46624,0,0,95638140,165869000,70230860,0,99,99,true,0
46625,0,0,95638140,165869000,70230860,0,109,109,true,0
46626,0,0,95638140,165869000,70230860,0,95,95,true,0
46627,0,0,95638140,165869000,70230860,0,95,95,true,0
46628,0,0,95638140,165873450,70235310,0,0,89,false,0
46629,0,0,95638140,165878250,70240110,0,0,96,false,0
46630,0,0,95638140,165883050,70244910,0,0,96,false,0
46631,0,0,95638140,165887950,70249810,0,0,98,false,0
46632,0,0,95638140,165892500,70254360,0,0,91,false,0
46633,0,0,95638140,165892500,70254360,0,116,116,true,0
46634,0,0,95638140,165892500,70254360,0,96,96,true,0
46635,0,0,95638140,165892500,70254360,0,92,92,true,0
46636,0,0,95638140,165897650,70259510,0,8,111,false,0
46637,0,0,95638140,165902600,70264460,0,0,99,false,0
46638,0,0,95638140,165907450,70269310,0,0,97,false,0
46639,0,0,95638140,165912600,70274460,0,27,130,false,0
46640,0,0,95638140,165916750,70278610,0,0,83,false,0
46641,0,0,95638140,165916750,70278610,0,97,97,true,0
46642,0,0,95638140,165921900,70283760,0,8,111,false,0
46643,0,0,95638140,165926550,70288410,0,0,93,false,0
46644,0,0,95744760,165931700,70186940,0,15,118,false,0
46645,0,0,95744760,165936750,70191990,0,0,101,false,0
46646,0,0,95744760,165936750,70191990,0,99,99,true,0
46647,0,0,95744760,165941600,70196840,0,0,97,false,0
46648,0,0,95744760,165946750,70201990,0,13,116,false,0
46649,0,0,95744760,165951900,70207140,0,1,104,false,0
46650,0,0,95744760,165956950,70212190,0,0,101,false,0
46651,0,0,95744760,165961400,70216640,0,0,89,false,0
46652,0,0,95744760,165961400,70216640,0,114,114,true,0
46653,0,0,95744760,165961400,70216640,0,104,104,true,0
46654,0,0,95744760,165961400,70216640,0,102,102,true,0
46655,0,0,95744760,165965900,70221140,0,0,90,false,0
46656,0,0,95744760,165970350,70225590,0,0,89,false,0
46657,0,0,95744760,165975500,70230740,0,2,105,false,0
46658,0,0,95744760,165980100,70235340,0,0,92,false,0
46659,0,0,95744760,165985050,70240290,0,0,99,false,0
46660,0,0,95744760,165990100,70245340,0,0,101,false,0
46661,0,0,95744760,165995250,70250490,0,9,112,false,0
46662,0,0,95744760,165995250,70250490,0,80,80,true,0
46663,0,0,95744760,166000400,70255640,0,13,116,false,0
46664,0,0,95744760,166004950,70260190,0,0,91,false,0
46665,0,0,95744760,166009800,70265040,0,0,97,false,0
46666,0,0,95744760,166014950,70270190,0,12,115,false,0
46667,0,0,95744760,166019300,70274540,0,0,87,false,0
46668,0,0,95744760,166023950,70279190,0,0,93,false,0
46669,0,0,95744760,166023950,70279190,0,91,91,true,0
46670,0,0,95744760,166023950,70279190,0,103,103,true,0
46671,0,0,95744760,166023950,70279190,0,101,101,true,0
46672,0,0,95744760,166023950,70279190,0,91,91,true,0
46673,0,0,95744760,166023950,70279190,0,106,106,true,0
46674,0,0,95744760,166029100,70284340,0,9,112,false,0
46675,0,0,95744760,166034000,70289240,0,0,98,false,0
46676,0,0,95744760,166038650,70293890,0,0,93,false,0
46677,0,0,95744760,166043800,70299040,0,17,120,false,0
46678,0,0,95744760,166047700,70302940,0,0,78,false,0
46679,0,0,95744760,166052650,70307890,0,0,99,false,0
46680,0,0,95744760,166057100,70312340,0,0,89,false,0
46681,0,0,95744760,166061700,70316940,0,0,92,false,0
46682,0,0,95744760,166065500,70320740,0,0,76,false,0
46683,0,0,95744760,166070650,70325890,0,2,105,false,0
46684,0,0,95744760,166075800,70331040,0,0,103,false,0
46685,0,0,95744760,166080450,70335690,0,0,93,false,0
46686,0,0,95744760,166085600,70340840,0,8,111,false,0
46687,0,0,95744760,166085600,70340840,0,117,117,true,0
46688,0,0,95744760,166085600,70340840,0,109,109,true,0
46689,0,0,95744760,166085600,70340840,0,102,102,true,0
46690,0,0,95744760,166085600,70340840,0,85,85,true,0
46691,0,0,95744760,166085600,70340840,0,95,95,true,0
46692,0,0,95744760,166090150,70345390,0,0,91,false,0
46693,0,0,95744760,166094750,70349990,0,0,92,false,0
46694,0,0,95744760,166099900,70355140,0,7,110,false,0
46695,0,0,95744760,166104750,70359990,0,0,97,false,0
46696,0,0,95851380,166109100,70257720,0,0,87,false,0
46697,0,0,95851380,166113900,70262520,0,0,96,false,0
46698,0,0,95851380,166119050,70267670,0,5,108,false,0
46699,0,0,95851380,166124100,70272720,0,0,101,false,0
46700,0,0,95851380,166129200,70277820,0,0,102,false,0
46701,0,0,95851380,166134250,70282870,0,0,101,false,0
46702,0,0,95851380,166139400,70288020,0,1,104,false,0
46703,0,0,95851380,166143950,70292570,0,0,91,false,0
46704,0,0,95851380,166148700,70297320,0,0,95,false,0
46705,0,0,95851380,166153850,70302470,0,11,114,false,0
46706,0,0,95851380,166153850,70302470,0,90,90,true,0
46707,0,0,95851380,166153850,70302470,0,97,97,true,0
46708,0,0,95851380,166153850,70302470,0,97,97,true,0
46709,0,0,95851380,166153850,70302470,0,86,86,true,0
46710,0,0,95851380,166153850,70302470,0,105,105,true,0
46711,0,0,95851380,166153850,70302470,0,106,106,true,0
46712,0,0,95851380,166158350,70306970,0,0,90,false,0
46713,0,0,95851380,166163400,70312020,0,0,101,false,0
46714,0,0,95851380,166168550,70317170,0,12,115,false,0
46715,0,0,95851380,166173700,70322320,0,11,114,false,0
46716,0,0,95851380,166178850,70327470,0,11,114,false,0
46717,0,0,95851380,166178850,70327470,0,109,109,true,0
46718,0,0,95851380,166178850,70327470,0,86,86,true,0
46719,0,0,95851380,166178850,70327470,0,107,107,true,0
46720,0,0,95851380,166184000,70332620,0,22,125,false,0
46721,0,0,95851380,166189150,70337770,0,2,105,false,0
46722,0,0,95851380,166189150,70337770,0,87,87,true,0
46723,0,0,95851380,166193700,70342320,0,0,91,false,0
46724,0,0,95851380,166198850,70347470,0,8,111,false,0
46725,0,0,95851380,166204000,70352620,0,5,108,false,0
46726,0,0,95851380,166208450,70357070,0,0,89,false,0
46727,0,0,95851380,166213050,70361670,0,0,92,false,0
46728,0,0,95851380,166217450,70366070,0,0,88,false,0
46729,0,0,95851380,166222150,70370770,0,0,94,false,0
46730,0,0,95851380,166227300,70375920,0,11,114,false,0
46731,0,0,95851380,166231850,70380470,0,0,91,false,0
46732,0,0,95851380,166236700,70385320,0,0,97,false,0
46733,0,0,95851380,166241650,70390270,0,0,99,false,0
46734,0,0,95851380,166246200,70394820,0,0,91,false,0
46735,0,0,95851380,166250900,70399520,0,0,94,false,0
46736,0,0,95851380,166255500,70404120,0,0,92,false,0
46737,0,0,95851380,166260650,70409270,0,1,104,false,0
46738,0,0,95851380,166264650,70413270,0,0,80,false,0
46739,0,0,95851380,166269800,70418420,0,16,119,false,0
46740,0,0,95851380,166274100,70422720,0,0,86,false,0
46741,0,0,95851380,166279250,70427870,0,5,108,false,0
46742,0,0,95851380,166284400,70433020,0,12,115,false,0
46743,0,0,95851380,166284400,70433020,0,101,101,true,0
46744,0,0,95851380,166289550,70438170,0,3,106,false,0
46745,0,0,95851380,166293600,70442220,0,0,81,false,0
46746,0,0,95851380,166298150,70446770,0,0,91,false,0
46747,0,0,95851380,166303150,70451770,0,0,100,false,0
46748,0,0,95958000,166303150,70345150,0,73,73,true,0
46749,0,0,95958000,166303150,70345150,0,83,83,true,0
46750,0,0,95958000,166307100,70349100,0,0,79,false,0
46751,0,0,95958000,166311850,70353850,0,0,95,false,0
46752,0,0,95958000,166317000,70359000,0,2,105,false,0
46753,0,0,95958000,166322000,70364000,0,0,100,false,0
46754,0,0,95958000,166327150,70369150,0,5,108,false,0
46755,0,0,95958000,166332300,70374300,0,3,106,false,0
46756,0,0,95958000,166337450,70379450,0,6,109,false,0
46757,0,0,95958000,166337450,70379450,0,100,100,true,0
46758,0,0,95958000,166337450,70379450,0,119,119,true,0
46759,0,0,95958000,166337450,70379450,0,93,93,true,0
46760,0,0,95958000,166337450,70379450,0,105,105,true,0
46761,0,0,95958000,166337450,70379450,0,111,111,true,0
46762,0,0,95958000,166337450,70379450,0,103,103,true,0
46763,0,0,95958000,166337450,70379450,0,119,119,true,0
46764,0,0,95958000,166337450,70379450,0,107,107,true,0
46765,0,0,95958000,166342600,70384600,0,14,117,false,0
46766,0,0,95958000,166347600,70389600,0,0,100,false,0
46767,0,0,95958000,166351750,70393750,0,0,83,false,0
46768,0,0,95958000,166356750,70398750,0,0,100,false,0
46769,0,0,95958000,166361800,70403800,0,0,101,false,0
46770,0,0,95958000,166366950,70408950,0,4,107,false,0
46771,0,0,95958000,166371400,70413400,0,0,89,false,0
46772,0,0,95958000,166375500,70417500,0,0,82,false,0
46773,0,0,95958000,166380650,70422650,0,2,105,false,0
46774,0,0,95958000,166380650,70422650,0,104,104,true,0
46775,0,0,95958000,166385400,70427400,0,0,95,false,0
46776,0,0,95958000,166389450,70431450,0,0,81,false,0
46777,0,0,95958000,166389450,70431450,0,99,99,true,0
46778,0,0,95958000,166389450,70431450,0,92,92,true,0
46779,0,0,95958000,166389450,70431450,0,103,103,true,0
46780,0,0,95958000,166389450,70431450,0,110,110,true,0
46781,0,0,95958000,166389450,70431450,0,93,93,true,0
46782,0,0,95958000,166394450,70436450,0,0,100,false,0
46783,0,0,95958000,166399600,70441600,0,3,106,false,0
46784,0,0,95958000,166403650,70445650,0,0,81,false,0
46785,0,0,95958000,166408800,70450800,0,1,104,false,0
46786,0,0,95958000,166413950,70455950,0,17,120,false,0
46787,0,0,95958000,166419100,70461100,0,12,115,false,0
46788,0,0,95958000,166423950,70465950,0,0,97,false,0
46789,0,0,95958000,166428600,70470600,0,0,93,false,0
46790,0,0,95958000,166433750,70475750,0,7,110,false,0
46791,0,0,95958000,166433750,70475750,0,114,114,true,0
46792,0,0,95958000,166433750,70475750,0,100,100,true,0
46793,0,0,95958000,166438900,70480900,0,3,106,false,0
46794,0,0,95958000,166442800,70484800,0,0,78,false,0
46795,0,0,95958000,166442800,70484800,0,103,103,true,0
46796,0,0,95958000,166442800,70484800,0,101,101,true,0
46797,0,0,95958000,166447950,70489950,0,2,105,false,0
46798,0,0,95958000,166453100,70495100,0,2,105,false,0
46799,0,0,95958000,166456900,70498900,0,0,76,false,0
46800,0,0,96064620,166460850,70396230,0,0,79,false,0
46801,0,0,96064620,166465950,70401330,0,0,102,false,0
46802,0,0,96064620,166471100,70406480,0,4,107,false,0
46803,0,0,96064620,166475550,70410930,0,0,89,false,0
46804,0,0,96064620,166480700,70416080,0,12,115,false,0
46805,0,0,96064620,166485850,70421230,0,4,107,false,0
46806,0,0,96064620,166485850,70421230,0,103,103,true,0
46807,0,0,96064620,166485850,70421230,0,98,98,true,0
46808,0,0,96064620,166485850,70421230,0,76,76,true,0
46809,0,0,96064620,166485850,70421230,0,91,91,true,0
46810,0,0,96064620,166490400,70425780,0,0,91,false,0
46811,0,0,96064620,166495550,70430930,0,22,125,false,0
46812,0,0,96064620,166500700,70436080,0,15,118,false,0
46813,0,0,96064620,166504850,70440230,0,0,83,false,0
46814,0,0,96064620,166504850,70440230,0,76,76,true,0
46815,0,0,96064620,166510000,70445380,0,20,123,false,0
46816,0,0,96064620,166514700,70450080,0,0,94,false,0
46817,0,0,96064620,166517550,70452930,0,0,57,false,0
46818,0,0,96064620,166522700,70458080,0,11,114,false,0
46819,0,0,96064620,166522700,70458080,0,102,102,true,0
46820,0,0,96064620,166527750,70463130,0,0,101,false,0
46821,0,0,96064620,166532900,70468280,0,1,104,false,0
46822,0,0,96064620,166538050,70473430,0,1,104,false,0
46823,0,0,96064620,166543000,70478380,0,0,99,false,0
46824,0,0,96064620,166547950,70483330,0,0,99,false,0
46825,0,0,96064620,166552350,70487730,0,0,88,false,0
46826,0,0,96064620,166557150,70492530,0,0,96,false,0
46827,0,0,96064620,166562300,70497680,0,9,112,false,0
46828,0,0,96064620,166566700,70502080,0,0,88,false,0
46829,0,0,96064620,166571500,70506880,0,0,96,false,0
46830,0,0,96064620,166576650,70512030,0,7,110,false,0
46831,0,0,96064620,166581500,70516880,0,0,97,false,0
46832,0,0,96064620,166586650,70522030,0,11,114,false,0
46833,0,0,96064620,166586650,70522030,0,99,99,true,0
46834,0,0,96064620,166591300,70526680,0,0,93,false,0
46835,0,0,96064620,166596400,70531780,0,0,102,false,0
46836,0,0,96064620,166596400,70531780,0,87,87,true,0
46837,0,0,96064620,166596400,70531780,0,87,87,true,0
46838,0,0,96064620,166601550,70536930,0,18,121,false,0
46839,0,0,96064620,166606700,70542080,0,0,103,false,0
46840,0,0,96064620,166606700,70542080,0,90,90,true,0
46841,0,0,96064620,166611750,70547130,0,0,101,false,0
46842,0,0,96064620,166616850,70552230,0,0,102,false,0
46843,0,0,96064620,166622000,70557380,0,2,105,false,0
46844,0,0,96064620,166625450,70560830,0,0,69,false,0
46845,0,0,96064620,166630600,70565980,0,2,105,false,0
46846,0,0,96064620,166635550,70570930,0,0,99,false,0
46847,0,0,96064620,166640700,70576080,0,5,108,false,0
46848,0,0,96064620,166645550,70580930,0,0,97,false,0
46849,0,0,96064620,166650450,70585830,0,0,98,false,0
46850,0,0,96064620,166655450,70590830,0,0,100,false,0
46851,0,0,96064620,166660200,70595580,0,0,95,false,0
46852,0,0,96171240,166660200,70488960,0,98,98,true,0
46853,0,0,96171240,166660200,70488960,0,114,114,true,0
46854,0,0,96171240,166665350,70494110,0,10,113,false,0
46855,0,0,96171240,166670500,70499260,0,12,115,false,0
46856,0,0,96171240,166675300,70504060,0,0,96,false,0
46857,0,0,96171240,166680150,70508910,0,0,97,false,0
46858,0,0,96171240,166680150,70508910,0,86,86,true,0
46859,0,0,96171240,166680150,70508910,0,108,108,true,0
46860,0,0,96171240,166680150,70508910,0,91,91,true,0
46861,0,0,96171240,166680150,70508910,0,93,93,true,0
46862,0,0,96171240,166680150,70508910,0,108,108,true,0
46863,0,0,96171240,166680150,70508910,0,102,102,true,0
46864,0,0,96171240,166685300,70514060,0,1,104,false,0
46865,0,0,96171240,166690000,70518760,0,0,94,false,0
46866,0,0,96171240,166690000,70518760,0,108,108,true,0
46867,0,0,96171240,166690000,70518760,0,104,104,true,0
46868,0,0,96171240,166690000,70518760,0,96,96,true,0
46869,0,0,96171240,166690000,70518760,0,108,108,true,0
46870,0,0,96171240,166690000,70518760,0,106,106,true,0
46871,0,0,96171240,166690000,70518760,0,89,89,true,0
46872,0,0,96171240,166690000,70518760,0,103,103,true,0
46873,0,0,96171240,166690000,70518760,0,90,90,true,0
46874,0,0,96171240,166690000,70518760,0,96,96,true,0
46875,0,0,96171240,166690000,70518760,0,101,101,true,0
46876,0,0,96171240,166690000,70518760,0,87,87,true,0
46877,0,0,96171240,166690000,70518760,0,110,110,true,0
46878,0,0,96171240,166695100,70523860,0,0,102,false,0
46879,0,0,96171240,166700250,70529010,0,3,106,false,0
46880,0,0,96171240,166705400,70534160,0,5,108,false,0
46881,0,0,96171240,166710550,70539310,0,2,105,false,0
46882,0,0,96171240,166714700,70543460,0,0,83,false,0
46883,0,0,96171240,166719850,70548610,0,3,106,false,0
46884,0,0,96171240,166719850,70548610,0,112,112,true,0
46885,0,0,96171240,166719850,70548610,0,91,91,true,0
46886,0,0,96171240,166719850,70548610,0,108,108,true,0
46887,0,0,96171240,166724200,70552960,0,0,87,false,0
46888,0,0,96171240,166729250,70558010,0,0,101,false,0
46889,0,0,96171240,166733750,70562510,0,0,90,false,0
46890,0,0,96171240,166737200,70565960,0,0,69,false,0
46891,0,0,96171240,166742100,70570860,0,0,98,false,0
46892,0,0,96171240,166747250,70576010,0,1,104,false,0
46893,0,0,96171240,166752400,70581160,0,8,111,false,0
46894,0,0,96171240,166757500,70586260,0,0,102,false,0
46895,0,0,96171240,166762000,70590760,0,0,90,false,0
46896,0,0,96171240,166762000,70590760,0,112,112,true,0
46897,0,0,96171240,166762000,70590760,0,111,111,true,0
46898,0,0,96171240,166762000,70590760,0,106,106,true,0
46899,0,0,96171240,166762000,70590760,0,97,97,true,0
46900,0,0,96171240,166762000,70590760,0,104,104,true,0
46901,0,0,96171240,166762000,70590760,0,95,95,true,0
46902,0,0,96171240,166762000,70590760,0,94,94,true,0
46903,0,0,96171240,166762000,70590760,0,118,118,true,0
46904,0,0,96277860,166766200,70488340,0,0,84,false,0
46905,0,0,96277860,166771050,70493190,0,0,97,false,0
46906,0,0,96277860,166776050,70498190,0,0,100,false,0
46907,0,0,96277860,166780800,70502940,0,0,95,false,0
46908,0,0,96277860,166785950,70508090,0,3,106,false,0
46909,0,0,96277860,166791050,70513190,0,0,102,false,0
46910,0,0,96277860,166791050,70513190,0,102,102,true,0
46911,0,0,96277860,166791050,70513190,0,81,81,true,0
46912,0,0,96277860,166791050,70513190,0,113,113,true,0
46913,0,0,96277860,166796150,70518290,0,0,102,false,0
46914,0,0,96277860,166801250,70523390,0,0,102,false,0
46915,0,0,96277860,166805700,70527840,0,0,89,false,0
46916,0,0,96277860,166810850,70532990,0,2,105,false,0
46917,0,0,96277860,166810850,70532990,0,94,94,true,0
46918,0,0,96277860,166815750,70537890,0,0,98,false,0
46919,0,0,96277860,166820450,70542590,0,0,94,false,0
46920,0,0,96277860,166820450,70542590,0,105,105,true,0
46921,0,0,96277860,166825600,70547740,0,9,112,false,0
46922,0,0,96277860,166830750,70552890,0,3,106,false,0
46923,0,0,96277860,166830750,70552890,0,103,103,true,0
46924,0,0,96277860,166830750,70552890,0,119,119,true,0
46925,0,0,96277860,166835900,70558040,0,4,107,false,0
46926,0,0,96277860,166840450,70562590,0,0,91,false,0
46927,0,0,96277860,166845600,70567740,0,11,114,false,0
46928,0,0,96277860,166845600,70567740,0,102,102,true,0
46929,0,0,96277860,166849450,70571590,0,0,77,false,0
46930,0,0,96277860,166854600,70576740,0,2,105,false,0
46931,0,0,96277860,166859150,70581290,0,0,91,false,0
46932,0,0,96277860,166864200,70586340,0,0,101,false,0
46933,0,0,96277860,166869250,70591390,0,0,101,false,0
46934,0,0,96277860,166874400,70596540,0,3,106,false,0
46935,0,0,96277860,166874400,70596540,0,93,93,true,0
46936,0,0,96277860,166874400,70596540,0,81,81,true,0
46937,0,0,96277860,166878800,70600940,0,0,88,false,0
46938,0,0,96277860,166883600,70605740,0,0,96,false,0
46939,0,0,96277860,166888550,70610690,0,0,99,false,0
46940,0,0,96277860,166893700,70615840,0,3,106,false,0
46941,0,0,96277860,166898250,70620390,0,0,91,false,0
46942,0,0,96277860,166903250,70625390,0,0,100,false,0
46943,0,0,96277860,166908400,70630540,0,3,106,false,0
46944,0,0,96277860,166913550,70635690,0,4,107,false,0
46945,0,0,96277860,166913550,70635690,0,86,86,true,0
46946,0,0,96277860,166913550,70635690,0,118,118,true,0
46947,0,0,96277860,166913550,70635690,0,96,96,true,0
46948,0,0,96277860,166913550,70635690,0,102,102,true,0
46949,0,0,96277860,166913550,70635690,0,104,104,true,0
46950,0,0,96277860,166913550,70635690,0,100,100,true,0
46951,0,0,96277860,166913550,70635690,0,83,83,true,0
46952,0,0,96277860,166913550,70635690,0,102,102,true,0
46953,0,0,96277860,166917500,70639640,0,0,79,false,0
46954,0,0,96277860,166922650,70644790,0,4,107,false,0
46955,0,0,96277860,166927600,70649740,0,0,99,false,0
46956,0,0,96384480,166932450,70547970,0,0,97,false,0
46957,0,0,96384480,166932450,70547970,0,108,108,true,0
46958,0,0,96384480,166932450,70547970,0,94,94,true,0
46959,0,0,96384480,166937050,70552570,0,0,92,false,0
46960,0,0,96384480,166942200,70557720,0,5,108,false,0
46961,0,0,96384480,166942200,70557720,0,113,113,true,0
46962,0,0,96384480,166942200,70557720,0,110,110,true,0
46963,0,0,96384480,166947350,70562870,0,3,106,false,0
46964,0,0,96384480,166952500,70568020,0,4,107,false,0
46965,0,0,96384480,166957650,70573170,0,2,105,false,0
46966,0,0,96384480,166962750,70578270,0,0,102,false,0
46967,0,0,96384480,166967650,70583170,0,0,98,false,0
46968,0,0,96384480,166972650,70588170,0,0,100,false,0
46969,0,0,96384480,166977800,70593320,0,0,103,false,0
46970,0,0,96384480,166977800,70593320,0,97,97,true,0
46971,0,0,96384480,166977800,70593320,0,110,110,true,0
46972,0,0,96384480,166982950,70598470,0,2,105,false,0
46973,0,0,96384480,166987500,70603020,0,0,91,false,0
46974,0,0,96384480,166992050,70607570,0,0,91,false,0
46975,0,0,96384480,166997200,70612720,0,11,114,false,0
46976,0,0,96384480,167001700,70617220,0,0,90,false,0
46977,0,0,96384480,167006800,70622320,0,0,102,false,0
46978,0,0,96384480,167011950,70627470,0,15,118,false,0
46979,0,0,96384480,167016750,70632270,0,0,96,false,0
46980,0,0,96384480,167021650,70637170,0,0,98,false,0
46981,0,0,96384480,167026400,70641920,0,0,95,false,0
46982,0,0,96384480,167030600,70646120,0,0,84,false,0
46983,0,0,96384480,167035350,70650870,0,0,95,false,0
46984,0,0,96384480,167035350,70650870,0,92,92,true,0
46985,0,0,96384480,167035350,70650870,0,97,97,true,0
46986,0,0,96384480,167035350,70650870,0,97,97,true,0
46987,0,0,96384480,167035350,70650870,0,116,116,true,0
46988,0,0,96384480,167040050,70655570,0,0,94,false,0
46989,0,0,96384480,167044500,70660020,0,0,89,false,0
46990,0,0,96384480,167049500,70665020,0,0,100,false,0
46991,0,0,96384480,167054100,70669620,0,0,92,false,0
46992,0,0,96384480,167059250,70674770,0,14,117,false,0
46993,0,0,96384480,167059250,70674770,0,103,103,true,0
46994,0,0,96384480,167064150,70679670,0,0,98,false,0
46995,0,0,96384480,167069300,70684820,0,4,107,false,0
46996,0,0,96384480,167073850,70689370,0,0,91,false,0
46997,0,0,96384480,167073850,70689370,0,82,82,true,0
46998,0,0,96384480,167079000,70694520,0,1,104,false,0
46999,0,0,96384480,167084000,70699520,0,0,100,false,0
47000,0,0,96384480,167089050,70704570,0,0,101,false,0
47001,0,0,96384480,167089050,70704570,0,108,108,true,0
47002,0,0,96384480,167089050,70704570,0,82,82,true,0
47003,0,0,96384480,167089050,70704570,0,96,96,true,0
47004,0,0,96384480,167089050,70704570,0,107,107,true,0
47005,0,0,96384480,167094100,70709620,0,0,101,false,0
47006,0,0,96384480,167099050,70714570,0,0,99,false,0
47007,0,0,96384480,167104050,70719570,0,0,100,false,0
47008,0,0,96491100,167109050,70617950,0,0,100,false,0
47009,0,0,96491100,167113450,70622350,0,0,88,false,0
47010,0,0,96491100,167118600,70627500,0,9,112,false,0
47011,0,0,96491100,167123350,70632250,0,0,95,false,0
47012,0,0,96491100,167128500,70637400,0,5,108,false,0
47013,0,0,96491100,167132800,70641700,0,0,86,false,0
47014,0,0,96491100,167137300,70646200,0,0,90,false,0
47015,0,0,96491100,167142350,70651250,0,0,101,false,0
47016,0,0,96491100,167142350,70651250,0,104,104,true,0
47017,0,0,96491100,167142350,70651250,0,105,105,true,0
47018,0,0,96491100,167147200,70656100,0,0,97,false,0
47019,0,0,96491100,167152250,70661150,0,0,101,false,0
47020,0,0,96491100,167156750,70665650,0,0,90,false,0
47021,0,0,96491100,167161600,70670500,0,0,97,false,0
47022,0,0,96491100,167166750,70675650,0,1,104,false,0
47023,0,0,96491100,167171300,70680200,0,0,91,false,0
47024,0,0,96491100,167175600,70684500,0,0,86,false,0
47025,0,0,96491100,167180600,70689500,0,0,100,false,0
47026,0,0,96491100,167185750,70694650,0,11,114,false,0
47027,0,0,96491100,167190900,70699800,0,7,110,false,0
47028,0,0,96491100,167196050,70704950,0,3,106,false,0
47029,0,0,96491100,167196050,70704950,0,102,102,true,0
47030,0,0,96491100,167196050,70704950,0,101,101,true,0
47031,0,0,96491100,167196050,70704950,0,84,84,true,0
47032,0,0,96491100,167196050,70704950,0,109,109,true,0
47033,0,0,96491100,167196050,70704950,0,112,112,true,0
47034,0,0,96491100,167196050,70704950,0,92,92,true,0
47035,0,0,96491100,167200750,70709650,0,0,94,false,0
47036,0,0,96491100,167205150,70714050,0,0,88,false,0
47037,0,0,96491100,167210300,70719200,0,9,112,false,0
47038,0,0,96491100,167210300,70719200,0,91,91,true,0
47039,0,0,96491100,167210300,70719200,0,97,97,true,0
47040,0,0,96491100,167210300,70719200,0,112,112,true,0
47041,0,0,96491100,167210300,70719200,0,121,121,true,0
47042,0,0,96491100,167210300,70719200,0,96,96,true,0
47043,0,0,96491100,167215150,70724050,0,0,97,false,0
47044,0,0,96491100,167220100,70729000,0,0,99,false,0
47045,0,0,96491100,167224950,70733850,0,0,97,false,0
47046,0,0,96491100,167230100,70739000,0,8,111,false,0
47047,0,0,96491100,167235250,70744150,0,2,105,false,0
47048,0,0,96491100,167240400,70749300,0,8,111,false,0
47049,0,0,96491100,167245550,70754450,0,5,108,false,0
47050,0,0,96491100,167250700,70759600,0,11,114,false,0
47051,0,0,96491100,167255350,70764250,0,0,93,false,0
47052,0,0,96491100,167260050,70768950,0,0,94,false,0
47053,0,0,96491100,167265200,70774100,0,3,106,false,0
47054,0,0,96491100,167269200,70778100,0,0,80,false,0
47055,0,0,96491100,167274350,70783250,0,1,104,false,0
47056,0,0,96491100,167274350,70783250,0,110,110,true,0
47057,0,0,96491100,167274350,70783250,0,108,108,true,0
47058,0,0,96491100,167279000,70787900,0,0,93,false,0
47059,0,0,96491100,167283950,70792850,0,0,99,false,0
47060,0,0,96597720,167289100,70691380,0,16,119,false,0
47061,0,0,96597720,167294150,70696430,0,0,101,false,0
47062,0,0,96597720,167299250,70701530,0,0,102,false,0
47063,0,0,96597720,167299250,70701530,0,102,102,true,0
47064,0,0,96597720,167299250,70701530,0,115,115,true,0
47065,0,0,96597720,167299250,70701530,0,108,108,true,0
47066,0,0,96597720,167299250,70701530,0,117,117,true,0
47067,0,0,96597720,167299250,70701530,0,105,105,true,0
47068,0,0,96597720,167304400,70706680,0,5,108,false,0
47069,0,0,96597720,167309550,70711830,0,1,104,false,0
47070,0,0,96597720,167314700,70716980,0,7,110,false,0
47071,0,0,96597720,167319850,70722130,0,3,106,false,0
47072,0,0,96597720,167319850,70722130,0,108,108,true,0
47073,0,0,96597720,167319850,70722130,0,117,117,true,0
47074,0,0,96597720,167324750,70727030,0,0,98,false,0
47075,0,0,96597720,167329200,70731480,0,0,89,false,0
47076,0,0,96597720,167333900,70736180,0,0,94,false,0
47077,0,0,96597720,167337900,70740180,0,0,80,false,0
47078,0,0,96597720,167343050,70745330,0,7,110,false,0
47079,0,0,96597720,167347700,70749980,0,0,93,false,0
47080,0,0,96597720,167352850,70755130,0,3,106,false,0
47081,0,0,96597720,167357500,70759780,0,0,93,false,0
47082,0,0,96597720,167362450,70764730,0,0,99,false,0
47083,0,0,96597720,167367600,70769880,0,21,124,false,0
47084,0,0,96597720,167367600,70769880,0,112,112,true,0
47085,0,0,96597720,167372750,70775030,0,19,122,false,0
47086,0,0,96597720,167377900,70780180,0,11,114,false,0
47087,0,0,96597720,167377900,70780180,0,113,113,true,0
47088,0,0,96597720,167382900,70785180,0,0,100,false,0
47089,0,0,96597720,167387650,70789930,0,0,95,false,0
47090,0,0,96597720,167392800,70795080,0,14,117,false,0
47091,0,0,96597720,167392800,70795080,0,99,99,true,0
47092,0,0,96597720,167397950,70800230,0,2,105,false,0
47093,0,0,96597720,167403100,70805380,0,6,109,false,0
47094,0,0,96597720,167408150,70810430,0,0,101,false,0
47095,0,0,96597720,167413300,70815580,0,16,119,false,0
47096,0,0,96597720,167418450,70820730,0,7,110,false,0
47097,0,0,96597720,167423200,70825480,0,0,95,false,0
47098,0,0,96597720,167428200,70830480,0,0,100,false,0
47099,0,0,96597720,167433350,70835630,0,11,114,false,0
47100,0,0,96597720,167438500,70840780,0,11,114,false,0
47101,0,0,96597720,167443000,70845280,0,0,90,false,0
47102,0,0,96597720,167447800,70850080,0,0,96,false,0
47103,0,0,96597720,167452900,70855180,0,0,102,false,0
47104,0,0,96597720,167457850,70860130,0,0,99,false,0
47105,0,0,96597720,167463000,70865280,0,0,103,false,0
47106,0,0,96597720,167467150,70869430,0,0,83,false,0
47107,0,0,96597720,167472200,70874480,0,0,101,false,0
47108,0,0,96597720,167477350,70879630,0,0,103,false,0
47109,0,0,96597720,167482300,70884580,0,0,99,false,0
47110,0,0,96597720,167487100,70889380,0,0,96,false,0
47111,0,0,96597720,167491600,70893880,0,0,90,false,0
47112,0,0,96704340,167491600,70787260,0,128,128,true,0
47113,0,0,96704340,167491600,70787260,0,90,90,true,0
47114,0,0,96704340,167496600,70792260,0,0,100,false,0
47115,0,0,96704340,167501650,70797310,0,0,101,false,0
47116,0,0,96704340,167501650,70797310,0,87,87,true,0
47117,0,0,96704340,167506300,70801960,0,0,93,false,0
47118,0,0,96704340,167511450,70807110,0,13,116,false,0
47119,0,0,96704340,167511450,70807110,0,113,113,true,0
47120,0,0,96704340,167511450,70807110,0,117,117,true,0
47121,0,0,96704340,167511450,70807110,0,105,105,true,0
47122,0,0,96704340,167511450,70807110,0,90,90,true,0
47123,0,0,96704340,167511450,70807110,0,79,79,true,0
47124,0,0,96704340,167511450,70807110,0,108,108,true,0
47125,0,0,96704340,167516000,70811660,0,0,91,false,0
47126,0,0,96704340,167521000,70816660,0,0,100,false,0
47127,0,0,96704340,167526150,70821810,0,5,108,false,0
47128,0,0,96704340,167526150,70821810,0,94,94,true,0
47129,0,0,96704340,167526150,70821810,0,99,99,true,0
47130,0,0,96704340,167531300,70826960,0,0,103,false,0
47131,0,0,96704340,167536450,70832110,0,2,105,false,0
47132,0,0,96704340,167541100,70836760,0,0,93,false,0
47133,0,0,96704340,167546250,70841910,0,1,104,false,0
47134,0,0,96704340,167546250,70841910,0,104,104,true,0
47135,0,0,96704340,167550850,70846510,0,0,92,false,0
47136,0,0,96704340,167555100,70850760,0,0,85,false,0
47137,0,0,96704340,167560000,70855660,0,0,98,false,0
47138,0,0,96704340,167560000,70855660,0,108,108,true,0
47139,0,0,96704340,167564600,70860260,0,0,92,false,0
47140,0,0,96704340,167569750,70865410,0,5,108,false,0
47141,0,0,96704340,167574550,70870210,0,0,96,false,0
47142,0,0,96704340,167579200,70874860,0,0,93,false,0
47143,0,0,96704340,167584200,70879860,0,0,100,false,0
47144,0,0,96704340,167589350,70885010,0,0,103,false,0
47145,0,0,96704340,167594500,70890160,0,1,104,false,0
47146,0,0,96704340,167599000,70894660,0,0,90,false,0
47147,0,0,96704340,167603700,70899360,0,0,94,false,0
47148,0,0,96704340,167608000,70903660,0,0,86,false,0
47149,0,0,96704340,167612700,70908360,0,0,94,false,0
47150,0,0,96704340,167617500,70913160,0,0,96,false,0
47151,0,0,96704340,167617500,70913160,0,93,93,true,0
47152,0,0,96704340,167617500,70913160,0,88,88,true,0
47153,0,0,96704340,167621900,70917560,0,0,88,false,0
47154,0,0,96704340,167626500,70922160,0,0,92,false,0
47155,0,0,96704340,167631650,70927310,0,5,108,false,0
47156,0,0,96704340,167636600,70932260,0,0,99,false,0
47157,0,0,96704340,167641500,70937160,0,0,98,false,0
47158,0,0,96704340,167646650,70942310,0,0,103,false,0
47159,0,0,96704340,167646650,70942310,0,98,98,true,0
47160,0,0,96704340,167650900,70946560,0,0,85,false,0
47161,0,0,96704340,167656050,70951710,0,5,108,false,0
47162,0,0,96704340,167656050,70951710,0,104,104,true,0
47163,0,0,96704340,167660700,70956360,0,0,93,false,0
47164,0,0,96810960,167664850,70853890,0,0,83,false,0
47165,0,0,96810960,167670000,70859040,0,0,103,false,0
47166,0,0,96810960,167670000,70859040,0,88,88,true,0
47167,0,0,96810960,167670000,70859040,0,97,97,true,0
47168,0,0,96810960,167674700,70863740,0,0,94,false,0
47169,0,0,96810960,167679650,70868690,0,0,99,false,0
47170,0,0,96810960,167684450,70873490,0,0,96,false,0
47171,0,0,96810960,167684450,70873490,0,98,98,true,0
47172,0,0,96810960,167684450,70873490,0,90,90,true,0
47173,0,0,96810960,167684450,70873490,0,105,105,true,0
47174,0,0,96810960,167688400,70877440,0,0,79,false,0
47175,0,0,96810960,167693550,70882590,0,9,112,false,0
47176,0,0,96810960,167693550,70882590,0,119,119,true,0
47177,0,0,96810960,167693550,70882590,0,99,99,true,0
47178,0,0,96810960,167693550,70882590,0,100,100,true,0
47179,0,0,96810960,167693550,70882590,0,104,104,true,0
47180,0,0,96810960,167698700,70887740,0,10,113,false,0
47181,0,0,96810960,167703700,70892740,0,0,100,false,0
47182,0,0,96810960,167708150,70897190,0,0,89,false,0
47183,0,0,96810960,167712900,70901940,0,0,95,false,0
47184,0,0,96810960,167712900,70901940,0,97,97,true,0
47185,0,0,96810960,167712900,70901940,0,103,103,true,0
47186,0,0,96810960,167718050,70907090,0,3,106,false,0
47187,0,0,96810960,167721950,70910990,0,0,78,false,0
47188,0,0,96810960,167727100,70916140,0,2,105,false,0
47189,0,0,96810960,167731850,70920890,0,0,95,false,0
47190,0,0,96810960,167731850,70920890,0,95,95,true,0
47191,0,0,96810960,167731850,70920890,0,81,81,true,0
47192,0,0,96810960,167736400,70925440,0,0,91,false,0
47193,0,0,96810960,167741000,70930040,0,0,92,false,0
47194,0,0,96810960,167741000,70930040,0,102,102,true,0
47195,0,0,96810960,167741000,70930040,0,109,109,true,0
47196,0,0,96810960,167745800,70934840,0,0,96,false,0
47197,0,0,96810960,167750100,70939140,0,0,86,false,0
47198,0,0,96810960,167754400,70943440,0,0,86,false,0
47199,0,0,96810960,167754400,70943440,0,103,103,true,0
47200,0,0,96810960,167754400,70943440,0,92,92,true,0
47201,0,0,96810960,167759550,70948590,0,4,107,false,0
47202,0,0,96810960,167764700,70953740,0,10,113,false,0
47203,0,0,96810960,167769400,70958440,0,0,94,false,0
47204,0,0,96810960,167773400,70962440,0,0,80,false,0
47205,0,0,96810960,167778200,70967240,0,0,96,false,0
47206,0,0,96810960,167778200,70967240,0,103,103,true,0
47207,0,0,96810960,167783350,70972390,0,4,107,false,0
47208,0,0,96810960,167787650,70976690,0,0,86,false,0
47209,0,0,96810960,167792600,70981640,0,0,99,false,0
47210,0,0,96810960,167797750,70986790,0,11,114,false,0
47211,0,0,96810960,167802900,70991940,0,5,108,false,0
47212,0,0,96810960,167807400,70996440,0,0,90,false,0
47213,0,0,96810960,167812200,71001240,0,0,96,false,0
47214,0,0,96810960,167817250,71006290,0,0,101,false,0
47215,0,0,96810960,167821300,71010340,0,0,81,false,0
47216,0,0,96917580,167826450,70908870,0,6,109,false,0
47217,0,0,96917580,167831000,70913420,0,0,91,false,0
47218,0,0,96917580,167835500,70917920,0,0,90,false,0
47219,0,0,96917580,167839800,70922220,0,0,86,false,0
47220,0,0,96917580,167843850,70926270,0,0,81,false,0
47221,0,0,96917580,167848700,70931120,0,0,97,false,0
47222,0,0,96917580,167853500,70935920,0,0,96,false,0
47223,0,0,96917580,167858650,70941070,0,5,108,false,0
47224,0,0,96917580,167863450,70945870,0,0,96,false,0
47225,0,0,96917580,167868600,70951020,0,7,110,false,0
47226,0,0,96917580,167873300,70955720,0,0,94,false,0
47227,0,0,96917580,167878350,70960770,0,0,101,false,0
47228,0,0,96917580,167882650,70965070,0,0,86,false,0
47229,0,0,96917580,167886550,70968970,0,0,78,false,0
47230,0,0,96917580,167891700,70974120,0,2,105,false,0
47231,0,0,96917580,167896850,70979270,0,4,107,false,0
47232,0,0,96917580,167902000,70984420,0,10,113,false,0
47233,0,0,96917580,167906400,70988820,0,0,88,false,0
47234,0,0,96917580,167910950,70993370,0,0,91,false,0
47235,0,0,96917580,167915850,70998270,0,0,98,false,0
47236,0,0,96917580,167920400,71002820,0,0,91,false,0
47237,0,0,96917580,167925550,71007970,0,2,105,false,0
47238,0,0,96917580,167930350,71012770,0,0,96,false,0
47239,0,0,96917580,167930350,71012770,0,97,97,true,0
47240,0,0,96917580,167935200,71017620,0,0,97,false,0
47241,0,0,96917580,167940350,71022770,0,4,107,false,0
47242,0,0,96917580,167944500,71026920,0,0,83,false,0
47243,0,0,96917580,167949000,71031420,0,0,90,false,0
47244,0,0,96917580,167953550,71035970,0,0,91,false,0
47245,0,0,96917580,167958600,71041020,0,0,101,false,0
47246,0,0,96917580,167963750,71046170,0,0,103,false,0
47247,0,0,96917580,167968900,71051320,0,5,108,false,0
47248,0,0,96917580,167974050,71056470,0,10,113,false,0
47249,0,0,96917580,167978950,71061370,0,0,98,false,0
47250,0,0,96917580,167983550,71065970,0,0,92,false,0
47251,0,0,96917580,167988450,71070870,0,0,98,false,0
47252,0,0,96917580,167993600,71076020,0,13,116,false,0
47253,0,0,96917580,167997950,71080370,0,0,87,false,0
47254,0,0,96917580,168003100,71085520,0,1,104,false,0
47255,0,0,96917580,168003100,71085520,0,105,105,true,0
47256,0,0,96917580,168003100,71085520,0,105,105,true,0
47257,0,0,96917580,168008250,71090670,0,6,109,false,0
47258,0,0,96917580,168013400,71095820,0,0,103,false,0
47259,0,0,96917580,168017950,71100370,0,0,91,false,0
47260,0,0,96917580,168021800,71104220,0,0,77,false,0
47261,0,0,96917580,168026100,71108520,0,0,86,false,0
47262,0,0,96917580,168030900,71113320,0,0,96,false,0
47263,0,0,96917580,168035800,71118220,0,0,98,false,0
47264,0,0,96917580,168040850,71123270,0,0,101,false,0
47265,0,0,96917580,168046000,71128420,0,10,113,false,0
47266,0,0,96917580,168046000,71128420,0,101,101,true,0
47267,0,0,96917580,168046000,71128420,0,94,94,true,0
47268,0,0,97024200,168051150,71026950,0,3,106,false,0
47269,0,0,97024200,168056300,71032100,0,1,104,false,0
47270,0,0,97024200,168056300,71032100,0,95,95,true,0
47271,0,0,97024200,168061150,71036950,0,0,97,false,0
47272,0,0,97024200,168066100,71041900,0,0,99,false,0
47273,0,0,97024200,168071250,71047050,0,1,104,false,0
47274,0,0,97024200,168075800,71051600,0,0,91,false,0
47275,0,0,97024200,168080550,71056350,0,0,95,false,0
47276,0,0,97024200,168085700,71061500,0,4,107,false,0
47277,0,0,97024200,168090200,71066000,0,0,90,false,0
47278,0,0,97024200,168095350,71071150,0,13,116,false,0
47279,0,0,97024200,168095350,71071150,0,96,96,true,0
47280,0,0,97024200,168095350,71071150,0,98,98,true,0
47281,0,0,97024200,168099700,71075500,0,0,87,false,0
47282,0,0,97024200,168104100,71079900,0,0,88,false,0
47283,0,0,97024200,168108750,71084550,0,0,93,false,0
47284,0,0,97024200,168113700,71089500,0,0,99,false,0
47285,0,0,97024200,168118150,71093950,0,0,89,false,0
47286,0,0,97024200,168123300,71099100,0,0,103,false,0
47287,0,0,97024200,168128450,71104250,0,11,114,false,0
47288,0,0,97024200,168133150,71108950,0,0,94,false,0
47289,0,0,97024200,168138300,71114100,0,4,107,false,0
47290,0,0,97024200,168142350,71118150,0,0,81,false,0
47291,0,0,97024200,168146700,71122500,0,0,87,false,0
47292,0,0,97024200,168150950,71126750,0,0,85,false,0
47293,0,0,97024200,168150950,71126750,0,80,80,true,0
47294,0,0,97024200,168156000,71131800,0,0,101,false,0
47295,0,0,97024200,168161100,71136900,0,0,102,false,0
47296,0,0,97024200,168165700,71141500,0,0,92,false,0
47297,0,0,97024200,168165700,71141500,0,93,93,true,0
47298,0,0,97024200,168165700,71141500,0,107,107,true,0
47299,0,0,97024200,168170850,71146650,0,9,112,false,0
47300,0,0,97024200,168176000,71151800,0,0,103,false,0
47301,0,0,97024200,168176000,71151800,0,98,98,true,0
47302,0,0,97024200,168181150,71156950,0,4,107,false,0
47303,0,0,97024200,168186300,71162100,0,4,107,false,0
47304,0,0,97024200,168191450,71167250,0,5,108,false,0
47305,0,0,97024200,168196600,71172400,0,11,114,false,0
47306,0,0,97024200,168201650,71177450,0,0,101,false,0
47307,0,0,97024200,168201650,71177450,0,100,100,true,0
47308,0,0,97024200,168201650,71177450,0,100,100,true,0
47309,0,0,97024200,168201650,71177450,0,95,95,true,0
47310,0,0,97024200,168206150,71181950,0,0,90,false,0
47311,0,0,97024200,168210450,71186250,0,0,86,false,0
47312,0,0,97024200,168210450,71186250,0,106,106,true,0
47313,0,0,97024200,168210450,71186250,0,87,87,true,0
47314,0,0,97024200,168210450,71186250,0,91,91,true,0
47315,0,0,97024200,168215600,71191400,0,8,111,false,0
47316,0,0,97024200,168220600,71196400,0,0,100,false,0
47317,0,0,97024200,168225700,71201500,0,0,102,false,0
47318,0,0,97024200,168225700,71201500,0,101,101,true,0
47319,0,0,97024200,168225700,71201500,0,101,101,true,0
47320,0,0,97130820,168225700,71094880,0,106,106,true,0
47321,0,0,97130820,168225700,71094880,0,122,122,true,0
47322,0,0,97130820,168230850,71100030,0,4,107,false,0
47323,0,0,97130820,168234950,71104130,0,0,82,false,0
47324,0,0,97130820,168240100,71109280,0,19,122,false,0
47325,0,0,97130820,168245250,71114430,0,7,110,false,0
47326,0,0,97130820,168249700,71118880,0,0,89,false,0
47327,0,0,97130820,168254850,71124030,0,13,116,false,0
47328,0,0,97130820,168254850,71124030,0,101,101,true,0
47329,0,0,97130820,168259500,71128680,0,0,93,false,0
47330,0,0,97130820,168264600,71133780,0,0,102,false,0
47331,0,0,97130820,168269750,71138930,0,8,111,false,0
47332,0,0,97130820,168274050,71143230,0,0,86,false,0
47333,0,0,97130820,168279200,71148380,0,4,107,false,0
47334,0,0,97130820,168283450,71152630,0,0,85,false,0
47335,0,0,97130820,168288000,71157180,0,0,91,false,0
47336,0,0,97130820,168293150,71162330,0,2,105,false,0
47337,0,0,97130820,168298300,71167480,0,0,103,false,0
47338,0,0,97130820,168303450,71172630,0,0,103,false,0
47339,0,0,97130820,168303450,71172630,0,116,116,true,0
47340,0,0,97130820,168308450,71177630,0,0,100,false,0
47341,0,0,97130820,168313500,71182680,0,0,101,false,0
47342,0,0,97130820,168318250,71187430,0,0,95,false,0
47343,0,0,97130820,168322850,71192030,0,0,92,false,0
47344,0,0,97130820,168327550,71196730,0,0,94,false,0
47345,0,0,97130820,168332700,71201880,0,17,120,false,0
47346,0,0,97130820,168337000,71206180,0,0,86,false,0
47347,0,0,97130820,168341550,71210730,0,0,91,false,0
47348,0,0,97130820,168345400,71214580,0,0,77,false,0
47349,0,0,97130820,168350550,71219730,0,9,112,false,0
47350,0,0,97130820,168355700,71224880,0,10,113,false,0
47351,0,0,97130820,168360500,71229680,0,0,96,false,0
47352,0,0,97130820,168360500,71229680,0,85,85,true,0
47353,0,0,97130820,168360500,71229680,0,97,97,true,0
47354,0,0,97130820,168360500,71229680,0,94,94,true,0
47355,0,0,97130820,168365650,71234830,0,1,104,false,0
47356,0,0,97130820,168369750,71238930,0,0,82,false,0
47357,0,0,97130820,168374900,71244080,0,1,104,false,0
47358,0,0,97130820,168380000,71249180,0,0,102,false,0
47359,0,0,97130820,168384800,71253980,0,0,96,false,0
47360,0,0,97130820,168384800,71253980,0,100,100,true,0
47361,0,0,97130820,168384800,71253980,0,106,106,true,0
47362,0,0,97130820,168389450,71258630,0,0,93,false,0
47363,0,0,97130820,168394600,71263780,0,1,104,false,0
47364,0,0,97130820,168398900,71268080,0,0,86,false,0
47365,0,0,97130820,168404050,71273230,0,0,103,false,0
47366,0,0,97130820,168409200,71278380,0,21,124,false,0
47367,0,0,97130820,168413700,71282880,0,0,90,false,0
47368,0,0,97130820,168418250,71287430,0,0,91,false,0
47369,0,0,97130820,168422500,71291680,0,0,85,false,0
47370,0,0,97130820,168422500,71291680,0,84,84,true,0
47371,0,0,97130820,168422500,71291680,0,97,97,true,0
47372,0,0,97237440,168427650,71190210,0,9,112,false,0
47373,0,0,97237440,168432800,71195360,0,13,116,false,0
47374,0,0,97237440,168437800,71200360,0,0,100,false,0
47375,0,0,97237440,168442700,71205260,0,0,98,false,0
47376,0,0,97237440,168442700,71205260,0,111,111,true,0
47377,0,0,97237440,168447600,71210160,0,0,98,false,0
47378,0,0,97237440,168452450,71215010,0,0,97,false,0
47379,0,0,97237440,168456750,71219310,0,0,86,false,0
47380,0,0,97237440,168461050,71223610,0,0,86,false,0
47381,0,0,97237440,168466100,71228660,0,0,101,false,0
47382,0,0,97237440,168471250,71233810,0,2,105,false,0
47383,0,0,97237440,168476400,71238960,0,4,107,false,0
47384,0,0,97237440,168476400,71238960,0,84,84,true,0
47385,0,0,97237440,168480700,71243260,0,0,86,false,0
47386,0,0,97237440,168485450,71248010,0,0,95,false,0
47387,0,0,97237440,168489800,71252360,0,0,87,false,0
47388,0,0,97237440,168494550,71257110,0,0,95,false,0
47389,0,0,97237440,168499450,71262010,0,0,98,false,0
47390,0,0,97237440,168504600,71267160,0,1,104,false,0
47391,0,0,97237440,168504600,71267160,0,100,100,true,0
47392,0,0,97237440,168509650,71272210,0,0,101,false,0
47393,0,0,97237440,168514100,71276660,0,0,89,false,0
47394,0,0,97237440,168514100,71276660,0,88,88,true,0
47395,0,0,97237440,168518550,71281110,0,0,89,false,0
47396,0,0,97237440,168523500,71286060,0,0,99,false,0
47397,0,0,97237440,168528450,71291010,0,0,99,false,0
47398,0,0,97237440,168533250,71295810,0,0,96,false,0
47399,0,0,97237440,168538400,71300960,0,5,108,false,0
47400,0,0,97237440,168543150,71305710,0,0,95,false,0
47401,0,0,97237440,168548300,71310860,0,5,108,false,0
47402,0,0,97237440,168548300,71310860,0,81,81,true,0
47403,0,0,97237440,168553200,71315760,0,0,98,false,0
47404,0,0,97237440,168558050,71320610,0,0,97,false,0
47405,0,0,97237440,168562700,71325260,0,0,93,false,0
47406,0,0,97237440,168566850,71329410,0,0,83,false,0
47407,0,0,97237440,168571450,71334010,0,0,92,false,0
47408,0,0,97237440,168576050,71338610,0,0,92,false,0
47409,0,0,97237440,168581200,71343760,0,0,103,false,0
47410,0,0,97237440,168586250,71348810,0,0,101,false,0
47411,0,0,97237440,168590500,71353060,0,0,85,false,0
47412,0,0,97237440,168595550,71358110,0,0,101,false,0
47413,0,0,97237440,168599950,71362510,0,0,88,false,0
47414,0,0,97237440,168604550,71367110,0,0,92,false,0
47415,0,0,97237440,168609200,71371760,0,0,93,false,0
47416,0,0,97237440,168613750,71376310,0,0,91,false,0
47417,0,0,97237440,168618900,71381460,0,22,125,false,0
47418,0,0,97237440,168623950,71386510,0,0,101,false,0
47419,0,0,97237440,168628400,71390960,0,0,89,false,0
47420,0,0,97237440,168632850,71395410,0,0,89,false,0
47421,0,0,97237440,168638000,71400560,0,7,110,false,0
47422,0,0,97237440,168642400,71404960,0,0,88,false,0
47423,0,0,97237440,168647550,71410110,0,6,109,false,0
47424,0,0,97344060,168647550,71303490,0,104,104,true,0
47425,0,0,97344060,168652450,71308390,0,0,98,false,0
47426,0,0,97344060,168657100,71313040,0,0,93,false,0
47427,0,0,97344060,168661550,71317490,0,0,89,false,0
47428,0,0,97344060,168666600,71322540,0,0,101,false,0
47429,0,0,97344060,168671400,71327340,0,0,96,false,0
47430,0,0,97344060,168676550,71332490,0,12,115,false,0
47431,0,0,97344060,168681650,71337590,0,0,102,false,0
47432,0,0,97344060,168686100,71342040,0,0,89,false,0
47433,0,0,97344060,168691250,71347190,0,4,107,false,0
47434,0,0,97344060,168696400,71352340,0,4,107,false,0
47435,0,0,97344060,168701550,71357490,0,4,107,false,0
47436,0,0,97344060,168706700,71362640,0,16,119,false,0
47437,0,0,97344060,168711700,71367640,0,0,100,false,0
47438,0,0,97344060,168716550,71372490,0,0,97,false,0
47439,0,0,97344060,168721150,71377090,0,0,92,false,0
47440,0,0,97344060,168725450,71381390,0,0,86,false,0
47441,0,0,97344060,168730400,71386340,0,0,99,false,0
47442,0,0,97344060,168735250,71391190,0,0,97,false,0
47443,0,0,97344060,168739950,71395890,0,0,94,false,0
47444,0,0,97344060,168744050,71399990,0,0,82,false,0
47445,0,0,97344060,168748700,71404640,0,0,93,false,0
47446,0,0,97344060,168753850,71409790,0,1,104,false,0
47447,0,0,97344060,168753850,71409790,0,117,117,true,0
47448,0,0,97344060,168753850,71409790,0,104,104,true,0
47449,0,0,97344060,168753850,71409790,0,89,89,true,0
47450,0,0,97344060,168759000,71414940,0,3,106,false,0
47451,0,0,97344060,168764000,71419940,0,0,100,false,0
47452,0,0,97344060,168768200,71424140,0,0,84,false,0
47453,0,0,97344060,168768200,71424140,0,91,91,true,0
47454,0,0,97344060,168768200,71424140,0,98,98,true,0
47455,0,0,97344060,168768200,71424140,0,99,99,true,0
47456,0,0,97344060,168772900,71428840,0,0,94,false,0
47457,0,0,97344060,168777150,71433090,0,0,85,false,0
47458,0,0,97344060,168781500,71437440,0,0,87,false,0
47459,0,0,97344060,168786650,71442590,0,2,105,false,0
47460,0,0,97344060,168791350,71447290,0,0,94,false,0
47461,0,0,97344060,168796000,71451940,0,0,93,false,0
47462,0,0,97344060,168796000,71451940,0,108,108,true,0
47463,0,0,97344060,168796000,71451940,0,111,111,true,0
47464,0,0,97344060,168796000,71451940,0,111,111,true,0
47465,0,0,97344060,168796000,71451940,0,111,111,true,0
47466,0,0,97344060,168800750,71456690,0,0,95,false,0
47467,0,0,97344060,168805350,71461290,0,0,92,false,0
47468,0,0,97344060,168810500,71466440,0,0,103,false,0
47469,0,0,97344060,168815650,71471590,0,1,104,false,0
47470,0,0,97344060,168815650,71471590,0,107,107,true,0
47471,0,0,97344060,168815650,71471590,0,113,113,true,0
47472,0,0,97344060,168815650,71471590,0,105,105,true,0
47473,0,0,97344060,168820400,71476340,0,0,95,false,0
47474,0,0,97344060,168824400,71480340,0,0,80,false,0
47475,0,0,97344060,168828750,71484690,0,0,87,false,0
47476,0,0,97450680,168828750,71378070,0,104,104,true,0
47477,0,0,97450680,168828750,71378070,0,94,94,true,0
47478,0,0,97450680,168828750,71378070,0,98,98,true,0
47479,0,0,97450680,168833900,71383220,0,0,103,false,0
47480,0,0,97450680,168839050,71388370,0,0,103,false,0
47481,0,0,97450680,168839050,71388370,0,107,107,true,0
47482,0,0,97450680,168839050,71388370,0,93,93,true,0
47483,0,0,97450680,168843200,71392520,0,0,83,false,0
47484,0,0,97450680,168848200,71397520,0,0,100,false,0
47485,0,0,97450680,168852800,71402120,0,0,92,false,0
47486,0,0,97450680,168857850,71407170,0,0,101,false,0
47487,0,0,97450680,168862750,71412070,0,0,98,false,0
47488,0,0,97450680,168866550,71415870,0,0,76,false,0
47489,0,0,97450680,168871250,71420570,0,0,94,false,0
47490,0,0,97450680,168875750,71425070,0,0,90,false,0
47491,0,0,97450680,168880900,71430220,0,1,104,false,0
47492,0,0,97450680,168885600,71434920,0,0,94,false,0
47493,0,0,97450680,168885600,71434920,0,86,86,true,0
47494,0,0,97450680,168885600,71434920,0,95,95,true,0
47495,0,0,97450680,168885600,71434920,0,92,92,true,0
47496,0,0,97450680,168890300,71439620,0,0,94,false,0
47497,0,0,97450680,168895450,71444770,0,7,110,false,0
47498,0,0,97450680,168900500,71449820,0,0,101,false,0
47499,0,0,97450680,168905150,71454470,0,0,93,false,0
47500,0,0,97450680,168910250,71459570,0,0,102,false,0
47501,0,0,97450680,168915250,71464570,0,0,100,false,0
47502,0,0,97450680,168920350,71469670,0,0,102,false,0
47503,0,0,97450680,168925500,71474820,0,18,121,false,0
47504,0,0,97450680,168925500,71474820,0,100,100,true,0
47505,0,0,97450680,168925500,71474820,0,104,104,true,0
47506,0,0,97450680,168925500,71474820,0,118,118,true,0
47507,0,0,97450680,168930650,71479970,0,1,104,false,0
47508,0,0,97450680,168935800,71485120,0,8,111,false,0
47509,0,0,97450680,168940500,71489820,0,0,94,false,0
47510,0,0,97450680,168945300,71494620,0,0,96,false,0
47511,0,0,97450680,168950250,71499570,0,0,99,false,0
47512,0,0,97450680,168954950,71504270,0,0,94,false,0
47513,0,0,97450680,168954950,71504270,0,102,102,true,0
47514,0,0,97450680,168954950,71504270,0,103,103,true,0
47515,0,0,97450680,168954950,71504270,0,115,115,true,0
47516,0,0,97450680,168954950,71504270,0,102,102,true,0
47517,0,0,97450680,168960100,71509420,0,6,109,false,0
47518,0,0,97450680,168965000,71514320,0,0,98,false,0
47519,0,0,97450680,168969600,71518920,0,0,92,false,0
47520,0,0,97450680,168974350,71523670,0,0,95,false,0
47521,0,0,97450680,168979500,71528820,0,3,106,false,0
47522,0,0,97450680,168979500,71528820,0,83,83,true,0
47523,0,0,97450680,168983950,71533270,0,0,89,false,0
47524,0,0,97450680,168989100,71538420,0,4,107,false,0
47525,0,0,97450680,168993450,71542770,0,0,87,false,0
47526,0,0,97450680,168998000,71547320,0,0,91,false,0
47527,0,0,97450680,169003150,71552470,0,7,110,false,0
47528,0,0,97557300,169003150,71445850,0,117,117,true,0
47529,0,0,97557300,169003150,71445850,0,96,96,true,0
47530,0,0,97557300,169007300,71450000,0,0,83,false,0
47531,0,0,97557300,169012450,71455150,0,6,109,false,0
47532,0,0,97557300,169017200,71459900,0,0,95,false,0
47533,0,0,97557300,169022300,71465000,0,0,102,false,0
47534,0,0,97557300,169022300,71465000,0,110,110,true,0
47535,0,0,97557300,169022300,71465000,0,104,104,true,0
47536,0,0,97557300,169027450,71470150,0,7,110,false,0
47537,0,0,97557300,169032600,71475300,0,5,108,false,0
47538,0,0,97557300,169037750,71480450,0,9,112,false,0
47539,0,0,97557300,169041600,71484300,0,0,77,false,0
47540,0,0,97557300,169041600,71484300,0,100,100,true,0
47541,0,0,97557300,169046200,71488900,0,0,92,false,0
47542,0,0,97557300,169050250,71492950,0,0,81,false,0
47543,0,0,97557300,169055200,71497900,0,0,99,false,0
47544,0,0,97557300,169059350,71502050,0,0,83,false,0
47545,0,0,97557300,169064400,71507100,0,0,101,false,0
47546,0,0,97557300,169069350,71512050,0,0,99,false,0
47547,0,0,97557300,169069350,71512050,0,100,100,true,0
47548,0,0,97557300,169073550,71516250,0,0,84,false,0
47549,0,0,97557300,169078700,71521400,0,3,106,false,0
47550,0,0,97557300,169083550,71526250,0,0,97,false,0
47551,0,0,97557300,169083550,71526250,0,117,117,true,0
47552,0,0,97557300,169083550,71526250,0,111,111,true,0
47553,0,0,97557300,169088650,71531350,0,0,102,false,0
47554,0,0,97557300,169093000,71535700,0,0,87,false,0
47555,0,0,97557300,169097400,71540100,0,0,88,false,0
47556,0,0,97557300,169102550,71545250,0,12,115,false,0
47557,0,0,97557300,169107550,71550250,0,0,100,false,0
47558,0,0,97557300,169112700,71555400,0,1,104,false,0
47559,0,0,97557300,169117850,71560550,0,8,111,false,0
47560,0,0,97557300,169122750,71565450,0,0,98,false,0
47561,0,0,97557300,169122750,71565450,0,94,94,true,0
47562,0,0,97557300,169127600,71570300,0,0,97,false,0
47563,0,0,97557300,169132750,71575450,0,7,110,false,0
47564,0,0,97557300,169137050,71579750,0,0,86,false,0
47565,0,0,97557300,169142000,71584700,0,0,99,false,0
47566,0,0,97557300,169147050,71589750,0,0,101,false,0
47567,0,0,97557300,169147050,71589750,0,87,87,true,0
47568,0,0,97557300,169147050,71589750,0,89,89,true,0
47569,0,0,97557300,169147050,71589750,0,86,86,true,0
47570,0,0,97557300,169147050,71589750,0,85,85,true,0
47571,0,0,97557300,169147050,71589750,0,97,97,true,0
47572,0,0,97557300,169147050,71589750,0,102,102,true,0
47573,0,0,97557300,169152150,71594850,0,0,102,false,0
47574,0,0,97557300,169157300,71600000,0,3,106,false,0
47575,0,0,97557300,169161600,71604300,0,0,86,false,0
47576,0,0,97557300,169166600,71609300,0,0,100,false,0
47577,0,0,97557300,169171750,71614450,0,14,117,false,0
47578,0,0,97557300,169175350,71618050,0,0,72,false,0
47579,0,0,97557300,169180200,71622900,0,0,97,false,0
47580,0,0,97663920,169185350,71521430,0,0,103,false,0
47581,0,0,97663920,169190050,71526130,0,0,94,false,0
47582,0,0,97663920,169195200,71531280,0,8,111,false,0
47583,0,0,97663920,169200350,71536430,0,3,106,false,0
47584,0,0,97663920,169200350,71536430,0,97,97,true,0
47585,0,0,97663920,169205500,71541580,0,6,109,false,0
47586,0,0,97663920,169210650,71546730,0,1,104,false,0
47587,0,0,97663920,169215400,71551480,0,0,95,false,0
47588,0,0,97663920,169219750,71555830,0,0,87,false,0
47589,0,0,97663920,169224550,71560630,0,0,96,false,0
47590,0,0,97663920,169224550,71560630,0,91,91,true,0
47591,0,0,97663920,169224550,71560630,0,97,97,true,0
47592,0,0,97663920,169229100,71565180,0,0,91,false,0
47593,0,0,97663920,169233700,71569780,0,0,92,false,0
47594,0,0,97663920,169237500,71573580,0,0,76,false,0
47595,0,0,97663920,169242350,71578430,0,0,97,false,0
47596,0,0,97663920,169247300,71583380,0,0,99,false,0
47597,0,0,97663920,169252400,71588480,0,0,102,false,0
47598,0,0,97663920,169256900,71592980,0,0,90,false,0
47599,0,0,97663920,169261450,71597530,0,0,91,false,0
47600,0,0,97663920,169266450,71602530,0,0,100,false,0
47601,0,0,97663920,169266450,71602530,0,104,104,true,0
47602,0,0,97663920,169266450,71602530,0,113,113,true,0
47603,0,0,97663920,169266450,71602530,0,97,97,true,0
47604,0,0,97663920,169271000,71607080,0,0,91,false,0
47605,0,0,97663920,169276150,71612230,0,8,111,false,0
47606,0,0,97663920,169281200,71617280,0,0,101,false,0
47607,0,0,97663920,169281200,71617280,0,92,92,true,0
47608,0,0,97663920,169285450,71621530,0,0,85,false,0
47609,0,0,97663920,169290350,71626430,0,0,98,false,0
47610,0,0,97663920,169294700,71630780,0,0,87,false,0
47611,0,0,97663920,169299150,71635230,0,0,89,false,0
47612,0,0,97663920,169299150,71635230,0,120,120,true,0
47613,0,0,97663920,169304200,71640280,0,0,101,false,0
47614,0,0,97663920,169309350,71645430,0,0,103,false,0
47615,0,0,97663920,169313500,71649580,0,0,83,false,0
47616,0,0,97663920,169317800,71653880,0,0,86,false,0
47617,0,0,97663920,169322500,71658580,0,0,94,false,0
47618,0,0,97663920,169326950,71663030,0,0,89,false,0
47619,0,0,97663920,169331450,71667530,0,0,90,false,0
47620,0,0,97663920,169331450,71667530,0,88,88,true,0
47621,0,0,97663920,169335500,71671580,0,0,81,false,0
47622,0,0,97663920,169340650,71676730,0,7,110,false,0
47623,0,0,97663920,169340650,71676730,0,83,83,true,0
47624,0,0,97663920,169345250,71681330,0,0,92,false,0
47625,0,0,97663920,169349400,71685480,0,0,83,false,0
47626,0,0,97663920,169354100,71690180,0,0,94,false,0
47627,0,0,97663920,169358600,71694680,0,0,90,false,0
47628,0,0,97663920,169363200,71699280,0,0,92,false,0
47629,0,0,97663920,169363200,71699280,0,93,93,true,0
47630,0,0,97663920,169363200,71699280,0,101,101,true,0
47631,0,0,97663920,169368350,71704430,0,13,116,false,0
47632,0,0,97770540,169373500,71602960,0,8,111,false,0
47633,0,0,97770540,169378250,71607710,0,0,95,false,0
47634,0,0,97770540,169383400,71612860,0,9,112,false,0
47635,0,0,97770540,169388550,71618010,0,0,103,false,0
47636,0,0,97770540,169393700,71623160,0,17,120,false,0
47637,0,0,97770540,169398150,71627610,0,0,89,false,0
47638,0,0,97770540,169402250,71631710,0,0,82,false,0
47639,0,0,97770540,169406100,71635560,0,0,77,false,0
47640,0,0,97770540,169411000,71640460,0,0,98,false,0
47641,0,0,97770540,169415500,71644960,0,0,90,false,0
47642,0,0,97770540,169415500,71644960,0,109,109,true,0
47643,0,0,97770540,169420100,71649560,0,0,92,false,0
47644,0,0,97770540,169425250,71654710,0,0,103,false,0
47645,0,0,97770540,169430250,71659710,0,0,100,false,0
47646,0,0,97770540,169434950,71664410,0,0,94,false,0
47647,0,0,97770540,169434950,71664410,0,102,102,true,0
47648,0,0,97770540,169434950,71664410,0,113,113,true,0
47649,0,0,97770540,169434950,71664410,0,107,107,true,0
47650,0,0,97770540,169434950,71664410,0,96,96,true,0
47651,0,0,97770540,169439700,71669160,0,0,95,false,0
47652,0,0,97770540,169444050,71673510,0,0,87,false,0
47653,0,0,97770540,169444050,71673510,0,97,97,true,0
47654,0,0,97770540,169444050,71673510,0,106,106,true,0
47655,0,0,97770540,169444050,71673510,0,85,85,true,0
47656,0,0,97770540,169448900,71678360,0,0,97,false,0
47657,0,0,97770540,169453900,71683360,0,0,100,false,0
47658,0,0,97770540,169459050,71688510,0,4,107,false,0
47659,0,0,97770540,169464100,71693560,0,0,101,false,0
47660,0,0,97770540,169469250,71698710,0,3,106,false,0
47661,0,0,97770540,169474400,71703860,0,6,109,false,0
47662,0,0,97770540,169479350,71708810,0,0,99,false,0
47663,0,0,97770540,169484400,71713860,0,0,101,false,0
47664,0,0,97770540,169488950,71718410,0,0,91,false,0
47665,0,0,97770540,169493100,71722560,0,0,83,false,0
47666,0,0,97770540,169498250,71727710,0,5,108,false,0
47667,0,0,97770540,169502450,71731910,0,0,84,false,0
47668,0,0,97770540,169507100,71736560,0,0,93,false,0
47669,0,0,97770540,169512250,71741710,0,1,104,false,0
47670,0,0,97770540,169517050,71746510,0,0,96,false,0
47671,0,0,97770540,169521750,71751210,0,0,94,false,0
47672,0,0,97770540,169526500,71755960,0,0,95,false,0
47673,0,0,97770540,169531050,71760510,0,0,91,false,0
47674,0,0,97770540,169536200,71765660,0,10,113,false,0
47675,0,0,97770540,169540750,71770210,0,0,91,false,0
47676,0,0,97770540,169545900,71775360,0,0,103,false,0
47677,0,0,97770540,169551050,71780510,0,7,110,false,0
47678,0,0,97770540,169556200,71785660,0,4,107,false,0
47679,0,0,97770540,169556200,71785660,0,102,102,true,0
47680,0,0,97770540,169556200,71785660,0,86,86,true,0
47681,0,0,97770540,169556200,71785660,0,96,96,true,0
47682,0,0,97770540,169561350,71790810,0,0,103,false,0
47683,0,0,97770540,169565850,71795310,0,0,90,false,0
47684,0,0,97877160,169570650,71693490,0,0,96,false,0
47685,0,0,97877160,169575600,71698440,0,0,99,false,0
47686,0,0,97877160,169580750,71703590,0,4,107,false,0
47687,0,0,97877160,169584800,71707640,0,0,81,false,0
47688,0,0,97877160,169589350,71712190,0,0,91,false,0
47689,0,0,97877160,169594500,71717340,0,14,117,false,0
47690,0,0,97877160,169599650,71722490,0,0,103,false,0
47691,0,0,97877160,169599650,71722490,0,88,88,true,0
47692,0,0,97877160,169599650,71722490,0,84,84,true,0
47693,0,0,97877160,169604600,71727440,0,0,99,false,0
47694,0,0,97877160,169609600,71732440,0,0,100,false,0
47695,0,0,97877160,169614750,71737590,0,9,112,false,0
47696,0,0,97877160,169619750,71742590,0,0,100,false,0
47697,0,0,97877160,169624100,71746940,0,0,87,false,0
47698,0,0,97877160,169629250,71752090,0,1,104,false,0
47699,0,0,97877160,169634400,71757240,0,4,107,false,0
47700,0,0,97877160,169639500,71762340,0,0,102,false,0
47701,0,0,97877160,169644650,71767490,0,2,105,false,0
47702,0,0,97877160,169649550,71772390,0,0,98,false,0
47703,0,0,97877160,169654700,71777540,0,1,104,false,0
47704,0,0,97877160,169658750,71781590,0,0,81,false,0
47705,0,0,97877160,169663900,71786740,0,4,107,false,0
47706,0,0,97877160,169668200,71791040,0,0,86,false,0
47707,0,0,97877160,169673350,71796190,0,0,103,false,0
47708,0,0,97877160,169673350,71796190,0,104,104,true,0
47709,0,0,97877160,169678500,71801340,0,3,106,false,0
47710,0,0,97877160,169683650,71806490,0,11,114,false,0
47711,0,0,97877160,169688800,71811640,0,1,104,false,0
47712,0,0,97877160,169693700,71816540,0,0,98,false,0
47713,0,0,97877160,169698850,71821690,0,6,109,false,0
47714,0,0,97877160,169702950,71825790,0,0,82,false,0
47715,0,0,97877160,169702950,71825790,0,103,103,true,0
47716,0,0,97877160,169708050,71830890,0,0,102,false,0
47717,0,0,97877160,169713150,71835990,0,0,102,false,0
47718,0,0,97877160,169717900,71840740,0,0,95,false,0
47719,0,0,97877160,169717900,71840740,0,98,98,true,0
47720,0,0,97877160,169717900,71840740,0,85,85,true,0
47721,0,0,97877160,169717900,71840740,0,94,94,true,0
47722,0,0,97877160,169717900,71840740,0,118,118,true,0
47723,0,0,97877160,169717900,71840740,0,84,84,true,0
47724,0,0,97877160,169717900,71840740,0,104,104,true,0
47725,0,0,97877160,169723050,71845890,0,2,105,false,0
47726,0,0,97877160,169728200,71851040,0,2,105,false,0
47727,0,0,97877160,169728200,71851040,0,102,102,true,0
47728,0,0,97877160,169728200,71851040,0,88,88,true,0
47729,0,0,97877160,169728200,71851040,0,109,109,true,0
47730,0,0,97877160,169728200,71851040,0,108,108,true,0
47731,0,0,97877160,169728200,71851040,0,95,95,true,0
47732,0,0,97877160,169728200,71851040,0,110,110,true,0
47733,0,0,97877160,169728200,71851040,0,121,121,true,0
47734,0,0,97877160,169728200,71851040,0,100,100,true,0
47735,0,0,97877160,169733350,71856190,0,4,107,false,0
47736,0,0,97983780,169738450,71754670,0,0,102,false,0
47737,0,0,97983780,169743600,71759820,0,0,103,false,0
47738,0,0,97983780,169743600,71759820,0,85,85,true,0
47739,0,0,97983780,169748450,71764670,0,0,97,false,0
47740,0,0,97983780,169752500,71768720,0,0,81,false,0
47741,0,0,97983780,169752500,71768720,0,79,79,true,0
47742,0,0,97983780,169752500,71768720,0,108,108,true,0
47743,0,0,97983780,169757500,71773720,0,0,100,false,0
47744,0,0,97983780,169762650,71778870,0,19,122,false,0
47745,0,0,97983780,169766900,71783120,0,0,85,false,0
47746,0,0,97983780,169771550,71787770,0,0,93,false,0
47747,0,0,97983780,169776450,71792670,0,0,98,false,0
47748,0,0,97983780,169781550,71797770,0,0,102,false,0
47749,0,0,97983780,169786700,71802920,0,5,108,false,0
47750,0,0,97983780,169791150,71807370,0,0,89,false,0
47751,0,0,97983780,169796250,71812470,0,0,102,false,0
47752,0,0,97983780,169801400,71817620,0,6,109,false,0
47753,0,0,97983780,169806350,71822570,0,0,99,false,0
47754,0,0,97983780,169806350,71822570,0,103,103,true,0
47755,0,0,97983780,169806350,71822570,0,94,94,true,0
47756,0,0,97983780,169806350,71822570,0,97,97,true,0
47757,0,0,97983780,169806350,71822570,0,99,99,true,0
47758,0,0,97983780,169806350,71822570,0,92,92,true,0
47759,0,0,97983780,169811350,71827570,0,0,100,false,0
47760,0,0,97983780,169816500,71832720,0,1,104,false,0
47761,0,0,97983780,169816500,71832720,0,89,89,true,0
47762,0,0,97983780,169816500,71832720,0,90,90,true,0
47763,0,0,97983780,169816500,71832720,0,108,108,true,0
47764,0,0,97983780,169821250,71837470,0,0,95,false,0
47765,0,0,97983780,169826350,71842570,0,0,102,false,0
47766,0,0,97983780,169831450,71847670,0,0,102,false,0
47767,0,0,97983780,169836600,71852820,0,4,107,false,0
47768,0,0,97983780,169841350,71857570,0,0,95,false,0
47769,0,0,97983780,169846500,71862720,0,7,110,false,0
47770,0,0,97983780,169850550,71866770,0,0,81,false,0
47771,0,0,97983780,169855700,71871920,0,2,105,false,0
47772,0,0,97983780,169860850,71877070,0,6,109,false,0
47773,0,0,97983780,169865350,71881570,0,0,90,false,0
47774,0,0,97983780,169870150,71886370,0,0,96,false,0
47775,0,0,97983780,169875200,71891420,0,0,101,false,0
47776,0,0,97983780,169879700,71895920,0,0,90,false,0
47777,0,0,97983780,169884550,71900770,0,0,97,false,0
47778,0,0,97983780,169889700,71905920,0,14,117,false,0
47779,0,0,97983780,169889700,71905920,0,109,109,true,0
47780,0,0,97983780,169894850,71911070,0,2,105,false,0
47781,0,0,97983780,169899150,71915370,0,0,86,false,0
47782,0,0,97983780,169903650,71919870,0,0,90,false,0
47783,0,0,97983780,169908150,71924370,0,0,90,false,0
47784,0,0,97983780,169912850,71929070,0,0,94,false,0
47785,0,0,97983780,169917600,71933820,0,0,95,false,0
47786,0,0,97983780,169922750,71938970,0,1,104,false,0
47787,0,0,97983780,169927350,71943570,0,0,92,false,0
47788,0,0,98090400,169932050,71841650,0,0,94,false,0
47789,0,0,98090400,169932050,71841650,0,92,92,true,0
47790,0,0,98090400,169936850,71846450,0,0,96,false,0
47791,0,0,98090400,169941600,71851200,0,0,95,false,0
47792,0,0,98090400,169941600,71851200,0,83,83,true,0
47793,0,0,98090400,169946750,71856350,0,4,107,false,0
47794,0,0,98090400,169951400,71861000,0,0,93,false,0
47795,0,0,98090400,169951400,71861000,0,88,88,true,0
47796,0,0,98090400,169956100,71865700,0,0,94,false,0
47797,0,0,98090400,169961250,71870850,0,8,111,false,0
47798,0,0,98090400,169965350,71874950,0,0,82,false,0
47799,0,0,98090400,169969950,71879550,0,0,92,false,0
47800,0,0,98090400,169975100,71884700,0,7,110,false,0
47801,0,0,98090400,169980250,71889850,0,1,104,false,0
47802,0,0,98090400,169985400,71895000,0,1,104,false,0
47803,0,0,98090400,169989650,71899250,0,0,85,false,0
47804,0,0,98090400,169994650,71904250,0,0,100,false,0
47805,0,0,98090400,169994650,71904250,0,103,103,true,0
47806,0,0,98090400,169999300,71908900,0,0,93,false,0
47807,0,0,98090400,170004450,71914050,0,11,114,false,0
47808,0,0,98090400,170009600,71919200,0,6,109,false,0
47809,0,0,98090400,170014750,71924350,0,1,104,false,0
47810,0,0,98090400,170019500,71929100,0,0,95,false,0
47811,0,0,98090400,170023600,71933200,0,0,82,false,0
47812,0,0,98090400,170028450,71938050,0,0,97,false,0
47813,0,0,98090400,170033250,71942850,0,0,96,false,0
47814,0,0,98090400,170033250,71942850,0,101,101,true,0
47815,0,0,98090400,170038100,71947700,0,0,97,false,0
47816,0,0,98090400,170042650,71952250,0,0,91,false,0
47817,0,0,98090400,170047200,71956800,0,0,91,false,0
47818,0,0,98090400,170052150,71961750,0,0,99,false,0
47819,0,0,98090400,170056750,71966350,0,0,92,false,0
47820,0,0,98090400,170061900,71971500,0,3,106,false,0
47821,0,0,98090400,170066750,71976350,0,0,97,false,0
47822,0,0,98090400,170071900,71981500,0,10,113,false,0
47823,0,0,98090400,170071900,71981500,0,94,94,true,0
47824,0,0,98090400,170076700,71986300,0,0,96,false,0
47825,0,0,98090400,170081850,71991450,0,1,104,false,0
47826,0,0,98090400,170086450,71996050,0,0,92,false,0
47827,0,0,98090400,170086450,71996050,0,98,98,true,0
47828,0,0,98090400,170086450,71996050,0,100,100,true,0
47829,0,0,98090400,170086450,71996050,0,93,93,true,0
47830,0,0,98090400,170086450,71996050,0,83,83,true,0
47831,0,0,98090400,170091300,72000900,0,0,97,false,0
47832,0,0,98090400,170096450,72006050,0,5,108,false,0
47833,0,0,98090400,170101600,72011200,0,4,107,false,0
47834,0,0,98090400,170106150,72015750,0,0,91,false,0
47835,0,0,98090400,170106150,72015750,0,96,96,true,0
47836,0,0,98090400,170106150,72015750,0,82,82,true,0
47837,0,0,98090400,170110500,72020100,0,0,87,false,0
47838,0,0,98090400,170115650,72025250,0,4,107,false,0
47839,0,0,98090400,170115650,72025250,0,101,101,true,0
47840,0,0,98197020,170120800,71923780,0,12,115,false,0
47841,0,0,98197020,170125450,71928430,0,0,93,false,0
47842,0,0,98197020,170130600,71933580,0,5,108,false,0
47843,0,0,98197020,170135150,71938130,0,0,91,false,0
47844,0,0,98197020,170140300,71943280,0,10,113,false,0
47845,0,0,98197020,170144850,71947830,0,0,91,false,0
47846,0,0,98197020,170149150,71952130,0,0,86,false,0
47847,0,0,98197020,170153750,71956730,0,0,92,false,0
47848,0,0,98197020,170158300,71961280,0,0,91,false,0
47849,0,0,98197020,170158300,71961280,0,90,90,true,0
47850,0,0,98197020,170162750,71965730,0,0,89,false,0
47851,0,0,98197020,170167900,71970880,0,0,103,false,0
47852,0,0,98197020,170172950,71975930,0,0,101,false,0
47853,0,0,98197020,170177950,71980930,0,0,100,false,0
47854,0,0,98197020,170183100,71986080,0,2,105,false,0
47855,0,0,98197020,170187500,71990480,0,0,88,false,0
47856,0,0,98197020,170192650,71995630,0,9,112,false,0
47857,0,0,98197020,170197500,72000480,0,0,97,false,0
47858,0,0,98197020,170202400,72005380,0,0,98,false,0
47859,0,0,98197020,170207550,72010530,0,3,106,false,0
47860,0,0,98197020,170212100,72015080,0,0,91,false,0
47861,0,0,98197020,170216800,72019780,0,0,94,false,0
47862,0,0,98197020,170221650,72024630,0,0,97,false,0
47863,0,0,98197020,170226800,72029780,0,8,111,false,0
47864,0,0,98197020,170231450,72034430,0,0,93,false,0
47865,0,0,98197020,170235900,72038880,0,0,89,false,0
47866,0,0,98197020,170240550,72043530,0,0,93,false,0
47867,0,0,98197020,170245700,72048680,0,11,114,false,0
47868,0,0,98197020,170250100,72053080,0,0,88,false,0
47869,0,0,98197020,170254950,72057930,0,0,97,false,0
47870,0,0,98197020,170254950,72057930,0,99,99,true,0
47871,0,0,98197020,170259800,72062780,0,0,97,false,0
47872,0,0,98197020,170264800,72067780,0,0,100,false,0
47873,0,0,98197020,170269150,72072130,0,0,87,false,0
47874,0,0,98197020,170274050,72077030,0,0,98,false,0
47875,0,0,98197020,170274050,72077030,0,100,100,true,0
47876,0,0,98197020,170278550,72081530,0,0,90,false,0
47877,0,0,98197020,170283700,72086680,0,13,116,false,0
47878,0,0,98197020,170288850,72091830,0,6,109,false,0
47879,0,0,98197020,170293750,72096730,0,0,98,false,0
47880,0,0,98197020,170298900,72101880,0,2,105,false,0
47881,0,0,98197020,170303950,72106930,0,0,101,false,0
47882,0,0,98197020,170303950,72106930,0,100,100,true,0
47883,0,0,98197020,170303950,72106930,0,102,102,true,0
47884,0,0,98197020,170303950,72106930,0,89,89,true,0
47885,0,0,98197020,170303950,72106930,0,103,103,true,0
47886,0,0,98197020,170303950,72106930,0,94,94,true,0
47887,0,0,98197020,170308750,72111730,0,0,96,false,0
47888,0,0,98197020,170313500,72116480,0,0,95,false,0
47889,0,0,98197020,170318650,72121630,0,3,106,false,0
47890,0,0,98197020,170318650,72121630,0,105,105,true,0
47891,0,0,98197020,170323800,72126780,0,4,107,false,0
47892,0,0,98303640,170328150,72024510,0,0,87,false,0
47893,0,0,98303640,170333100,72029460,0,0,99,false,0
47894,0,0,98303640,170337700,72034060,0,0,92,false,0
47895,0,0,98303640,170341950,72038310,0,0,85,false,0
47896,0,0,98303640,170346900,72043260,0,0,99,false,0
47897,0,0,98303640,170352050,72048410,0,6,109,false,0
47898,0,0,98303640,170356950,72053310,0,0,98,false,0
47899,0,0,98303640,170362100,72058460,0,1,104,false,0
47900,0,0,98303640,170366000,72062360,0,0,78,false,0
47901,0,0,98303640,170370600,72066960,0,0,92,false,0
47902,0,0,98303640,170375750,72072110,0,5,108,false,0
47903,0,0,98303640,170380900,72077260,0,4,107,false,0
47904,0,0,98303640,170386050,72082410,0,7,110,false,0
47905,0,0,98303640,170391050,72087410,0,0,100,false,0
47906,0,0,98303640,170396200,72092560,0,2,105,false,0
47907,0,0,98303640,170401200,72097560,0,0,100,false,0
47908,0,0,98303640,170406350,72102710,0,11,114,false,0
47909,0,0,98303640,170406350,72102710,0,103,103,true,0
47910,0,0,98303640,170411450,72107810,0,0,102,false,0
47911,0,0,98303640,170416100,72112460,0,0,93,false,0
47912,0,0,98303640,170421250,72117610,0,8,111,false,0
47913,0,0,98303640,170421250,72117610,0,94,94,true,0
47914,0,0,98303640,170426400,72122760,0,22,125,false,0
47915,0,0,98303640,170431250,72127610,0,0,97,false,0
47916,0,0,98303640,170435750,72132110,0,0,90,false,0
47917,0,0,98303640,170440850,72137210,0,0,102,false,0
47918,0,0,98303640,170446000,72142360,0,8,111,false,0
47919,0,0,98303640,170450400,72146760,0,0,88,false,0
47920,0,0,98303640,170455550,72151910,0,2,105,false,0
47921,0,0,98303640,170460700,72157060,0,2,105,false,0
47922,0,0,98303640,170465600,72161960,0,0,98,false,0
47923,0,0,98303640,170470650,72167010,0,0,101,false,0
47924,0,0,98303640,170475800,72172160,0,15,118,false,0
47925,0,0,98303640,170480500,72176860,0,0,94,false,0
47926,0,0,98303640,170485250,72181610,0,0,95,false,0
47927,0,0,98303640,170490400,72186760,0,8,111,false,0
47928,0,0,98303640,170495550,72191910,0,11,114,false,0
47929,0,0,98303640,170495550,72191910,0,98,98,true,0
47930,0,0,98303640,170495550,72191910,0,107,107,true,0
47931,0,0,98303640,170500450,72196810,0,0,98,false,0
47932,0,0,98303640,170505300,72201660,0,0,97,false,0
47933,0,0,98303640,170509650,72206010,0,0,87,false,0
47934,0,0,98303640,170514800,72211160,0,1,104,false,0
47935,0,0,98303640,170519950,72216310,0,17,120,false,0
47936,0,0,98303640,170519950,72216310,0,100,100,true,0
47937,0,0,98303640,170524300,72220660,0,0,87,false,0
47938,0,0,98303640,170529450,72225810,0,14,117,false,0
47939,0,0,98303640,170534600,72230960,0,2,105,false,0
47940,0,0,98303640,170539750,72236110,0,1,104,false,0
47941,0,0,98303640,170544600,72240960,0,0,97,false,0
47942,0,0,98303640,170544600,72240960,0,97,97,true,0
47943,0,0,98303640,170549300,72245660,0,0,94,false,0
47944,0,0,98410260,170554250,72143990,0,0,99,false,0
47945,0,0,98410260,170559400,72149140,0,5,108,false,0
47946,0,0,98410260,170564450,72154190,0,0,101,false,0
47947,0,0,98410260,170569300,72159040,0,0,97,false,0
47948,0,0,98410260,170574450,72164190,0,0,103,false,0
47949,0,0,98410260,170579050,72168790,0,0,92,false,0
47950,0,0,98410260,170583800,72173540,0,0,95,false,0
47951,0,0,98410260,170588950,72178690,0,2,105,false,0
47952,0,0,98410260,170593650,72183390,0,0,94,false,0
47953,0,0,98410260,170598550,72188290,0,0,98,false,0
47954,0,0,98410260,170603600,72193340,0,0,101,false,0
47955,0,0,98410260,170608000,72197740,0,0,88,false,0
47956,0,0,98410260,170612950,72202690,0,0,99,false,0
47957,0,0,98410260,170618000,72207740,0,0,101,false,0
47958,0,0,98410260,170623150,72212890,0,1,104,false,0
47959,0,0,98410260,170627850,72217590,0,0,94,false,0
47960,0,0,98410260,170633000,72222740,0,11,114,false,0
47961,0,0,98410260,170638000,72227740,0,0,100,false,0
47962,0,0,98410260,170638000,72227740,0,104,104,true,0
47963,0,0,98410260,170643150,72232890,0,15,118,false,0
47964,0,0,98410260,170646950,72236690,0,0,76,false,0
47965,0,0,98410260,170651200,72240940,0,0,85,false,0
47966,0,0,98410260,170656350,72246090,0,9,112,false,0
47967,0,0,98410260,170661500,72251240,0,0,103,false,0
47968,0,0,98410260,170666650,72256390,0,3,106,false,0
47969,0,0,98410260,170671700,72261440,0,0,101,false,0
47970,0,0,98410260,170676850,72266590,0,4,107,false,0
47971,0,0,98410260,170682000,72271740,0,1,104,false,0
47972,0,0,98410260,170682000,72271740,0,97,97,true,0
47973,0,0,98410260,170687150,72276890,0,4,107,false,0
47974,0,0,98410260,170692300,72282040,0,1,104,false,0
47975,0,0,98410260,170696850,72286590,0,0,91,false,0
47976,0,0,98410260,170701000,72290740,0,0,83,false,0
47977,0,0,98410260,170706150,72295890,0,11,114,false,0
47978,0,0,98410260,170710550,72300290,0,0,88,false,0
47979,0,0,98410260,170714450,72304190,0,0,78,false,0
47980,0,0,98410260,170714450,72304190,0,87,87,true,0
47981,0,0,98410260,170718900,72308640,0,0,89,false,0
47982,0,0,98410260,170723450,72313190,0,0,91,false,0
47983,0,0,98410260,170728150,72317890,0,0,94,false,0
47984,0,0,98410260,170732800,72322540,0,0,93,false,0
47985,0,0,98410260,170737950,72327690,0,2,105,false,0
47986,0,0,98410260,170742500,72332240,0,0,91,false,0
47987,0,0,98410260,170747550,72337290,0,0,101,false,0
47988,0,0,98410260,170752250,72341990,0,0,94,false,0
47989,0,0,98410260,170756250,72345990,0,0,80,false,0
47990,0,0,98410260,170756250,72345990,0,105,105,true,0
47991,0,0,98410260,170756250,72345990,0,110,110,true,0
47992,0,0,98410260,170756250,72345990,0,102,102,true,0
47993,0,0,98410260,170756250,72345990,0,84,84,true,0
47994,0,0,98410260,170761350,72351090,0,0,102,false,0
47995,0,0,98410260,170765400,72355140,0,0,81,false,0
47996,0,0,98516880,170770550,72253670,0,0,103,false,0
47997,0,0,98516880,170775350,72258470,0,0,96,false,0
47998,0,0,98516880,170780500,72263620,0,22,125,false,0
47999,0,0,98516880,170780500,72263620,0,107,107,true,0
48000,0,0,98516880,170780500,72263620,0,116,116,true,0
48001,0,0,98516880,170780500,72263620,0,86,86,true,0
48002,0,0,98516880,170785150,72268270,0,0,93,false,0
48003,0,0,98516880,170790250,72273370,0,0,102,false,0
48004,0,0,98516880,170795200,72278320,0,0,99,false,0
48005,0,0,98516880,170800050,72283170,0,0,97,false,0
48006,0,0,98516880,170805200,72288320,0,15,118,false,0
48007,0,0,98516880,170810350,72293470,0,1,104,false,0
48008,0,0,98516880,170814750,72297870,0,0,88,false,0
48009,0,0,98516880,170814750,72297870,0,100,100,true,0
48010,0,0,98516880,170814750,72297870,0,123,123,true,0
48011,0,0,98516880,170814750,72297870,0,116,116,true,0
48012,0,0,98516880,170819450,72302570,0,0,94,false,0
48013,0,0,98516880,170823850,72306970,0,0,88,false,0
48014,0,0,98516880,170828800,72311920,0,0,99,false,0
48015,0,0,98516880,170833600,72316720,0,0,96,false,0
48016,0,0,98516880,170833600,72316720,0,86,86,true,0
48017,0,0,98516880,170837600,72320720,0,0,80,false,0
48018,0,0,98516880,170842750,72325870,0,9,112,false,0
48019,0,0,98516880,170847900,72331020,0,2,105,false,0
48020,0,0,98516880,170853050,72336170,0,5,108,false,0
48021,0,0,98516880,170853050,72336170,0,92,92,true,0
48022,0,0,98516880,170853050,72336170,0,101,101,true,0
48023,0,0,98516880,170858200,72341320,0,1,104,false,0
48024,0,0,98516880,170863300,72346420,0,0,102,false,0
48025,0,0,98516880,170868150,72351270,0,0,97,false,0
48026,0,0,98516880,170872400,72355520,0,0,85,false,0
48027,0,0,98516880,170877450,72360570,0,0,101,false,0
48028,0,0,98516880,170881700,72364820,0,0,85,false,0
48029,0,0,98516880,170885900,72369020,0,0,84,false,0
48030,0,0,98516880,170891050,72374170,0,3,106,false,0
48031,0,0,98516880,170896050,72379170,0,0,100,false,0
48032,0,0,98516880,170900950,72384070,0,0,98,false,0
48033,0,0,98516880,170906100,72389220,0,13,116,false,0
48034,0,0,98516880,170906100,72389220,0,103,103,true,0
48035,0,0,98516880,170906100,72389220,0,112,112,true,0
48036,0,0,98516880,170910950,72394070,0,0,97,false,0
48037,0,0,98516880,170915350,72398470,0,0,88,false,0
48038,0,0,98516880,170915350,72398470,0,102,102,true,0
48039,0,0,98516880,170915350,72398470,0,97,97,true,0
48040,0,0,98516880,170915350,72398470,0,95,95,true,0
48041,0,0,98516880,170920050,72403170,0,0,94,false,0
48042,0,0,98516880,170925000,72408120,0,0,99,false,0
48043,0,0,98516880,170925000,72408120,0,113,113,true,0
48044,0,0,98516880,170930150,72413270,0,9,112,false,0
48045,0,0,98516880,170935300,72418420,0,4,107,false,0
48046,0,0,98516880,170940400,72423520,0,0,102,false,0
48047,0,0,98516880,170945250,72428370,0,0,97,false,0
48048,0,0,98623500,170950200,72326700,0,0,99,false,0
48049,0,0,98623500,170955250,72331750,0,0,101,false,0
48050,0,0,98623500,170960400,72336900,0,5,108,false,0
48051,0,0,98623500,170965350,72341850,0,0,99,false,0
48052,0,0,98623500,170970100,72346600,0,0,95,false,0
48053,0,0,98623500,170975250,72351750,0,2,105,false,0
48054,0,0,98623500,170980400,72356900,0,0,103,false,0
48055,0,0,98623500,170985050,72361550,0,0,93,false,0
48056,0,0,98623500,170990200,72366700,0,8,111,false,0
48057,0,0,98623500,170995350,72371850,0,4,107,false,0
48058,0,0,98623500,171000400,72376900,0,0,101,false,0
48059,0,0,98623500,171005350,72381850,0,0,99,false,0
48060,0,0,98623500,171010500,72387000,0,4,107,false,0
48061,0,0,98623500,171015650,72392150,0,4,107,false,0
48062,0,0,98623500,171015650,72392150,0,106,106,true,0
48063,0,0,98623500,171020650,72397150,0,0,100,false,0
48064,0,0,98623500,171025800,72402300,0,0,103,false,0
48065,0,0,98623500,171030650,72407150,0,0,97,false,0
48066,0,0,98623500,171035800,72412300,0,3,106,false,0
48067,0,0,98623500,171040150,72416650,0,0,87,false,0
48068,0,0,98623500,171040150,72416650,0,99,99,true,0
48069,0,0,98623500,171040150,72416650,0,94,94,true,0
48070,0,0,98623500,171045300,72421800,0,0,103,false,0
48071,0,0,98623500,171050450,72426950,0,5,108,false,0
48072,0,0,98623500,171054650,72431150,0,0,84,false,0
48073,0,0,98623500,171054650,72431150,0,83,83,true,0
48074,0,0,98623500,171059800,72436300,0,7,110,false,0
48075,0,0,98623500,171064550,72441050,0,0,95,false,0
48076,0,0,98623500,171069450,72445950,0,0,98,false,0
48077,0,0,98623500,171073400,72449900,0,0,79,false,0
48078,0,0,98623500,171078550,72455050,0,5,108,false,0
48079,0,0,98623500,171083050,72459550,0,0,90,false,0
48080,0,0,98623500,171088200,72464700,0,2,105,false,0
48081,0,0,98623500,171093300,72469800,0,0,102,false,0
48082,0,0,98623500,171093300,72469800,0,105,105,true,0
48083,0,0,98623500,171093300,72469800,0,94,94,true,0
48084,0,0,98623500,171098350,72474850,0,0,101,false,0
48085,0,0,98623500,171103500,72480000,0,3,106,false,0
48086,0,0,98623500,171108150,72484650,0,0,93,false,0
48087,0,0,98623500,171112300,72488800,0,0,83,false,0
48088,0,0,98623500,171117250,72493750,0,0,99,false,0
48089,0,0,98623500,171121750,72498250,0,0,90,false,0
48090,0,0,98623500,171126050,72502550,0,0,86,false,0
48091,0,0,98623500,171126050,72502550,0,109,109,true,0
48092,0,0,98623500,171131200,72507700,0,0,103,false,0
48093,0,0,98623500,171134950,72511450,0,0,75,false,0
48094,0,0,98623500,171139200,72515700,0,0,85,false,0
48095,0,0,98623500,171144150,72520650,0,0,99,false,0
48096,0,0,98623500,171149300,72525800,0,3,106,false,0
48097,0,0,98623500,171154450,72530950,0,0,103,false,0
48098,0,0,98623500,171159300,72535800,0,0,97,false,0
48099,0,0,98623500,171164450,72540950,0,3,106,false,0
48100,0,0,98730120,171168550,72438430,0,0,82,false,0
48101,0,0,98730120,171173300,72443180,0,0,95,false,0
48102,0,0,98730120,171178150,72448030,0,0,97,false,0
48103,0,0,98730120,171178150,72448030,0,93,93,true,0
48104,0,0,98730120,171183300,72453180,0,21,124,false,0
48105,0,0,98730120,171188400,72458280,0,0,102,false,0
48106,0,0,98730120,171192850,72462730,0,0,89,false,0
48107,0,0,98730120,171197400,72467280,0,0,91,false,0
48108,0,0,98730120,171202300,72472180,0,0,98,false,0
48109,0,0,98730120,171207450,72477330,0,1,104,false,0
48110,0,0,98730120,171212400,72482280,0,0,99,false,0
48111,0,0,98730120,171216400,72486280,0,0,80,false,0
48112,0,0,98730120,171216400,72486280,0,92,92,true,0
48113,0,0,98730120,171216400,72486280,0,101,101,true,0
48114,0,0,98730120,171221550,72491430,0,2,105,false,0
48115,0,0,98730120,171226100,72495980,0,0,91,false,0
48116,0,0,98730120,171231250,72501130,0,5,108,false,0
48117,0,0,98730120,171236400,72506280,0,1,104,false,0
48118,0,0,98730120,171241550,72511430,0,2,105,false,0
48119,0,0,98730120,171246700,72516580,0,5,108,false,0
48120,0,0,98730120,171251850,72521730,0,17,120,false,0
48121,0,0,98730120,171256950,72526830,0,0,102,false,0
48122,0,0,98730120,171256950,72526830,0,91,91,true,0
48123,0,0,98730120,171262100,72531980,0,5,108,false,0
48124,0,0,98730120,171267100,72536980,0,0,100,false,0
48125,0,0,98730120,171272250,72542130,0,10,113,false,0
48126,0,0,98730120,171276700,72546580,0,0,89,false,0
48127,0,0,98730120,171281600,72551480,0,0,98,false,0
48128,0,0,98730120,171286750,72556630,0,0,103,false,0
48129,0,0,98730120,171291850,72561730,0,0,102,false,0
48130,0,0,98730120,171296300,72566180,0,0,89,false,0
48131,0,0,98730120,171301450,72571330,0,2,105,false,0
48132,0,0,98730120,171306000,72575880,0,0,91,false,0
48133,0,0,98730120,171311150,72581030,0,3,106,false,0
48134,0,0,98730120,171316200,72586080,0,0,101,false,0
48135,0,0,98730120,171320700,72590580,0,0,90,false,0
48136,0,0,98730120,171325350,72595230,0,0,93,false,0
48137,0,0,98730120,171330500,72600380,0,11,114,false,0
48138,0,0,98730120,171335000,72604880,0,0,90,false,0
48139,0,0,98730120,171339550,72609430,0,0,91,false,0
48140,0,0,98730120,171339550,72609430,0,94,94,true,0
48141,0,0,98730120,171339550,72609430,0,102,102,true,0
48142,0,0,98730120,171339550,72609430,0,106,106,true,0
48143,0,0,98730120,171339550,72609430,0,106,106,true,0
48144,0,0,98730120,171339550,72609430,0,102,102,true,0
48145,0,0,98730120,171344350,72614230,0,0,96,false,0
48146,0,0,98730120,171349500,72619380,0,6,109,false,0
48147,0,0,98730120,171349500,72619380,0,104,104,true,0
48148,0,0,98730120,171349500,72619380,0,86,86,true,0
48149,0,0,98730120,171349500,72619380,0,99,99,true,0
48150,0,0,98730120,171349500,72619380,0,96,96,true,0
48151,0,0,98730120,171349500,72619380,0,95,95,true,0
48152,0,0,98836740,171349500,72512760,0,110,110,true,0
48153,0,0,98836740,171349500,72512760,0,100,100,true,0
48154,0,0,98836740,171354500,72517760,0,0,100,false,0
48155,0,0,98836740,171359650,72522910,0,3,106,false,0
48156,0,0,98836740,171364300,72527560,0,0,93,false,0
48157,0,0,98836740,171369300,72532560,0,0,100,false,0
48158,0,0,98836740,171373750,72537010,0,0,89,false,0
48159,0,0,98836740,171378500,72541760,0,0,95,false,0
48160,0,0,98836740,171383650,72546910,0,1,104,false,0
48161,0,0,98836740,171388150,72551410,0,0,90,false,0
48162,0,0,98836740,171393250,72556510,0,0,102,false,0
48163,0,0,98836740,171398250,72561510,0,0,100,false,0
48164,0,0,98836740,171403400,72566660,0,5,108,false,0
48165,0,0,98836740,171408550,72571810,0,7,110,false,0
48166,0,0,98836740,171413700,72576960,0,6,109,false,0
48167,0,0,98836740,171413700,72576960,0,100,100,true,0
48168,0,0,98836740,171418400,72581660,0,0,94,false,0
48169,0,0,98836740,171422650,72585910,0,0,85,false,0
48170,0,0,98836740,171427800,72591060,0,12,115,false,0
48171,0,0,98836740,171432900,72596160,0,0,102,false,0
48172,0,0,98836740,171437250,72600510,0,0,87,false,0
48173,0,0,98836740,171442000,72605260,0,0,95,false,0
48174,0,0,98836740,171447150,72610410,0,18,121,false,0
48175,0,0,98836740,171452300,72615560,0,1,104,false,0
48176,0,0,98836740,171452300,72615560,0,95,95,true,0
48177,0,0,98836740,171457100,72620360,0,0,96,false,0
48178,0,0,98836740,171462250,72625510,0,1,104,false,0
48179,0,0,98836740,171467400,72630660,0,2,105,false,0
48180,0,0,98836740,171472550,72635810,0,10,113,false,0
48181,0,0,98836740,171477050,72640310,0,0,90,false,0
48182,0,0,98836740,171482200,72645460,0,5,108,false,0
48183,0,0,98836740,171486800,72650060,0,0,92,false,0
48184,0,0,98836740,171491950,72655210,0,11,114,false,0
48185,0,0,98836740,171491950,72655210,0,101,101,true,0
48186,0,0,98836740,171491950,72655210,0,114,114,true,0
48187,0,0,98836740,171491950,72655210,0,104,104,true,0
48188,0,0,98836740,171491950,72655210,0,82,82,true,0
48189,0,0,98836740,171496350,72659610,0,0,88,false,0
48190,0,0,98836740,171501500,72664760,0,6,109,false,0
48191,0,0,98836740,171506600,72669860,0,0,102,false,0
48192,0,0,98836740,171506600,72669860,0,91,91,true,0
48193,0,0,98836740,171506600,72669860,0,114,114,true,0
48194,0,0,98836740,171506600,72669860,0,100,100,true,0
48195,0,0,98836740,171506600,72669860,0,98,98,true,0
48196,0,0,98836740,171511600,72674860,0,0,100,false,0
48197,0,0,98836740,171516400,72679660,0,0,96,false,0
48198,0,0,98836740,171521150,72684410,0,0,95,false,0
48199,0,0,98836740,171525650,72688910,0,0,90,false,0
48200,0,0,98836740,171530800,72694060,0,11,114,false,0
48201,0,0,98836740,171535950,72699210,0,16,119,false,0
48202,0,0,98836740,171540450,72703710,0,0,90,false,0
48203,0,0,98836740,171545350,72708610,0,0,98,false,0
48204,0,0,98943360,171549850,72606490,0,0,90,false,0
48205,0,0,98943360,171554800,72611440,0,0,99,false,0
48206,0,0,98943360,171559950,72616590,0,0,103,false,0
48207,0,0,98943360,171564900,72621540,0,0,99,false,0
48208,0,0,98943360,171569400,72626040,0,0,90,false,0
48209,0,0,98943360,171574550,72631190,0,1,104,false,0
48210,0,0,98943360,171578550,72635190,0,0,80,false,0
48211,0,0,98943360,171583450,72640090,0,0,98,false,0
48212,0,0,98943360,171583450,72640090,0,87,87,true,0
48213,0,0,98943360,171588550,72645190,0,0,102,false,0
48214,0,0,98943360,171593050,72649690,0,0,90,false,0
48215,0,0,98943360,171597700,72654340,0,0,93,false,0
48216,0,0,98943360,171602850,72659490,0,3,106,false,0
48217,0,0,98943360,171607500,72664140,0,0,93,false,0
48218,0,0,98943360,171612450,72669090,0,0,99,false,0
48219,0,0,98943360,171617600,72674240,0,4,107,false,0
48220,0,0,98943360,171617600,72674240,0,92,92,true,0
48221,0,0,98943360,171622750,72679390,0,0,103,false,0
48222,0,0,98943360,171627700,72684340,0,0,99,false,0
48223,0,0,98943360,171632650,72689290,0,0,99,false,0
48224,0,0,98943360,171637800,72694440,0,8,111,false,0
48225,0,0,98943360,171642950,72699590,0,4,107,false,0
48226,0,0,98943360,171648100,72704740,0,3,106,false,0
48227,0,0,98943360,171648100,72704740,0,103,103,true,0
48228,0,0,98943360,171648100,72704740,0,120,120,true,0
48229,0,0,98943360,171648100,72704740,0,106,106,true,0
48230,0,0,98943360,171648100,72704740,0,97,97,true,0
48231,0,0,98943360,171648100,72704740,0,93,93,true,0
48232,0,0,98943360,171648100,72704740,0,98,98,true,0
48233,0,0,98943360,171652850,72709490,0,0,95,false,0
48234,0,0,98943360,171657750,72714390,0,0,98,false,0
48235,0,0,98943360,171657750,72714390,0,96,96,true,0
48236,0,0,98943360,171657750,72714390,0,103,103,true,0
48237,0,0,98943360,171657750,72714390,0,108,108,true,0
48238,0,0,98943360,171657750,72714390,0,96,96,true,0
48239,0,0,98943360,171657750,72714390,0,109,109,true,0
48240,0,0,98943360,171657750,72714390,0,107,107,true,0
48241,0,0,98943360,171657750,72714390,0,113,113,true,0
48242,0,0,98943360,171662900,72719540,0,3,106,false,0
48243,0,0,98943360,171668050,72724690,0,11,114,false,0
48244,0,0,98943360,171668050,72724690,0,104,104,true,0
48245,0,0,98943360,171668050,72724690,0,96,96,true,0
48246,0,0,98943360,171668050,72724690,0,100,100,true,0
48247,0,0,98943360,171673200,72729840,0,4,107,false,0
48248,0,0,98943360,171678050,72734690,0,0,97,false,0
48249,0,0,98943360,171682050,72738690,0,0,80,false,0
48250,0,0,98943360,171687200,72743840,0,0,103,false,0
48251,0,0,98943360,171691950,72748590,0,0,95,false,0
48252,0,0,98943360,171691950,72748590,0,96,96,true,0
48253,0,0,98943360,171691950,72748590,0,112,112,true,0
48254,0,0,98943360,171691950,72748590,0,112,112,true,0
48255,0,0,98943360,171697100,72753740,0,4,107,false,0
48256,0,0,99049980,171701900,72651920,0,0,96,false,0
48257,0,0,99049980,171706950,72656970,0,0,101,false,0
48258,0,0,99049980,171711650,72661670,0,0,94,false,0
48259,0,0,99049980,171716750,72666770,0,0,102,false,0
48260,0,0,99049980,171716750,72666770,0,100,100,true,0
48261,0,0,99049980,171721900,72671920,0,4,107,false,0
48262,0,0,99049980,171726350,72676370,0,0,89,false,0
48263,0,0,99049980,171731250,72681270,0,0,98,false,0
48264,0,0,99049980,171736000,72686020,0,0,95,false,0
48265,0,0,99049980,171741100,72691120,0,0,102,false,0
48266,0,0,99049980,171745500,72695520,0,0,88,false,0
48267,0,0,99049980,171750200,72700220,0,0,94,false,0
48268,0,0,99049980,171754900,72704920,0,0,94,false,0
48269,0,0,99049980,171760050,72710070,0,4,107,false,0
48270,0,0,99049980,171764350,72714370,0,0,86,false,0
48271,0,0,99049980,171764350,72714370,0,101,101,true,0
48272,0,0,99049980,171764350,72714370,0,92,92,true,0
48273,0,0,99049980,171764350,72714370,0,117,117,true,0
48274,0,0,99049980,171768650,72718670,0,0,86,false,0
48275,0,0,99049980,171773250,72723270,0,0,92,false,0
48276,0,0,99049980,171778350,72728370,0,0,102,false,0
48277,0,0,99049980,171783000,72733020,0,0,93,false,0
48278,0,0,99049980,171788150,72738170,0,11,114,false,0
48279,0,0,99049980,171793300,72743320,0,19,122,false,0
48280,0,0,99049980,171798450,72748470,0,9,112,false,0
48281,0,0,99049980,171803600,72753620,0,23,126,false,0
48282,0,0,99049980,171808250,72758270,0,0,93,false,0
48283,0,0,99049980,171813400,72763420,0,0,103,false,0
48284,0,0,99049980,171818250,72768270,0,0,97,false,0
48285,0,0,99049980,171822850,72772870,0,0,92,false,0
48286,0,0,99049980,171828000,72778020,0,7,110,false,0
48287,0,0,99049980,171833150,72783170,0,11,114,false,0
48288,0,0,99049980,171837550,72787570,0,0,88,false,0
48289,0,0,99049980,171837550,72787570,0,97,97,true,0
48290,0,0,99049980,171842550,72792570,0,0,100,false,0
48291,0,0,99049980,171847700,72797720,0,9,112,false,0
48292,0,0,99049980,171852850,72802870,0,5,108,false,0
48293,0,0,99049980,171858000,72808020,0,8,111,false,0
48294,0,0,99049980,171858000,72808020,0,93,93,true,0
48295,0,0,99049980,171863100,72813120,0,0,102,false,0
48296,0,0,99049980,171868250,72818270,0,0,103,false,0
48297,0,0,99049980,171873200,72823220,0,0,99,false,0
48298,0,0,99049980,171877900,72827920,0,0,94,false,0
48299,0,0,99049980,171883050,72833070,0,2,105,false,0
48300,0,0,99049980,171887400,72837420,0,0,87,false,0
48301,0,0,99049980,171892550,72842570,0,16,119,false,0
48302,0,0,99049980,171896950,72846970,0,0,88,false,0
48303,0,0,99049980,171896950,72846970,0,107,107,true,0
48304,0,0,99049980,171896950,72846970,0,85,85,true,0
48305,0,0,99049980,171896950,72846970,0,120,120,true,0
48306,0,0,99049980,171896950,72846970,0,99,99,true,0
48307,0,0,99049980,171896950,72846970,0,106,106,true,0
48308,0,0,99156600,171896950,72740350,0,85,85,true,0
48309,0,0,99156600,171902100,72745500,0,5,108,false,0
48310,0,0,99156600,171906350,72749750,0,0,85,false,0
48311,0,0,99156600,171910900,72754300,0,0,91,false,0
48312,0,0,99156600,171916050,72759450,0,17,120,false,0
48313,0,0,99156600,171919950,72763350,0,0,78,false,0
48314,0,0,99156600,171924450,72767850,0,0,90,false,0
48315,0,0,99156600,171924450,72767850,0,94,94,true,0
48316,0,0,99156600,171924450,72767850,0,93,93,true,0
48317,0,0,99156600,171928650,72772050,0,0,84,false,0
48318,0,0,99156600,171933800,72777200,0,10,113,false,0
48319,0,0,99156600,171938700,72782100,0,0,98,false,0
48320,0,0,99156600,171943850,72787250,0,1,104,false,0
48321,0,0,99156600,171948600,72792000,0,0,95,false,0
48322,0,0,99156600,171953150,72796550,0,0,91,false,0
48323,0,0,99156600,171958300,72801700,0,0,103,false,0
48324,0,0,99156600,171963300,72806700,0,0,100,false,0
48325,0,0,99156600,171968450,72811850,0,2,105,false,0
48326,0,0,99156600,171973600,72817000,0,7,110,false,0
48327,0,0,99156600,171973600,72817000,0,97,97,true,0
48328,0,0,99156600,171973600,72817000,0,97,97,true,0
48329,0,0,99156600,171978750,72822150,0,9,112,false,0
48330,0,0,99156600,171983150,72826550,0,0,88,false,0
48331,0,0,99156600,171988300,72831700,0,2,105,false,0
48332,0,0,99156600,171993450,72836850,0,3,106,false,0
48333,0,0,99156600,171998250,72841650,0,0,96,false,0
48334,0,0,99156600,172002600,72846000,0,0,87,false,0
48335,0,0,99156600,172007250,72850650,0,0,93,false,0
48336,0,0,99156600,172011250,72854650,0,0,80,false,0
48337,0,0,99156600,172015800,72859200,0,0,91,false,0
48338,0,0,99156600,172020950,72864350,0,5,108,false,0
48339,0,0,99156600,172026100,72869500,0,4,107,false,0
48340,0,0,99156600,172031250,72874650,0,13,116,false,0
48341,0,0,99156600,172036400,72879800,0,7,110,false,0
48342,0,0,99156600,172041550,72884950,0,8,111,false,0
48343,0,0,99156600,172046700,72890100,0,4,107,false,0
48344,0,0,99156600,172051250,72894650,0,0,91,false,0
48345,0,0,99156600,172055850,72899250,0,0,92,false,0
48346,0,0,99156600,172060200,72903600,0,0,87,false,0
48347,0,0,99156600,172064850,72908250,0,0,93,false,0
48348,0,0,99156600,172069400,72912800,0,0,91,false,0
48349,0,0,99156600,172074200,72917600,0,0,96,false,0
48350,0,0,99156600,172079350,72922750,0,5,108,false,0
48351,0,0,99156600,172083950,72927350,0,0,92,false,0
48352,0,0,99156600,172088350,72931750,0,0,88,false,0
48353,0,0,99156600,172093500,72936900,0,6,109,false,0
48354,0,0,99156600,172098650,72942050,0,2,105,false,0
48355,0,0,99156600,172103750,72947150,0,0,102,false,0
48356,0,0,99156600,172108400,72951800,0,0,93,false,0
48357,0,0,99156600,172112300,72955700,0,0,78,false,0
48358,0,0,99156600,172116900,72960300,0,0,92,false,0
48359,0,0,99156600,172121500,72964900,0,0,92,false,0
48360,0,0,99263220,172126450,72863230,0,0,99,false,0
48361,0,0,99263220,172131500,72868280,0,0,101,false,0
48362,0,0,99263220,172135900,72872680,0,0,88,false,0
48363,0,0,99263220,172140700,72877480,0,0,96,false,0
48364,0,0,99263220,172145550,72882330,0,0,97,false,0
48365,0,0,99263220,172149750,72886530,0,0,84,false,0
48366,0,0,99263220,172154500,72891280,0,0,95,false,0
48367,0,0,99263220,172159100,72895880,0,0,92,false,0
48368,0,0,99263220,172163450,72900230,0,0,87,false,0
48369,0,0,99263220,172168200,72904980,0,0,95,false,0
48370,0,0,99263220,172168200,72904980,0,90,90,true,0
48371,0,0,99263220,172168200,72904980,0,128,128,true,0
48372,0,0,99263220,172168200,72904980,0,92,92,true,0
48373,0,0,99263220,172168200,72904980,0,108,108,true,0
48374,0,0,99263220,172168200,72904980,0,100,100,true,0
48375,0,0,99263220,172168200,72904980,0,94,94,true,0
48376,0,0,99263220,172168200,72904980,0,117,117,true,0
48377,0,0,99263220,172172750,72909530,0,0,91,false,0
48378,0,0,99263220,172177300,72914080,0,0,91,false,0
48379,0,0,99263220,172177300,72914080,0,100,100,true,0
48380,0,0,99263220,172182300,72919080,0,0,100,false,0
48381,0,0,99263220,172187150,72923930,0,0,97,false,0
48382,0,0,99263220,172187150,72923930,0,109,109,true,0
48383,0,0,99263220,172192200,72928980,0,0,101,false,0
48384,0,0,99263220,172196350,72933130,0,0,83,false,0
48385,0,0,99263220,172201150,72937930,0,0,96,false,0
48386,0,0,99263220,172205400,72942180,0,0,85,false,0
48387,0,0,99263220,172210550,72947330,0,7,110,false,0
48388,0,0,99263220,172215500,72952280,0,0,99,false,0
48389,0,0,99263220,172220650,72957430,0,1,104,false,0
48390,0,0,99263220,172225750,72962530,0,0,102,false,0
48391,0,0,99263220,172230350,72967130,0,0,92,false,0
48392,0,0,99263220,172234350,72971130,0,0,80,false,0
48393,0,0,99263220,172239500,72976280,0,11,114,false,0
48394,0,0,99263220,172244550,72981330,0,0,101,false,0
48395,0,0,99263220,172244550,72981330,0,116,116,true,0
48396,0,0,99263220,172244550,72981330,0,70,70,true,0
48397,0,0,99263220,172249700,72986480,0,17,120,false,0
48398,0,0,99263220,172254550,72991330,0,0,97,false,0
48399,0,0,99263220,172259700,72996480,0,23,126,false,0
48400,0,0,99263220,172264200,73000980,0,0,90,false,0
48401,0,0,99263220,172268800,73005580,0,0,92,false,0
48402,0,0,99263220,172273750,73010530,0,0,99,false,0
48403,0,0,99263220,172277800,73014580,0,0,81,false,0
48404,0,0,99263220,172282950,73019730,0,4,107,false,0
48405,0,0,99263220,172288100,73024880,0,0,103,false,0
48406,0,0,99263220,172293150,73029930,0,0,101,false,0
48407,0,0,99263220,172298300,73035080,0,3,106,false,0
48408,0,0,99263220,172303450,73040230,0,8,111,false,0
48409,0,0,99263220,172303450,73040230,0,97,97,true,0
48410,0,0,99263220,172308500,73045280,0,0,101,false,0
48411,0,0,99263220,172313250,73050030,0,0,95,false,0
48412,0,0,99369840,172318400,72948560,0,11,114,false,0
48413,0,0,99369840,172323350,72953510,0,0,99,false,0
48414,0,0,99369840,172328450,72958610,0,0,102,false,0
48415,0,0,99369840,172333600,72963760,0,1,104,false,0
48416,0,0,99369840,172338750,72968910,0,9,112,false,0
48417,0,0,99369840,172343700,72973860,0,0,99,false,0
48418,0,0,99369840,172348150,72978310,0,0,89,false,0
48419,0,0,99369840,172348150,72978310,0,104,104,true,0
48420,0,0,99369840,172348150,72978310,0,87,87,true,0
48421,0,0,99369840,172348150,72978310,0,108,108,true,0
48422,0,0,99369840,172348150,72978310,0,84,84,true,0
48423,0,0,99369840,172348150,72978310,0,95,95,true,0
48424,0,0,99369840,172353000,72983160,0,0,97,false,0
48425,0,0,99369840,172358150,72988310,0,12,115,false,0
48426,0,0,99369840,172363050,72993210,0,0,98,false,0
48427,0,0,99369840,172368200,72998360,0,5,108,false,0
48428,0,0,99369840,172372350,73002510,0,0,83,false,0
48429,0,0,99369840,172377500,73007660,0,1,104,false,0
48430,0,0,99369840,172382650,73012810,0,6,109,false,0
48431,0,0,99369840,172387800,73017960,0,9,112,false,0
48432,0,0,99369840,172387800,73017960,0,95,95,true,0
48433,0,0,99369840,172392950,73023110,0,23,126,false,0
48434,0,0,99369840,172398100,73028260,0,0,103,false,0
48435,0,0,99369840,172403250,73033410,0,3,106,false,0
48436,0,0,99369840,172408400,73038560,0,7,110,false,0
48437,0,0,99369840,172412900,73043060,0,0,90,false,0
48438,0,0,99369840,172412900,73043060,0,99,99,true,0
48439,0,0,99369840,172412900,73043060,0,94,94,true,0
48440,0,0,99369840,172412900,73043060,0,103,103,true,0
48441,0,0,99369840,172412900,73043060,0,103,103,true,0
48442,0,0,99369840,172412900,73043060,0,116,116,true,0
48443,0,0,99369840,172417600,73047760,0,0,94,false,0
48444,0,0,99369840,172422750,73052910,0,3,106,false,0
48445,0,0,99369840,172422750,73052910,0,108,108,true,0
48446,0,0,99369840,172427550,73057710,0,0,96,false,0
48447,0,0,99369840,172432700,73062860,0,4,107,false,0
48448,0,0,99369840,172437850,73068010,0,10,113,false,0
48449,0,0,99369840,172442550,73072710,0,0,94,false,0
48450,0,0,99369840,172442550,73072710,0,126,126,true,0
48451,0,0,99369840,172442550,73072710,0,98,98,true,0
48452,0,0,99369840,172442550,73072710,0,107,107,true,0
48453,0,0,99369840,172442550,73072710,0,94,94,true,0
48454,0,0,99369840,172442550,73072710,0,103,103,true,0
48455,0,0,99369840,172447200,73077360,0,0,93,false,0
48456,0,0,99369840,172451050,73081210,0,0,77,false,0
48457,0,0,99369840,172455750,73085910,0,0,94,false,0
48458,0,0,99369840,172460200,73090360,0,0,89,false,0
48459,0,0,99369840,172464500,73094660,0,0,86,false,0
48460,0,0,99369840,172469550,73099710,0,0,101,false,0
48461,0,0,99369840,172474700,73104860,0,7,110,false,0
48462,0,0,99369840,172478950,73109110,0,0,85,false,0
48463,0,0,99369840,172478950,73109110,0,105,105,true,0
48464,0,0,99476460,172483250,73006790,0,0,86,false,0
48465,0,0,99476460,172488300,73011840,0,0,101,false,0
48466,0,0,99476460,172493450,73016990,0,12,115,false,0
48467,0,0,99476460,172493450,73016990,0,100,100,true,0
48468,0,0,99476460,172493450,73016990,0,95,95,true,0
48469,0,0,99476460,172498300,73021840,0,0,97,false,0
48470,0,0,99476460,172503450,73026990,0,3,106,false,0
48471,0,0,99476460,172508600,73032140,0,6,109,false,0
48472,0,0,99476460,172512800,73036340,0,0,84,false,0
48473,0,0,99476460,172517950,73041490,0,1,104,false,0
48474,0,0,99476460,172523100,73046640,0,0,103,false,0
48475,0,0,99476460,172527700,73051240,0,0,92,false,0
48476,0,0,99476460,172532100,73055640,0,0,88,false,0
48477,0,0,99476460,172532100,73055640,0,88,88,true,0
48478,0,0,99476460,172537250,73060790,0,1,104,false,0
48479,0,0,99476460,172542400,73065940,0,4,107,false,0
48480,0,0,99476460,172547500,73071040,0,0,102,false,0
48481,0,0,99476460,172552650,73076190,0,4,107,false,0
48482,0,0,99476460,172552650,73076190,0,111,111,true,0
48483,0,0,99476460,172557450,73080990,0,0,96,false,0
48484,0,0,99476460,172562600,73086140,0,10,113,false,0
48485,0,0,99476460,172567500,73091040,0,0,98,false,0
48486,0,0,99476460,172572550,73096090,0,0,101,false,0
48487,0,0,99476460,172577700,73101240,0,10,113,false,0
48488,0,0,99476460,172582150,73105690,0,0,89,false,0
48489,0,0,99476460,172582150,73105690,0,112,112,true,0
48490,0,0,99476460,172586900,73110440,0,0,95,false,0
48491,0,0,99476460,172591850,73115390,0,0,99,false,0
48492,0,0,99476460,172596250,73119790,0,0,88,false,0
48493,0,0,99476460,172601400,73124940,0,0,103,false,0
48494,0,0,99476460,172606550,73130090,0,7,110,false,0
48495,0,0,99476460,172611700,73135240,0,7,110,false,0
48496,0,0,99476460,172616850,73140390,0,4,107,false,0
48497,0,0,99476460,172621550,73145090,0,0,94,false,0
48498,0,0,99476460,172621550,73145090,0,94,94,true,0
48499,0,0,99476460,172626600,73150140,0,0,101,false,0
48500,0,0,99476460,172631750,73155290,0,8,111,false,0
48501,0,0,99476460,172636650,73160190,0,0,98,false,0
48502,0,0,99476460,172641200,73164740,0,0,91,false,0
48503,0,0,99476460,172646350,73169890,0,2,105,false,0
48504,0,0,99476460,172651500,73175040,0,8,111,false,0
48505,0,0,99476460,172656100,73179640,0,0,92,false,0
48506,0,0,99476460,172660600,73184140,0,0,90,false,0
48507,0,0,99476460,172665750,73189290,0,11,114,false,0
48508,0,0,99476460,172670900,73194440,0,1,104,false,0
48509,0,0,99476460,172676050,73199590,0,8,111,false,0
48510,0,0,99476460,172680400,73203940,0,0,87,false,0
48511,0,0,99476460,172685550,73209090,0,7,110,false,0
48512,0,0,99476460,172690000,73213540,0,0,89,false,0
48513,0,0,99476460,172695150,73218690,0,9,112,false,0
48514,0,0,99476460,172699500,73223040,0,0,87,false,0
48515,0,0,99476460,172704650,73228190,0,22,125,false,0
48516,0,0,99583080,172704650,73121570,0,102,102,true,0
48517,0,0,99583080,172709800,73126720,0,19,122,false,0
48518,0,0,99583080,172714100,73131020,0,0,86,false,0
48519,0,0,99583080,172718150,73135070,0,0,81,false,0
48520,0,0,99583080,172723300,73140220,0,8,111,false,0
48521,0,0,99583080,172728450,73145370,0,5,108,false,0
48522,0,0,99583080,172733600,73150520,0,10,113,false,0
48523,0,0,99583080,172738750,73155670,0,8,111,false,0
48524,0,0,99583080,172743900,73160820,0,0,103,false,0
48525,0,0,99583080,172749050,73165970,0,0,103,false,0
48526,0,0,99583080,172753500,73170420,0,0,89,false,0
48527,0,0,99583080,172758250,73175170,0,0,95,false,0
48528,0,0,99583080,172763400,73180320,0,7,110,false,0
48529,0,0,99583080,172768450,73185370,0,0,101,false,0
48530,0,0,99583080,172773450,73190370,0,0,100,false,0
48531,0,0,99583080,172778100,73195020,0,0,93,false,0
48532,0,0,99583080,172778100,73195020,0,98,98,true,0
48533,0,0,99583080,172778100,73195020,0,97,97,true,0
48534,0,0,99583080,172778100,73195020,0,113,113,true,0
48535,0,0,99583080,172778100,73195020,0,112,112,true,0
48536,0,0,99583080,172778100,73195020,0,103,103,true,0
48537,0,0,99583080,172778100,73195020,0,99,99,true,0
48538,0,0,99583080,172783100,73200020,0,0,100,false,0
48539,0,0,99583080,172787600,73204520,0,0,90,false,0
48540,0,0,99583080,172792750,73209670,0,3,106,false,0
48541,0,0,99583080,172797900,73214820,0,1,104,false,0
48542,0,0,99583080,172797900,73214820,0,100,100,true,0
48543,0,0,99583080,172797900,73214820,0,86,86,true,0
48544,0,0,99583080,172797900,73214820,0,95,95,true,0
48545,0,0,99583080,172802650,73219570,0,0,95,false,0
48546,0,0,99583080,172807800,73224720,0,11,114,false,0
48547,0,0,99583080,172812950,73229870,0,4,107,false,0
48548,0,0,99583080,172817750,73234670,0,0,96,false,0
48549,0,0,99583080,172822900,73239820,0,6,109,false,0
48550,0,0,99583080,172822900,73239820,0,101,101,true,0
48551,0,0,99583080,172822900,73239820,0,91,91,true,0
48552,0,0,99583080,172822900,73239820,0,93,93,true,0
48553,0,0,99583080,172822900,73239820,0,98,98,true,0
48554,0,0,99583080,172822900,73239820,0,89,89,true,0
48555,0,0,99583080,172827250,73244170,0,0,87,false,0
48556,0,0,99583080,172832100,73249020,0,0,97,false,0
48557,0,0,99583080,172836700,73253620,0,0,92,false,0
48558,0,0,99583080,172836700,73253620,0,92,92,true,0
48559,0,0,99583080,172841850,73258770,0,7,110,false,0
48560,0,0,99583080,172847000,73263920,0,5,108,false,0
48561,0,0,99583080,172851550,73268470,0,0,91,false,0
48562,0,0,99583080,172855800,73272720,0,0,85,false,0
48563,0,0,99583080,172855800,73272720,0,108,108,true,0
48564,0,0,99583080,172855800,73272720,0,119,119,true,0
48565,0,0,99583080,172855800,73272720,0,90,90,true,0
48566,0,0,99583080,172860950,73277870,0,17,120,false,0
48567,0,0,99583080,172865150,73282070,0,0,84,false,0
48568,0,0,99689700,172870300,73180600,0,11,114,false,0
48569,0,0,99689700,172875450,73185750,0,6,109,false,0
48570,0,0,99689700,172880200,73190500,0,0,95,false,0
48571,0,0,99689700,172884100,73194400,0,0,78,false,0
48572,0,0,99689700,172889250,73199550,0,9,112,false,0
48573,0,0,99689700,172889250,73199550,0,81,81,true,0
48574,0,0,99689700,172894400,73204700,0,3,106,false,0
48575,0,0,99689700,172899400,73209700,0,0,100,false,0
48576,0,0,99689700,172904250,73214550,0,0,97,false,0
48577,0,0,99689700,172908500,73218800,0,0,85,false,0
48578,0,0,99689700,172913650,73223950,0,19,122,false,0
48579,0,0,99689700,172913650,73223950,0,96,96,true,0
48580,0,0,99689700,172913650,73223950,0,101,101,true,0
48581,0,0,99689700,172918050,73228350,0,0,88,false,0
48582,0,0,99689700,172923200,73233500,0,2,105,false,0
48583,0,0,99689700,172928050,73238350,0,0,97,false,0
48584,0,0,99689700,172932300,73242600,0,0,85,false,0
48585,0,0,99689700,172937100,73247400,0,0,96,false,0
48586,0,0,99689700,172941950,73252250,0,0,97,false,0
48587,0,0,99689700,172945900,73256200,0,0,79,false,0
48588,0,0,99689700,172951050,73261350,0,9,112,false,0
48589,0,0,99689700,172956200,73266500,0,10,113,false,0
48590,0,0,99689700,172956200,73266500,0,102,102,true,0
48591,0,0,99689700,172961100,73271400,0,0,98,false,0
48592,0,0,99689700,172966250,73276550,0,5,108,false,0
48593,0,0,99689700,172970850,73281150,0,0,92,false,0
48594,0,0,99689700,172976000,73286300,0,1,104,false,0
48595,0,0,99689700,172981150,73291450,0,11,114,false,0
48596,0,0,99689700,172984950,73295250,0,0,76,false,0
48597,0,0,99689700,172989850,73300150,0,0,98,false,0
48598,0,0,99689700,172994150,73304450,0,0,86,false,0
48599,0,0,99689700,172994150,73304450,0,83,83,true,0
48600,0,0,99689700,172994150,73304450,0,106,106,true,0
48601,0,0,99689700,172994150,73304450,0,97,97,true,0
48602,0,0,99689700,172994150,73304450,0,95,95,true,0
48603,0,0,99689700,172994150,73304450,0,111,111,true,0
48604,0,0,99689700,172994150,73304450,0,90,90,true,0
48605,0,0,99689700,172994150,73304450,0,105,105,true,0
48606,0,0,99689700,172998250,73308550,0,0,82,false,0
48607,0,0,99689700,173003400,73313700,0,16,119,false,0
48608,0,0,99689700,173008000,73318300,0,0,92,false,0
48609,0,0,99689700,173013150,73323450,0,9,112,false,0
48610,0,0,99689700,173018300,73328600,0,3,106,false,0
48611,0,0,99689700,173023450,73333750,0,6,109,false,0
48612,0,0,99689700,173027950,73338250,0,0,90,false,0
48613,0,0,99689700,173032350,73342650,0,0,88,false,0
48614,0,0,99689700,173036500,73346800,0,0,83,false,0
48615,0,0,99689700,173041650,73351950,0,0,103,false,0
48616,0,0,99689700,173046300,73356600,0,0,93,false,0
48617,0,0,99689700,173051200,73361500,0,0,98,false,0
48618,0,0,99689700,173056300,73366600,0,0,102,false,0
48619,0,0,99689700,173061450,73371750,0,1,104,false,0
48620,0,0,99796320,173061450,73265130,0,85,85,true,0
48621,0,0,99796320,173065650,73269330,0,0,84,false,0
48622,0,0,99796320,173070800,73274480,0,2,105,false,0
48623,0,0,99796320,173075950,73279630,0,5,108,false,0
48624,0,0,99796320,173081100,73284780,0,9,112,false,0
48625,0,0,99796320,173085000,73288680,0,0,78,false,0
48626,0,0,99796320,173090150,73293830,0,3,106,false,0
48627,0,0,99796320,173090150,73293830,0,100,100,true,0
48628,0,0,99796320,173090150,73293830,0,95,95,true,0
48629,0,0,99796320,173090150,73293830,0,106,106,true,0
48630,0,0,99796320,173095250,73298930,0,0,102,false,0
48631,0,0,99796320,173100400,73304080,0,5,108,false,0
48632,0,0,99796320,173105550,73309230,0,0,103,false,0
48633,0,0,99796320,173110700,73314380,0,8,111,false,0
48634,0,0,99796320,173114750,73318430,0,0,81,false,0
48635,0,0,99796320,173119700,73323380,0,0,99,false,0
48636,0,0,99796320,173124850,73328530,0,0,103,false,0
48637,0,0,99796320,173129850,73333530,0,0,100,false,0
48638,0,0,99796320,173134050,73337730,0,0,84,false,0
48639,0,0,99796320,173134050,73337730,0,107,107,true,0
48640,0,0,99796320,173139200,73342880,0,10,113,false,0
48641,0,0,99796320,173143800,73347480,0,0,92,false,0
48642,0,0,99796320,173148950,73352630,0,2,105,false,0
48643,0,0,99796320,173153750,73357430,0,0,96,false,0
48644,0,0,99796320,173157850,73361530,0,0,82,false,0
48645,0,0,99796320,173162200,73365880,0,0,87,false,0
48646,0,0,99796320,173167200,73370880,0,0,100,false,0
48647,0,0,99796320,173172350,73376030,0,9,112,false,0
48648,0,0,99796320,173172350,73376030,0,108,108,true,0
48649,0,0,99796320,173172350,73376030,0,88,88,true,0
48650,0,0,99796320,173172350,73376030,0,90,90,true,0
48651,0,0,99796320,173172350,73376030,0,105,105,true,0
48652,0,0,99796320,173172350,73376030,0,114,114,true,0
48653,0,0,99796320,173172350,73376030,0,106,106,true,0
48654,0,0,99796320,173172350,73376030,0,99,99,true,0
48655,0,0,99796320,173172350,73376030,0,97,97,true,0
48656,0,0,99796320,173177000,73380680,0,0,93,false,0
48657,0,0,99796320,173181200,73384880,0,0,84,false,0
48658,0,0,99796320,173185550,73389230,0,0,87,false,0
48659,0,0,99796320,173185550,73389230,0,96,96,true,0
48660,0,0,99796320,173185550,73389230,0,88,88,true,0
48661,0,0,99796320,173185550,73389230,0,102,102,true,0
48662,0,0,99796320,173190250,73393930,0,0,94,false,0
48663,0,0,99796320,173195000,73398680,0,0,95,false,0
48664,0,0,99796320,173200150,73403830,0,7,110,false,0
48665,0,0,99796320,173204300,73407980,0,0,83,false,0
48666,0,0,99796320,173209450,73413130,0,8,111,false,0
48667,0,0,99796320,173214200,73417880,0,0,95,false,0
48668,0,0,99796320,173219350,73423030,0,7,110,false,0
48669,0,0,99796320,173224500,73428180,0,3,106,false,0
48670,0,0,99796320,173229650,73433330,0,4,107,false,0
48671,0,0,99796320,173233850,73437530,0,0,84,false,0
48672,0,0,99902940,173238300,73335360,0,0,89,false,0
48673,0,0,99902940,173243150,73340210,0,0,97,false,0
48674,0,0,99902940,173243150,73340210,0,94,94,true,0
48675,0,0,99902940,173248000,73345060,0,0,97,false,0
48676,0,0,99902940,173252950,73350010,0,0,99,false,0
48677,0,0,99902940,173257850,73354910,0,0,98,false,0
48678,0,0,99902940,173263000,73360060,0,1,104,false,0
48679,0,0,99902940,173268050,73365110,0,0,101,false,0
48680,0,0,99902940,173273200,73370260,0,0,103,false,0
48681,0,0,99902940,173278350,73375410,0,6,109,false,0
48682,0,0,99902940,173283100,73380160,0,0,95,false,0
48683,0,0,99902940,173287400,73384460,0,0,86,false,0
48684,0,0,99902940,173291850,73388910,0,0,89,false,0
48685,0,0,99902940,173291850,73388910,0,106,106,true,0
48686,0,0,99902940,173291850,73388910,0,104,104,true,0
48687,0,0,99902940,173291850,73388910,0,93,93,true,0
48688,0,0,99902940,173296950,73394010,0,0,102,false,0
48689,0,0,99902940,173302100,73399160,0,5,108,false,0
48690,0,0,99902940,173307200,73404260,0,0,102,false,0
48691,0,0,99902940,173312300,73409360,0,0,102,false,0
48692,0,0,99902940,173317450,73414510,0,5,108,false,0
48693,0,0,99902940,173317450,73414510,0,106,106,true,0
48694,0,0,99902940,173317450,73414510,0,101,101,true,0
48695,0,0,99902940,173317450,73414510,0,117,117,true,0
48696,0,0,99902940,173317450,73414510,0,114,114,true,0
48697,0,0,99902940,173322050,73419110,0,0,92,false,0
48698,0,0,99902940,173327200,73424260,0,13,116,false,0
48699,0,0,99902940,173331850,73428910,0,0,93,false,0
48700,0,0,99902940,173336500,73433560,0,0,93,false,0
48701,0,0,99902940,173341650,73438710,0,8,111,false,0
48702,0,0,99902940,173341650,73438710,0,101,101,true,0
48703,0,0,99902940,173346350,73443410,0,0,94,false,0
48704,0,0,99902940,173351500,73448560,0,3,106,false,0
48705,0,0,99902940,173356650,73453710,0,10,113,false,0
48706,0,0,99902940,173356650,73453710,0,101,101,true,0
48707,0,0,99902940,173356650,73453710,0,108,108,true,0
48708,0,0,99902940,173361550,73458610,0,0,98,false,0
48709,0,0,99902940,173366250,73463310,0,0,94,false,0
48710,0,0,99902940,173371400,73468460,0,3,106,false,0
48711,0,0,99902940,173376300,73473360,0,0,98,false,0
48712,0,0,99902940,173380650,73477710,0,0,87,false,0
48713,0,0,99902940,173385150,73482210,0,0,90,false,0
48714,0,0,99902940,173390300,73487360,0,0,103,false,0
48715,0,0,99902940,173395200,73492260,0,0,98,false,0
48716,0,0,99902940,173399400,73496460,0,0,84,false,0
48717,0,0,99902940,173404550,73501610,0,5,108,false,0
48718,0,0,99902940,173409450,73506510,0,0,98,false,0
48719,0,0,99902940,173414600,73511660,0,5,108,false,0
48720,0,0,99902940,173419450,73516510,0,0,97,false,0
48721,0,0,99902940,173424250,73521310,0,0,96,false,0
48722,0,0,99902940,173429300,73526360,0,0,101,false,0
48723,0,0,99902940,173433900,73530960,0,0,92,false,0
48724,0,0,100009560,173438950,73429390,0,0,101,false,0
48725,0,0,100009560,173443950,73434390,0,0,100,false,0
48726,0,0,100009560,173443950,73434390,0,107,107,true,0
48727,0,0,100009560,173443950,73434390,0,109,109,true,0
48728,0,0,100009560,173443950,73434390,0,101,101,true,0
48729,0,0,100009560,173443950,73434390,0,101,101,true,0
48730,0,0,100009560,173443950,73434390,0,109,109,true,0
48731,0,0,100009560,173443950,73434390,0,96,96,true,0
48732,0,0,100009560,173447800,73438240,0,0,77,false,0
48733,0,0,100009560,173452950,73443390,0,10,113,false,0
48734,0,0,100009560,173458100,73448540,0,7,110,false,0
48735,0,0,100009560,173463250,73453690,0,15,118,false,0
48736,0,0,100009560,173468100,73458540,0,0,97,false,0
48737,0,0,100009560,173472850,73463290,0,0,95,false,0
48738,0,0,100009560,173472850,73463290,0,97,97,true,0
48739,0,0,100009560,173478000,73468440,0,6,109,false,0
48740,0,0,100009560,173482100,73472540,0,0,82,false,0
48741,0,0,100009560,173486750,73477190,0,0,93,false,0
48742,0,0,100009560,173491850,73482290,0,0,102,false,0
48743,0,0,100009560,173497000,73487440,0,1,104,false,0
48744,0,0,100009560,173497000,73487440,0,90,90,true,0
48745,0,0,100009560,173502150,73492590,0,2,105,false,0
48746,0,0,100009560,173507300,73497740,0,20,123,false,0
48747,0,0,100009560,173511350,73501790,0,0,81,false,0
48748,0,0,100009560,173516250,73506690,0,0,98,false,0
48749,0,0,100009560,173520650,73511090,0,0,88,false,0
48750,0,0,100009560,173525050,73515490,0,0,88,false,0
48751,0,0,100009560,173530200,73520640,0,4,107,false,0
48752,0,0,100009560,173535350,73525790,0,1,104,false,0
48753,0,0,100009560,173540500,73530940,0,10,113,false,0
48754,0,0,100009560,173540500,73530940,0,94,94,true,0
48755,0,0,100009560,173545550,73535990,0,0,101,false,0
48756,0,0,100009560,173550650,73541090,0,0,102,false,0
48757,0,0,100009560,173555800,73546240,0,14,117,false,0
48758,0,0,100009560,173560400,73550840,0,0,92,false,0
48759,0,0,100009560,173564650,73555090,0,0,85,false,0
48760,0,0,100009560,173569250,73559690,0,0,92,false,0
48761,0,0,100009560,173569250,73559690,0,86,86,true,0
48762,0,0,100009560,173574400,73564840,0,16,119,false,0
48763,0,0,100009560,173579500,73569940,0,0,102,false,0
48764,0,0,100009560,173584650,73575090,0,7,110,false,0
48765,0,0,100009560,173584650,73575090,0,95,95,true,0
48766,0,0,100009560,173589800,73580240,0,1,104,false,0
48767,0,0,100009560,173594750,73585190,0,0,99,false,0
48768,0,0,100009560,173598750,73589190,0,0,80,false,0
48769,0,0,100009560,173598750,73589190,0,92,92,true,0
48770,0,0,100009560,173603600,73594040,0,0,97,false,0
48771,0,0,100009560,173608750,73599190,0,3,106,false,0
48772,0,0,100009560,173613700,73604140,0,0,99,false,0
48773,0,0,100009560,173618850,73609290,0,9,112,false,0
48774,0,0,100009560,173624000,73614440,0,8,111,false,0
48775,0,0,100009560,173628500,73618940,0,0,90,false,0
48776,0,0,100116180,173632900,73516720,0,0,88,false,0
48777,0,0,100116180,173638050,73521870,0,6,109,false,0
48778,0,0,100116180,173641950,73525770,0,0,78,false,0
48779,0,0,100116180,173646500,73530320,0,0,91,false,0
48780,0,0,100116180,173651650,73535470,0,0,103,false,0
48781,0,0,100116180,173656600,73540420,0,0,99,false,0
48782,0,0,100116180,173661600,73545420,0,0,100,false,0
48783,0,0,100116180,173666750,73550570,0,12,115,false,0
48784,0,0,100116180,173671900,73555720,0,12,115,false,0
48785,0,0,100116180,173676500,73560320,0,0,92,false,0
48786,0,0,100116180,173680500,73564320,0,0,80,false,0
48787,0,0,100116180,173685650,73569470,0,9,112,false,0
48788,0,0,100116180,173689950,73573770,0,0,86,false,0
48789,0,0,100116180,173695100,73578920,0,4,107,false,0
48790,0,0,100116180,173695100,73578920,0,109,109,true,0
48791,0,0,100116180,173695100,73578920,0,96,96,true,0
48792,0,0,100116180,173695100,73578920,0,87,87,true,0
48793,0,0,100116180,173700000,73583820,0,0,98,false,0
48794,0,0,100116180,173704600,73588420,0,0,92,false,0
48795,0,0,100116180,173709700,73593520,0,0,102,false,0
48796,0,0,100116180,173714200,73598020,0,0,90,false,0
48797,0,0,100116180,173719350,73603170,0,4,107,false,0
48798,0,0,100116180,173723900,73607720,0,0,91,false,0
48799,0,0,100116180,173729050,73612870,0,2,105,false,0
48800,0,0,100116180,173733500,73617320,0,0,89,false,0
48801,0,0,100116180,173738650,73622470,0,3,106,false,0
48802,0,0,100116180,173743800,73627620,0,3,106,false,0
48803,0,0,100116180,173748650,73632470,0,0,97,false,0
48804,0,0,100116180,173748650,73632470,0,95,95,true,0
48805,0,0,100116180,173748650,73632470,0,104,104,true,0
48806,0,0,100116180,173752850,73636670,0,0,84,false,0
48807,0,0,100116180,173757350,73641170,0,0,90,false,0
48808,0,0,100116180,173762300,73646120,0,0,99,false,0
48809,0,0,100116180,173767450,73651270,0,0,103,false,0
48810,0,0,100116180,173767450,73651270,0,83,83,true,0
48811,0,0,100116180,173772600,73656420,0,14,117,false,0
48812,0,0,100116180,173777700,73661520,0,0,102,false,0
48813,0,0,100116180,173782850,73666670,0,16,119,false,0
48814,0,0,100116180,173787150,73670970,0,0,86,false,0
48815,0,0,100116180,173787150,73670970,0,79,79,true,0
48816,0,0,100116180,173787150,73670970,0,95,95,true,0
48817,0,0,100116180,173787150,73670970,0,113,113,true,0
48818,0,0,100116180,173787150,73670970,0,94,94,true,0
48819,0,0,100116180,173792300,73676120,0,3,106,false,0
48820,0,0,100116180,173797450,73681270,0,12,115,false,0
48821,0,0,100116180,173802450,73686270,0,0,100,false,0
48822,0,0,100116180,173807600,73691420,0,7,110,false,0
48823,0,0,100116180,173812700,73696520,0,0,102,false,0
48824,0,0,100116180,173817200,73701020,0,0,90,false,0
48825,0,0,100116180,173817200,73701020,0,92,92,true,0
48826,0,0,100116180,173817200,73701020,0,104,104,true,0
48827,0,0,100116180,173817200,73701020,0,98,98,true,0
48828,0,0,100222800,173817200,73594400,0,107,107,true,0
48829,0,0,100222800,173817200,73594400,0,107,107,true,0
48830,0,0,100222800,173817200,73594400,0,73,73,true,0
48831,0,0,100222800,173817200,73594400,0,94,94,true,0
48832,0,0,100222800,173817200,73594400,0,96,96,true,0
48833,0,0,100222800,173821200,73598400,0,0,80,false,0
48834,0,0,100222800,173825900,73603100,0,0,94,false,0
48835,0,0,100222800,173831050,73608250,0,15,118,false,0
48836,0,0,100222800,173831050,73608250,0,97,97,true,0
48837,0,0,100222800,173831050,73608250,0,111,111,true,0
48838,0,0,100222800,173836200,73613400,0,11,114,false,0
48839,0,0,100222800,173840050,73617250,0,0,77,false,0
48840,0,0,100222800,173845150,73622350,0,0,102,false,0
48841,0,0,100222800,173849550,73626750,0,0,88,false,0
48842,0,0,100222800,173853600,73630800,0,0,81,false,0
48843,0,0,100222800,173858200,73635400,0,0,92,false,0
48844,0,0,100222800,173858200,73635400,0,88,88,true,0
48845,0,0,100222800,173858200,73635400,0,96,96,true,0
48846,0,0,100222800,173858200,73635400,0,87,87,true,0
48847,0,0,100222800,173863350,73640550,0,5,108,false,0
48848,0,0,100222800,173868450,73645650,0,0,102,false,0
48849,0,0,100222800,173873600,73650800,0,36,139,false,0
48850,0,0,100222800,173878150,73655350,0,0,91,false,0
48851,0,0,100222800,173883000,73660200,0,0,97,false,0
48852,0,0,100222800,173883000,73660200,0,105,105,true,0
48853,0,0,100222800,173883000,73660200,0,112,112,true,0
48854,0,0,100222800,173887250,73664450,0,0,85,false,0
48855,0,0,100222800,173892150,73669350,0,0,98,false,0
48856,0,0,100222800,173897300,73674500,0,11,114,false,0
48857,0,0,100222800,173902100,73679300,0,0,96,false,0
48858,0,0,100222800,173906950,73684150,0,0,97,false,0
48859,0,0,100222800,173906950,73684150,0,88,88,true,0
48860,0,0,100222800,173911950,73689150,0,0,100,false,0
48861,0,0,100222800,173916700,73693900,0,0,95,false,0
48862,0,0,100222800,173921650,73698850,0,0,99,false,0
48863,0,0,100222800,173926800,73704000,0,8,111,false,0
48864,0,0,100222800,173926800,73704000,0,91,91,true,0
48865,0,0,100222800,173926800,73704000,0,104,104,true,0
48866,0,0,100222800,173931750,73708950,0,0,99,false,0
48867,0,0,100222800,173936350,73713550,0,0,92,false,0
48868,0,0,100222800,173941500,73718700,0,7,110,false,0
48869,0,0,100222800,173941500,73718700,0,113,113,true,0
48870,0,0,100222800,173941500,73718700,0,104,104,true,0
48871,0,0,100222800,173946650,73723850,0,6,109,false,0
48872,0,0,100222800,173951550,73728750,0,0,98,false,0
48873,0,0,100222800,173956650,73733850,0,0,102,false,0
48874,0,0,100222800,173961100,73738300,0,0,89,false,0
48875,0,0,100222800,173965950,73743150,0,0,97,false,0
48876,0,0,100222800,173971100,73748300,0,1,104,false,0
48877,0,0,100222800,173971100,73748300,0,106,106,true,0
48878,0,0,100222800,173976250,73753450,0,7,110,false,0
48879,0,0,100222800,173981250,73758450,0,0,100,false,0
48880,0,0,100329420,173986300,73656880,0,0,101,false,0
48881,0,0,100329420,173991450,73662030,0,19,122,false,0
48882,0,0,100329420,173996450,73667030,0,0,100,false,0
48883,0,0,100329420,174001150,73671730,0,0,94,false,0
48884,0,0,100329420,174001150,73671730,0,91,91,true,0
48885,0,0,100329420,174001150,73671730,0,87,87,true,0
48886,0,0,100329420,174006100,73676680,0,0,99,false,0
48887,0,0,100329420,174011250,73681830,0,19,122,false,0
48888,0,0,100329420,174016400,73686980,0,0,103,false,0
48889,0,0,100329420,174016400,73686980,0,108,108,true,0
48890,0,0,100329420,174021550,73692130,0,16,119,false,0
48891,0,0,100329420,174026700,73697280,0,5,108,false,0
48892,0,0,100329420,174031850,73702430,0,6,109,false,0
48893,0,0,100329420,174036800,73707380,0,0,99,false,0
48894,0,0,100329420,174036800,73707380,0,93,93,true,0
48895,0,0,100329420,174036800,73707380,0,87,87,true,0
48896,0,0,100329420,174036800,73707380,0,110,110,true,0
48897,0,0,100329420,174036800,73707380,0,93,93,true,0
48898,0,0,100329420,174041950,73712530,0,3,106,false,0
48899,0,0,100329420,174046550,73717130,0,0,92,false,0
48900,0,0,100329420,174051300,73721880,0,0,95,false,0
48901,0,0,100329420,174051300,73721880,0,96,96,true,0
48902,0,0,100329420,174051300,73721880,0,69,69,true,0
48903,0,0,100329420,174051300,73721880,0,114,114,true,0
48904,0,0,100329420,174056450,73727030,0,1,104,false,0
48905,0,0,100329420,174061350,73731930,0,0,98,false,0
48906,0,0,100329420,174066500,73737080,0,7,110,false,0
48907,0,0,100329420,174066500,73737080,0,91,91,true,0
48908,0,0,100329420,174071200,73741780,0,0,94,false,0
48909,0,0,100329420,174075900,73746480,0,0,94,false,0
48910,0,0,100329420,174081050,73751630,0,6,109,false,0
48911,0,0,100329420,174086050,73756630,0,0,100,false,0
48912,0,0,100329420,174091200,73761780,0,11,114,false,0
48913,0,0,100329420,174096350,73766930,0,0,103,false,0
48914,0,0,100329420,174101500,73772080,0,6,109,false,0
48915,0,0,100329420,174106650,73777230,0,2,105,false,0
48916,0,0,100329420,174110900,73781480,0,0,85,false,0
48917,0,0,100329420,174115500,73786080,0,0,92,false,0
48918,0,0,100329420,174120550,73791130,0,0,101,false,0
48919,0,0,100329420,174125550,73796130,0,0,100,false,0
48920,0,0,100329420,174125550,73796130,0,113,113,true,0
48921,0,0,100329420,174125550,73796130,0,99,99,true,0
48922,0,0,100329420,174125550,73796130,0,111,111,true,0
48923,0,0,100329420,174125550,73796130,0,99,99,true,0
48924,0,0,100329420,174130700,73801280,0,7,110,false,0
48925,0,0,100329420,174135850,73806430,0,14,117,false,0
48926,0,0,100329420,174140700,73811280,0,0,97,false,0
48927,0,0,100329420,174145350,73815930,0,0,93,false,0
48928,0,0,100329420,174148900,73819480,0,0,71,false,0
48929,0,0,100329420,174153900,73824480,0,0,100,false,0
48930,0,0,100329420,174158650,73829230,0,0,95,false,0
48931,0,0,100329420,174163450,73834030,0,0,96,false,0
48932,0,0,100436040,174168200,73732160,0,0,95,false,0
48933,0,0,100436040,174172750,73736710,0,0,91,false,0
48934,0,0,100436040,174177800,73741760,0,0,101,false,0
48935,0,0,100436040,174177800,73741760,0,114,114,true,0
48936,0,0,100436040,174182950,73746910,0,11,114,false,0
48937,0,0,100436040,174187850,73751810,0,0,98,false,0
48938,0,0,100436040,174192400,73756360,0,0,91,false,0
48939,0,0,100436040,174197300,73761260,0,0,98,false,0
48940,0,0,100436040,174202450,73766410,0,0,103,false,0
48941,0,0,100436040,174207600,73771560,0,12,115,false,0
48942,0,0,100436040,174212100,73776060,0,0,90,false,0
48943,0,0,100436040,174216850,73780810,0,0,95,false,0
48944,0,0,100436040,174221600,73785560,0,0,95,false,0
48945,0,0,100436040,174226000,73789960,0,0,88,false,0
48946,0,0,100436040,174226000,73789960,0,91,91,true,0
48947,0,0,100436040,174226000,73789960,0,108,108,true,0
48948,0,0,100436040,174226000,73789960,0,93,93,true,0
48949,0,0,100436040,174231150,73795110,0,3,106,false,0
48950,0,0,100436040,174235200,73799160,0,0,81,false,0
48951,0,0,100436040,174235200,73799160,0,76,76,true,0
48952,0,0,100436040,174235200,73799160,0,97,97,true,0
48953,0,0,100436040,174235200,73799160,0,112,112,true,0
48954,0,0,100436040,174235200,73799160,0,106,106,true,0
48955,0,0,100436040,174240350,73804310,0,8,111,false,0
48956,0,0,100436040,174245350,73809310,0,0,100,false,0
48957,0,0,100436040,174245350,73809310,0,103,103,true,0
48958,0,0,100436040,174250500,73814460,0,0,103,false,0
48959,0,0,100436040,174255650,73819610,0,1,104,false,0
48960,0,0,100436040,174260800,73824760,0,3,106,false,0
48961,0,0,100436040,174265950,73829910,0,2,105,false,0
48962,0,0,100436040,174271050,73835010,0,0,102,false,0
48963,0,0,100436040,174275800,73839760,0,0,95,false,0
48964,0,0,100436040,174275800,73839760,0,98,98,true,0
48965,0,0,100436040,174275800,73839760,0,88,88,true,0
48966,0,0,100436040,174275800,73839760,0,102,102,true,0
48967,0,0,100436040,174280450,73844410,0,0,93,false,0
48968,0,0,100436040,174285550,73849510,0,0,102,false,0
48969,0,0,100436040,174290700,73854660,0,2,105,false,0
48970,0,0,100436040,174295800,73859760,0,0,102,false,0
48971,0,0,100436040,174300500,73864460,0,0,94,false,0
48972,0,0,100436040,174305650,73869610,0,7,110,false,0
48973,0,0,100436040,174310800,73874760,0,11,114,false,0
48974,0,0,100436040,174310800,73874760,0,106,106,true,0
48975,0,0,100436040,174315950,73879910,0,4,107,false,0
48976,0,0,100436040,174320900,73884860,0,0,99,false,0
48977,0,0,100436040,174326050,73890010,0,6,109,false,0
48978,0,0,100436040,174330750,73894710,0,0,94,false,0
48979,0,0,100436040,174330750,73894710,0,92,92,true,0
48980,0,0,100436040,174330750,73894710,0,90,90,true,0
48981,0,0,100436040,174335900,73899860,0,11,114,false,0
48982,0,0,100436040,174341050,73905010,0,0,103,false,0
48983,0,0,100436040,174346000,73909960,0,0,99,false,0
48984,0,0,100542660,174350900,73808240,0,0,98,false,0
48985,0,0,100542660,174355750,73813090,0,0,97,false,0
48986,0,0,100542660,174360500,73817840,0,0,95,false,0
48987,0,0,100542660,174365650,73822990,0,4,107,false,0
48988,0,0,100542660,174365650,73822990,0,107,107,true,0
48989,0,0,100542660,174370800,73828140,0,18,121,false,0
48990,0,0,100542660,174374900,73832240,0,0,82,false,0
48991,0,0,100542660,174374900,73832240,0,97,97,true,0
48992,0,0,100542660,174374900,73832240,0,95,95,true,0
48993,0,0,100542660,174374900,73832240,0,92,92,true,0
48994,0,0,100542660,174374900,73832240,0,90,90,true,0
48995,0,0,100542660,174374900,73832240,0,88,88,true,0
48996,0,0,100542660,174374900,73832240,0,87,87,true,0
48997,0,0,100542660,174374900,73832240,0,114,114,true,0
48998,0,0,100542660,174374900,73832240,0,97,97,true,0
48999,0,0,100542660,174374900,73832240,0,108,108,true,0
49000,0,0,100542660,174374900,73832240,0,85,85,true,0
49001,0,0,100542660,174379200,73836540,0,0,86,false,0
49002,0,0,100542660,174384000,73841340,0,0,96,false,0
49003,0,0,100542660,174384000,73841340,0,103,103,true,0
49004,0,0,100542660,174384000,73841340,0,97,97,true,0
49005,0,0,100542660,174384000,73841340,0,112,112,true,0
49006,0,0,100542660,174384000,73841340,0,110,110,true,0
49007,0,0,100542660,174389150,73846490,0,7,110,false,0
49008,0,0,100542660,174393600,73850940,0,0,89,false,0
49009,0,0,100542660,174398750,73856090,0,1,104,false,0
49010,0,0,100542660,174403650,73860990,0,0,98,false,0
49011,0,0,100542660,174408600,73865940,0,0,99,false,0
49012,0,0,100542660,174413550,73870890,0,0,99,false,0
49013,0,0,100542660,174418700,73876040,0,0,103,false,0
49014,0,0,100542660,174423850,73881190,0,14,117,false,0
49015,0,0,100542660,174423850,73881190,0,114,114,true,0
49016,0,0,100542660,174423850,73881190,0,84,84,true,0
49017,0,0,100542660,174423850,73881190,0,93,93,true,0
49018,0,0,100542660,174423850,73881190,0,103,103,true,0
49019,0,0,100542660,174428600,73885940,0,0,95,false,0
49020,0,0,100542660,174432950,73890290,0,0,87,false,0
49021,0,0,100542660,174437150,73894490,0,0,84,false,0
49022,0,0,100542660,174442300,73899640,0,3,106,false,0
49023,0,0,100542660,174446950,73904290,0,0,93,false,0
49024,0,0,100542660,174452100,73909440,0,16,119,false,0
49025,0,0,100542660,174457200,73914540,0,0,102,false,0
49026,0,0,100542660,174462350,73919690,0,0,103,false,0
49027,0,0,100542660,174467500,73924840,0,2,105,false,0
49028,0,0,100542660,174472400,73929740,0,0,98,false,0
49029,0,0,100542660,174477400,73934740,0,0,100,false,0
49030,0,0,100542660,174482400,73939740,0,0,100,false,0
49031,0,0,100542660,174482400,73939740,0,114,114,true,0
49032,0,0,100542660,174487200,73944540,0,0,96,false,0
49033,0,0,100542660,174492150,73949490,0,0,99,false,0
49034,0,0,100542660,174496900,73954240,0,0,95,false,0
49035,0,0,100542660,174502050,73959390,0,3,106,false,0
49036,0,0,100649280,174502050,73852770,0,95,95,true,0
49037,0,0,100649280,174507000,73857720,0,0,99,false,0
49038,0,0,100649280,174512150,73862870,0,5,108,false,0
49039,0,0,100649280,174516950,73867670,0,0,96,false,0
49040,0,0,100649280,174521900,73872620,0,0,99,false,0
49041,0,0,100649280,174526750,73877470,0,0,97,false,0
49042,0,0,100649280,174531900,73882620,0,22,125,false,0
49043,0,0,100649280,174537050,73887770,0,16,119,false,0
49044,0,0,100649280,174537050,73887770,0,95,95,true,0
49045,0,0,100649280,174537050,73887770,0,92,92,true,0
49046,0,0,100649280,174537050,73887770,0,108,108,true,0
49047,0,0,100649280,174537050,73887770,0,91,91,true,0
49048,0,0,100649280,174542200,73892920,0,0,103,false,0
49049,0,0,100649280,174547350,73898070,0,3,106,false,0
49050,0,0,100649280,174552200,73902920,0,0,97,false,0
49051,0,0,100649280,174556350,73907070,0,0,83,false,0
49052,0,0,100649280,174561350,73912070,0,0,100,false,0
49053,0,0,100649280,174566500,73917220,0,7,110,false,0
49054,0,0,100649280,174571200,73921920,0,0,94,false,0
49055,0,0,100649280,174575000,73925720,0,0,76,false,0
49056,0,0,100649280,174580000,73930720,0,0,100,false,0
49057,0,0,100649280,174584350,73935070,0,0,87,false,0
49058,0,0,100649280,174589500,73940220,0,0,103,false,0
49059,0,0,100649280,174594650,73945370,0,4,107,false,0
49060,0,0,100649280,174599350,73950070,0,0,94,false,0
49061,0,0,100649280,174604500,73955220,0,4,107,false,0
49062,0,0,100649280,174609650,73960370,0,0,103,false,0
49063,0,0,100649280,174614050,73964770,0,0,88,false,0
49064,0,0,100649280,174619200,73969920,0,4,107,false,0
49065,0,0,100649280,174623950,73974670,0,0,95,false,0
49066,0,0,100649280,174628900,73979620,0,0,99,false,0
49067,0,0,100649280,174633950,73984670,0,0,101,false,0
49068,0,0,100649280,174638500,73989220,0,0,91,false,0
49069,0,0,100649280,174643650,73994370,0,14,117,false,0
49070,0,0,100649280,174647950,73998670,0,0,86,false,0
49071,0,0,100649280,174652550,74003270,0,0,92,false,0
49072,0,0,100649280,174656800,74007520,0,0,85,false,0
49073,0,0,100649280,174656800,74007520,0,98,98,true,0
49074,0,0,100649280,174661350,74012070,0,0,91,false,0
49075,0,0,100649280,174666500,74017220,0,4,107,false,0
49076,0,0,100649280,174671250,74021970,0,0,95,false,0
49077,0,0,100649280,174676400,74027120,0,2,105,false,0
49078,0,0,100649280,174680900,74031620,0,0,90,false,0
49079,0,0,100649280,174686050,74036770,0,7,110,false,0
49080,0,0,100649280,174690850,74041570,0,0,96,false,0
49081,0,0,100649280,174695300,74046020,0,0,89,false,0
49082,0,0,100649280,174699950,74050670,0,0,93,false,0
49083,0,0,100649280,174705100,74055820,0,3,106,false,0
49084,0,0,100649280,174709850,74060570,0,0,95,false,0
49085,0,0,100649280,174714050,74064770,0,0,84,false,0
49086,0,0,100649280,174718800,74069520,0,0,95,false,0
49087,0,0,100649280,174723950,74074670,0,12,115,false,0
49088,0,0,100755900,174727650,73971750,0,0,74,false,0
49089,0,0,100755900,174732150,73976250,0,0,90,false,0
49090,0,0,100755900,174737300,73981400,0,10,113,false,0
49091,0,0,100755900,174742150,73986250,0,0,97,false,0
49092,0,0,100755900,174747300,73991400,0,4,107,false,0
49093,0,0,100755900,174747300,73991400,0,91,91,true,0
49094,0,0,100755900,174747300,73991400,0,84,84,true,0
49095,0,0,100755900,174752050,73996150,0,0,95,false,0
49096,0,0,100755900,174756250,74000350,0,0,84,false,0
49097,0,0,100755900,174760450,74004550,0,0,84,false,0
49098,0,0,100755900,174765000,74009100,0,0,91,false,0
49099,0,0,100755900,174768700,74012800,0,0,74,false,0
49100,0,0,100755900,174773800,74017900,0,0,102,false,0
49101,0,0,100755900,174778000,74022100,0,0,84,false,0
49102,0,0,100755900,174782750,74026850,0,0,95,false,0
49103,0,0,100755900,174787500,74031600,0,0,95,false,0
49104,0,0,100755900,174791550,74035650,0,0,81,false,0
49105,0,0,100755900,174795650,74039750,0,0,82,false,0
49106,0,0,100755900,174800600,74044700,0,0,99,false,0
49107,0,0,100755900,174804250,74048350,0,0,73,false,0
49108,0,0,100755900,174808550,74052650,0,0,86,false,0
49109,0,0,100755900,174813050,74057150,0,0,90,false,0
49110,0,0,100755900,174813050,74057150,0,96,96,true,0
49111,0,0,100755900,174813050,74057150,0,100,100,true,0
49112,0,0,100755900,174813050,74057150,0,112,112,true,0
49113,0,0,100755900,174818200,74062300,0,7,110,false,0
49114,0,0,100755900,174823300,74067400,0,0,102,false,0
49115,0,0,100755900,174827650,74071750,0,0,87,false,0
49116,0,0,100755900,174832000,74076100,0,0,87,false,0
49117,0,0,100755900,174837150,74081250,0,9,112,false,0
49118,0,0,100755900,174842300,74086400,0,15,118,false,0
49119,0,0,100755900,174842300,74086400,0,98,98,true,0
49120,0,0,100755900,174842300,74086400,0,89,89,true,0
49121,0,0,100755900,174842300,74086400,0,103,103,true,0
49122,0,0,100755900,174846200,74090300,0,0,78,false,0
49123,0,0,100755900,174851100,74095200,0,0,98,false,0
49124,0,0,100755900,174856250,74100350,0,8,111,false,0
49125,0,0,100755900,174861200,74105300,0,0,99,false,0
49126,0,0,100755900,174865850,74109950,0,0,93,false,0
49127,0,0,100755900,174870450,74114550,0,0,92,false,0
49128,0,0,100755900,174875600,74119700,0,11,114,false,0
49129,0,0,100755900,174879200,74123300,0,0,72,false,0
49130,0,0,100755900,174884350,74128450,0,3,106,false,0
49131,0,0,100755900,174889500,74133600,0,4,107,false,0
49132,0,0,100755900,174889500,74133600,0,99,99,true,0
49133,0,0,100755900,174889500,74133600,0,88,88,true,0
49134,0,0,100755900,174889500,74133600,0,114,114,true,0
49135,0,0,100755900,174894000,74138100,0,0,90,false,0
49136,0,0,100755900,174899150,74143250,0,0,103,false,0
49137,0,0,100755900,174904150,74148250,0,0,100,false,0
49138,0,0,100755900,174908950,74153050,0,0,96,false,0
49139,0,0,100755900,174913900,74158000,0,0,99,false,0
49140,0,0,100862520,174919000,74056480,0,0,102,false,0
49141,0,0,100862520,174923750,74061230,0,0,95,false,0
49142,0,0,100862520,174927950,74065430,0,0,84,false,0
49143,0,0,100862520,174932200,74069680,0,0,85,false,0
49144,0,0,100862520,174936350,74073830,0,0,83,false,0
49145,0,0,100862520,174940600,74078080,0,0,85,false,0
49146,0,0,100862520,174945750,74083230,0,3,106,false,0
49147,0,0,100862520,174950900,74088380,0,6,109,false,0
49148,0,0,100862520,174955750,74093230,0,0,97,false,0
49149,0,0,100862520,174960100,74097580,0,0,87,false,0
49150,0,0,100862520,174960100,74097580,0,90,90,true,0
49151,0,0,100862520,174960100,74097580,0,111,111,true,0
49152,0,0,100862520,174965250,74102730,0,2,105,false,0
49153,0,0,100862520,174969850,74107330,0,0,92,false,0
49154,0,0,100862520,174975000,74112480,0,37,140,false,0
49155,0,0,100862520,174980000,74117480,0,0,100,false,0
49156,0,0,100862520,174984850,74122330,0,0,97,false,0
49157,0,0,100862520,174990000,74127480,0,0,103,false,0
49158,0,0,100862520,174994000,74131480,0,0,80,false,0
49159,0,0,100862520,174998550,74136030,0,0,91,false,0
49160,0,0,100862520,174998550,74136030,0,84,84,true,0
49161,0,0,100862520,174998550,74136030,0,116,116,true,0
49162,0,0,100862520,175003700,74141180,0,4,107,false,0
49163,0,0,100862520,175008600,74146080,0,0,98,false,0
49164,0,0,100862520,175013750,74151230,0,2,105,false,0
49165,0,0,100862520,175018900,74156380,0,0,103,false,0
49166,0,0,100862520,175023300,74160780,0,0,88,false,0
49167,0,0,100862520,175028450,74165930,0,9,112,false,0
49168,0,0,100862520,175032750,74170230,0,0,86,false,0
49169,0,0,100862520,175037550,74175030,0,0,96,false,0
49170,0,0,100862520,175041800,74179280,0,0,85,false,0
49171,0,0,100862520,175046950,74184430,0,2,105,false,0
49172,0,0,100862520,175052100,74189580,0,5,108,false,0
49173,0,0,100862520,175056350,74193830,0,0,85,false,0
49174,0,0,100862520,175061150,74198630,0,0,96,false,0
49175,0,0,100862520,175066300,74203780,0,15,118,false,0
49176,0,0,100862520,175066300,74203780,0,79,79,true,0
49177,0,0,100862520,175066300,74203780,0,77,77,true,0
49178,0,0,100862520,175070800,74208280,0,0,90,false,0
49179,0,0,100862520,175075450,74212930,0,0,93,false,0
49180,0,0,100862520,175080250,74217730,0,0,96,false,0
49181,0,0,100862520,175084850,74222330,0,0,92,false,0
49182,0,0,100862520,175089450,74226930,0,0,92,false,0
49183,0,0,100862520,175093850,74231330,0,0,88,false,0
49184,0,0,100862520,175098500,74235980,0,0,93,false,0
49185,0,0,100862520,175103500,74240980,0,0,100,false,0
49186,0,0,100862520,175108650,74246130,0,4,107,false,0
49187,0,0,100862520,175113800,74251280,0,8,111,false,0
49188,0,0,100862520,175118300,74255780,0,0,90,false,0
49189,0,0,100862520,175118300,74255780,0,115,115,true,0
49190,0,0,100862520,175123450,74260930,0,5,108,false,0
49191,0,0,100862520,175128300,74265780,0,0,97,false,0
49192,0,0,100969140,175133450,74164310,0,12,115,false,0
49193,0,0,100969140,175138600,74169460,0,3,106,false,0
49194,0,0,100969140,175143750,74174610,0,0,103,false,0
49195,0,0,100969140,175148100,74178960,0,0,87,false,0
49196,0,0,100969140,175152750,74183610,0,0,93,false,0
49197,0,0,100969140,175157400,74188260,0,0,93,false,0
49198,0,0,100969140,175162550,74193410,0,3,106,false,0
49199,0,0,100969140,175167700,74198560,0,13,116,false,0
49200,0,0,100969140,175172050,74202910,0,0,87,false,0
49201,0,0,100969140,175176950,74207810,0,0,98,false,0
49202,0,0,100969140,175180150,74211010,0,0,64,false,0
49203,0,0,100969140,175185200,74216060,0,0,101,false,0
49204,0,0,100969140,175190250,74221110,0,0,101,false,0
49205,0,0,100969140,175195000,74225860,0,0,95,false,0
49206,0,0,100969140,175200150,74231010,0,10,113,false,0
49207,0,0,100969140,175205300,74236160,0,6,109,false,0
49208,0,0,100969140,175210450,74241310,0,15,118,false,0
49209,0,0,100969140,175215500,74246360,0,0,101,false,0
49210,0,0,100969140,175220650,74251510,0,4,107,false,0
49211,0,0,100969140,175220650,74251510,0,104,104,true,0
49212,0,0,100969140,175220650,74251510,0,88,88,true,0
49213,0,0,100969140,175220650,74251510,0,91,91,true,0
49214,0,0,100969140,175220650,74251510,0,100,100,true,0
49215,0,0,100969140,175225800,74256660,0,5,108,false,0
49216,0,0,100969140,175230950,74261810,0,3,106,false,0
49217,0,0,100969140,175235150,74266010,0,0,84,false,0
49218,0,0,100969140,175240300,74271160,0,0,103,false,0
49219,0,0,100969140,175245450,74276310,0,3,106,false,0
49220,0,0,100969140,175249750,74280610,0,0,86,false,0
49221,0,0,100969140,175254900,74285760,0,10,113,false,0
49222,0,0,100969140,175259500,74290360,0,0,92,false,0
49223,0,0,100969140,175263300,74294160,0,0,76,false,0
49224,0,0,100969140,175263300,74294160,0,103,103,true,0
49225,0,0,100969140,175268350,74299210,0,0,101,false,0
49226,0,0,100969140,175273350,74304210,0,0,100,false,0
49227,0,0,100969140,175273350,74304210,0,101,101,true,0
49228,0,0,100969140,175278500,74309360,0,8,111,false,0
49229,0,0,100969140,175283250,74314110,0,0,95,false,0
49230,0,0,100969140,175288400,74319260,0,9,112,false,0
49231,0,0,100969140,175293250,74324110,0,0,97,false,0
49232,0,0,100969140,175298150,74329010,0,0,98,false,0
49233,0,0,100969140,175302600,74333460,0,0,89,false,0
49234,0,0,100969140,175302600,74333460,0,91,91,true,0
49235,0,0,100969140,175302600,74333460,0,109,109,true,0
49236,0,0,100969140,175307750,74338610,0,6,109,false,0
49237,0,0,100969140,175312850,74343710,0,0,102,false,0
49238,0,0,100969140,175317450,74348310,0,0,92,false,0
49239,0,0,100969140,175322200,74353060,0,0,95,false,0
49240,0,0,100969140,175322200,74353060,0,107,107,true,0
49241,0,0,100969140,175327050,74357910,0,0,97,false,0
49242,0,0,100969140,175332150,74363010,0,0,102,false,0
49243,0,0,100969140,175336750,74367610,0,0,92,false,0
49244,0,0,101075760,175341900,74266140,0,8,111,false,0
49245,0,0,101075760,175346950,74271190,0,0,101,false,0
49246,0,0,101075760,175352000,74276240,0,0,101,false,0
49247,0,0,101075760,175357000,74281240,0,0,100,false,0
49248,0,0,101075760,175362150,74286390,0,9,112,false,0
49249,0,0,101075760,175366350,74290590,0,0,84,false,0
49250,0,0,101075760,175370200,74294440,0,0,77,false,0
49251,0,0,101075760,175375350,74299590,0,1,104,false,0
49252,0,0,101075760,175379600,74303840,0,0,85,false,0
49253,0,0,101075760,175384050,74308290,0,0,89,false,0
49254,0,0,101075760,175389200,74313440,0,12,115,false,0
49255,0,0,101075760,175393950,74318190,0,0,95,false,0
49256,0,0,101075760,175399100,74323340,0,1,104,false,0
49257,0,0,101075760,175403000,74327240,0,0,78,false,0
49258,0,0,101075760,175408150,74332390,0,11,114,false,0
49259,0,0,101075760,175413300,74337540,0,0,103,false,0
49260,0,0,101075760,175418450,74342690,0,7,110,false,0
49261,0,0,101075760,175423600,74347840,0,0,103,false,0
49262,0,0,101075760,175428500,74352740,0,0,98,false,0
49263,0,0,101075760,175433200,74357440,0,0,94,false,0
49264,0,0,101075760,175433200,74357440,0,88,88,true,0
49265,0,0,101075760,175438150,74362390,0,0,99,false,0
49266,0,0,101075760,175443250,74367490,0,0,102,false,0
49267,0,0,101075760,175448400,74372640,0,8,111,false,0
49268,0,0,101075760,175452350,74376590,0,0,79,false,0
49269,0,0,101075760,175456850,74381090,0,0,90,false,0
49270,0,0,101075760,175456850,74381090,0,97,97,true,0
49271,0,0,101075760,175461950,74386190,0,0,102,false,0
49272,0,0,101075760,175467100,74391340,0,11,114,false,0
49273,0,0,101075760,175472250,74396490,0,9,112,false,0
49274,0,0,101075760,175472250,74396490,0,116,116,true,0
49275,0,0,101075760,175472250,74396490,0,113,113,true,0
49276,0,0,101075760,175477350,74401590,0,0,102,false,0
49277,0,0,101075760,175482150,74406390,0,0,96,false,0
49278,0,0,101075760,175486600,74410840,0,0,89,false,0
49279,0,0,101075760,175491750,74415990,0,4,107,false,0
49280,0,0,101075760,175495650,74419890,0,0,78,false,0
49281,0,0,101075760,175500750,74424990,0,0,102,false,0
49282,0,0,101075760,175505900,74430140,0,4,107,false,0
49283,0,0,101075760,175510950,74435190,0,0,101,false,0
49284,0,0,101075760,175516100,74440340,0,5,108,false,0
49285,0,0,101075760,175520800,74445040,0,0,94,false,0
49286,0,0,101075760,175525600,74449840,0,0,96,false,0
49287,0,0,101075760,175525600,74449840,0,104,104,true,0
49288,0,0,101075760,175525600,74449840,0,94,94,true,0
49289,0,0,101075760,175525600,74449840,0,111,111,true,0
49290,0,0,101075760,175530750,74454990,0,8,111,false,0
49291,0,0,101075760,175535250,74459490,0,0,90,false,0
49292,0,0,101075760,175540050,74464290,0,0,96,false,0
49293,0,0,101075760,175544350,74468590,0,0,86,false,0
49294,0,0,101075760,175549500,74473740,0,3,106,false,0
49295,0,0,101075760,175554050,74478290,0,0,91,false,0
49296,0,0,101182380,175559200,74376820,0,2,105,false,0
49297,0,0,101182380,175564250,74381870,0,0,101,false,0
49298,0,0,101182380,175569400,74387020,0,1,104,false,0
49299,0,0,101182380,175574350,74391970,0,0,99,false,0
49300,0,0,101182380,175579250,74396870,0,0,98,false,0
49301,0,0,101182380,175584400,74402020,0,23,126,false,0
49302,0,0,101182380,175589250,74406870,0,0,97,false,0
49303,0,0,101182380,175594400,74412020,0,8,111,false,0
49304,0,0,101182380,175599350,74416970,0,0,99,false,0
49305,0,0,101182380,175604250,74421870,0,0,98,false,0
49306,0,0,101182380,175609250,74426870,0,0,100,false,0
49307,0,0,101182380,175609250,74426870,0,86,86,true,0
49308,0,0,101182380,175609250,74426870,0,124,124,true,0
49309,0,0,101182380,175609250,74426870,0,100,100,true,0
49310,0,0,101182380,175609250,74426870,0,100,100,true,0
49311,0,0,101182380,175609250,74426870,0,93,93,true,0
49312,0,0,101182380,175609250,74426870,0,119,119,true,0
49313,0,0,101182380,175609250,74426870,0,83,83,true,0
49314,0,0,101182380,175609250,74426870,0,97,97,true,0
49315,0,0,101182380,175609250,74426870,0,96,96,true,0
49316,0,0,101182380,175609250,74426870,0,99,99,true,0
49317,0,0,101182380,175609250,74426870,0,110,110,true,0
49318,0,0,101182380,175609250,74426870,0,104,104,true,0
49319,0,0,101182380,175609250,74426870,0,94,94,true,0
49320,0,0,101182380,175609250,74426870,0,93,93,true,0
49321,0,0,101182380,175609250,74426870,0,88,88,true,0
49322,0,0,101182380,175609250,74426870,0,94,94,true,0
49323,0,0,101182380,175613500,74431120,0,0,85,false,0
49324,0,0,101182380,175617650,74435270,0,0,83,false,0
49325,0,0,101182380,175622800,74440420,0,17,120,false,0
49326,0,0,101182380,175627100,74444720,0,0,86,false,0
49327,0,0,101182380,175631600,74449220,0,0,90,false,0
49328,0,0,101182380,175636750,74454370,0,2,105,false,0
49329,0,0,101182380,175641900,74459520,0,1,104,false,0
49330,0,0,101182380,175647050,74464670,0,4,107,false,0
49331,0,0,101182380,175651700,74469320,0,0,93,false,0
49332,0,0,101182380,175656850,74474470,0,4,107,false,0
49333,0,0,101182380,175662000,74479620,0,4,107,false,0
49334,0,0,101182380,175666950,74484570,0,0,99,false,0
49335,0,0,101182380,175672100,74489720,0,14,117,false,0
49336,0,0,101182380,175677250,74494870,0,6,109,false,0
49337,0,0,101182380,175682150,74499770,0,0,98,false,0
49338,0,0,101182380,175682150,74499770,0,95,95,true,0
49339,0,0,101182380,175682150,74499770,0,91,91,true,0
49340,0,0,101182380,175687300,74504920,0,8,111,false,0
49341,0,0,101182380,175692450,74510070,0,8,111,false,0
49342,0,0,101182380,175697600,74515220,0,6,109,false,0
49343,0,0,101182380,175702750,74520370,0,5,108,false,0
49344,0,0,101182380,175707250,74524870,0,0,90,false,0
49345,0,0,101182380,175712400,74530020,0,2,105,false,0
49346,0,0,101182380,175716800,74534420,0,0,88,false,0
49347,0,0,101182380,175721250,74538870,0,0,89,false,0
49348,0,0,101289000,175725800,74436800,0,0,91,false,0
49349,0,0,101289000,175730900,74441900,0,0,102,false,0
49350,0,0,101289000,175736050,74447050,0,3,106,false,0
49351,0,0,101289000,175740700,74451700,0,0,93,false,0
49352,0,0,101289000,175745850,74456850,0,10,113,false,0
49353,0,0,101289000,175751000,74462000,0,14,117,false,0
49354,0,0,101289000,175756150,74467150,0,6,109,false,0
49355,0,0,101289000,175761150,74472150,0,0,100,false,0
49356,0,0,101289000,175765850,74476850,0,0,94,false,0
49357,0,0,101289000,175770500,74481500,0,0,93,false,0
49358,0,0,101289000,175775050,74486050,0,0,91,false,0
49359,0,0,101289000,175779500,74490500,0,0,89,false,0
49360,0,0,101289000,175784650,74495650,0,30,133,false,0
49361,0,0,101289000,175789800,74500800,0,14,117,false,0
49362,0,0,101289000,175794900,74505900,0,0,102,false,0
49363,0,0,101289000,175799400,74510400,0,0,90,false,0
49364,0,0,101289000,175804550,74515550,0,13,116,false,0
49365,0,0,101289000,175809700,74520700,0,15,118,false,0
49366,0,0,101289000,175814850,74525850,0,15,118,false,0
49367,0,0,101289000,175819850,74530850,0,0,100,false,0
49368,0,0,101289000,175825000,74536000,0,1,104,false,0
49369,0,0,101289000,175830050,74541050,0,0,101,false,0
49370,0,0,101289000,175835200,74546200,0,4,107,false,0
49371,0,0,101289000,175840200,74551200,0,0,100,false,0
49372,0,0,101289000,175845150,74556150,0,0,99,false,0
49373,0,0,101289000,175845150,74556150,0,88,88,true,0
49374,0,0,101289000,175850300,74561300,0,12,115,false,0
49375,0,0,101289000,175855450,74566450,0,16,119,false,0
49376,0,0,101289000,175860100,74571100,0,0,93,false,0
49377,0,0,101289000,175864800,74575800,0,0,94,false,0
49378,0,0,101289000,175864800,74575800,0,90,90,true,0
49379,0,0,101289000,175869950,74580950,0,14,117,false,0
49380,0,0,101289000,175874900,74585900,0,0,99,false,0
49381,0,0,101289000,175878350,74589350,0,0,69,false,0
49382,0,0,101289000,175883100,74594100,0,0,95,false,0
49383,0,0,101289000,175888250,74599250,0,10,113,false,0
49384,0,0,101289000,175893000,74604000,0,0,95,false,0
49385,0,0,101289000,175897950,74608950,0,0,99,false,0
49386,0,0,101289000,175903100,74614100,0,6,109,false,0
49387,0,0,101289000,175907850,74618850,0,0,95,false,0
49388,0,0,101289000,175913000,74624000,0,0,103,false,0
49389,0,0,101289000,175918150,74629150,0,6,109,false,0
49390,0,0,101289000,175923300,74634300,0,2,105,false,0
49391,0,0,101289000,175928450,74639450,0,0,103,false,0
49392,0,0,101289000,175928450,74639450,0,99,99,true,0
49393,0,0,101289000,175932950,74643950,0,0,90,false,0
49394,0,0,101289000,175938100,74649100,0,8,111,false,0
49395,0,0,101289000,175942750,74653750,0,0,93,false,0
49396,0,0,101289000,175946700,74657700,0,0,79,false,0
49397,0,0,101289000,175951300,74662300,0,0,92,false,0
49398,0,0,101289000,175956450,74667450,0,15,118,false,0
49399,0,0,101289000,175961400,74672400,0,0,99,false,0
49400,0,0,101395620,175966150,74570530,0,0,95,false,0
49401,0,0,101395620,175966150,74570530,0,112,112,true,0
49402,0,0,101395620,175966150,74570530,0,89,89,true,0
49403,0,0,101395620,175966150,74570530,0,102,102,true,0
49404,0,0,101395620,175970850,74575230,0,0,94,false,0
49405,0,0,101395620,175976000,74580380,0,5,108,false,0
49406,0,0,101395620,175976000,74580380,0,94,94,true,0
49407,0,0,101395620,175980950,74585330,0,0,99,false,0
49408,0,0,101395620,175986100,74590480,0,7,110,false,0
49409,0,0,101395620,175986100,74590480,0,79,79,true,0
49410,0,0,101395620,175991000,74595380,0,0,98,false,0
49411,0,0,101395620,175995900,74600280,0,0,98,false,0
49412,0,0,101395620,176000250,74604630,0,0,87,false,0
49413,0,0,101395620,176005400,74609780,0,9,112,false,0
49414,0,0,101395620,176005400,74609780,0,98,98,true,0
49415,0,0,101395620,176010200,74614580,0,0,96,false,0
49416,0,0,101395620,176014000,74618380,0,0,76,false,0
49417,0,0,101395620,176019150,74623530,0,6,109,false,0
49418,0,0,101395620,176024300,74628680,0,0,103,false,0
49419,0,0,101395620,176029400,74633780,0,0,102,false,0
49420,0,0,101395620,176034500,74638880,0,0,102,false,0
49421,0,0,101395620,176039450,74643830,0,0,99,false,0
49422,0,0,101395620,176044600,74648980,0,3,106,false,0
49423,0,0,101395620,176048800,74653180,0,0,84,false,0
49424,0,0,101395620,176053850,74658230,0,0,101,false,0
49425,0,0,101395620,176057800,74662180,0,0,79,false,0
49426,0,0,101395620,176062950,74667330,0,7,110,false,0
49427,0,0,101395620,176067900,74672280,0,0,99,false,0
49428,0,0,101395620,176072300,74676680,0,0,88,false,0
49429,0,0,101395620,176077250,74681630,0,0,99,false,0
49430,0,0,101395620,176077250,74681630,0,86,86,true,0
49431,0,0,101395620,176082000,74686380,0,0,95,false,0
49432,0,0,101395620,176087150,74691530,0,3,106,false,0
49433,0,0,101395620,176092300,74696680,0,26,129,false,0
49434,0,0,101395620,176092300,74696680,0,108,108,true,0
49435,0,0,101395620,176092300,74696680,0,104,104,true,0
49436,0,0,101395620,176092300,74696680,0,103,103,true,0
49437,0,0,101395620,176097450,74701830,0,3,106,false,0
49438,0,0,101395620,176102150,74706530,0,0,94,false,0
49439,0,0,101395620,176102150,74706530,0,96,96,true,0
49440,0,0,101395620,176106600,74710980,0,0,89,false,0
49441,0,0,101395620,176111150,74715530,0,0,91,false,0
49442,0,0,101395620,176116300,74720680,0,1,104,false,0
49443,0,0,101395620,176120600,74724980,0,0,86,false,0
49444,0,0,101395620,176125400,74729780,0,0,96,false,0
49445,0,0,101395620,176130550,74734930,0,8,111,false,0
49446,0,0,101395620,176135600,74739980,0,0,101,false,0
49447,0,0,101395620,176139750,74744130,0,0,83,false,0
49448,0,0,101395620,176144100,74748480,0,0,87,false,0
49449,0,0,101395620,176148100,74752480,0,0,80,false,0
49450,0,0,101395620,176152850,74757230,0,0,95,false,0
49451,0,0,101395620,176157800,74762180,0,0,99,false,0
49452,0,0,101502240,176162050,74659810,0,0,85,false,0
49453,0,0,101502240,176167200,74664960,0,19,122,false,0
49454,0,0,101502240,176172350,74670110,0,12,115,false,0
49455,0,0,101502240,176172350,74670110,0,109,109,true,0
49456,0,0,101502240,176172350,74670110,0,116,116,true,0
49457,0,0,101502240,176177500,74675260,0,1,104,false,0
49458,0,0,101502240,176181800,74679560,0,0,86,false,0
49459,0,0,101502240,176186950,74684710,0,11,114,false,0
49460,0,0,101502240,176191700,74689460,0,0,95,false,0
49461,0,0,101502240,176196350,74694110,0,0,93,false,0
49462,0,0,101502240,176200450,74698210,0,0,82,false,0
49463,0,0,101502240,176200450,74698210,0,112,112,true,0
49464,0,0,101502240,176200450,74698210,0,103,103,true,0
49465,0,0,101502240,176200450,74698210,0,100,100,true,0
49466,0,0,101502240,176200450,74698210,0,113,113,true,0
49467,0,0,101502240,176200450,74698210,0,98,98,true,0
49468,0,0,101502240,176205600,74703360,0,3,106,false,0
49469,0,0,101502240,176209950,74707710,0,0,87,false,0
49470,0,0,101502240,176214950,74712710,0,0,100,false,0
49471,0,0,101502240,176220100,74717860,0,5,108,false,0
49472,0,0,101502240,176224800,74722560,0,0,94,false,0
49473,0,0,101502240,176229700,74727460,0,0,98,false,0
49474,0,0,101502240,176234550,74732310,0,0,97,false,0
49475,0,0,101502240,176239700,74737460,0,7,110,false,0
49476,0,0,101502240,176244450,74742210,0,0,95,false,0
49477,0,0,101502240,176249550,74747310,0,0,102,false,0
49478,0,0,101502240,176253800,74751560,0,0,85,false,0
49479,0,0,101502240,176258850,74756610,0,0,101,false,0
49480,0,0,101502240,176263550,74761310,0,0,94,false,0
49481,0,0,101502240,176268400,74766160,0,0,97,false,0
49482,0,0,101502240,176272900,74770660,0,0,90,false,0
49483,0,0,101502240,176278050,74775810,0,5,108,false,0
49484,0,0,101502240,176283200,74780960,0,7,110,false,0
49485,0,0,101502240,176288350,74786110,0,12,115,false,0
49486,0,0,101502240,176292850,74790610,0,0,90,false,0
49487,0,0,101502240,176292850,74790610,0,85,85,true,0
49488,0,0,101502240,176292850,74790610,0,102,102,true,0
49489,0,0,101502240,176298000,74795760,0,13,116,false,0
49490,0,0,101502240,176302200,74799960,0,0,84,false,0
49491,0,0,101502240,176307050,74804810,0,0,97,false,0
49492,0,0,101502240,176311800,74809560,0,0,95,false,0
49493,0,0,101502240,176316200,74813960,0,0,88,false,0
49494,0,0,101502240,176320700,74818460,0,0,90,false,0
49495,0,0,101502240,176325850,74823610,0,23,126,false,0
49496,0,0,101502240,176325850,74823610,0,118,118,true,0
49497,0,0,101502240,176330500,74828260,0,0,93,false,0
49498,0,0,101502240,176335650,74833410,0,11,114,false,0
49499,0,0,101502240,176340800,74838560,0,4,107,false,0
49500,0,0,101502240,176345450,74843210,0,0,93,false,0
49501,0,0,101502240,176349900,74847660,0,0,89,false,0
49502,0,0,101502240,176355050,74852810,0,2,105,false,0
49503,0,0,101502240,176355050,74852810,0,97,97,true,0
49504,0,0,101608860,176355050,74746190,0,105,105,true,0
49505,0,0,101608860,176360150,74751290,0,0,102,false,0
49506,0,0,101608860,176364350,74755490,0,0,84,false,0
49507,0,0,101608860,176368900,74760040,0,0,91,false,0
49508,0,0,101608860,176374050,74765190,0,1,104,false,0
49509,0,0,101608860,176379000,74770140,0,0,99,false,0
49510,0,0,101608860,176379000,74770140,0,103,103,true,0
49511,0,0,101608860,176379000,74770140,0,93,93,true,0
49512,0,0,101608860,176379000,74770140,0,85,85,true,0
49513,0,0,101608860,176384150,74775290,0,3,106,false,0
49514,0,0,101608860,176388100,74779240,0,0,79,false,0
49515,0,0,101608860,176392550,74783690,0,0,89,false,0
49516,0,0,101608860,176397500,74788640,0,0,99,false,0
49517,0,0,101608860,176402650,74793790,0,6,109,false,0
49518,0,0,101608860,176402650,74793790,0,91,91,true,0
49519,0,0,101608860,176402650,74793790,0,106,106,true,0
49520,0,0,101608860,176407500,74798640,0,0,97,false,0
49521,0,0,101608860,176412050,74803190,0,0,91,false,0
49522,0,0,101608860,176416900,74808040,0,0,97,false,0
49523,0,0,101608860,176421950,74813090,0,0,101,false,0
49524,0,0,101608860,176426050,74817190,0,0,82,false,0
49525,0,0,101608860,176430400,74821540,0,0,87,false,0
49526,0,0,101608860,176434650,74825790,0,0,85,false,0
49527,0,0,101608860,176439800,74830940,0,9,112,false,0
49528,0,0,101608860,176444950,74836090,0,6,109,false,0
49529,0,0,101608860,176450100,74841240,0,6,109,false,0
49530,0,0,101608860,176454950,74846090,0,0,97,false,0
49531,0,0,101608860,176460100,74851240,0,6,109,false,0
49532,0,0,101608860,176464750,74855890,0,0,93,false,0
49533,0,0,101608860,176469800,74860940,0,0,101,false,0
49534,0,0,101608860,176474550,74865690,0,0,95,false,0
49535,0,0,101608860,176479650,74870790,0,0,102,false,0
49536,0,0,101608860,176484800,74875940,0,18,121,false,0
49537,0,0,101608860,176489950,74881090,0,2,105,false,0
49538,0,0,101608860,176489950,74881090,0,108,108,true,0
49539,0,0,101608860,176489950,74881090,0,89,89,true,0
49540,0,0,101608860,176494750,74885890,0,0,96,false,0
49541,0,0,101608860,176499450,74890590,0,0,94,false,0
49542,0,0,101608860,176504250,74895390,0,0,96,false,0
49543,0,0,101608860,176509400,74900540,0,1,104,false,0
49544,0,0,101608860,176514350,74905490,0,0,99,false,0
49545,0,0,101608860,176518650,74909790,0,0,86,false,0
49546,0,0,101608860,176523800,74914940,0,0,103,false,0
49547,0,0,101608860,176523800,74914940,0,97,97,true,0
49548,0,0,101608860,176523800,74914940,0,92,92,true,0
49549,0,0,101608860,176528800,74919940,0,0,100,false,0
49550,0,0,101608860,176533950,74925090,0,2,105,false,0
49551,0,0,101608860,176538350,74929490,0,0,88,false,0
49552,0,0,101608860,176538350,74929490,0,96,96,true,0
49553,0,0,101608860,176538350,74929490,0,93,93,true,0
49554,0,0,101608860,176538350,74929490,0,99,99,true,0
49555,0,0,101608860,176543200,74934340,0,0,97,false,0
49556,0,0,101715480,176547850,74832370,0,0,93,false,0
49557,0,0,101715480,176552050,74836570,0,0,84,false,0
49558,0,0,101715480,176552050,74836570,0,101,101,true,0
49559,0,0,101715480,176557200,74841720,0,1,104,false,0
49560,0,0,101715480,176562350,74846870,0,0,103,false,0
49561,0,0,101715480,176567500,74852020,0,9,112,false,0
49562,0,0,101715480,176572500,74857020,0,0,100,false,0
49563,0,0,101715480,176572500,74857020,0,102,102,true,0
49564,0,0,101715480,176577650,74862170,0,17,120,false,0
49565,0,0,101715480,176582800,74867320,0,0,103,false,0
49566,0,0,101715480,176582800,74867320,0,103,103,true,0
49567,0,0,101715480,176582800,74867320,0,95,95,true,0
49568,0,0,101715480,176582800,74867320,0,98,98,true,0
49569,0,0,101715480,176582800,74867320,0,105,105,true,0
49570,0,0,101715480,176587950,74872470,0,36,139,false,0
49571,0,0,101715480,176593100,74877620,0,2,105,false,0
49572,0,0,101715480,176593100,74877620,0,78,78,true,0
49573,0,0,101715480,176593100,74877620,0,103,103,true,0
49574,0,0,101715480,176593100,74877620,0,106,106,true,0
49575,0,0,101715480,176598250,74882770,0,2,105,false,0
49576,0,0,101715480,176603400,74887920,0,2,105,false,0
49577,0,0,101715480,176608550,74893070,0,5,108,false,0
49578,0,0,101715480,176608550,74893070,0,112,112,true,0
49579,0,0,101715480,176608550,74893070,0,94,94,true,0
49580,0,0,101715480,176608550,74893070,0,90,90,true,0
49581,0,0,101715480,176613350,74897870,0,0,96,false,0
49582,0,0,101715480,176617950,74902470,0,0,92,false,0
49583,0,0,101715480,176623100,74907620,0,4,107,false,0
49584,0,0,101715480,176628250,74912770,0,6,109,false,0
49585,0,0,101715480,176633400,74917920,0,6,109,false,0
49586,0,0,101715480,176638000,74922520,0,0,92,false,0
49587,0,0,101715480,176642900,74927420,0,0,98,false,0
49588,0,0,101715480,176647850,74932370,0,0,99,false,0
49589,0,0,101715480,176653000,74937520,0,1,104,false,0
49590,0,0,101715480,176658150,74942670,0,15,118,false,0
49591,0,0,101715480,176658150,74942670,0,114,114,true,0
49592,0,0,101715480,176658150,74942670,0,107,107,true,0
49593,0,0,101715480,176658150,74942670,0,97,97,true,0
49594,0,0,101715480,176658150,74942670,0,83,83,true,0
49595,0,0,101715480,176663250,74947770,0,0,102,false,0
49596,0,0,101715480,176668100,74952620,0,0,97,false,0
49597,0,0,101715480,176672200,74956720,0,0,82,false,0
49598,0,0,101715480,176676800,74961320,0,0,92,false,0
49599,0,0,101715480,176681950,74966470,0,4,107,false,0
49600,0,0,101715480,176687100,74971620,0,4,107,false,0
49601,0,0,101715480,176691950,74976470,0,0,97,false,0
49602,0,0,101715480,176696550,74981070,0,0,92,false,0
49603,0,0,101715480,176701000,74985520,0,0,89,false,0
49604,0,0,101715480,176706150,74990670,0,2,105,false,0
49605,0,0,101715480,176710850,74995370,0,0,94,false,0
49606,0,0,101715480,176710850,74995370,0,102,102,true,0
49607,0,0,101715480,176715800,75000320,0,0,99,false,0
49608,0,0,101822100,176719950,74897850,0,0,83,false,0
49609,0,0,101822100,176725000,74902900,0,0,101,false,0
49610,0,0,101822100,176730150,74908050,0,12,115,false,0
49611,0,0,101822100,176734750,74912650,0,0,92,false,0
49612,0,0,101822100,176739150,74917050,0,0,88,false,0
49613,0,0,101822100,176744150,74922050,0,0,100,false,0
49614,0,0,101822100,176748950,74926850,0,0,96,false,0
49615,0,0,101822100,176753550,74931450,0,0,92,false,0
49616,0,0,101822100,176758700,74936600,0,10,113,false,0
49617,0,0,101822100,176763850,74941750,0,9,112,false,0
49618,0,0,101822100,176769000,74946900,0,7,110,false,0
49619,0,0,101822100,176773250,74951150,0,0,85,false,0
49620,0,0,101822100,176778400,74956300,0,7,110,false,0
49621,0,0,101822100,176783550,74961450,0,1,104,false,0
49622,0,0,101822100,176786850,74964750,0,0,66,false,0
49623,0,0,101822100,176791900,74969800,0,0,101,false,0
49624,0,0,101822100,176797050,74974950,0,1,104,false,0
49625,0,0,101822100,176802050,74979950,0,0,100,false,0
49626,0,0,101822100,176806200,74984100,0,0,83,false,0
49627,0,0,101822100,176811350,74989250,0,1,104,false,0
49628,0,0,101822100,176816500,74994400,0,1,104,false,0
49629,0,0,101822100,176821400,74999300,0,0,98,false,0
49630,0,0,101822100,176825650,75003550,0,0,85,false,0
49631,0,0,101822100,176830450,75008350,0,0,96,false,0
49632,0,0,101822100,176834550,75012450,0,0,82,false,0
49633,0,0,101822100,176834550,75012450,0,100,100,true,0
49634,0,0,101822100,176839100,75017000,0,0,91,false,0
49635,0,0,101822100,176844250,75022150,0,7,110,false,0
49636,0,0,101822100,176849000,75026900,0,0,95,false,0
49637,0,0,101822100,176854150,75032050,0,0,103,false,0
49638,0,0,101822100,176859050,75036950,0,0,98,false,0
49639,0,0,101822100,176864200,75042100,0,6,109,false,0
49640,0,0,101822100,176868400,75046300,0,0,84,false,0
49641,0,0,101822100,176872950,75050850,0,0,91,false,0
49642,0,0,101822100,176877850,75055750,0,0,98,false,0
49643,0,0,101822100,176877850,75055750,0,109,109,true,0
49644,0,0,101822100,176882700,75060600,0,0,97,false,0
49645,0,0,101822100,176887850,75065750,0,10,113,false,0
49646,0,0,101822100,176892600,75070500,0,0,95,false,0
49647,0,0,101822100,176897750,75075650,0,1,104,false,0
49648,0,0,101822100,176902550,75080450,0,0,96,false,0
49649,0,0,101822100,176907350,75085250,0,0,96,false,0
49650,0,0,101822100,176912200,75090100,0,0,97,false,0
49651,0,0,101822100,176917350,75095250,0,0,103,false,0
49652,0,0,101822100,176922500,75100400,0,6,109,false,0
49653,0,0,101822100,176927650,75105550,0,0,103,false,0
49654,0,0,101822100,176932800,75110700,0,1,104,false,0
49655,0,0,101822100,176932800,75110700,0,105,105,true,0
49656,0,0,101822100,176932800,75110700,0,97,97,true,0
49657,0,0,101822100,176937750,75115650,0,0,99,false,0
49658,0,0,101822100,176942900,75120800,0,12,115,false,0
49659,0,0,101822100,176947450,75125350,0,0,91,false,0
49660,0,0,101928720,176947450,75018730,0,100,100,true,0
49661,0,0,101928720,176947450,75018730,0,98,98,true,0
49662,0,0,101928720,176947450,75018730,0,99,99,true,0
49663,0,0,101928720,176947450,75018730,0,116,116,true,0
49664,0,0,101928720,176952100,75023380,0,0,93,false,0
49665,0,0,101928720,176957250,75028530,0,5,108,false,0
49666,0,0,101928720,176962400,75033680,0,3,106,false,0
49667,0,0,101928720,176962400,75033680,0,109,109,true,0
49668,0,0,101928720,176962400,75033680,0,112,112,true,0
49669,0,0,101928720,176962400,75033680,0,83,83,true,0
49670,0,0,101928720,176966950,75038230,0,0,91,false,0
49671,0,0,101928720,176972100,75043380,0,8,111,false,0
49672,0,0,101928720,176972100,75043380,0,100,100,true,0
49673,0,0,101928720,176972100,75043380,0,92,92,true,0
49674,0,0,101928720,176972100,75043380,0,111,111,true,0
49675,0,0,101928720,176977200,75048480,0,0,102,false,0
49676,0,0,101928720,176982200,75053480,0,0,100,false,0
49677,0,0,101928720,176987300,75058580,0,0,102,false,0
49678,0,0,101928720,176987300,75058580,0,94,94,true,0
49679,0,0,101928720,176987300,75058580,0,105,105,true,0
49680,0,0,101928720,176992300,75063580,0,0,100,false,0
49681,0,0,101928720,176997450,75068730,0,1,104,false,0
49682,0,0,101928720,177002300,75073580,0,0,97,false,0
49683,0,0,101928720,177007450,75078730,0,0,103,false,0
49684,0,0,101928720,177012100,75083380,0,0,93,false,0
49685,0,0,101928720,177017250,75088530,0,2,105,false,0
49686,0,0,101928720,177021950,75093230,0,0,94,false,0
49687,0,0,101928720,177027100,75098380,0,10,113,false,0
49688,0,0,101928720,177032250,75103530,0,9,112,false,0
49689,0,0,101928720,177032250,75103530,0,75,75,true,0
49690,0,0,101928720,177032250,75103530,0,101,101,true,0
49691,0,0,101928720,177032250,75103530,0,92,92,true,0
49692,0,0,101928720,177037250,75108530,0,0,100,false,0
49693,0,0,101928720,177042400,75113680,0,0,103,false,0
49694,0,0,101928720,177047100,75118380,0,0,94,false,0
49695,0,0,101928720,177051450,75122730,0,0,87,false,0
49696,0,0,101928720,177056600,75127880,0,11,114,false,0
49697,0,0,101928720,177061750,75133030,0,5,108,false,0
49698,0,0,101928720,177066900,75138180,0,15,118,false,0
49699,0,0,101928720,177072050,75143330,0,19,122,false,0
49700,0,0,101928720,177076650,75147930,0,0,92,false,0
49701,0,0,101928720,177081800,75153080,0,2,105,false,0
49702,0,0,101928720,177086950,75158230,0,0,103,false,0
49703,0,0,101928720,177086950,75158230,0,105,105,true,0
49704,0,0,101928720,177092100,75163380,0,7,110,false,0
49705,0,0,101928720,177097250,75168530,0,3,106,false,0
49706,0,0,101928720,177101800,75173080,0,0,91,false,0
49707,0,0,101928720,177106850,75178130,0,0,101,false,0
49708,0,0,101928720,177110950,75182230,0,0,82,false,0
49709,0,0,101928720,177115600,75186880,0,0,93,false,0
49710,0,0,101928720,177120750,75192030,0,4,107,false,0
49711,0,0,101928720,177125900,75197180,0,4,107,false,0
49712,0,0,102035340,177125900,75090560,0,102,102,true,0
49713,0,0,102035340,177125900,75090560,0,106,106,true,0
49714,0,0,102035340,177130950,75095610,0,0,101,false,0
49715,0,0,102035340,177136100,75100760,0,16,119,false,0
49716,0,0,102035340,177141250,75105910,0,12,115,false,0
49717,0,0,102035340,177141250,75105910,0,107,107,true,0
49718,0,0,102035340,177141250,75105910,0,93,93,true,0
49719,0,0,102035340,177141250,75105910,0,91,91,true,0
49720,0,0,102035340,177146250,75110910,0,0,100,false,0
49721,0,0,102035340,177151100,75115760,0,0,97,false,0
49722,0,0,102035340,177156000,75120660,0,0,98,false,0
49723,0,0,102035340,177161150,75125810,0,2,105,false,0
49724,0,0,102035340,177166300,75130960,0,5,108,false,0
49725,0,0,102035340,177171450,75136110,0,13,116,false,0
49726,0,0,102035340,177176600,75141260,0,8,111,false,0
49727,0,0,102035340,177181750,75146410,0,6,109,false,0
49728,0,0,102035340,177186600,75151260,0,0,97,false,0
49729,0,0,102035340,177190900,75155560,0,0,86,false,0
49730,0,0,102035340,177195300,75159960,0,0,88,false,0
49731,0,0,102035340,177200250,75164910,0,0,99,false,0
49732,0,0,102035340,177204500,75169160,0,0,85,false,0
49733,0,0,102035340,177204500,75169160,0,105,105,true,0
49734,0,0,102035340,177208500,75173160,0,0,80,false,0
49735,0,0,102035340,177213350,75178010,0,0,97,false,0
49736,0,0,102035340,177218100,75182760,0,0,95,false,0
49737,0,0,102035340,177223250,75187910,0,6,109,false,0
49738,0,0,102035340,177227250,75191910,0,0,80,false,0
49739,0,0,102035340,177231050,75195710,0,0,76,false,0
49740,0,0,102035340,177231050,75195710,0,103,103,true,0
49741,0,0,102035340,177231050,75195710,0,93,93,true,0
49742,0,0,102035340,177235100,75199760,0,0,81,false,0
49743,0,0,102035340,177239750,75204410,0,0,93,false,0
49744,0,0,102035340,177244850,75209510,0,0,102,false,0
49745,0,0,102035340,177249800,75214460,0,0,99,false,0
49746,0,0,102035340,177249800,75214460,0,119,119,true,0
49747,0,0,102035340,177254950,75219610,0,27,130,false,0
49748,0,0,102035340,177259950,75224610,0,0,100,false,0
49749,0,0,102035340,177265050,75229710,0,0,102,false,0
49750,0,0,102035340,177265050,75229710,0,103,103,true,0
49751,0,0,102035340,177265050,75229710,0,100,100,true,0
49752,0,0,102035340,177270100,75234760,0,0,101,false,0
49753,0,0,102035340,177274900,75239560,0,0,96,false,0
49754,0,0,102035340,177279800,75244460,0,0,98,false,0
49755,0,0,102035340,177279800,75244460,0,98,98,true,0
49756,0,0,102035340,177279800,75244460,0,83,83,true,0
49757,0,0,102035340,177279800,75244460,0,97,97,true,0
49758,0,0,102035340,177279800,75244460,0,84,84,true,0
49759,0,0,102035340,177279800,75244460,0,115,115,true,0
49760,0,0,102035340,177279800,75244460,0,97,97,true,0
49761,0,0,102035340,177283350,75248010,0,0,71,false,0
49762,0,0,102035340,177288500,75253160,0,9,112,false,0
49763,0,0,102035340,177293650,75258310,0,6,109,false,0
49764,0,0,102141960,177298150,75156190,0,0,90,false,0
49765,0,0,102141960,177302750,75160790,0,0,92,false,0
49766,0,0,102141960,177307900,75165940,0,9,112,false,0
49767,0,0,102141960,177307900,75165940,0,116,116,true,0
49768,0,0,102141960,177312800,75170840,0,0,98,false,0
49769,0,0,102141960,177317900,75175940,0,0,102,false,0
49770,0,0,102141960,177323050,75181090,0,0,103,false,0
49771,0,0,102141960,177323050,75181090,0,90,90,true,0
49772,0,0,102141960,177328200,75186240,0,1,104,false,0
49773,0,0,102141960,177333350,75191390,0,12,115,false,0
49774,0,0,102141960,177338100,75196140,0,0,95,false,0
49775,0,0,102141960,177343250,75201290,0,0,103,false,0
49776,0,0,102141960,177343250,75201290,0,94,94,true,0
49777,0,0,102141960,177343250,75201290,0,98,98,true,0
49778,0,0,102141960,177348300,75206340,0,0,101,false,0
49779,0,0,102141960,177353450,75211490,0,12,115,false,0
49780,0,0,102141960,177358600,75216640,0,16,119,false,0
49781,0,0,102141960,177358600,75216640,0,90,90,true,0
49782,0,0,102141960,177358600,75216640,0,93,93,true,0
49783,0,0,102141960,177358600,75216640,0,96,96,true,0
49784,0,0,102141960,177358600,75216640,0,88,88,true,0
49785,0,0,102141960,177363750,75221790,0,3,106,false,0
49786,0,0,102141960,177368650,75226690,0,0,98,false,0
49787,0,0,102141960,177373800,75231840,0,11,114,false,0
49788,0,0,102141960,177378300,75236340,0,0,90,false,0
49789,0,0,102141960,177383350,75241390,0,0,101,false,0
49790,0,0,102141960,177388500,75246540,0,1,104,false,0
49791,0,0,102141960,177393350,75251390,0,0,97,false,0
49792,0,0,102141960,177398300,75256340,0,0,99,false,0
49793,0,0,102141960,177402900,75260940,0,0,92,false,0
49794,0,0,102141960,177407800,75265840,0,0,98,false,0
49795,0,0,102141960,177412750,75270790,0,0,99,false,0
49796,0,0,102141960,177417900,75275940,0,0,103,false,0
49797,0,0,102141960,177417900,75275940,0,91,91,true,0
49798,0,0,102141960,177417900,75275940,0,104,104,true,0
49799,0,0,102141960,177417900,75275940,0,104,104,true,0
49800,0,0,102141960,177423000,75281040,0,0,102,false,0
49801,0,0,102141960,177428050,75286090,0,0,101,false,0
49802,0,0,102141960,177432500,75290540,0,0,89,false,0
49803,0,0,102141960,177437550,75295590,0,0,101,false,0
49804,0,0,102141960,177437550,75295590,0,110,110,true,0
49805,0,0,102141960,177437550,75295590,0,89,89,true,0
49806,0,0,102141960,177437550,75295590,0,97,97,true,0
49807,0,0,102141960,177442700,75300740,0,6,109,false,0
49808,0,0,102141960,177447850,75305890,0,15,118,false,0
49809,0,0,102141960,177452300,75310340,0,0,89,false,0
49810,0,0,102141960,177457000,75315040,0,0,94,false,0
49811,0,0,102141960,177461200,75319240,0,0,84,false,0
49812,0,0,102141960,177461200,75319240,0,107,107,true,0
49813,0,0,102141960,177466350,75324390,0,13,116,false,0
49814,0,0,102141960,177471500,75329540,0,1,104,false,0
49815,0,0,102141960,177476650,75334690,0,11,114,false,0
49816,0,0,102248580,177476650,75228070,0,86,86,true,0
49817,0,0,102248580,177476650,75228070,0,100,100,true,0
49818,0,0,102248580,177476650,75228070,0,119,119,true,0
49819,0,0,102248580,177476650,75228070,0,91,91,true,0
49820,0,0,102248580,177476650,75228070,0,100,100,true,0
49821,0,0,102248580,177476650,75228070,0,100,100,true,0
49822,0,0,102248580,177476650,75228070,0,121,121,true,0
49823,0,0,102248580,177481800,75233220,0,8,111,false,0
49824,0,0,102248580,177486950,75238370,0,13,116,false,0
49825,0,0,102248580,177492100,75243520,0,4,107,false,0
49826,0,0,102248580,177492100,75243520,0,106,106,true,0
49827,0,0,102248580,177497050,75248470,0,0,99,false,0
49828,0,0,102248580,177502150,75253570,0,0,102,false,0
49829,0,0,102248580,177502150,75253570,0,104,104,true,0
49830,0,0,102248580,177506550,75257970,0,0,88,false,0
49831,0,0,102248580,177511500,75262920,0,0,99,false,0
49832,0,0,102248580,177511500,75262920,0,96,96,true,0
49833,0,0,102248580,177511500,75262920,0,107,107,true,0
49834,0,0,102248580,177511500,75262920,0,110,110,true,0
49835,0,0,102248580,177511500,75262920,0,112,112,true,0
49836,0,0,102248580,177511500,75262920,0,93,93,true,0
49837,0,0,102248580,177511500,75262920,0,104,104,true,0
49838,0,0,102248580,177511500,75262920,0,108,108,true,0
49839,0,0,102248580,177516650,75268070,0,12,115,false,0
49840,0,0,102248580,177521800,75273220,0,3,106,false,0
49841,0,0,102248580,177521800,75273220,0,105,105,true,0
49842,0,0,102248580,177526950,75278370,0,2,105,false,0
49843,0,0,102248580,177532000,75283420,0,0,101,false,0
49844,0,0,102248580,177536500,75287920,0,0,90,false,0
49845,0,0,102248580,177541650,75293070,0,15,118,false,0
49846,0,0,102248580,177546550,75297970,0,0,98,false,0
49847,0,0,102248580,177551350,75302770,0,0,96,false,0
49848,0,0,102248580,177556150,75307570,0,0,96,false,0
49849,0,0,102248580,177556150,75307570,0,95,95,true,0
49850,0,0,102248580,177556150,75307570,0,103,103,true,0
49851,0,0,102248580,177560500,75311920,0,0,87,false,0
49852,0,0,102248580,177565550,75316970,0,0,101,false,0
49853,0,0,102248580,177565550,75316970,0,86,86,true,0
49854,0,0,102248580,177565550,75316970,0,94,94,true,0
49855,0,0,102248580,177565550,75316970,0,84,84,true,0
49856,0,0,102248580,177570250,75321670,0,0,94,false,0
49857,0,0,102248580,177575400,75326820,0,8,111,false,0
49858,0,0,102248580,177580300,75331720,0,0,98,false,0
49859,0,0,102248580,177585450,75336870,0,6,109,false,0
49860,0,0,102248580,177585450,75336870,0,92,92,true,0
49861,0,0,102248580,177585450,75336870,0,91,91,true,0
49862,0,0,102248580,177585450,75336870,0,114,114,true,0
49863,0,0,102248580,177585450,75336870,0,116,116,true,0
49864,0,0,102248580,177585450,75336870,0,97,97,true,0
49865,0,0,102248580,177590600,75342020,0,4,107,false,0
49866,0,0,102248580,177595650,75347070,0,0,101,false,0
49867,0,0,102248580,177599900,75351320,0,0,85,false,0
49868,0,0,102355200,177605000,75249800,0,0,102,false,0
49869,0,0,102355200,177609250,75254050,0,0,85,false,0
49870,0,0,102355200,177613550,75258350,0,0,86,false,0
49871,0,0,102355200,177618700,75263500,0,6,109,false,0
49872,0,0,102355200,177623850,75268650,0,3,106,false,0
49873,0,0,102355200,177628200,75273000,0,0,87,false,0
49874,0,0,102355200,177632350,75277150,0,0,83,false,0
49875,0,0,102355200,177637000,75281800,0,0,93,false,0
49876,0,0,102355200,177642150,75286950,0,5,108,false,0
49877,0,0,102355200,177647300,75292100,0,5,108,false,0
49878,0,0,102355200,177652450,75297250,0,9,112,false,0
49879,0,0,102355200,177656200,75301000,0,0,75,false,0
49880,0,0,102355200,177661250,75306050,0,0,101,false,0
49881,0,0,102355200,177661250,75306050,0,101,101,true,0
49882,0,0,102355200,177661250,75306050,0,100,100,true,0
49883,0,0,102355200,177661250,75306050,0,97,97,true,0
49884,0,0,102355200,177661250,75306050,0,105,105,true,0
49885,0,0,102355200,177661250,75306050,0,92,92,true,0
49886,0,0,102355200,177666400,75311200,0,5,108,false,0
49887,0,0,102355200,177671100,75315900,0,0,94,false,0
49888,0,0,102355200,177676250,75321050,0,1,104,false,0
49889,0,0,102355200,177681400,75326200,0,2,105,false,0
49890,0,0,102355200,177686000,75330800,0,0,92,false,0
49891,0,0,102355200,177690050,75334850,0,0,81,false,0
49892,0,0,102355200,177695050,75339850,0,0,100,false,0
49893,0,0,102355200,177700150,75344950,0,0,102,false,0
49894,0,0,102355200,177705150,75349950,0,0,100,false,0
49895,0,0,102355200,177710300,75355100,0,6,109,false,0
49896,0,0,102355200,177714650,75359450,0,0,87,false,0
49897,0,0,102355200,177719800,75364600,0,7,110,false,0
49898,0,0,102355200,177724050,75368850,0,0,85,false,0
49899,0,0,102355200,177729200,75374000,0,6,109,false,0
49900,0,0,102355200,177729200,75374000,0,93,93,true,0
49901,0,0,102355200,177729200,75374000,0,99,99,true,0
49902,0,0,102355200,177729200,75374000,0,104,104,true,0
49903,0,0,102355200,177733850,75378650,0,0,93,false,0
49904,0,0,102355200,177738250,75383050,0,0,88,false,0
49905,0,0,102355200,177743300,75388100,0,0,101,false,0
49906,0,0,102355200,177748450,75393250,0,21,124,false,0
49907,0,0,102355200,177753100,75397900,0,0,93,false,0
49908,0,0,102355200,177758250,75403050,0,6,109,false,0
49909,0,0,102355200,177763400,75408200,0,7,110,false,0
49910,0,0,102355200,177768500,75413300,0,0,102,false,0
49911,0,0,102355200,177773650,75418450,0,3,106,false,0
49912,0,0,102355200,177778650,75423450,0,0,100,false,0
49913,0,0,102355200,177782700,75427500,0,0,81,false,0
49914,0,0,102355200,177787350,75432150,0,0,93,false,0
49915,0,0,102355200,177792500,75437300,0,1,104,false,0
49916,0,0,102355200,177797400,75442200,0,0,98,false,0
49917,0,0,102355200,177801900,75446700,0,0,90,false,0
49918,0,0,102355200,177806000,75450800,0,0,82,false,0
49919,0,0,102355200,177810000,75454800,0,0,80,false,0
49920,0,0,102461820,177814150,75352330,0,0,83,false,0
49921,0,0,102461820,177819300,75357480,0,8,111,false,0
49922,0,0,102461820,177824000,75362180,0,0,94,false,0
49923,0,0,102461820,177824000,75362180,0,92,92,true,0
49924,0,0,102461820,177828100,75366280,0,0,82,false,0
49925,0,0,102461820,177833150,75371330,0,0,101,false,0
49926,0,0,102461820,177838100,75376280,0,0,99,false,0
49927,0,0,102461820,177843250,75381430,0,15,118,false,0
49928,0,0,102461820,177848300,75386480,0,0,101,false,0
49929,0,0,102461820,177848300,75386480,0,96,96,true,0
49930,0,0,102461820,177852250,75390430,0,0,79,false,0
49931,0,0,102461820,177857250,75395430,0,0,100,false,0
49932,0,0,102461820,177861950,75400130,0,0,94,false,0
49933,0,0,102461820,177867100,75405280,0,2,105,false,0
49934,0,0,102461820,177872250,75410430,0,13,116,false,0
49935,0,0,102461820,177877400,75415580,0,4,107,false,0
49936,0,0,102461820,177882350,75420530,0,0,99,false,0
49937,0,0,102461820,177886900,75425080,0,0,91,false,0
49938,0,0,102461820,177886900,75425080,0,100,100,true,0
49939,0,0,102461820,177886900,75425080,0,96,96,true,0
49940,0,0,102461820,177886900,75425080,0,83,83,true,0
49941,0,0,102461820,177886900,75425080,0,84,84,true,0
49942,0,0,102461820,177886900,75425080,0,95,95,true,0
49943,0,0,102461820,177886900,75425080,0,94,94,true,0
49944,0,0,102461820,177891400,75429580,0,0,90,false,0
49945,0,0,102461820,177896550,75434730,0,1,104,false,0
49946,0,0,102461820,177901400,75439580,0,0,97,false,0
49947,0,0,102461820,177906550,75444730,0,15,118,false,0
49948,0,0,102461820,177906550,75444730,0,100,100,true,0
49949,0,0,102461820,177906550,75444730,0,93,93,true,0
49950,0,0,102461820,177906550,75444730,0,87,87,true,0
49951,0,0,102461820,177910650,75448830,0,0,82,false,0
49952,0,0,102461820,177914950,75453130,0,0,86,false,0
49953,0,0,102461820,177914950,75453130,0,104,104,true,0
49954,0,0,102461820,177914950,75453130,0,93,93,true,0
49955,0,0,102461820,177920100,75458280,0,10,113,false,0
49956,0,0,102461820,177924200,75462380,0,0,82,false,0
49957,0,0,102461820,177929350,75467530,0,8,111,false,0
49958,0,0,102461820,177934400,75472580,0,0,101,false,0
49959,0,0,102461820,177939550,75477730,0,8,111,false,0
49960,0,0,102461820,177944700,75482880,0,6,109,false,0
49961,0,0,102461820,177949650,75487830,0,0,99,false,0
49962,0,0,102461820,177954800,75492980,0,4,107,false,0
49963,0,0,102461820,177959950,75498130,0,8,111,false,0
49964,0,0,102461820,177959950,75498130,0,97,97,true,0
49965,0,0,102461820,177959950,75498130,0,101,101,true,0
49966,0,0,102461820,177965100,75503280,0,13,116,false,0
49967,0,0,102461820,177970050,75508230,0,0,99,false,0
49968,0,0,102461820,177975200,75513380,0,11,114,false,0
49969,0,0,102461820,177975200,75513380,0,91,91,true,0
49970,0,0,102461820,177975200,75513380,0,89,89,true,0
49971,0,0,102461820,177975200,75513380,0,98,98,true,0
49972,0,0,102568440,177980350,75411910,0,5,108,false,0
49973,0,0,102568440,177984900,75416460,0,0,91,false,0
49974,0,0,102568440,177990050,75421610,0,0,103,false,0
49975,0,0,102568440,177995200,75426760,0,1,104,false,0
49976,0,0,102568440,178000350,75431910,0,1,104,false,0
49977,0,0,102568440,178005250,75436810,0,0,98,false,0
49978,0,0,102568440,178009750,75441310,0,0,90,false,0
49979,0,0,102568440,178014750,75446310,0,0,100,false,0
49980,0,0,102568440,178019800,75451360,0,0,101,false,0
49981,0,0,102568440,178019800,75451360,0,109,109,true,0
49982,0,0,102568440,178024250,75455810,0,0,89,false,0
49983,0,0,102568440,178029300,75460860,0,0,101,false,0
49984,0,0,102568440,178034000,75465560,0,0,94,false,0
49985,0,0,102568440,178038400,75469960,0,0,88,false,0
49986,0,0,102568440,178043100,75474660,0,0,94,false,0
49987,0,0,102568440,178047850,75479410,0,0,95,false,0
49988,0,0,102568440,178053000,75484560,0,9,112,false,0
49989,0,0,102568440,178058050,75489610,0,0,101,false,0
49990,0,0,102568440,178062850,75494410,0,0,96,false,0
49991,0,0,102568440,178067900,75499460,0,0,101,false,0
49992,0,0,102568440,178072600,75504160,0,0,94,false,0
49993,0,0,102568440,178077750,75509310,0,7,110,false,0
49994,0,0,102568440,178081800,75513360,0,0,81,false,0
49995,0,0,102568440,178086950,75518510,0,4,107,false,0
49996,0,0,102568440,178091500,75523060,0,0,91,false,0
49997,0,0,102568440,178096650,75528210,0,1,104,false,0
49998,0,0,102568440,178096650,75528210,0,97,97,true,0
49999,0,0,102568440,178101650,75533210,0,0,100,false,0
50000,0,0,102568440,178106800,75538360,0,1,104,false,0
50001,0,0,102568440,178111900,75543460,0,0,102,false,0
50002,0,0,102568440,178115900,75547460,0,0,80,false,0
50003,0,0,102568440,178121050,75552610,0,24,127,false,0
50004,0,0,102568440,178126200,75557760,0,5,108,false,0
50005,0,0,102568440,178130750,75562310,0,0,91,false,0
50006,0,0,102568440,178134900,75566460,0,0,83,false,0
50007,0,0,102568440,178139300,75570860,0,0,88,false,0
50008,0,0,102568440,178144200,75575760,0,0,98,false,0
50009,0,0,102568440,178149050,75580610,0,0,97,false,0
50010,0,0,102568440,178154200,75585760,0,5,108,false,0
50011,0,0,102568440,178158600,75590160,0,0,88,false,0
50012,0,0,102568440,178163750,75595310,0,4,107,false,0
50013,0,0,102568440,178167850,75599410,0,0,82,false,0
50014,0,0,102568440,178172650,75604210,0,0,96,false,0
50015,0,0,102568440,178177100,75608660,0,0,89,false,0
50016,0,0,102568440,178181750,75613310,0,0,93,false,0
50017,0,0,102568440,178186900,75618460,0,3,106,false,0
50018,0,0,102568440,178191200,75622760,0,0,86,false,0
50019,0,0,102568440,178191200,75622760,0,100,100,true,0
50020,0,0,102568440,178191200,75622760,0,82,82,true,0
50021,0,0,102568440,178195450,75627010,0,0,85,false,0
50022,0,0,102568440,178199750,75631310,0,0,86,false,0
50023,0,0,102568440,178204900,75636460,0,2,105,false,0
50024,0,0,102675060,178209850,75534790,0,0,99,false,0
50025,0,0,102675060,178209850,75534790,0,92,92,true,0
50026,0,0,102675060,178209850,75534790,0,111,111,true,0
50027,0,0,102675060,178209850,75534790,0,90,90,true,0
50028,0,0,102675060,178215000,75539940,0,4,107,false,0
50029,0,0,102675060,178220150,75545090,0,8,111,false,0
50030,0,0,102675060,178225150,75550090,0,0,100,false,0
50031,0,0,102675060,178225150,75550090,0,105,105,true,0
50032,0,0,102675060,178230250,75555190,0,0,102,false,0
50033,0,0,102675060,178235300,75560240,0,0,101,false,0
50034,0,0,102675060,178239900,75564840,0,0,92,false,0
50035,0,0,102675060,178244800,75569740,0,0,98,false,0
50036,0,0,102675060,178249950,75574890,0,13,116,false,0
50037,0,0,102675060,178249950,75574890,0,82,82,true,0
50038,0,0,102675060,178249950,75574890,0,87,87,true,0
50039,0,0,102675060,178254900,75579840,0,0,99,false,0
50040,0,0,102675060,178259150,75584090,0,0,85,false,0
50041,0,0,102675060,178263200,75588140,0,0,81,false,0
50042,0,0,102675060,178267200,75592140,0,0,80,false,0
50043,0,0,102675060,178267200,75592140,0,113,113,true,0
50044,0,0,102675060,178267200,75592140,0,103,103,true,0
50045,0,0,102675060,178267200,75592140,0,107,107,true,0
50046,0,0,102675060,178267200,75592140,0,102,102,true,0
50047,0,0,102675060,178272350,75597290,0,5,108,false,0
50048,0,0,102675060,178277450,75602390,0,0,102,false,0
50049,0,0,102675060,178282250,75607190,0,0,96,false,0
50050,0,0,102675060,178287400,75612340,0,1,104,false,0
50051,0,0,102675060,178292550,75617490,0,2,105,false,0
50052,0,0,102675060,178297500,75622440,0,0,99,false,0
50053,0,0,102675060,178301750,75626690,0,0,85,false,0
50054,0,0,102675060,178306500,75631440,0,0,95,false,0
50055,0,0,102675060,178311350,75636290,0,0,97,false,0
50056,0,0,102675060,178316500,75641440,0,1,104,false,0
50057,0,0,102675060,178321650,75646590,0,9,112,false,0
50058,0,0,102675060,178326750,75651690,0,0,102,false,0
50059,0,0,102675060,178331900,75656840,0,10,113,false,0
50060,0,0,102675060,178337050,75661990,0,0,103,false,0
50061,0,0,102675060,178342200,75667140,0,18,121,false,0
50062,0,0,102675060,178347350,75672290,0,8,111,false,0
50063,0,0,102675060,178352500,75677440,0,9,112,false,0
50064,0,0,102675060,178357450,75682390,0,0,99,false,0
50065,0,0,102675060,178361800,75686740,0,0,87,false,0
50066,0,0,102675060,178366000,75690940,0,0,84,false,0
50067,0,0,102675060,178371150,75696090,0,14,117,false,0
50068,0,0,102675060,178371150,75696090,0,94,94,true,0
50069,0,0,102675060,178376300,75701240,0,4,107,false,0
50070,0,0,102675060,178381300,75706240,0,0,100,false,0
50071,0,0,102675060,178386450,75711390,0,1,104,false,0
50072,0,0,102675060,178391550,75716490,0,0,102,false,0
50073,0,0,102675060,178396700,75721640,0,3,106,false,0
50074,0,0,102675060,178401100,75726040,0,0,88,false,0
50075,0,0,102675060,178406250,75731190,0,16,119,false,0
50076,0,0,102781680,178411200,75629520,0,0,99,false,0
50077,0,0,102781680,178416350,75634670,0,5,108,false,0
50078,0,0,102781680,178421500,75639820,0,3,106,false,0
50079,0,0,102781680,178426650,75644970,0,15,118,false,0
50080,0,0,102781680,178431800,75650120,0,1,104,false,0
50081,0,0,102781680,178436600,75654920,0,0,96,false,0
50082,0,0,102781680,178441550,75659870,0,0,99,false,0
50083,0,0,102781680,178445800,75664120,0,0,85,false,0
50084,0,0,102781680,178445800,75664120,0,121,121,true,0
50085,0,0,102781680,178445800,75664120,0,106,106,true,0
50086,0,0,102781680,178445800,75664120,0,103,103,true,0
50087,0,0,102781680,178445800,75664120,0,103,103,true,0
50088,0,0,102781680,178445800,75664120,0,103,103,true,0
50089,0,0,102781680,178450950,75669270,0,3,106,false,0
50090,0,0,102781680,178455600,75673920,0,0,93,false,0
50091,0,0,102781680,178459800,75678120,0,0,84,false,0
50092,0,0,102781680,178463950,75682270,0,0,83,false,0
50093,0,0,102781680,178463950,75682270,0,95,95,true,0
50094,0,0,102781680,178463950,75682270,0,103,103,true,0
50095,0,0,102781680,178463950,75682270,0,91,91,true,0
50096,0,0,102781680,178463950,75682270,0,98,98,true,0
50097,0,0,102781680,178463950,75682270,0,103,103,true,0
50098,0,0,102781680,178463950,75682270,0,108,108,true,0
50099,0,0,102781680,178468800,75687120,0,0,97,false,0
50100,0,0,102781680,178473700,75692020,0,0,98,false,0
50101,0,0,102781680,178478650,75696970,0,0,99,false,0
50102,0,0,102781680,178483800,75702120,0,5,108,false,0
50103,0,0,102781680,178488250,75706570,0,0,89,false,0
50104,0,0,102781680,178492750,75711070,0,0,90,false,0
50105,0,0,102781680,178497550,75715870,0,0,96,false,0
50106,0,0,102781680,178502700,75721020,0,5,108,false,0
50107,0,0,102781680,178507200,75725520,0,0,90,false,0
50108,0,0,102781680,178512350,75730670,0,9,112,false,0
50109,0,0,102781680,178516500,75734820,0,0,83,false,0
50110,0,0,102781680,178521650,75739970,0,1,104,false,0
50111,0,0,102781680,178526800,75745120,0,3,106,false,0
50112,0,0,102781680,178531350,75749670,0,0,91,false,0
50113,0,0,102781680,178536000,75754320,0,0,93,false,0
50114,0,0,102781680,178536000,75754320,0,109,109,true,0
50115,0,0,102781680,178541150,75759470,0,15,118,false,0
50116,0,0,102781680,178546150,75764470,0,0,100,false,0
50117,0,0,102781680,178551300,75769620,0,15,118,false,0
50118,0,0,102781680,178556200,75774520,0,0,98,false,0
50119,0,0,102781680,178561350,75779670,0,10,113,false,0
50120,0,0,102781680,178566350,75784670,0,0,100,false,0
50121,0,0,102781680,178566350,75784670,0,98,98,true,0
50122,0,0,102781680,178570500,75788820,0,0,83,false,0
50123,0,0,102781680,178575100,75793420,0,0,92,false,0
50124,0,0,102781680,178579750,75798070,0,0,93,false,0
50125,0,0,102781680,178584850,75803170,0,0,102,false,0
50126,0,0,102781680,178589250,75807570,0,0,88,false,0
50127,0,0,102781680,178589250,75807570,0,108,108,true,0
50128,0,0,102888300,178589250,75700950,0,101,101,true,0
50129,0,0,102888300,178589250,75700950,0,107,107,true,0
50130,0,0,102888300,178589250,75700950,0,112,112,true,0
50131,0,0,102888300,178589250,75700950,0,90,90,true,0
50132,0,0,102888300,178594350,75706050,0,0,102,false,0
50133,0,0,102888300,178599400,75711100,0,0,101,false,0
50134,0,0,102888300,178604550,75716250,0,0,103,false,0
50135,0,0,102888300,178609550,75721250,0,0,100,false,0
50136,0,0,102888300,178614700,75726400,0,16,119,false,0
50137,0,0,102888300,178614700,75726400,0,92,92,true,0
50138,0,0,102888300,178619600,75731300,0,0,98,false,0
50139,0,0,102888300,178624750,75736450,0,13,116,false,0
50140,0,0,102888300,178629850,75741550,0,0,102,false,0
50141,0,0,102888300,178634750,75746450,0,0,98,false,0
50142,0,0,102888300,178639900,75751600,0,16,119,false,0
50143,0,0,102888300,178645050,75756750,0,7,110,false,0
50144,0,0,102888300,178649800,75761500,0,0,95,false,0
50145,0,0,102888300,178654950,75766650,0,0,103,false,0
50146,0,0,102888300,178659650,75771350,0,0,94,false,0
50147,0,0,102888300,178664050,75775750,0,0,88,false,0
50148,0,0,102888300,178664050,75775750,0,101,101,true,0
50149,0,0,102888300,178664050,75775750,0,106,106,true,0
50150,0,0,102888300,178668550,75780250,0,0,90,false,0
50151,0,0,102888300,178673700,75785400,0,26,129,false,0
50152,0,0,102888300,178673700,75785400,0,111,111,true,0
50153,0,0,102888300,178673700,75785400,0,114,114,true,0
50154,0,0,102888300,178678750,75790450,0,0,101,false,0
50155,0,0,102888300,178683900,75795600,0,2,105,false,0
50156,0,0,102888300,178683900,75795600,0,88,88,true,0
50157,0,0,102888300,178688200,75799900,0,0,86,false,0
50158,0,0,102888300,178693350,75805050,0,11,114,false,0
50159,0,0,102888300,178693350,75805050,0,101,101,true,0
50160,0,0,102888300,178693350,75805050,0,101,101,true,0
50161,0,0,102888300,178698050,75809750,0,0,94,false,0
50162,0,0,102888300,178703200,75814900,0,4,107,false,0
50163,0,0,102888300,178707900,75819600,0,0,94,false,0
50164,0,0,102888300,178713050,75824750,0,2,105,false,0
50165,0,0,102888300,178717900,75829600,0,0,97,false,0
50166,0,0,102888300,178722750,75834450,0,0,97,false,0
50167,0,0,102888300,178722750,75834450,0,79,79,true,0
50168,0,0,102888300,178727650,75839350,0,0,98,false,0
50169,0,0,102888300,178732800,75844500,0,6,109,false,0
50170,0,0,102888300,178737950,75849650,0,16,119,false,0
50171,0,0,102888300,178742500,75854200,0,0,91,false,0
50172,0,0,102888300,178747650,75859350,0,3,106,false,0
50173,0,0,102888300,178747650,75859350,0,95,95,true,0
50174,0,0,102888300,178751600,75863300,0,0,79,false,0
50175,0,0,102888300,178756450,75868150,0,0,97,false,0
50176,0,0,102888300,178761050,75872750,0,0,92,false,0
50177,0,0,102888300,178765650,75877350,0,0,92,false,0
50178,0,0,102888300,178770800,75882500,0,1,104,false,0
50179,0,0,102888300,178775150,75886850,0,0,87,false,0
50180,0,0,102994920,178779750,75784830,0,0,92,false,0
50181,0,0,102994920,178784900,75789980,0,8,111,false,0
50182,0,0,102994920,178789650,75794730,0,0,95,false,0
50183,0,0,102994920,178794000,75799080,0,0,87,false,0
50184,0,0,102994920,178798250,75803330,0,0,85,false,0
50185,0,0,102994920,178803400,75808480,0,14,117,false,0
50186,0,0,102994920,178808250,75813330,0,0,97,false,0
50187,0,0,102994920,178813250,75818330,0,0,100,false,0
50188,0,0,102994920,178817250,75822330,0,0,80,false,0
50189,0,0,102994920,178822250,75827330,0,0,100,false,0
50190,0,0,102994920,178827400,75832480,0,1,104,false,0
50191,0,0,102994920,178831350,75836430,0,0,79,false,0
50192,0,0,102994920,178835850,75840930,0,0,90,false,0
50193,0,0,102994920,178835850,75840930,0,107,107,true,0
50194,0,0,102994920,178835850,75840930,0,95,95,true,0
50195,0,0,102994920,178840050,75845130,0,0,84,false,0
50196,0,0,102994920,178845100,75850180,0,0,101,false,0
50197,0,0,102994920,178850250,75855330,0,1,104,false,0
50198,0,0,102994920,178855000,75860080,0,0,95,false,0
50199,0,0,102994920,178859400,75864480,0,0,88,false,0
50200,0,0,102994920,178859400,75864480,0,95,95,true,0
50201,0,0,102994920,178863750,75868830,0,0,87,false,0
50202,0,0,102994920,178868800,75873880,0,0,101,false,0
50203,0,0,102994920,178873950,75879030,0,2,105,false,0
50204,0,0,102994920,178879100,75884180,0,11,114,false,0
50205,0,0,102994920,178884150,75889230,0,0,101,false,0
50206,0,0,102994920,178888700,75893780,0,0,91,false,0
50207,0,0,102994920,178888700,75893780,0,89,89,true,0
50208,0,0,102994920,178893500,75898580,0,0,96,false,0
50209,0,0,102994920,178898300,75903380,0,0,96,false,0
50210,0,0,102994920,178902550,75907630,0,0,85,false,0
50211,0,0,102994920,178907700,75912780,0,5,108,false,0
50212,0,0,102994920,178912850,75917930,0,16,119,false,0
50213,0,0,102994920,178918000,75923080,0,14,117,false,0
50214,0,0,102994920,178923150,75928230,0,8,111,false,0
50215,0,0,102994920,178923150,75928230,0,107,107,true,0
50216,0,0,102994920,178928050,75933130,0,0,98,false,0
50217,0,0,102994920,178933200,75938280,0,21,124,false,0
50218,0,0,102994920,178938250,75943330,0,0,101,false,0
50219,0,0,102994920,178943400,75948480,0,6,109,false,0
50220,0,0,102994920,178943400,75948480,0,86,86,true,0
50221,0,0,102994920,178948550,75953630,0,5,108,false,0
50222,0,0,102994920,178953600,75958680,0,0,101,false,0
50223,0,0,102994920,178958450,75963530,0,0,97,false,0
50224,0,0,102994920,178963600,75968680,0,1,104,false,0
50225,0,0,102994920,178968750,75973830,0,5,108,false,0
50226,0,0,102994920,178973900,75978980,0,9,112,false,0
50227,0,0,102994920,178978350,75983430,0,0,89,false,0
50228,0,0,102994920,178978350,75983430,0,88,88,true,0
50229,0,0,102994920,178982750,75987830,0,0,88,false,0
50230,0,0,102994920,178987900,75992980,0,17,120,false,0
50231,0,0,102994920,178987900,75992980,0,94,94,true,0
50232,0,0,103101540,178987900,75886360,0,121,121,true,0
50233,0,0,103101540,178987900,75886360,0,112,112,true,0
50234,0,0,103101540,178987900,75886360,0,112,112,true,0
50235,0,0,103101540,178993000,75891460,0,0,102,false,0
50236,0,0,103101540,178997800,75896260,0,0,96,false,0
50237,0,0,103101540,179002950,75901410,0,8,111,false,0
50238,0,0,103101540,179008100,75906560,0,3,106,false,0
50239,0,0,103101540,179013250,75911710,0,7,110,false,0
50240,0,0,103101540,179018400,75916860,0,10,113,false,0
50241,0,0,103101540,179023500,75921960,0,0,102,false,0
50242,0,0,103101540,179028650,75927110,0,15,118,false,0
50243,0,0,103101540,179033500,75931960,0,0,97,false,0
50244,0,0,103101540,179037550,75936010,0,0,81,false,0
50245,0,0,103101540,179042350,75940810,0,0,96,false,0
50246,0,0,103101540,179046850,75945310,0,0,90,false,0
50247,0,0,103101540,179052000,75950460,0,7,110,false,0
50248,0,0,103101540,179057150,75955610,0,9,112,false,0
50249,0,0,103101540,179057150,75955610,0,93,93,true,0
50250,0,0,103101540,179062300,75960760,0,0,103,false,0
50251,0,0,103101540,179067450,75965910,0,6,109,false,0
50252,0,0,103101540,179072600,75971060,0,11,114,false,0
50253,0,0,103101540,179077200,75975660,0,0,92,false,0
50254,0,0,103101540,179077200,75975660,0,97,97,true,0
50255,0,0,103101540,179077200,75975660,0,99,99,true,0
50256,0,0,103101540,179081950,75980410,0,0,95,false,0
50257,0,0,103101540,179085600,75984060,0,0,73,false,0
50258,0,0,103101540,179090750,75989210,0,6,109,false,0
50259,0,0,103101540,179095800,75994260,0,0,101,false,0
50260,0,0,103101540,179100750,75999210,0,0,99,false,0
50261,0,0,103101540,179105850,76004310,0,0,102,false,0
50262,0,0,103101540,179111000,76009460,0,17,120,false,0
50263,0,0,103101540,179111000,76009460,0,97,97,true,0
50264,0,0,103101540,179111000,76009460,0,102,102,true,0
50265,0,0,103101540,179111000,76009460,0,123,123,true,0
50266,0,0,103101540,179111000,76009460,0,111,111,true,0
50267,0,0,103101540,179111000,76009460,0,78,78,true,0
50268,0,0,103101540,179116150,76014610,0,2,105,false,0
50269,0,0,103101540,179121300,76019760,0,0,103,false,0
50270,0,0,103101540,179126450,76024910,0,1,104,false,0
50271,0,0,103101540,179126450,76024910,0,93,93,true,0
50272,0,0,103101540,179131600,76030060,0,13,116,false,0
50273,0,0,103101540,179136750,76035210,0,12,115,false,0
50274,0,0,103101540,179141600,76040060,0,0,97,false,0
50275,0,0,103101540,179146400,76044860,0,0,96,false,0
50276,0,0,103101540,179146400,76044860,0,111,111,true,0
50277,0,0,103101540,179146400,76044860,0,108,108,true,0
50278,0,0,103101540,179146400,76044860,0,108,108,true,0
50279,0,0,103101540,179146400,76044860,0,78,78,true,0
50280,0,0,103101540,179151100,76049560,0,0,94,false,0
50281,0,0,103101540,179155450,76053910,0,0,87,false,0
50282,0,0,103101540,179160500,76058960,0,0,101,false,0
50283,0,0,103101540,179165650,76064110,0,2,105,false,0
50284,0,0,103208160,179165650,75957490,0,101,101,true,0
50285,0,0,103208160,179170800,75962640,0,10,113,false,0
50286,0,0,103208160,179175950,75967790,0,3,106,false,0
50287,0,0,103208160,179180450,75972290,0,0,90,false,0
50288,0,0,103208160,179185600,75977440,0,8,111,false,0
50289,0,0,103208160,179190550,75982390,0,0,99,false,0
50290,0,0,103208160,179195700,75987540,0,4,107,false,0
50291,0,0,103208160,179199950,75991790,0,0,85,false,0
50292,0,0,103208160,179204350,75996190,0,0,88,false,0
50293,0,0,103208160,179204350,75996190,0,100,100,true,0
50294,0,0,103208160,179209500,76001340,0,2,105,false,0
50295,0,0,103208160,179214650,76006490,0,8,111,false,0
50296,0,0,103208160,179219650,76011490,0,0,100,false,0
50297,0,0,103208160,179224800,76016640,0,11,114,false,0
50298,0,0,103208160,179229950,76021790,0,15,118,false,0
50299,0,0,103208160,179235100,76026940,0,8,111,false,0
50300,0,0,103208160,179235100,76026940,0,117,117,true,0
50301,0,0,103208160,179235100,76026940,0,105,105,true,0
50302,0,0,103208160,179235100,76026940,0,81,81,true,0
50303,0,0,103208160,179240250,76032090,0,8,111,false,0
50304,0,0,103208160,179245400,76037240,0,9,112,false,0
50305,0,0,103208160,179250550,76042390,0,17,120,false,0
50306,0,0,103208160,179255700,76047540,0,7,110,false,0
50307,0,0,103208160,179255700,76047540,0,100,100,true,0
50308,0,0,103208160,179260850,76052690,0,11,114,false,0
50309,0,0,103208160,179265500,76057340,0,0,93,false,0
50310,0,0,103208160,179270650,76062490,0,0,103,false,0
50311,0,0,103208160,179275800,76067640,0,27,130,false,0
50312,0,0,103208160,179280950,76072790,0,4,107,false,0
50313,0,0,103208160,179285750,76077590,0,0,96,false,0
50314,0,0,103208160,179290650,76082490,0,0,98,false,0
50315,0,0,103208160,179295350,76087190,0,0,94,false,0
50316,0,0,103208160,179300500,76092340,0,1,104,false,0
50317,0,0,103208160,179305400,76097240,0,0,98,false,0
50318,0,0,103208160,179310350,76102190,0,0,99,false,0
50319,0,0,103208160,179310350,76102190,0,86,86,true,0
50320,0,0,103208160,179310350,76102190,0,100,100,true,0
50321,0,0,103208160,179310350,76102190,0,110,110,true,0
50322,0,0,103208160,179310350,76102190,0,103,103,true,0
50323,0,0,103208160,179310350,76102190,0,102,102,true,0
50324,0,0,103208160,179310350,76102190,0,96,96,true,0
50325,0,0,103208160,179310350,76102190,0,107,107,true,0
50326,0,0,103208160,179310350,76102190,0,96,96,true,0
50327,0,0,103208160,179310350,76102190,0,100,100,true,0
50328,0,0,103208160,179315500,76107340,0,1,104,false,0
50329,0,0,103208160,179320650,76112490,0,6,109,false,0
50330,0,0,103208160,179320650,76112490,0,97,97,true,0
50331,0,0,103208160,179320650,76112490,0,112,112,true,0
50332,0,0,103208160,179325800,76117640,0,1,104,false,0
50333,0,0,103208160,179330700,76122540,0,0,98,false,0
50334,0,0,103208160,179335750,76127590,0,0,101,false,0
50335,0,0,103208160,179340900,76132740,0,0,103,false,0
50336,0,0,103314780,179345500,76030720,0,0,92,false,0
50337,0,0,103314780,179350650,76035870,0,0,103,false,0
50338,0,0,103314780,179355300,76040520,0,0,93,false,0
50339,0,0,103314780,179360450,76045670,0,1,104,false,0
50340,0,0,103314780,179365000,76050220,0,0,91,false,0
50341,0,0,103314780,179369150,76054370,0,0,83,false,0
50342,0,0,103314780,179373900,76059120,0,0,95,false,0
50343,0,0,103314780,179378650,76063870,0,0,95,false,0
50344,0,0,103314780,179383800,76069020,0,12,115,false,0
50345,0,0,103314780,179388950,76074170,0,3,106,false,0
50346,0,0,103314780,179394100,76079320,0,12,115,false,0
50347,0,0,103314780,179394100,76079320,0,99,99,true,0
50348,0,0,103314780,179398250,76083470,0,0,83,false,0
50349,0,0,103314780,179403400,76088620,0,3,106,false,0
50350,0,0,103314780,179408550,76093770,0,0,103,false,0
50351,0,0,103314780,179412850,76098070,0,0,86,false,0
50352,0,0,103314780,179418000,76103220,0,6,109,false,0
50353,0,0,103314780,179418000,76103220,0,91,91,true,0
50354,0,0,103314780,179423150,76108370,0,6,109,false,0
50355,0,0,103314780,179428050,76113270,0,0,98,false,0
50356,0,0,103314780,179433200,76118420,0,7,110,false,0
50357,0,0,103314780,179438350,76123570,0,6,109,false,0
50358,0,0,103314780,179443400,76128620,0,0,101,false,0
50359,0,0,103314780,179448550,76133770,0,3,106,false,0
50360,0,0,103314780,179448550,76133770,0,103,103,true,0
50361,0,0,103314780,179448550,76133770,0,100,100,true,0
50362,0,0,103314780,179448550,76133770,0,92,92,true,0
50363,0,0,103314780,179448550,76133770,0,99,99,true,0
50364,0,0,103314780,179448550,76133770,0,87,87,true,0
50365,0,0,103314780,179448550,76133770,0,113,113,true,0
50366,0,0,103314780,179453200,76138420,0,0,93,false,0
50367,0,0,103314780,179458100,76143320,0,0,98,false,0
50368,0,0,103314780,179463250,76148470,0,9,112,false,0
50369,0,0,103314780,179463250,76148470,0,114,114,true,0
50370,0,0,103314780,179467950,76153170,0,0,94,false,0
50371,0,0,103314780,179473100,76158320,0,3,106,false,0
50372,0,0,103314780,179477550,76162770,0,0,89,false,0
50373,0,0,103314780,179481650,76166870,0,0,82,false,0
50374,0,0,103314780,179481650,76166870,0,93,93,true,0
50375,0,0,103314780,179481650,76166870,0,93,93,true,0
50376,0,0,103314780,179486700,76171920,0,0,101,false,0
50377,0,0,103314780,179491700,76176920,0,0,100,false,0
50378,0,0,103314780,179496850,76182070,0,14,117,false,0
50379,0,0,103314780,179501950,76187170,0,0,102,false,0
50380,0,0,103314780,179507100,76192320,0,18,121,false,0
50381,0,0,103314780,179511950,76197170,0,0,97,false,0
50382,0,0,103314780,179511950,76197170,0,101,101,true,0
50383,0,0,103314780,179511950,76197170,0,85,85,true,0
50384,0,0,103314780,179517100,76202320,0,0,103,false,0
50385,0,0,103314780,179522150,76207370,0,0,101,false,0
50386,0,0,103314780,179527300,76212520,0,6,109,false,0
50387,0,0,103314780,179532450,76217670,0,0,103,false,0
50388,0,0,103421400,179532450,76111050,0,124,124,true,0
50389,0,0,103421400,179537400,76116000,0,0,99,false,0
50390,0,0,103421400,179542550,76121150,0,5,108,false,0
50391,0,0,103421400,179546150,76124750,0,0,72,false,0
50392,0,0,103421400,179551100,76129700,0,0,99,false,0
50393,0,0,103421400,179551100,76129700,0,103,103,true,0
50394,0,0,103421400,179551100,76129700,0,95,95,true,0
50395,0,0,103421400,179555650,76134250,0,0,91,false,0
50396,0,0,103421400,179560800,76139400,0,22,125,false,0
50397,0,0,103421400,179560800,76139400,0,97,97,true,0
50398,0,0,103421400,179565950,76144550,0,10,113,false,0
50399,0,0,103421400,179571000,76149600,0,0,101,false,0
50400,0,0,103421400,179576150,76154750,0,12,115,false,0
50401,0,0,103421400,179580350,76158950,0,0,84,false,0
50402,0,0,103421400,179585200,76163800,0,0,97,false,0
50403,0,0,103421400,179589750,76168350,0,0,91,false,0
50404,0,0,103421400,179594300,76172900,0,0,91,false,0
50405,0,0,103421400,179598650,76177250,0,0,87,false,0
50406,0,0,103421400,179603800,76182400,0,13,116,false,0
50407,0,0,103421400,179608700,76187300,0,0,98,false,0
50408,0,0,103421400,179613750,76192350,0,0,101,false,0
50409,0,0,103421400,179618900,76197500,0,2,105,false,0
50410,0,0,103421400,179623800,76202400,0,0,98,false,0
50411,0,0,103421400,179628950,76207550,0,10,113,false,0
50412,0,0,103421400,179634100,76212700,0,13,116,false,0
50413,0,0,103421400,179638850,76217450,0,0,95,false,0
50414,0,0,103421400,179643450,76222050,0,0,92,false,0
50415,0,0,103421400,179648450,76227050,0,0,100,false,0
50416,0,0,103421400,179653400,76232000,0,0,99,false,0
50417,0,0,103421400,179653400,76232000,0,91,91,true,0
50418,0,0,103421400,179653400,76232000,0,93,93,true,0
50419,0,0,103421400,179653400,76232000,0,112,112,true,0
50420,0,0,103421400,179658450,76237050,0,0,101,false,0
50421,0,0,103421400,179662650,76241250,0,0,84,false,0
50422,0,0,103421400,179667350,76245950,0,0,94,false,0
50423,0,0,103421400,179672150,76250750,0,0,96,false,0
50424,0,0,103421400,179672150,76250750,0,92,92,true,0
50425,0,0,103421400,179677300,76255900,0,13,116,false,0
50426,0,0,103421400,179682450,76261050,0,11,114,false,0
50427,0,0,103421400,179687450,76266050,0,0,100,false,0
50428,0,0,103421400,179692400,76271000,0,0,99,false,0
50429,0,0,103421400,179697450,76276050,0,0,101,false,0
50430,0,0,103421400,179702600,76281200,0,7,110,false,0
50431,0,0,103421400,179707750,76286350,0,8,111,false,0
50432,0,0,103421400,179712400,76291000,0,0,93,false,0
50433,0,0,103421400,179712400,76291000,0,91,91,true,0
50434,0,0,103421400,179712400,76291000,0,90,90,true,0
50435,0,0,103421400,179712400,76291000,0,95,95,true,0
50436,0,0,103421400,179717550,76296150,0,3,106,false,0
50437,0,0,103421400,179722250,76300850,0,0,94,false,0
50438,0,0,103421400,179726650,76305250,0,0,88,false,0
50439,0,0,103421400,179730650,76309250,0,0,80,false,0
50440,0,0,103528020,179735800,76207780,0,10,113,false,0
50441,0,0,103528020,179740500,76212480,0,0,94,false,0
50442,0,0,103528020,179740500,76212480,0,104,104,true,0
50443,0,0,103528020,179740500,76212480,0,103,103,true,0
50444,0,0,103528020,179740500,76212480,0,91,91,true,0
50445,0,0,103528020,179740500,76212480,0,93,93,true,0
50446,0,0,103528020,179740500,76212480,0,107,107,true,0
50447,0,0,103528020,179740500,76212480,0,94,94,true,0
50448,0,0,103528020,179740500,76212480,0,99,99,true,0
50449,0,0,103528020,179745350,76217330,0,0,97,false,0
50450,0,0,103528020,179749800,76221780,0,0,89,false,0
50451,0,0,103528020,179754950,76226930,0,4,107,false,0
50452,0,0,103528020,179760050,76232030,0,0,102,false,0
50453,0,0,103528020,179764600,76236580,0,0,91,false,0
50454,0,0,103528020,179769750,76241730,0,15,118,false,0
50455,0,0,103528020,179774350,76246330,0,0,92,false,0
50456,0,0,103528020,179779500,76251480,0,3,106,false,0
50457,0,0,103528020,179779500,76251480,0,96,96,true,0
50458,0,0,103528020,179779500,76251480,0,99,99,true,0
50459,0,0,103528020,179779500,76251480,0,106,106,true,0
50460,0,0,103528020,179784300,76256280,0,0,96,false,0
50461,0,0,103528020,179789450,76261430,0,3,106,false,0
50462,0,0,103528020,179793600,76265580,0,0,83,false,0
50463,0,0,103528020,179797650,76269630,0,0,81,false,0
50464,0,0,103528020,179802650,76274630,0,0,100,false,0
50465,0,0,103528020,179807800,76279780,0,0,103,false,0
50466,0,0,103528020,179812500,76284480,0,0,94,false,0
50467,0,0,103528020,179817650,76289630,0,5,108,false,0
50468,0,0,103528020,179817650,76289630,0,94,94,true,0
50469,0,0,103528020,179817650,76289630,0,94,94,true,0
50470,0,0,103528020,179822500,76294480,0,0,97,false,0
50471,0,0,103528020,179827650,76299630,0,5,108,false,0
50472,0,0,103528020,179827650,76299630,0,117,117,true,0
50473,0,0,103528020,179827650,76299630,0,108,108,true,0
50474,0,0,103528020,179827650,76299630,0,108,108,true,0
50475,0,0,103528020,179827650,76299630,0,111,111,true,0
50476,0,0,103528020,179827650,76299630,0,108,108,true,0
50477,0,0,103528020,179832200,76304180,0,0,91,false,0
50478,0,0,103528020,179837350,76309330,0,5,108,false,0
50479,0,0,103528020,179837350,76309330,0,95,95,true,0
50480,0,0,103528020,179837350,76309330,0,106,106,true,0
50481,0,0,103528020,179841950,76313930,0,0,92,false,0
50482,0,0,103528020,179846900,76318880,0,0,99,false,0
50483,0,0,103528020,179852050,76324030,0,2,105,false,0
50484,0,0,103528020,179856400,76328380,0,0,87,false,0
50485,0,0,103528020,179861450,76333430,0,0,101,false,0
50486,0,0,103528020,179861450,76333430,0,106,106,true,0
50487,0,0,103528020,179861450,76333430,0,101,101,true,0
50488,0,0,103528020,179866350,76338330,0,0,98,false,0
50489,0,0,103528020,179871350,76343330,0,0,100,false,0
50490,0,0,103528020,179876400,76348380,0,0,101,false,0
50491,0,0,103528020,179881400,76353380,0,0,100,false,0
50492,0,0,103634640,179886200,76251560,0,0,96,false,0
50493,0,0,103634640,179891350,76256710,0,5,108,false,0
50494,0,0,103634640,179896500,76261860,0,4,107,false,0
50495,0,0,103634640,179901650,76267010,0,1,104,false,0
50496,0,0,103634640,179906600,76271960,0,0,99,false,0
50497,0,0,103634640,179911450,76276810,0,0,97,false,0
50498,0,0,103634640,179911450,76276810,0,101,101,true,0
50499,0,0,103634640,179916500,76281860,0,0,101,false,0
50500,0,0,103634640,179921000,76286360,0,0,90,false,0
50501,0,0,103634640,179925850,76291210,0,0,97,false,0
50502,0,0,103634640,179925850,76291210,0,103,103,true,0
50503,0,0,103634640,179925850,76291210,0,95,95,true,0
50504,0,0,103634640,179931000,76296360,0,13,116,false,0
50505,0,0,103634640,179935900,76301260,0,0,98,false,0
50506,0,0,103634640,179940200,76305560,0,0,86,false,0
50507,0,0,103634640,179945050,76310410,0,0,97,false,0
50508,0,0,103634640,179950200,76315560,0,1,104,false,0
50509,0,0,103634640,179955350,76320710,0,4,107,false,0
50510,0,0,103634640,179960400,76325760,0,0,101,false,0
50511,0,0,103634640,179964850,76330210,0,0,89,false,0
50512,0,0,103634640,179969750,76335110,0,0,98,false,0
50513,0,0,103634640,179974850,76340210,0,0,102,false,0
50514,0,0,103634640,179980000,76345360,0,7,110,false,0
50515,0,0,103634640,179985150,76350510,0,18,121,false,0
50516,0,0,103634640,179989750,76355110,0,0,92,false,0
50517,0,0,103634640,179994900,76360260,0,3,106,false,0
50518,0,0,103634640,179999350,76364710,0,0,89,false,0
50519,0,0,103634640,180004500,76369860,0,11,114,false,0
50520,0,0,103634640,180004500,76369860,0,107,107,true,0
50521,0,0,103634640,180009650,76375010,0,0,103,false,0
50522,0,0,103634640,180014600,76379960,0,0,99,false,0
50523,0,0,103634640,180019750,76385110,0,10,113,false,0
50524,0,0,103634640,180024850,76390210,0,0,102,false,0
50525,0,0,103634640,180029200,76394560,0,0,87,false,0
50526,0,0,103634640,180034350,76399710,0,21,124,false,0
50527,0,0,103634640,180038900,76404260,0,0,91,false,0
50528,0,0,103634640,180044050,76409410,0,18,121,false,0
50529,0,0,103634640,180048350,76413710,0,0,86,false,0
50530,0,0,103634640,180053500,76418860,0,1,104,false,0
50531,0,0,103634640,180053500,76418860,0,103,103,true,0
50532,0,0,103634640,180058650,76424010,0,13,116,false,0
50533,0,0,103634640,180062600,76427960,0,0,79,false,0
50534,0,0,103634640,180067350,76432710,0,0,95,false,0
50535,0,0,103634640,180072450,76437810,0,0,102,false,0
50536,0,0,103634640,180077600,76442960,0,19,122,false,0
50537,0,0,103634640,180081850,76447210,0,0,85,false,0
50538,0,0,103634640,180086800,76452160,0,0,99,false,0
50539,0,0,103634640,180091950,76457310,0,1,104,false,0
50540,0,0,103634640,180097100,76462460,0,3,106,false,0
50541,0,0,103634640,180102250,76467610,0,8,111,false,0
50542,0,0,103634640,180106400,76471760,0,0,83,false,0
50543,0,0,103634640,180111200,76476560,0,0,96,false,0
50544,0,0,103741260,180116350,76375090,0,2,105,false,0
50545,0,0,103741260,180121350,76380090,0,0,100,false,0
50546,0,0,103741260,180126050,76384790,0,0,94,false,0
50547,0,0,103741260,180130000,76388740,0,0,79,false,0
50548,0,0,103741260,180135150,76393890,0,25,128,false,0
50549,0,0,103741260,180139150,76397890,0,0,80,false,0
50550,0,0,103741260,180144150,76402890,0,0,100,false,0
50551,0,0,103741260,180149000,76407740,0,0,97,false,0
50552,0,0,103741260,180154000,76412740,0,0,100,false,0
50553,0,0,103741260,180159050,76417790,0,0,101,false,0
50554,0,0,103741260,180163900,76422640,0,0,97,false,0
50555,0,0,103741260,180168250,76426990,0,0,87,false,0
50556,0,0,103741260,180173400,76432140,0,13,116,false,0
50557,0,0,103741260,180178550,76437290,0,1,104,false,0
50558,0,0,103741260,180178550,76437290,0,99,99,true,0
50559,0,0,103741260,180178550,76437290,0,123,123,true,0
50560,0,0,103741260,180183700,76442440,0,2,105,false,0
50561,0,0,103741260,180187700,76446440,0,0,80,false,0
50562,0,0,103741260,180191800,76450540,0,0,82,false,0
50563,0,0,103741260,180195850,76454590,0,0,81,false,0
50564,0,0,103741260,180200550,76459290,0,0,94,false,0
50565,0,0,103741260,180200550,76459290,0,86,86,true,0
50566,0,0,103741260,180200550,76459290,0,93,93,true,0
50567,0,0,103741260,180200550,76459290,0,110,110,true,0
50568,0,0,103741260,180200550,76459290,0,107,107,true,0
50569,0,0,103741260,180200550,76459290,0,84,84,true,0
50570,0,0,103741260,180200550,76459290,0,111,111,true,0
50571,0,0,103741260,180200550,76459290,0,91,91,true,0
50572,0,0,103741260,180205700,76464440,0,3,106,false,0
50573,0,0,103741260,180210750,76469490,0,0,101,false,0
50574,0,0,103741260,180215150,76473890,0,0,88,false,0
50575,0,0,103741260,180219500,76478240,0,0,87,false,0
50576,0,0,103741260,180224650,76483390,0,1,104,false,0
50577,0,0,103741260,180229300,76488040,0,0,93,false,0
50578,0,0,103741260,180234450,76493190,0,1,104,false,0
50579,0,0,103741260,180239250,76497990,0,0,96,false,0
50580,0,0,103741260,180243800,76502540,0,0,91,false,0
50581,0,0,103741260,180248850,76507590,0,0,101,false,0
50582,0,0,103741260,180254000,76512740,0,9,112,false,0
50583,0,0,103741260,180258900,76517640,0,0,98,false,0
50584,0,0,103741260,180258900,76517640,0,85,85,true,0
50585,0,0,103741260,180258900,76517640,0,109,109,true,0
50586,0,0,103741260,180258900,76517640,0,99,99,true,0
50587,0,0,103741260,180264050,76522790,0,9,112,false,0
50588,0,0,103741260,180268100,76526840,0,0,81,false,0
50589,0,0,103741260,180272750,76531490,0,0,93,false,0
50590,0,0,103741260,180277200,76535940,0,0,89,false,0
50591,0,0,103741260,180277200,76535940,0,87,87,true,0
50592,0,0,103741260,180277200,76535940,0,87,87,true,0
50593,0,0,103741260,180277200,76535940,0,114,114,true,0
50594,0,0,103741260,180277200,76535940,0,96,96,true,0
50595,0,0,103741260,180277200,76535940,0,92,92,true,0
50596,0,0,103847880,180277200,76429320,0,115,115,true,0
50597,0,0,103847880,180277200,76429320,0,109,109,true,0
50598,0,0,103847880,180277200,76429320,0,108,108,true,0
50599,0,0,103847880,180277200,76429320,0,107,107,true,0
50600,0,0,103847880,180277200,76429320,0,100,100,true,0
50601,0,0,103847880,180281750,76433870,0,0,91,false,0
50602,0,0,103847880,180286900,76439020,0,11,114,false,0
50603,0,0,103847880,180291900,76444020,0,0,100,false,0
50604,0,0,103847880,180296550,76448670,0,0,93,false,0
50605,0,0,103847880,180300650,76452770,0,0,82,false,0
50606,0,0,103847880,180300650,76452770,0,109,109,true,0
50607,0,0,103847880,180300650,76452770,0,87,87,true,0
50608,0,0,103847880,180300650,76452770,0,90,90,true,0
50609,0,0,103847880,180300650,76452770,0,109,109,true,0
50610,0,0,103847880,180300650,76452770,0,116,116,true,0
50611,0,0,103847880,180300650,76452770,0,104,104,true,0
50612,0,0,103847880,180300650,76452770,0,94,94,true,0
50613,0,0,103847880,180304750,76456870,0,0,82,false,0
50614,0,0,103847880,180309900,76462020,0,20,123,false,0
50615,0,0,103847880,180314750,76466870,0,0,97,false,0
50616,0,0,103847880,180318550,76470670,0,0,76,false,0
50617,0,0,103847880,180323050,76475170,0,0,90,false,0
50618,0,0,103847880,180327550,76479670,0,0,90,false,0
50619,0,0,103847880,180332400,76484520,0,0,97,false,0
50620,0,0,103847880,180337150,76489270,0,0,95,false,0
50621,0,0,103847880,180341900,76494020,0,0,95,false,0
50622,0,0,103847880,180345550,76497670,0,0,73,false,0
50623,0,0,103847880,180350700,76502820,0,16,119,false,0
50624,0,0,103847880,180355850,76507970,0,14,117,false,0
50625,0,0,103847880,180355850,76507970,0,106,106,true,0
50626,0,0,103847880,180355850,76507970,0,83,83,true,0
50627,0,0,103847880,180355850,76507970,0,85,85,true,0
50628,0,0,103847880,180355850,76507970,0,102,102,true,0
50629,0,0,103847880,180360400,76512520,0,0,91,false,0
50630,0,0,103847880,180365450,76517570,0,0,101,false,0
50631,0,0,103847880,180370600,76522720,0,5,108,false,0
50632,0,0,103847880,180375550,76527670,0,0,99,false,0
50633,0,0,103847880,180380200,76532320,0,0,93,false,0
50634,0,0,103847880,180384100,76536220,0,0,78,false,0
50635,0,0,103847880,180389250,76541370,0,0,103,false,0
50636,0,0,103847880,180393400,76545520,0,0,83,false,0
50637,0,0,103847880,180398450,76550570,0,0,101,false,0
50638,0,0,103847880,180402800,76554920,0,0,87,false,0
50639,0,0,103847880,180402800,76554920,0,117,117,true,0
50640,0,0,103847880,180402800,76554920,0,100,100,true,0
50641,0,0,103847880,180402800,76554920,0,87,87,true,0
50642,0,0,103847880,180402800,76554920,0,99,99,true,0
50643,0,0,103847880,180407950,76560070,0,10,113,false,0
50644,0,0,103847880,180412900,76565020,0,0,99,false,0
50645,0,0,103847880,180418000,76570120,0,0,102,false,0
50646,0,0,103847880,180422900,76575020,0,0,98,false,0
50647,0,0,103847880,180426750,76578870,0,0,77,false,0
50648,0,0,103954500,180431900,76477400,0,3,106,false,0
50649,0,0,103954500,180437050,76482550,0,0,103,false,0
50650,0,0,103954500,180442200,76487700,0,6,109,false,0
50651,0,0,103954500,180442200,76487700,0,102,102,true,0
50652,0,0,103954500,180442200,76487700,0,89,89,true,0
50653,0,0,103954500,180447350,76492850,0,2,105,false,0
50654,0,0,103954500,180451950,76497450,0,0,92,false,0
50655,0,0,103954500,180451950,76497450,0,120,120,true,0
50656,0,0,103954500,180457100,76502600,0,0,103,false,0
50657,0,0,103954500,180461550,76507050,0,0,89,false,0
50658,0,0,103954500,180466700,76512200,0,1,104,false,0
50659,0,0,103954500,180471250,76516750,0,0,91,false,0
50660,0,0,103954500,180476400,76521900,0,2,105,false,0
50661,0,0,103954500,180481550,76527050,0,1,104,false,0
50662,0,0,103954500,180486700,76532200,0,0,103,false,0
50663,0,0,103954500,180486700,76532200,0,96,96,true,0
50664,0,0,103954500,180486700,76532200,0,95,95,true,0
50665,0,0,103954500,180486700,76532200,0,99,99,true,0
50666,0,0,103954500,180490900,76536400,0,0,84,false,0
50667,0,0,103954500,180495850,76541350,0,0,99,false,0
50668,0,0,103954500,180500900,76546400,0,0,101,false,0
50669,0,0,103954500,180505050,76550550,0,0,83,false,0
50670,0,0,103954500,180509800,76555300,0,0,95,false,0
50671,0,0,103954500,180514950,76560450,0,9,112,false,0
50672,0,0,103954500,180519300,76564800,0,0,87,false,0
50673,0,0,103954500,180523250,76568750,0,0,79,false,0
50674,0,0,103954500,180528100,76573600,0,0,97,false,0
50675,0,0,103954500,180533250,76578750,0,12,115,false,0
50676,0,0,103954500,180537750,76583250,0,0,90,false,0
50677,0,0,103954500,180542900,76588400,0,10,113,false,0
50678,0,0,103954500,180548050,76593550,0,12,115,false,0
50679,0,0,103954500,180552700,76598200,0,0,93,false,0
50680,0,0,103954500,180557850,76603350,0,7,110,false,0
50681,0,0,103954500,180557850,76603350,0,113,113,true,0
50682,0,0,103954500,180563000,76608500,0,5,108,false,0
50683,0,0,103954500,180567650,76613150,0,0,93,false,0
50684,0,0,103954500,180572800,76618300,0,6,109,false,0
50685,0,0,103954500,180572800,76618300,0,106,106,true,0
50686,0,0,103954500,180576700,76622200,0,0,78,false,0
50687,0,0,103954500,180581850,76627350,0,14,117,false,0
50688,0,0,103954500,180586200,76631700,0,0,87,false,0
50689,0,0,103954500,180590250,76635750,0,0,81,false,0
50690,0,0,103954500,180590250,76635750,0,98,98,true,0
50691,0,0,103954500,180590250,76635750,0,100,100,true,0
50692,0,0,103954500,180590250,76635750,0,105,105,true,0
50693,0,0,103954500,180595400,76640900,0,1,104,false,0
50694,0,0,103954500,180600300,76645800,0,0,98,false,0
50695,0,0,103954500,180604750,76650250,0,0,89,false,0
50696,0,0,103954500,180609900,76655400,0,5,108,false,0
50697,0,0,103954500,180614750,76660250,0,0,97,false,0
50698,0,0,103954500,180619250,76664750,0,0,90,false,0
50699,0,0,103954500,180624400,76669900,0,3,106,false,0
50700,0,0,104061120,180629500,76568380,0,0,102,false,0
50701,0,0,104061120,180629500,76568380,0,98,98,true,0
50702,0,0,104061120,180629500,76568380,0,106,106,true,0
50703,0,0,104061120,180629500,76568380,0,106,106,true,0
50704,0,0,104061120,180629500,76568380,0,99,99,true,0
50705,0,0,104061120,180629500,76568380,0,80,80,true,0
50706,0,0,104061120,180633800,76572680,0,0,86,false,0
50707,0,0,104061120,180638900,76577780,0,0,102,false,0
50708,0,0,104061120,180644050,76582930,0,12,115,false,0
50709,0,0,104061120,180649100,76587980,0,0,101,false,0
50710,0,0,104061120,180654250,76593130,0,9,112,false,0
50711,0,0,104061120,180659000,76597880,0,0,95,false,0
50712,0,0,104061120,180664150,76603030,0,6,109,false,0
50713,0,0,104061120,180669300,76608180,0,0,103,false,0
50714,0,0,104061120,180669300,76608180,0,92,92,true,0
50715,0,0,104061120,180669300,76608180,0,114,114,true,0
50716,0,0,104061120,180674150,76613030,0,0,97,false,0
50717,0,0,104061120,180679300,76618180,0,0,103,false,0
50718,0,0,104061120,180684350,76623230,0,0,101,false,0
50719,0,0,104061120,180689500,76628380,0,0,103,false,0
50720,0,0,104061120,180693750,76632630,0,0,85,false,0
50721,0,0,104061120,180698850,76637730,0,0,102,false,0
50722,0,0,104061120,180704000,76642880,0,11,114,false,0
50723,0,0,104061120,180708450,76647330,0,0,89,false,0
50724,0,0,104061120,180713200,76652080,0,0,95,false,0
50725,0,0,104061120,180718300,76657180,0,0,102,false,0
50726,0,0,104061120,180722850,76661730,0,0,91,false,0
50727,0,0,104061120,180722850,76661730,0,110,110,true,0
50728,0,0,104061120,180727750,76666630,0,0,98,false,0
50729,0,0,104061120,180732900,76671780,0,3,106,false,0
50730,0,0,104061120,180737350,76676230,0,0,89,false,0
50731,0,0,104061120,180742100,76680980,0,0,95,false,0
50732,0,0,104061120,180747100,76685980,0,0,100,false,0
50733,0,0,104061120,180751900,76690780,0,0,96,false,0
50734,0,0,104061120,180757050,76695930,0,1,104,false,0
50735,0,0,104061120,180762200,76701080,0,14,117,false,0
50736,0,0,104061120,180766750,76705630,0,0,91,false,0
50737,0,0,104061120,180771100,76709980,0,0,87,false,0
50738,0,0,104061120,180776000,76714880,0,0,98,false,0
50739,0,0,104061120,180781150,76720030,0,15,118,false,0
50740,0,0,104061120,180786250,76725130,0,0,102,false,0
50741,0,0,104061120,180791350,76730230,0,0,102,false,0
50742,0,0,104061120,180796500,76735380,0,6,109,false,0
50743,0,0,104061120,180801650,76740530,0,9,112,false,0
50744,0,0,104061120,180805650,76744530,0,0,80,false,0
50745,0,0,104061120,180810800,76749680,0,7,110,false,0
50746,0,0,104061120,180815200,76754080,0,0,88,false,0
50747,0,0,104061120,180820200,76759080,0,0,100,false,0
50748,0,0,104061120,180825350,76764230,0,4,107,false,0
50749,0,0,104061120,180825350,76764230,0,105,105,true,0
50750,0,0,104061120,180825350,76764230,0,96,96,true,0
50751,0,0,104061120,180825350,76764230,0,89,89,true,0
50752,0,0,104167740,180825350,76657610,0,99,99,true,0
50753,0,0,104167740,180830500,76662760,0,10,113,false,0
50754,0,0,104167740,180835250,76667510,0,0,95,false,0
50755,0,0,104167740,180840050,76672310,0,0,96,false,0
50756,0,0,104167740,180840050,76672310,0,84,84,true,0
50757,0,0,104167740,180840050,76672310,0,111,111,true,0
50758,0,0,104167740,180840050,76672310,0,93,93,true,0
50759,0,0,104167740,180840050,76672310,0,82,82,true,0
50760,0,0,104167740,180840050,76672310,0,104,104,true,0
50761,0,0,104167740,180845100,76677360,0,0,101,false,0
50762,0,0,104167740,180849650,76681910,0,0,91,false,0
50763,0,0,104167740,180854300,76686560,0,0,93,false,0
50764,0,0,104167740,180859450,76691710,0,3,106,false,0
50765,0,0,104167740,180864550,76696810,0,0,102,false,0
50766,0,0,104167740,180869550,76701810,0,0,100,false,0
50767,0,0,104167740,180874700,76706960,0,14,117,false,0
50768,0,0,104167740,180879400,76711660,0,0,94,false,0
50769,0,0,104167740,180884550,76716810,0,2,105,false,0
50770,0,0,104167740,180889700,76721960,0,0,103,false,0
50771,0,0,104167740,180889700,76721960,0,107,107,true,0
50772,0,0,104167740,180894300,76726560,0,0,92,false,0
50773,0,0,104167740,180899450,76731710,0,5,108,false,0
50774,0,0,104167740,180904600,76736860,0,2,105,false,0
50775,0,0,104167740,180908750,76741010,0,0,83,false,0
50776,0,0,104167740,180913500,76745760,0,0,95,false,0
50777,0,0,104167740,180918250,76750510,0,0,95,false,0
50778,0,0,104167740,180923400,76755660,0,11,114,false,0
50779,0,0,104167740,180928550,76760810,0,10,113,false,0
50780,0,0,104167740,180933350,76765610,0,0,96,false,0
50781,0,0,104167740,180937550,76769810,0,0,84,false,0
50782,0,0,104167740,180937550,76769810,0,90,90,true,0
50783,0,0,104167740,180937550,76769810,0,108,108,true,0
50784,0,0,104167740,180937550,76769810,0,94,94,true,0
50785,0,0,104167740,180937550,76769810,0,99,99,true,0
50786,0,0,104167740,180942200,76774460,0,0,93,false,0
50787,0,0,104167740,180947150,76779410,0,0,99,false,0
50788,0,0,104167740,180951150,76783410,0,0,80,false,0
50789,0,0,104167740,180956100,76788360,0,0,99,false,0
50790,0,0,104167740,180961000,76793260,0,0,98,false,0
50791,0,0,104167740,180961000,76793260,0,89,89,true,0
50792,0,0,104167740,180965650,76797910,0,0,93,false,0
50793,0,0,104167740,180970800,76803060,0,6,109,false,0
50794,0,0,104167740,180975450,76807710,0,0,93,false,0
50795,0,0,104167740,180980600,76812860,0,0,103,false,0
50796,0,0,104167740,180985750,76818010,0,6,109,false,0
50797,0,0,104167740,180990900,76823160,0,18,121,false,0
50798,0,0,104167740,180995600,76827860,0,0,94,false,0
50799,0,0,104167740,181000600,76832860,0,0,100,false,0
50800,0,0,104167740,181005050,76837310,0,0,89,false,0
50801,0,0,104167740,181009150,76841410,0,0,82,false,0
50802,0,0,104167740,181014300,76846560,0,7,110,false,0
50803,0,0,104167740,181019050,76851310,0,0,95,false,0
50804,0,0,104274360,181024200,76749840,0,12,115,false,0
50805,0,0,104274360,181028950,76754590,0,0,95,false,0
50806,0,0,104274360,181033950,76759590,0,0,100,false,0
50807,0,0,104274360,181039100,76764740,0,0,103,false,0
50808,0,0,104274360,181044250,76769890,0,20,123,false,0
50809,0,0,104274360,181049400,76775040,0,11,114,false,0
50810,0,0,104274360,181054550,76780190,0,8,111,false,0
50811,0,0,104274360,181058900,76784540,0,0,87,false,0
50812,0,0,104274360,181063450,76789090,0,0,91,false,0
50813,0,0,104274360,181068400,76794040,0,0,99,false,0
50814,0,0,104274360,181068400,76794040,0,96,96,true,0
50815,0,0,104274360,181068400,76794040,0,117,117,true,0
50816,0,0,104274360,181073100,76798740,0,0,94,false,0
50817,0,0,104274360,181077500,76803140,0,0,88,false,0
50818,0,0,104274360,181082450,76808090,0,0,99,false,0
50819,0,0,104274360,181087350,76812990,0,0,98,false,0
50820,0,0,104274360,181087350,76812990,0,104,104,true,0
50821,0,0,104274360,181087350,76812990,0,100,100,true,0
50822,0,0,104274360,181087350,76812990,0,100,100,true,0
50823,0,0,104274360,181091650,76817290,0,0,86,false,0
50824,0,0,104274360,181096400,76822040,0,0,95,false,0
50825,0,0,104274360,181101400,76827040,0,0,100,false,0
50826,0,0,104274360,181105450,76831090,0,0,81,false,0
50827,0,0,104274360,181110200,76835840,0,0,95,false,0
50828,0,0,104274360,181115150,76840790,0,0,99,false,0
50829,0,0,104274360,181120250,76845890,0,0,102,false,0
50830,0,0,104274360,181120250,76845890,0,102,102,true,0
50831,0,0,104274360,181125400,76851040,0,2,105,false,0
50832,0,0,104274360,181130550,76856190,0,4,107,false,0
50833,0,0,104274360,181135350,76860990,0,0,96,false,0
50834,0,0,104274360,181140250,76865890,0,0,98,false,0
50835,0,0,104274360,181145400,76871040,0,16,119,false,0
50836,0,0,104274360,181149150,76874790,0,0,75,false,0
50837,0,0,104274360,181154300,76879940,0,0,103,false,0
50838,0,0,104274360,181159400,76885040,0,0,102,false,0
50839,0,0,104274360,181164300,76889940,0,0,98,false,0
50840,0,0,104274360,181169450,76895090,0,7,110,false,0
50841,0,0,104274360,181174550,76900190,0,0,102,false,0
50842,0,0,104274360,181179700,76905340,0,16,119,false,0
50843,0,0,104274360,181184750,76910390,0,0,101,false,0
50844,0,0,104274360,181184750,76910390,0,100,100,true,0
50845,0,0,104274360,181189200,76914840,0,0,89,false,0
50846,0,0,104274360,181193850,76919490,0,0,93,false,0
50847,0,0,104274360,181199000,76924640,0,3,106,false,0
50848,0,0,104274360,181202950,76928590,0,0,79,false,0
50849,0,0,104274360,181207350,76932990,0,0,88,false,0
50850,0,0,104274360,181212050,76937690,0,0,94,false,0
50851,0,0,104274360,181217200,76942840,0,12,115,false,0
50852,0,0,104274360,181217200,76942840,0,90,90,true,0
50853,0,0,104274360,181217200,76942840,0,99,99,true,0
50854,0,0,104274360,181217200,76942840,0,82,82,true,0
50855,0,0,104274360,181221850,76947490,0,0,93,false,0
50856,0,0,104380980,181227000,76846020,0,13,116,false,0
50857,0,0,104380980,181232050,76851070,0,0,101,false,0
50858,0,0,104380980,181237200,76856220,0,0,103,false,0
50859,0,0,104380980,181242100,76861120,0,0,98,false,0
50860,0,0,104380980,181246600,76865620,0,0,90,false,0
50861,0,0,104380980,181251550,76870570,0,0,99,false,0
50862,0,0,104380980,181256700,76875720,0,4,107,false,0
50863,0,0,104380980,181261850,76880870,0,15,118,false,0
50864,0,0,104380980,181261850,76880870,0,94,94,true,0
50865,0,0,104380980,181261850,76880870,0,87,87,true,0
50866,0,0,104380980,181267000,76886020,0,22,125,false,0
50867,0,0,104380980,181271200,76890220,0,0,84,false,0
50868,0,0,104380980,181271200,76890220,0,100,100,true,0
50869,0,0,104380980,181271200,76890220,0,103,103,true,0
50870,0,0,104380980,181271200,76890220,0,87,87,true,0
50871,0,0,104380980,181276350,76895370,0,7,110,false,0
50872,0,0,104380980,181281100,76900120,0,0,95,false,0
50873,0,0,104380980,181286250,76905270,0,17,120,false,0
50874,0,0,104380980,181291400,76910420,0,10,113,false,0
50875,0,0,104380980,181296550,76915570,0,4,107,false,0
50876,0,0,104380980,181301000,76920020,0,0,89,false,0
50877,0,0,104380980,181301000,76920020,0,96,96,true,0
50878,0,0,104380980,181301000,76920020,0,84,84,true,0
50879,0,0,104380980,181301000,76920020,0,95,95,true,0
50880,0,0,104380980,181301000,76920020,0,101,101,true,0
50881,0,0,104380980,181306150,76925170,0,17,120,false,0
50882,0,0,104380980,181310950,76929970,0,0,96,false,0
50883,0,0,104380980,181316100,76935120,0,16,119,false,0
50884,0,0,104380980,181316100,76935120,0,98,98,true,0
50885,0,0,104380980,181321250,76940270,0,12,115,false,0
50886,0,0,104380980,181326400,76945420,0,3,106,false,0
50887,0,0,104380980,181326400,76945420,0,101,101,true,0
50888,0,0,104380980,181331550,76950570,0,5,108,false,0
50889,0,0,104380980,181336700,76955720,0,4,107,false,0
50890,0,0,104380980,181341850,76960870,0,6,109,false,0
50891,0,0,104380980,181347000,76966020,0,15,118,false,0
50892,0,0,104380980,181351650,76970670,0,0,93,false,0
50893,0,0,104380980,181356800,76975820,0,7,110,false,0
50894,0,0,104380980,181361950,76980970,0,4,107,false,0
50895,0,0,104380980,181361950,76980970,0,89,89,true,0
50896,0,0,104380980,181366550,76985570,0,0,92,false,0
50897,0,0,104380980,181371350,76990370,0,0,96,false,0
50898,0,0,104380980,181376500,76995520,0,5,108,false,0
50899,0,0,104380980,181381650,77000670,0,0,103,false,0
50900,0,0,104380980,181381650,77000670,0,89,89,true,0
50901,0,0,104380980,181381650,77000670,0,98,98,true,0
50902,0,0,104380980,181386800,77005820,0,12,115,false,0
50903,0,0,104380980,181391850,77010870,0,0,101,false,0
50904,0,0,104380980,181396900,77015920,0,0,101,false,0
50905,0,0,104380980,181396900,77015920,0,88,88,true,0
50906,0,0,104380980,181396900,77015920,0,111,111,true,0
50907,0,0,104380980,181396900,77015920,0,113,113,true,0
50908,0,0,104487600,181396900,76909300,0,126,126,true,0
50909,0,0,104487600,181401900,76914300,0,0,100,false,0
50910,0,0,104487600,181407050,76919450,0,1,104,false,0
50911,0,0,104487600,181407050,76919450,0,95,95,true,0
50912,0,0,104487600,181407050,76919450,0,99,99,true,0
50913,0,0,104487600,181407050,76919450,0,109,109,true,0
50914,0,0,104487600,181407050,76919450,0,92,92,true,0
50915,0,0,104487600,181412200,76924600,0,9,112,false,0
50916,0,0,104487600,181417000,76929400,0,0,96,false,0
50917,0,0,104487600,181422150,76934550,0,1,104,false,0
50918,0,0,104487600,181426600,76939000,0,0,89,false,0
50919,0,0,104487600,181426600,76939000,0,106,106,true,0
50920,0,0,104487600,181426600,76939000,0,83,83,true,0
50921,0,0,104487600,181430300,76942700,0,0,74,false,0
50922,0,0,104487600,181435450,76947850,0,17,120,false,0
50923,0,0,104487600,181435450,76947850,0,96,96,true,0
50924,0,0,104487600,181439950,76952350,0,0,90,false,0
50925,0,0,104487600,181445100,76957500,0,5,108,false,0
50926,0,0,104487600,181450100,76962500,0,0,100,false,0
50927,0,0,104487600,181454100,76966500,0,0,80,false,0
50928,0,0,104487600,181458900,76971300,0,0,96,false,0
50929,0,0,104487600,181463300,76975700,0,0,88,false,0
50930,0,0,104487600,181468150,76980550,0,0,97,false,0
50931,0,0,104487600,181472500,76984900,0,0,87,false,0
50932,0,0,104487600,181472500,76984900,0,100,100,true,0
50933,0,0,104487600,181472500,76984900,0,95,95,true,0
50934,0,0,104487600,181476900,76989300,0,0,88,false,0
50935,0,0,104487600,181481600,76994000,0,0,94,false,0
50936,0,0,104487600,181486600,76999000,0,0,100,false,0
50937,0,0,104487600,181491750,77004150,0,7,110,false,0
50938,0,0,104487600,181496600,77009000,0,0,97,false,0
50939,0,0,104487600,181501500,77013900,0,0,98,false,0
50940,0,0,104487600,181501500,77013900,0,100,100,true,0
50941,0,0,104487600,181501500,77013900,0,94,94,true,0
50942,0,0,104487600,181501500,77013900,0,86,86,true,0
50943,0,0,104487600,181501500,77013900,0,97,97,true,0
50944,0,0,104487600,181501500,77013900,0,102,102,true,0
50945,0,0,104487600,181501500,77013900,0,102,102,true,0
50946,0,0,104487600,181506150,77018550,0,0,93,false,0
50947,0,0,104487600,181510200,77022600,0,0,81,false,0
50948,0,0,104487600,181515350,77027750,0,12,115,false,0
50949,0,0,104487600,181519850,77032250,0,0,90,false,0
50950,0,0,104487600,181524150,77036550,0,0,86,false,0
50951,0,0,104487600,181529300,77041700,0,0,103,false,0
50952,0,0,104487600,181533800,77046200,0,0,90,false,0
50953,0,0,104487600,181538000,77050400,0,0,84,false,0
50954,0,0,104487600,181542650,77055050,0,0,93,false,0
50955,0,0,104487600,181547150,77059550,0,0,90,false,0
50956,0,0,104487600,181547150,77059550,0,112,112,true,0
50957,0,0,104487600,181551850,77064250,0,0,94,false,0
50958,0,0,104487600,181557000,77069400,0,13,116,false,0
50959,0,0,104487600,181561850,77074250,0,0,97,false,0
50960,0,0,104594220,181566400,76972180,0,0,91,false,0
50961,0,0,104594220,181566400,76972180,0,100,100,true,0
50962,0,0,104594220,181566400,76972180,0,95,95,true,0
50963,0,0,104594220,181566400,76972180,0,85,85,true,0
50964,0,0,104594220,181566400,76972180,0,108,108,true,0
50965,0,0,104594220,181566400,76972180,0,101,101,true,0
50966,0,0,104594220,181566400,76972180,0,93,93,true,0
50967,0,0,104594220,181571550,76977330,0,9,112,false,0
50968,0,0,104594220,181576650,76982430,0,0,102,false,0
50969,0,0,104594220,181581500,76987280,0,0,97,false,0
50970,0,0,104594220,181585150,76990930,0,0,73,false,0
50971,0,0,104594220,181590300,76996080,0,2,105,false,0
50972,0,0,104594220,181594850,77000630,0,0,91,false,0
50973,0,0,104594220,181600000,77005780,0,6,109,false,0
50974,0,0,104594220,181605050,77010830,0,0,101,false,0
50975,0,0,104594220,181610200,77015980,0,17,120,false,0
50976,0,0,104594220,181615350,77021130,0,21,124,false,0
50977,0,0,104594220,181620500,77026280,0,6,109,false,0
50978,0,0,104594220,181625500,77031280,0,0,100,false,0
50979,0,0,104594220,181630250,77036030,0,0,95,false,0
50980,0,0,104594220,181634900,77040680,0,0,93,false,0
50981,0,0,104594220,181640050,77045830,0,2,105,false,0
50982,0,0,104594220,181644350,77050130,0,0,86,false,0
50983,0,0,104594220,181649500,77055280,0,13,116,false,0
50984,0,0,104594220,181654150,77059930,0,0,93,false,0
50985,0,0,104594220,181659300,77065080,0,4,107,false,0
50986,0,0,104594220,181663900,77069680,0,0,92,false,0
50987,0,0,104594220,181669050,77074830,0,1,104,false,0
50988,0,0,104594220,181673700,77079480,0,0,93,false,0
50989,0,0,104594220,181678350,77084130,0,0,93,false,0
50990,0,0,104594220,181683500,77089280,0,31,134,false,0
50991,0,0,104594220,181687800,77093580,0,0,86,false,0
50992,0,0,104594220,181692200,77097980,0,0,88,false,0
50993,0,0,104594220,181696700,77102480,0,0,90,false,0
50994,0,0,104594220,181696700,77102480,0,88,88,true,0
50995,0,0,104594220,181701600,77107380,0,0,98,false,0
50996,0,0,104594220,181706350,77112130,0,0,95,false,0
50997,0,0,104594220,181711400,77117180,0,0,101,false,0
50998,0,0,104594220,181716550,77122330,0,0,103,false,0
50999,0,0,104594220,181721500,77127280,0,0,99,false,0
51000,0,0,104594220,181726650,77132430,0,9,112,false,0
51001,0,0,104594220,181731800,77137580,0,2,105,false,0
51002,0,0,104594220,181736450,77142230,0,0,93,false,0
51003,0,0,104594220,181741250,77147030,0,0,96,false,0
51004,0,0,104594220,181741250,77147030,0,91,91,true,0
51005,0,0,104594220,181746400,77152180,0,4,107,false,0
51006,0,0,104594220,181751550,77157330,0,9,112,false,0
51007,0,0,104594220,181756700,77162480,0,22,125,false,0
51008,0,0,104594220,181761850,77167630,0,4,107,false,0
51009,0,0,104594220,181767000,77172780,0,20,123,false,0
51010,0,0,104594220,181767000,77172780,0,116,116,true,0
51011,0,0,104594220,181767000,77172780,0,112,112,true,0
51012,0,0,104700840,181767000,77066160,0,86,86,true,0
51013,0,0,104700840,181767000,77066160,0,97,97,true,0
51014,0,0,104700840,181767000,77066160,0,97,97,true,0
51015,0,0,104700840,181767000,77066160,0,108,108,true,0
51016,0,0,104700840,181767000,77066160,0,105,105,true,0
51017,0,0,104700840,181772000,77071160,0,0,100,false,0
51018,0,0,104700840,181776400,77075560,0,0,88,false,0
51019,0,0,104700840,181776400,77075560,0,98,98,true,0
51020,0,0,104700840,181776400,77075560,0,105,105,true,0
51021,0,0,104700840,181776400,77075560,0,92,92,true,0
51022,0,0,104700840,181776400,77075560,0,107,107,true,0
51023,0,0,104700840,181781350,77080510,0,0,99,false,0
51024,0,0,104700840,181786450,77085610,0,0,102,false,0
51025,0,0,104700840,181791400,77090560,0,0,99,false,0
51026,0,0,104700840,181796550,77095710,0,0,103,false,0
51027,0,0,104700840,181801450,77100610,0,0,98,false,0
51028,0,0,104700840,181801450,77100610,0,82,82,true,0
51029,0,0,104700840,181806600,77105760,0,3,106,false,0
51030,0,0,104700840,181811750,77110910,0,11,114,false,0
51031,0,0,104700840,181816900,77116060,0,11,114,false,0
51032,0,0,104700840,181821950,77121110,0,0,101,false,0
51033,0,0,104700840,181826850,77126010,0,0,98,false,0
51034,0,0,104700840,181832000,77131160,0,13,116,false,0
51035,0,0,104700840,181832000,77131160,0,88,88,true,0
51036,0,0,104700840,181837150,77136310,0,2,105,false,0
51037,0,0,104700840,181841550,77140710,0,0,88,false,0
51038,0,0,104700840,181845850,77145010,0,0,86,false,0
51039,0,0,104700840,181851000,77150160,0,7,110,false,0
51040,0,0,104700840,181855800,77154960,0,0,96,false,0
51041,0,0,104700840,181860450,77159610,0,0,93,false,0
51042,0,0,104700840,181865250,77164410,0,0,96,false,0
51043,0,0,104700840,181870400,77169560,0,4,107,false,0
51044,0,0,104700840,181874700,77173860,0,0,86,false,0
51045,0,0,104700840,181874700,77173860,0,102,102,true,0
51046,0,0,104700840,181874700,77173860,0,90,90,true,0
51047,0,0,104700840,181874700,77173860,0,97,97,true,0
51048,0,0,104700840,181874700,77173860,0,87,87,true,0
51049,0,0,104700840,181874700,77173860,0,96,96,true,0
51050,0,0,104700840,181874700,77173860,0,82,82,true,0
51051,0,0,104700840,181874700,77173860,0,91,91,true,0
51052,0,0,104700840,181874700,77173860,0,91,91,true,0
51053,0,0,104700840,181878500,77177660,0,0,76,false,0
51054,0,0,104700840,181883650,77182810,0,7,110,false,0
51055,0,0,104700840,181888800,77187960,0,10,113,false,0
51056,0,0,104700840,181893950,77193110,0,7,110,false,0
51057,0,0,104700840,181898450,77197610,0,0,90,false,0
51058,0,0,104700840,181903350,77202510,0,0,98,false,0
51059,0,0,104700840,181903350,77202510,0,89,89,true,0
51060,0,0,104700840,181903350,77202510,0,96,96,true,0
51061,0,0,104700840,181908500,77207660,0,6,109,false,0
51062,0,0,104700840,181913250,77212410,0,0,95,false,0
51063,0,0,104700840,181913250,77212410,0,104,104,true,0
51064,0,0,104807460,181913250,77105790,0,95,95,true,0
51065,0,0,104807460,181917750,77110290,0,0,90,false,0
51066,0,0,104807460,181922550,77115090,0,0,96,false,0
51067,0,0,104807460,181927700,77120240,0,19,122,false,0
51068,0,0,104807460,181932850,77125390,0,8,111,false,0
51069,0,0,104807460,181937250,77129790,0,0,88,false,0
51070,0,0,104807460,181942400,77134940,0,4,107,false,0
51071,0,0,104807460,181947550,77140090,0,1,104,false,0
51072,0,0,104807460,181952700,77145240,0,0,103,false,0
51073,0,0,104807460,181956500,77149040,0,0,76,false,0
51074,0,0,104807460,181961150,77153690,0,0,93,false,0
51075,0,0,104807460,181966300,77158840,0,3,106,false,0
51076,0,0,104807460,181971350,77163890,0,0,101,false,0
51077,0,0,104807460,181975600,77168140,0,0,85,false,0
51078,0,0,104807460,181980500,77173040,0,0,98,false,0
51079,0,0,104807460,181985400,77177940,0,0,98,false,0
51080,0,0,104807460,181990150,77182690,0,0,95,false,0
51081,0,0,104807460,181995250,77187790,0,0,102,false,0
51082,0,0,104807460,181999350,77191890,0,0,82,false,0
51083,0,0,104807460,182004000,77196540,0,0,93,false,0
51084,0,0,104807460,182008350,77200890,0,0,87,false,0
51085,0,0,104807460,182013000,77205540,0,0,93,false,0
51086,0,0,104807460,182018150,77210690,0,11,114,false,0
51087,0,0,104807460,182018150,77210690,0,95,95,true,0
51088,0,0,104807460,182018150,77210690,0,104,104,true,0
51089,0,0,104807460,182018150,77210690,0,88,88,true,0
51090,0,0,104807460,182018150,77210690,0,94,94,true,0
51091,0,0,104807460,182022800,77215340,0,0,93,false,0
51092,0,0,104807460,182027600,77220140,0,0,96,false,0
51093,0,0,104807460,182032200,77224740,0,0,92,false,0
51094,0,0,104807460,182037350,77229890,0,0,103,false,0
51095,0,0,104807460,182042400,77234940,0,0,101,false,0
51096,0,0,104807460,182042400,77234940,0,93,93,true,0
51097,0,0,104807460,182042400,77234940,0,90,90,true,0
51098,0,0,104807460,182047550,77240090,0,3,106,false,0
51099,0,0,104807460,182052700,77245240,0,10,113,false,0
51100,0,0,104807460,182052700,77245240,0,93,93,true,0
51101,0,0,104807460,182052700,77245240,0,95,95,true,0
51102,0,0,104807460,182057850,77250390,0,2,105,false,0
51103,0,0,104807460,182062900,77255440,0,0,101,false,0
51104,0,0,104807460,182066250,77258790,0,0,67,false,0
51105,0,0,104807460,182071300,77263840,0,0,101,false,0
51106,0,0,104807460,182071300,77263840,0,96,96,true,0
51107,0,0,104807460,182076450,77268990,0,4,107,false,0
51108,0,0,104807460,182080650,77273190,0,0,84,false,0
51109,0,0,104807460,182085800,77278340,0,2,105,false,0
51110,0,0,104807460,182090950,77283490,0,0,103,false,0
51111,0,0,104807460,182095600,77288140,0,0,93,false,0
51112,0,0,104807460,182099850,77292390,0,0,85,false,0
51113,0,0,104807460,182099850,77292390,0,75,75,true,0
51114,0,0,104807460,182104350,77296890,0,0,90,false,0
51115,0,0,104807460,182108750,77301290,0,0,88,false,0
51116,0,0,104914080,182108750,77194670,0,96,96,true,0
51117,0,0,104914080,182108750,77194670,0,98,98,true,0
51118,0,0,104914080,182108750,77194670,0,108,108,true,0
51119,0,0,104914080,182108750,77194670,0,112,112,true,0
51120,0,0,104914080,182113500,77199420,0,0,95,false,0
51121,0,0,104914080,182118650,77204570,0,3,106,false,0
51122,0,0,104914080,182123400,77209320,0,0,95,false,0
51123,0,0,104914080,182123400,77209320,0,100,100,true,0
51124,0,0,104914080,182123400,77209320,0,91,91,true,0
51125,0,0,104914080,182128550,77214470,0,9,112,false,0
51126,0,0,104914080,182133000,77218920,0,0,89,false,0
51127,0,0,104914080,182138000,77223920,0,0,100,false,0
51128,0,0,104914080,182142700,77228620,0,0,94,false,0
51129,0,0,104914080,182147550,77233470,0,0,97,false,0
51130,0,0,104914080,182152700,77238620,0,10,113,false,0
51131,0,0,104914080,182157850,77243770,0,2,105,false,0
51132,0,0,104914080,182157850,77243770,0,79,79,true,0
51133,0,0,104914080,182163000,77248920,0,2,105,false,0
51134,0,0,104914080,182168150,77254070,0,6,109,false,0
51135,0,0,104914080,182173300,77259220,0,0,103,false,0
51136,0,0,104914080,182177950,77263870,0,0,93,false,0
51137,0,0,104914080,182182400,77268320,0,0,89,false,0
51138,0,0,104914080,182187300,77273220,0,0,98,false,0
51139,0,0,104914080,182192450,77278370,0,7,110,false,0
51140,0,0,104914080,182197150,77283070,0,0,94,false,0
51141,0,0,104914080,182202300,77288220,0,5,108,false,0
51142,0,0,104914080,182207250,77293170,0,0,99,false,0
51143,0,0,104914080,182212000,77297920,0,0,95,false,0
51144,0,0,104914080,182217000,77302920,0,0,100,false,0
51145,0,0,104914080,182222150,77308070,0,0,103,false,0
51146,0,0,104914080,182227300,77313220,0,6,109,false,0
51147,0,0,104914080,182232350,77318270,0,0,101,false,0
51148,0,0,104914080,182232350,77318270,0,84,84,true,0
51149,0,0,104914080,182237500,77323420,0,11,114,false,0
51150,0,0,104914080,182242650,77328570,0,0,103,false,0
51151,0,0,104914080,182247800,77333720,0,8,111,false,0
51152,0,0,104914080,182252500,77338420,0,0,94,false,0
51153,0,0,104914080,182257450,77343370,0,0,99,false,0
51154,0,0,104914080,182262050,77347970,0,0,92,false,0
51155,0,0,104914080,182262050,77347970,0,116,116,true,0
51156,0,0,104914080,182267200,77353120,0,15,118,false,0
51157,0,0,104914080,182272350,77358270,0,7,110,false,0
51158,0,0,104914080,182272350,77358270,0,95,95,true,0
51159,0,0,104914080,182272350,77358270,0,109,109,true,0
51160,0,0,104914080,182276550,77362470,0,0,84,false,0
51161,0,0,104914080,182281250,77367170,0,0,94,false,0
51162,0,0,104914080,182285800,77371720,0,0,91,false,0
51163,0,0,104914080,182285800,77371720,0,97,97,true,0
51164,0,0,104914080,182290900,77376820,0,0,102,false,0
51165,0,0,104914080,182295350,77381270,0,0,89,false,0
51166,0,0,104914080,182300500,77386420,0,2,105,false,0
51167,0,0,104914080,182305650,77391570,0,10,113,false,0
51168,0,0,105020700,182310800,77290100,0,3,106,false,0
51169,0,0,105020700,182315250,77294550,0,0,89,false,0
51170,0,0,105020700,182319900,77299200,0,0,93,false,0
51171,0,0,105020700,182325050,77304350,0,11,114,false,0
51172,0,0,105020700,182329350,77308650,0,0,86,false,0
51173,0,0,105020700,182329350,77308650,0,88,88,true,0
51174,0,0,105020700,182329350,77308650,0,103,103,true,0
51175,0,0,105020700,182332850,77312150,0,0,70,false,0
51176,0,0,105020700,182337550,77316850,0,0,94,false,0
51177,0,0,105020700,182342700,77322000,0,0,103,false,0
51178,0,0,105020700,182342700,77322000,0,120,120,true,0
51179,0,0,105020700,182347850,77327150,0,6,109,false,0
51180,0,0,105020700,182353000,77332300,0,1,104,false,0
51181,0,0,105020700,182357450,77336750,0,0,89,false,0
51182,0,0,105020700,182362600,77341900,0,11,114,false,0
51183,0,0,105020700,182367750,77347050,0,13,116,false,0
51184,0,0,105020700,182372900,77352200,0,12,115,false,0
51185,0,0,105020700,182378050,77357350,0,9,112,false,0
51186,0,0,105020700,182382700,77362000,0,0,93,false,0
51187,0,0,105020700,182382700,77362000,0,95,95,true,0
51188,0,0,105020700,182382700,77362000,0,90,90,true,0
51189,0,0,105020700,182382700,77362000,0,101,101,true,0
51190,0,0,105020700,182386900,77366200,0,0,84,false,0
51191,0,0,105020700,182391650,77370950,0,0,95,false,0
51192,0,0,105020700,182396500,77375800,0,0,97,false,0
51193,0,0,105020700,182401650,77380950,0,8,111,false,0
51194,0,0,105020700,182406250,77385550,0,0,92,false,0
51195,0,0,105020700,182410700,77390000,0,0,89,false,0
51196,0,0,105020700,182410700,77390000,0,81,81,true,0
51197,0,0,105020700,182410700,77390000,0,85,85,true,0
51198,0,0,105020700,182410700,77390000,0,87,87,true,0
51199,0,0,105020700,182410700,77390000,0,93,93,true,0
51200,0,0,105020700,182415100,77394400,0,0,88,false,0
51201,0,0,105020700,182420250,77399550,0,2,105,false,0
51202,0,0,105020700,182423600,77402900,0,0,67,false,0
51203,0,0,105020700,182428050,77407350,0,0,89,false,0
51204,0,0,105020700,182433200,77412500,0,16,119,false,0
51205,0,0,105020700,182437150,77416450,0,0,79,false,0
51206,0,0,105020700,182442300,77421600,0,11,114,false,0
51207,0,0,105020700,182447050,77426350,0,0,95,false,0
51208,0,0,105020700,182452200,77431500,0,13,116,false,0
51209,0,0,105020700,182457350,77436650,0,6,109,false,0
51210,0,0,105020700,182462300,77441600,0,0,99,false,0
51211,0,0,105020700,182467150,77446450,0,0,97,false,0
51212,0,0,105020700,182472250,77451550,0,0,102,false,0
51213,0,0,105020700,182477400,77456700,0,4,107,false,0
51214,0,0,105020700,182482250,77461550,0,0,97,false,0
51215,0,0,105020700,182486850,77466150,0,0,92,false,0
51216,0,0,105020700,182486850,77466150,0,107,107,true,0
51217,0,0,105020700,182486850,77466150,0,97,97,true,0
51218,0,0,105020700,182486850,77466150,0,95,95,true,0
51219,0,0,105020700,182492000,77471300,0,8,111,false,0
51220,0,0,105127320,182497150,77369830,0,0,103,false,0
51221,0,0,105127320,182497150,77369830,0,95,95,true,0
51222,0,0,105127320,182497150,77369830,0,95,95,true,0
51223,0,0,105127320,182497150,77369830,0,97,97,true,0
51224,0,0,105127320,182497150,77369830,0,104,104,true,0
51225,0,0,105127320,182502300,77374980,0,9,112,false,0
51226,0,0,105127320,182507400,77380080,0,0,102,false,0
51227,0,0,105127320,182507400,77380080,0,81,81,true,0
51228,0,0,105127320,182512350,77385030,0,0,99,false,0
51229,0,0,105127320,182517400,77390080,0,0,101,false,0
51230,0,0,105127320,182522350,77395030,0,0,99,false,0
51231,0,0,105127320,182527500,77400180,0,17,120,false,0
51232,0,0,105127320,182532450,77405130,0,0,99,false,0
51233,0,0,105127320,182536350,77409030,0,0,78,false,0
51234,0,0,105127320,182541500,77414180,0,5,108,false,0
51235,0,0,105127320,182546650,77419330,0,19,122,false,0
51236,0,0,105127320,182546650,77419330,0,78,78,true,0
51237,0,0,105127320,182546650,77419330,0,92,92,true,0
51238,0,0,105127320,182546650,77419330,0,113,113,true,0
51239,0,0,105127320,182546650,77419330,0,102,102,true,0
51240,0,0,105127320,182551800,77424480,0,9,112,false,0
51241,0,0,105127320,182556050,77428730,0,0,85,false,0
51242,0,0,105127320,182556050,77428730,0,109,109,true,0
51243,0,0,105127320,182560850,77433530,0,0,96,false,0
51244,0,0,105127320,182565900,77438580,0,0,101,false,0
51245,0,0,105127320,182571050,77443730,0,5,108,false,0
51246,0,0,105127320,182576100,77448780,0,0,101,false,0
51247,0,0,105127320,182580850,77453530,0,0,95,false,0
51248,0,0,105127320,182580850,77453530,0,91,91,true,0
51249,0,0,105127320,182580850,77453530,0,103,103,true,0
51250,0,0,105127320,182580850,77453530,0,89,89,true,0
51251,0,0,105127320,182580850,77453530,0,86,86,true,0
51252,0,0,105127320,182586000,77458680,0,7,110,false,0
51253,0,0,105127320,182590650,77463330,0,0,93,false,0
51254,0,0,105127320,182590650,77463330,0,99,99,true,0
51255,0,0,105127320,182590650,77463330,0,104,104,true,0
51256,0,0,105127320,182594650,77467330,0,0,80,false,0
51257,0,0,105127320,182599800,77472480,0,0,103,false,0
51258,0,0,105127320,182604950,77477630,0,8,111,false,0
51259,0,0,105127320,182604950,77477630,0,108,108,true,0
51260,0,0,105127320,182604950,77477630,0,97,97,true,0
51261,0,0,105127320,182604950,77477630,0,92,92,true,0
51262,0,0,105127320,182610100,77482780,0,7,110,false,0
51263,0,0,105127320,182615200,77487880,0,0,102,false,0
51264,0,0,105127320,182619900,77492580,0,0,94,false,0
51265,0,0,105127320,182619900,77492580,0,104,104,true,0
51266,0,0,105127320,182619900,77492580,0,91,91,true,0
51267,0,0,105127320,182619900,77492580,0,95,95,true,0
51268,0,0,105127320,182619900,77492580,0,105,105,true,0
51269,0,0,105127320,182624450,77497130,0,0,91,false,0
51270,0,0,105127320,182628450,77501130,0,0,80,false,0
51271,0,0,105127320,182633200,77505880,0,0,95,false,0
51272,0,0,105233940,182638350,77404410,0,6,109,false,0
51273,0,0,105233940,182643500,77409560,0,2,105,false,0
51274,0,0,105233940,182648500,77414560,0,0,100,false,0
51275,0,0,105233940,182648500,77414560,0,106,106,true,0
51276,0,0,105233940,182648500,77414560,0,102,102,true,0
51277,0,0,105233940,182648500,77414560,0,100,100,true,0
51278,0,0,105233940,182648500,77414560,0,76,76,true,0
51279,0,0,105233940,182648500,77414560,0,90,90,true,0
51280,0,0,105233940,182653100,77419160,0,0,92,false,0
51281,0,0,105233940,182657850,77423910,0,0,95,false,0
51282,0,0,105233940,182657850,77423910,0,95,95,true,0
51283,0,0,105233940,182657850,77423910,0,103,103,true,0
51284,0,0,105233940,182662600,77428660,0,0,95,false,0
51285,0,0,105233940,182667750,77433810,0,4,107,false,0
51286,0,0,105233940,182672750,77438810,0,0,100,false,0
51287,0,0,105233940,182677800,77443860,0,0,101,false,0
51288,0,0,105233940,182682300,77448360,0,0,90,false,0
51289,0,0,105233940,182682300,77448360,0,80,80,true,0
51290,0,0,105233940,182687100,77453160,0,0,96,false,0
51291,0,0,105233940,182691550,77457610,0,0,89,false,0
51292,0,0,105233940,182696700,77462760,0,13,116,false,0
51293,0,0,105233940,182700800,77466860,0,0,82,false,0
51294,0,0,105233940,182705300,77471360,0,0,90,false,0
51295,0,0,105233940,182709750,77475810,0,0,89,false,0
51296,0,0,105233940,182709750,77475810,0,101,101,true,0
51297,0,0,105233940,182714850,77480910,0,0,102,false,0
51298,0,0,105233940,182720000,77486060,0,4,107,false,0
51299,0,0,105233940,182725150,77491210,0,6,109,false,0
51300,0,0,105233940,182725150,77491210,0,98,98,true,0
51301,0,0,105233940,182725150,77491210,0,109,109,true,0
51302,0,0,105233940,182725150,77491210,0,95,95,true,0
51303,0,0,105233940,182725150,77491210,0,82,82,true,0
51304,0,0,105233940,182729900,77495960,0,0,95,false,0
51305,0,0,105233940,182735050,77501110,0,2,105,false,0
51306,0,0,105233940,182740200,77506260,0,1,104,false,0
51307,0,0,105233940,182745200,77511260,0,0,100,false,0
51308,0,0,105233940,182749450,77515510,0,0,85,false,0
51309,0,0,105233940,182749450,77515510,0,109,109,true,0
51310,0,0,105233940,182753550,77519610,0,0,82,false,0
51311,0,0,105233940,182758200,77524260,0,0,93,false,0
51312,0,0,105233940,182763200,77529260,0,0,100,false,0
51313,0,0,105233940,182768300,77534360,0,0,102,false,0
51314,0,0,105233940,182773150,77539210,0,0,97,false,0
51315,0,0,105233940,182778300,77544360,0,17,120,false,0
51316,0,0,105233940,182782800,77548860,0,0,90,false,0
51317,0,0,105233940,182787750,77553810,0,0,99,false,0
51318,0,0,105233940,182792700,77558760,0,0,99,false,0
51319,0,0,105233940,182792700,77558760,0,106,106,true,0
51320,0,0,105233940,182792700,77558760,0,97,97,true,0
51321,0,0,105233940,182797350,77563410,0,0,93,false,0
51322,0,0,105233940,182802300,77568360,0,0,99,false,0
51323,0,0,105233940,182806350,77572410,0,0,81,false,0
51324,0,0,105340560,182806350,77465790,0,116,116,true,0
51325,0,0,105340560,182806350,77465790,0,114,114,true,0
51326,0,0,105340560,182811400,77470840,0,0,101,false,0
51327,0,0,105340560,182816550,77475990,0,16,119,false,0
51328,0,0,105340560,182821700,77481140,0,9,112,false,0
51329,0,0,105340560,182826850,77486290,0,6,109,false,0
51330,0,0,105340560,182831950,77491390,0,0,102,false,0
51331,0,0,105340560,182836350,77495790,0,0,88,false,0
51332,0,0,105340560,182840300,77499740,0,0,79,false,0
51333,0,0,105340560,182845450,77504890,0,3,106,false,0
51334,0,0,105340560,182850600,77510040,0,0,103,false,0
51335,0,0,105340560,182855750,77515190,0,6,109,false,0
51336,0,0,105340560,182860650,77520090,0,0,98,false,0
51337,0,0,105340560,182865300,77524740,0,0,93,false,0
51338,0,0,105340560,182870150,77529590,0,0,97,false,0
51339,0,0,105340560,182874050,77533490,0,0,78,false,0
51340,0,0,105340560,182874050,77533490,0,106,106,true,0
51341,0,0,105340560,182878750,77538190,0,0,94,false,0
51342,0,0,105340560,182883400,77542840,0,0,93,false,0
51343,0,0,105340560,182883400,77542840,0,96,96,true,0
51344,0,0,105340560,182883400,77542840,0,95,95,true,0
51345,0,0,105340560,182883400,77542840,0,85,85,true,0
51346,0,0,105340560,182883400,77542840,0,97,97,true,0
51347,0,0,105340560,182887550,77546990,0,0,83,false,0
51348,0,0,105340560,182892200,77551640,0,0,93,false,0
51349,0,0,105340560,182897350,77556790,0,4,107,false,0
51350,0,0,105340560,182902500,77561940,0,5,108,false,0
51351,0,0,105340560,182907000,77566440,0,0,90,false,0
51352,0,0,105340560,182910950,77570390,0,0,79,false,0
51353,0,0,105340560,182915300,77574740,0,0,87,false,0
51354,0,0,105340560,182920450,77579890,0,0,103,false,0
51355,0,0,105340560,182925400,77584840,0,0,99,false,0
51356,0,0,105340560,182929750,77589190,0,0,87,false,0
51357,0,0,105340560,182934300,77593740,0,0,91,false,0
51358,0,0,105340560,182934300,77593740,0,102,102,true,0
51359,0,0,105340560,182934300,77593740,0,99,99,true,0
51360,0,0,105340560,182939450,77598890,0,3,106,false,0
51361,0,0,105340560,182943950,77603390,0,0,90,false,0
51362,0,0,105340560,182949100,77608540,0,2,105,false,0
51363,0,0,105340560,182953750,77613190,0,0,93,false,0
51364,0,0,105340560,182953750,77613190,0,111,111,true,0
51365,0,0,105340560,182953750,77613190,0,93,93,true,0
51366,0,0,105340560,182953750,77613190,0,104,104,true,0
51367,0,0,105340560,182953750,77613190,0,110,110,true,0
51368,0,0,105340560,182953750,77613190,0,103,103,true,0
51369,0,0,105340560,182958850,77618290,0,0,102,false,0
51370,0,0,105340560,182964000,77623440,0,10,113,false,0
51371,0,0,105340560,182969000,77628440,0,0,100,false,0
51372,0,0,105340560,182974050,77633490,0,0,101,false,0
51373,0,0,105340560,182979200,77638640,0,1,104,false,0
51374,0,0,105340560,182983800,77643240,0,0,92,false,0
51375,0,0,105340560,182988450,77647890,0,0,93,false,0
51376,0,0,105447180,182993600,77546420,0,1,104,false,0
51377,0,0,105447180,182998750,77551570,0,1,104,false,0
51378,0,0,105447180,183003900,77556720,0,11,114,false,0
51379,0,0,105447180,183009050,77561870,0,8,111,false,0
51380,0,0,105447180,183013500,77566320,0,0,89,false,0
51381,0,0,105447180,183013500,77566320,0,116,116,true,0
51382,0,0,105447180,183013500,77566320,0,86,86,true,0
51383,0,0,105447180,183018250,77571070,0,0,95,false,0
51384,0,0,105447180,183022950,77575770,0,0,94,false,0
51385,0,0,105447180,183028100,77580920,0,0,103,false,0
51386,0,0,105447180,183028100,77580920,0,100,100,true,0
51387,0,0,105447180,183033250,77586070,0,12,115,false,0
51388,0,0,105447180,183037850,77590670,0,0,92,false,0
51389,0,0,105447180,183043000,77595820,0,19,122,false,0
51390,0,0,105447180,183048000,77600820,0,0,100,false,0
51391,0,0,105447180,183052400,77605220,0,0,88,false,0
51392,0,0,105447180,183057000,77609820,0,0,92,false,0
51393,0,0,105447180,183061100,77613920,0,0,82,false,0
51394,0,0,105447180,183061100,77613920,0,112,112,true,0
51395,0,0,105447180,183061100,77613920,0,112,112,true,0
51396,0,0,105447180,183061100,77613920,0,100,100,true,0
51397,0,0,105447180,183061100,77613920,0,112,112,true,0
51398,0,0,105447180,183066250,77619070,0,4,107,false,0
51399,0,0,105447180,183071000,77623820,0,0,95,false,0
51400,0,0,105447180,183075800,77628620,0,0,96,false,0
51401,0,0,105447180,183075800,77628620,0,106,106,true,0
51402,0,0,105447180,183075800,77628620,0,93,93,true,0
51403,0,0,105447180,183075800,77628620,0,105,105,true,0
51404,0,0,105447180,183080850,77633670,0,0,101,false,0
51405,0,0,105447180,183086000,77638820,0,2,105,false,0
51406,0,0,105447180,183091150,77643970,0,25,128,false,0
51407,0,0,105447180,183095800,77648620,0,0,93,false,0
51408,0,0,105447180,183100950,77653770,0,2,105,false,0
51409,0,0,105447180,183105850,77658670,0,0,98,false,0
51410,0,0,105447180,183111000,77663820,0,6,109,false,0
51411,0,0,105447180,183115950,77668770,0,0,99,false,0
51412,0,0,105447180,183120300,77673120,0,0,87,false,0
51413,0,0,105447180,183120300,77673120,0,102,102,true,0
51414,0,0,105447180,183120300,77673120,0,88,88,true,0
51415,0,0,105447180,183124800,77677620,0,0,90,false,0
51416,0,0,105447180,183129950,77682770,0,10,113,false,0
51417,0,0,105447180,183129950,77682770,0,108,108,true,0
51418,0,0,105447180,183135100,77687920,0,16,119,false,0
51419,0,0,105447180,183139250,77692070,0,0,83,false,0
51420,0,0,105447180,183139250,77692070,0,109,109,true,0
51421,0,0,105447180,183144400,77697220,0,3,106,false,0
51422,0,0,105447180,183149550,77702370,0,0,103,false,0
51423,0,0,105447180,183154700,77707520,0,4,107,false,0
51424,0,0,105447180,183154700,77707520,0,97,97,true,0
51425,0,0,105447180,183154700,77707520,0,101,101,true,0
51426,0,0,105447180,183154700,77707520,0,100,100,true,0
51427,0,0,105447180,183159000,77711820,0,0,86,false,0
51428,0,0,105553800,183163650,77609850,0,0,93,false,0
51429,0,0,105553800,183168800,77615000,0,2,105,false,0
51430,0,0,105553800,183173900,77620100,0,0,102,false,0
51431,0,0,105553800,183178750,77624950,0,0,97,false,0
51432,0,0,105553800,183182750,77628950,0,0,80,false,0
51433,0,0,105553800,183182750,77628950,0,101,101,true,0
51434,0,0,105553800,183187650,77633850,0,0,98,false,0
51435,0,0,105553800,183192800,77639000,0,5,108,false,0
51436,0,0,105553800,183197650,77643850,0,0,97,false,0
51437,0,0,105553800,183202000,77648200,0,0,87,false,0
51438,0,0,105553800,183206850,77653050,0,0,97,false,0
51439,0,0,105553800,183206850,77653050,0,107,107,true,0
51440,0,0,105553800,183212000,77658200,0,7,110,false,0
51441,0,0,105553800,183217150,77663350,0,4,107,false,0
51442,0,0,105553800,183222300,77668500,0,4,107,false,0
51443,0,0,105553800,183226850,77673050,0,0,91,false,0
51444,0,0,105553800,183231700,77677900,0,0,97,false,0
51445,0,0,105553800,183236850,77683050,0,1,104,false,0
51446,0,0,105553800,183236850,77683050,0,95,95,true,0
51447,0,0,105553800,183236850,77683050,0,85,85,true,0
51448,0,0,105553800,183236850,77683050,0,99,99,true,0
51449,0,0,105553800,183241450,77687650,0,0,92,false,0
51450,0,0,105553800,183246350,77692550,0,0,98,false,0
51451,0,0,105553800,183250800,77697000,0,0,89,false,0
51452,0,0,105553800,183255950,77702150,0,0,103,false,0
51453,0,0,105553800,183255950,77702150,0,93,93,true,0
51454,0,0,105553800,183255950,77702150,0,87,87,true,0
51455,0,0,105553800,183261100,77707300,0,3,106,false,0
51456,0,0,105553800,183266250,77712450,0,4,107,false,0
51457,0,0,105553800,183270800,77717000,0,0,91,false,0
51458,0,0,105553800,183275550,77721750,0,0,95,false,0
51459,0,0,105553800,183280350,77726550,0,0,96,false,0
51460,0,0,105553800,183285500,77731700,0,12,115,false,0
51461,0,0,105553800,183290450,77736650,0,0,99,false,0
51462,0,0,105553800,183295600,77741800,0,8,111,false,0
51463,0,0,105553800,183300100,77746300,0,0,90,false,0
51464,0,0,105553800,183304900,77751100,0,0,96,false,0
51465,0,0,105553800,183310050,77756250,0,0,103,false,0
51466,0,0,105553800,183315200,77761400,0,1,104,false,0
51467,0,0,105553800,183315200,77761400,0,119,119,true,0
51468,0,0,105553800,183320000,77766200,0,0,96,false,0
51469,0,0,105553800,183325150,77771350,0,1,104,false,0
51470,0,0,105553800,183330050,77776250,0,0,98,false,0
51471,0,0,105553800,183335200,77781400,0,16,119,false,0
51472,0,0,105553800,183340350,77786550,0,16,119,false,0
51473,0,0,105553800,183345500,77791700,0,1,104,false,0
51474,0,0,105553800,183350650,77796850,0,9,112,false,0
51475,0,0,105553800,183355200,77801400,0,0,91,false,0
51476,0,0,105553800,183355200,77801400,0,107,107,true,0
51477,0,0,105553800,183360300,77806500,0,0,102,false,0
51478,0,0,105553800,183364850,77811050,0,0,91,false,0
51479,0,0,105553800,183369700,77815900,0,0,97,false,0
51480,0,0,105660420,183374800,77714380,0,0,102,false,0
51481,0,0,105660420,183379200,77718780,0,0,88,false,0
51482,0,0,105660420,183383800,77723380,0,0,92,false,0
51483,0,0,105660420,183388950,77728530,0,4,107,false,0
51484,0,0,105660420,183393650,77733230,0,0,94,false,0
51485,0,0,105660420,183398800,77738380,0,7,110,false,0
51486,0,0,105660420,183403350,77742930,0,0,91,false,0
51487,0,0,105660420,183408500,77748080,0,10,113,false,0
51488,0,0,105660420,183408500,77748080,0,99,99,true,0
51489,0,0,105660420,183408500,77748080,0,133,133,true,0
51490,0,0,105660420,183408500,77748080,0,98,98,true,0
51491,0,0,105660420,183408500,77748080,0,109,109,true,0
51492,0,0,105660420,183408500,77748080,0,100,100,true,0
51493,0,0,105660420,183408500,77748080,0,105,105,true,0
51494,0,0,105660420,183408500,77748080,0,90,90,true,0
51495,0,0,105660420,183413650,77753230,0,4,107,false,0
51496,0,0,105660420,183418350,77757930,0,0,94,false,0
51497,0,0,105660420,183423500,77763080,0,12,115,false,0
51498,0,0,105660420,183428650,77768230,0,3,106,false,0
51499,0,0,105660420,183433250,77772830,0,0,92,false,0
51500,0,0,105660420,183438200,77777780,0,0,99,false,0
51501,0,0,105660420,183443350,77782930,0,5,108,false,0
51502,0,0,105660420,183448100,77787680,0,0,95,false,0
51503,0,0,105660420,183453250,77792830,0,1,104,false,0
51504,0,0,105660420,183458150,77797730,0,0,98,false,0
51505,0,0,105660420,183463300,77802880,0,24,127,false,0
51506,0,0,105660420,183468450,77808030,0,8,111,false,0
51507,0,0,105660420,183473250,77812830,0,0,96,false,0
51508,0,0,105660420,183473250,77812830,0,84,84,true,0
51509,0,0,105660420,183478400,77817980,0,12,115,false,0
51510,0,0,105660420,183483550,77823130,0,0,103,false,0
51511,0,0,105660420,183488200,77827780,0,0,93,false,0
51512,0,0,105660420,183493200,77832780,0,0,100,false,0
51513,0,0,105660420,183498350,77837930,0,2,105,false,0
51514,0,0,105660420,183502950,77842530,0,0,92,false,0
51515,0,0,105660420,183502950,77842530,0,115,115,true,0
51516,0,0,105660420,183502950,77842530,0,100,100,true,0
51517,0,0,105660420,183502950,77842530,0,98,98,true,0
51518,0,0,105660420,183502950,77842530,0,80,80,true,0
51519,0,0,105660420,183502950,77842530,0,108,108,true,0
51520,0,0,105660420,183508100,77847680,0,0,103,false,0
51521,0,0,105660420,183512200,77851780,0,0,82,false,0
51522,0,0,105660420,183516950,77856530,0,0,95,false,0
51523,0,0,105660420,183521350,77860930,0,0,88,false,0
51524,0,0,105660420,183526500,77866080,0,6,109,false,0
51525,0,0,105660420,183531350,77870930,0,0,97,false,0
51526,0,0,105660420,183536450,77876030,0,0,102,false,0
51527,0,0,105660420,183541450,77881030,0,0,100,false,0
51528,0,0,105660420,183546600,77886180,0,13,116,false,0
51529,0,0,105660420,183551550,77891130,0,0,99,false,0
51530,0,0,105660420,183556700,77896280,0,10,113,false,0
51531,0,0,105660420,183560400,77899980,0,0,74,false,0
51532,0,0,105767040,183560400,77793360,0,89,89,true,0
51533,0,0,105767040,183565550,77798510,0,6,109,false,0
51534,0,0,105767040,183570350,77803310,0,0,96,false,0
51535,0,0,105767040,183575500,77808460,0,5,108,false,0
51536,0,0,105767040,183580500,77813460,0,0,100,false,0
51537,0,0,105767040,183584850,77817810,0,0,87,false,0
51538,0,0,105767040,183590000,77822960,0,3,106,false,0
51539,0,0,105767040,183595000,77827960,0,0,100,false,0
51540,0,0,105767040,183595000,77827960,0,106,106,true,0
51541,0,0,105767040,183595000,77827960,0,106,106,true,0
51542,0,0,105767040,183595000,77827960,0,94,94,true,0
51543,0,0,105767040,183595000,77827960,0,93,93,true,0
51544,0,0,105767040,183595000,77827960,0,87,87,true,0
51545,0,0,105767040,183595000,77827960,0,93,93,true,0
51546,0,0,105767040,183595000,77827960,0,88,88,true,0
51547,0,0,105767040,183595000,77827960,0,90,90,true,0
51548,0,0,105767040,183595000,77827960,0,100,100,true,0
51549,0,0,105767040,183599350,77832310,0,0,87,false,0
51550,0,0,105767040,183604400,77837360,0,0,101,false,0
51551,0,0,105767040,183609300,77842260,0,0,98,false,0
51552,0,0,105767040,183609300,77842260,0,99,99,true,0
51553,0,0,105767040,183614450,77847410,0,1,104,false,0
51554,0,0,105767040,183619600,77852560,0,1,104,false,0
51555,0,0,105767040,183624750,77857710,0,13,116,false,0
51556,0,0,105767040,183629400,77862360,0,0,93,false,0
51557,0,0,105767040,183629400,77862360,0,85,85,true,0
51558,0,0,105767040,183634350,77867310,0,0,99,false,0
51559,0,0,105767040,183638650,77871610,0,0,86,false,0
51560,0,0,105767040,183643800,77876760,0,5,108,false,0
51561,0,0,105767040,183648850,77881810,0,0,101,false,0
51562,0,0,105767040,183654000,77886960,0,4,107,false,0
51563,0,0,105767040,183654000,77886960,0,101,101,true,0
51564,0,0,105767040,183654000,77886960,0,99,99,true,0
51565,0,0,105767040,183659150,77892110,0,7,110,false,0
51566,0,0,105767040,183663950,77896910,0,0,96,false,0
51567,0,0,105767040,183669100,77902060,0,0,103,false,0
51568,0,0,105767040,183674250,77907210,0,3,106,false,0
51569,0,0,105767040,183679250,77912210,0,0,100,false,0
51570,0,0,105767040,183684050,77917010,0,0,96,false,0
51571,0,0,105767040,183689200,77922160,0,11,114,false,0
51572,0,0,105767040,183694300,77927260,0,0,102,false,0
51573,0,0,105767040,183699300,77932260,0,0,100,false,0
51574,0,0,105767040,183704250,77937210,0,0,99,false,0
51575,0,0,105767040,183709400,77942360,0,11,114,false,0
51576,0,0,105767040,183713600,77946560,0,0,84,false,0
51577,0,0,105767040,183718750,77951710,0,10,113,false,0
51578,0,0,105767040,183718750,77951710,0,107,107,true,0
51579,0,0,105767040,183723450,77956410,0,0,94,false,0
51580,0,0,105767040,183728150,77961110,0,0,94,false,0
51581,0,0,105767040,183733300,77966260,0,7,110,false,0
51582,0,0,105767040,183733300,77966260,0,108,108,true,0
51583,0,0,105767040,183733300,77966260,0,96,96,true,0
51584,0,0,105873660,183733300,77859640,0,94,94,true,0
51585,0,0,105873660,183733300,77859640,0,87,87,true,0
51586,0,0,105873660,183733300,77859640,0,110,110,true,0
51587,0,0,105873660,183733300,77859640,0,90,90,true,0
51588,0,0,105873660,183738250,77864590,0,0,99,false,0
51589,0,0,105873660,183742100,77868440,0,0,77,false,0
51590,0,0,105873660,183746400,77872740,0,0,86,false,0
51591,0,0,105873660,183750900,77877240,0,0,90,false,0
51592,0,0,105873660,183756050,77882390,0,3,106,false,0
51593,0,0,105873660,183760800,77887140,0,0,95,false,0
51594,0,0,105873660,183765950,77892290,0,1,104,false,0
51595,0,0,105873660,183770850,77897190,0,0,98,false,0
51596,0,0,105873660,183776000,77902340,0,0,103,false,0
51597,0,0,105873660,183780550,77906890,0,0,91,false,0
51598,0,0,105873660,183785650,77911990,0,0,102,false,0
51599,0,0,105873660,183789800,77916140,0,0,83,false,0
51600,0,0,105873660,183794950,77921290,0,9,112,false,0
51601,0,0,105873660,183800100,77926440,0,9,112,false,0
51602,0,0,105873660,183800100,77926440,0,105,105,true,0
51603,0,0,105873660,183800100,77926440,0,88,88,true,0
51604,0,0,105873660,183800100,77926440,0,102,102,true,0
51605,0,0,105873660,183800100,77926440,0,96,96,true,0
51606,0,0,105873660,183805100,77931440,0,0,100,false,0
51607,0,0,105873660,183809900,77936240,0,0,96,false,0
51608,0,0,105873660,183809900,77936240,0,104,104,true,0
51609,0,0,105873660,183809900,77936240,0,93,93,true,0
51610,0,0,105873660,183809900,77936240,0,101,101,true,0
51611,0,0,105873660,183815050,77941390,0,6,109,false,0
51612,0,0,105873660,183820100,77946440,0,0,101,false,0
51613,0,0,105873660,183824950,77951290,0,0,97,false,0
51614,0,0,105873660,183824950,77951290,0,94,94,true,0
51615,0,0,105873660,183824950,77951290,0,101,101,true,0
51616,0,0,105873660,183829050,77955390,0,0,82,false,0
51617,0,0,105873660,183834100,77960440,0,0,101,false,0
51618,0,0,105873660,183839200,77965540,0,0,102,false,0
51619,0,0,105873660,183844350,77970690,0,3,106,false,0
51620,0,0,105873660,183849350,77975690,0,0,100,false,0
51621,0,0,105873660,183849350,77975690,0,87,87,true,0
51622,0,0,105873660,183849350,77975690,0,113,113,true,0
51623,0,0,105873660,183849350,77975690,0,110,110,true,0
51624,0,0,105873660,183849350,77975690,0,92,92,true,0
51625,0,0,105873660,183854500,77980840,0,8,111,false,0
51626,0,0,105873660,183858650,77984990,0,0,83,false,0
51627,0,0,105873660,183863500,77989840,0,0,97,false,0
51628,0,0,105873660,183868300,77994640,0,0,96,false,0
51629,0,0,105873660,183868300,77994640,0,83,83,true,0
51630,0,0,105873660,183873450,77999790,0,1,104,false,0
51631,0,0,105873660,183878600,78004940,0,8,111,false,0
51632,0,0,105873660,183883200,78009540,0,0,92,false,0
51633,0,0,105873660,183883200,78009540,0,83,83,true,0
51634,0,0,105873660,183883200,78009540,0,94,94,true,0
51635,0,0,105873660,183883200,78009540,0,97,97,true,0
51636,0,0,105980280,183888150,77907870,0,0,99,false,0
51637,0,0,105980280,183893250,77912970,0,0,102,false,0
51638,0,0,105980280,183898250,77917970,0,0,100,false,0
51639,0,0,105980280,183902800,77922520,0,0,91,false,0
51640,0,0,105980280,183907950,77927670,0,9,112,false,0
51641,0,0,105980280,183907950,77927670,0,116,116,true,0
51642,0,0,105980280,183907950,77927670,0,97,97,true,0
51643,0,0,105980280,183912200,77931920,0,0,85,false,0
51644,0,0,105980280,183917350,77937070,0,5,108,false,0
51645,0,0,105980280,183922450,77942170,0,0,102,false,0
51646,0,0,105980280,183927300,77947020,0,0,97,false,0
51647,0,0,105980280,183931450,77951170,0,0,83,false,0
51648,0,0,105980280,183936000,77955720,0,0,91,false,0
51649,0,0,105980280,183940450,77960170,0,0,89,false,0
51650,0,0,105980280,183945600,77965320,0,4,107,false,0
51651,0,0,105980280,183950000,77969720,0,0,88,false,0
51652,0,0,105980280,183954650,77974370,0,0,93,false,0
51653,0,0,105980280,183959800,77979520,0,1,104,false,0
51654,0,0,105980280,183964950,77984670,0,4,107,false,0
51655,0,0,105980280,183969850,77989570,0,0,98,false,0
51656,0,0,105980280,183974750,77994470,0,0,98,false,0
51657,0,0,105980280,183979700,77999420,0,0,99,false,0
51658,0,0,105980280,183984200,78003920,0,0,90,false,0
51659,0,0,105980280,183989350,78009070,0,5,108,false,0
51660,0,0,105980280,183993850,78013570,0,0,90,false,0
51661,0,0,105980280,183998750,78018470,0,0,98,false,0
51662,0,0,105980280,184003300,78023020,0,0,91,false,0
51663,0,0,105980280,184008200,78027920,0,0,98,false,0
51664,0,0,105980280,184013350,78033070,0,9,112,false,0
51665,0,0,105980280,184018450,78038170,0,0,102,false,0
51666,0,0,105980280,184023350,78043070,0,0,98,false,0
51667,0,0,105980280,184027900,78047620,0,0,91,false,0
51668,0,0,105980280,184032550,78052270,0,0,93,false,0
51669,0,0,105980280,184032550,78052270,0,87,87,true,0
51670,0,0,105980280,184037450,78057170,0,0,98,false,0
51671,0,0,105980280,184041850,78061570,0,0,88,false,0
51672,0,0,105980280,184046700,78066420,0,0,97,false,0
51673,0,0,105980280,184051300,78071020,0,0,92,false,0
51674,0,0,105980280,184055950,78075670,0,0,93,false,0
51675,0,0,105980280,184061100,78080820,0,5,108,false,0
51676,0,0,105980280,184061100,78080820,0,97,97,true,0
51677,0,0,105980280,184061100,78080820,0,91,91,true,0
51678,0,0,105980280,184061100,78080820,0,96,96,true,0
51679,0,0,105980280,184066250,78085970,0,6,109,false,0
51680,0,0,105980280,184070650,78090370,0,0,88,false,0
51681,0,0,105980280,184075650,78095370,0,0,100,false,0
51682,0,0,105980280,184080800,78100520,0,4,107,false,0
51683,0,0,105980280,184080800,78100520,0,88,88,true,0
51684,0,0,105980280,184080800,78100520,0,115,115,true,0
51685,0,0,105980280,184080800,78100520,0,84,84,true,0
51686,0,0,105980280,184085750,78105470,0,0,99,false,0
51687,0,0,105980280,184090700,78110420,0,0,99,false,0
51688,0,0,106086900,184095100,78008200,0,0,88,false,0
51689,0,0,106086900,184095100,78008200,0,92,92,true,0
51690,0,0,106086900,184095100,78008200,0,97,97,true,0
51691,0,0,106086900,184095100,78008200,0,100,100,true,0
51692,0,0,106086900,184100250,78013350,0,5,108,false,0
51693,0,0,106086900,184105400,78018500,0,1,104,false,0
51694,0,0,106086900,184110550,78023650,0,3,106,false,0
51695,0,0,106086900,184115700,78028800,0,9,112,false,0
51696,0,0,106086900,184120850,78033950,0,10,113,false,0
51697,0,0,106086900,184125350,78038450,0,0,90,false,0
51698,0,0,106086900,184130250,78043350,0,0,98,false,0
51699,0,0,106086900,184135050,78048150,0,0,96,false,0
51700,0,0,106086900,184140200,78053300,0,1,104,false,0
51701,0,0,106086900,184144750,78057850,0,0,91,false,0
51702,0,0,106086900,184144750,78057850,0,95,95,true,0
51703,0,0,106086900,184149650,78062750,0,0,98,false,0
51704,0,0,106086900,184154800,78067900,0,3,106,false,0
51705,0,0,106086900,184154800,78067900,0,94,94,true,0
51706,0,0,106086900,184159500,78072600,0,0,94,false,0
51707,0,0,106086900,184164050,78077150,0,0,91,false,0
51708,0,0,106086900,184168750,78081850,0,0,94,false,0
51709,0,0,106086900,184173900,78087000,0,3,106,false,0
51710,0,0,106086900,184173900,78087000,0,114,114,true,0
51711,0,0,106086900,184178150,78091250,0,0,85,false,0
51712,0,0,106086900,184183200,78096300,0,0,101,false,0
51713,0,0,106086900,184183200,78096300,0,103,103,true,0
51714,0,0,106086900,184183200,78096300,0,123,123,true,0
51715,0,0,106086900,184183200,78096300,0,107,107,true,0
51716,0,0,106086900,184188250,78101350,0,0,101,false,0
51717,0,0,106086900,184192350,78105450,0,0,82,false,0
51718,0,0,106086900,184192350,78105450,0,100,100,true,0
51719,0,0,106086900,184192350,78105450,0,104,104,true,0
51720,0,0,106086900,184197500,78110600,0,1,104,false,0
51721,0,0,106086900,184202100,78115200,0,0,92,false,0
51722,0,0,106086900,184206000,78119100,0,0,78,false,0
51723,0,0,106086900,184210750,78123850,0,0,95,false,0
51724,0,0,106086900,184215600,78128700,0,0,97,false,0
51725,0,0,106086900,184220100,78133200,0,0,90,false,0
51726,0,0,106086900,184224250,78137350,0,0,83,false,0
51727,0,0,106086900,184228600,78141700,0,0,87,false,0
51728,0,0,106086900,184233750,78146850,0,0,103,false,0
51729,0,0,106086900,184233750,78146850,0,98,98,true,0
51730,0,0,106086900,184238700,78151800,0,0,99,false,0
51731,0,0,106086900,184243750,78156850,0,0,101,false,0
51732,0,0,106086900,184248200,78161300,0,0,89,false,0
51733,0,0,106086900,184252850,78165950,0,0,93,false,0
51734,0,0,106086900,184257950,78171050,0,0,102,false,0
51735,0,0,106086900,184263050,78176150,0,0,102,false,0
51736,0,0,106086900,184267500,78180600,0,0,89,false,0
51737,0,0,106086900,184272450,78185550,0,0,99,false,0
51738,0,0,106086900,184277200,78190300,0,0,95,false,0
51739,0,0,106086900,184277200,78190300,0,94,94,true,0
51740,0,0,106193520,184277200,78083680,0,110,110,true,0
51741,0,0,106193520,184277200,78083680,0,94,94,true,0
51742,0,0,106193520,184281800,78088280,0,0,92,false,0
51743,0,0,106193520,184286650,78093130,0,0,97,false,0
51744,0,0,106193520,184291800,78098280,0,4,107,false,0
51745,0,0,106193520,184296950,78103430,0,8,111,false,0
51746,0,0,106193520,184302100,78108580,0,9,112,false,0
51747,0,0,106193520,184306650,78113130,0,0,91,false,0
51748,0,0,106193520,184311400,78117880,0,0,95,false,0
51749,0,0,106193520,184315800,78122280,0,0,88,false,0
51750,0,0,106193520,184320750,78127230,0,0,99,false,0
51751,0,0,106193520,184325600,78132080,0,0,97,false,0
51752,0,0,106193520,184330300,78136780,0,0,94,false,0
51753,0,0,106193520,184334950,78141430,0,0,93,false,0
51754,0,0,106193520,184340100,78146580,0,10,113,false,0
51755,0,0,106193520,184345250,78151730,0,8,111,false,0
51756,0,0,106193520,184350050,78156530,0,0,96,false,0
51757,0,0,106193520,184350050,78156530,0,86,86,true,0
51758,0,0,106193520,184350050,78156530,0,100,100,true,0
51759,0,0,106193520,184350050,78156530,0,80,80,true,0
51760,0,0,106193520,184350050,78156530,0,110,110,true,0
51761,0,0,106193520,184350050,78156530,0,69,69,true,0
51762,0,0,106193520,184350050,78156530,0,103,103,true,0
51763,0,0,106193520,184350050,78156530,0,99,99,true,0
51764,0,0,106193520,184350050,78156530,0,104,104,true,0
51765,0,0,106193520,184350050,78156530,0,103,103,true,0
51766,0,0,106193520,184350050,78156530,0,101,101,true,0
51767,0,0,106193520,184354800,78161280,0,0,95,false,0
51768,0,0,106193520,184359200,78165680,0,0,88,false,0
51769,0,0,106193520,184364050,78170530,0,0,97,false,0
51770,0,0,106193520,184369200,78175680,0,5,108,false,0
51771,0,0,106193520,184374350,78180830,0,3,106,false,0
51772,0,0,106193520,184379300,78185780,0,0,99,false,0
51773,0,0,106193520,184384400,78190880,0,0,102,false,0
51774,0,0,106193520,184388900,78195380,0,0,90,false,0
51775,0,0,106193520,184393500,78199980,0,0,92,false,0
51776,0,0,106193520,184398500,78204980,0,0,100,false,0
51777,0,0,106193520,184403650,78210130,0,8,111,false,0
51778,0,0,106193520,184408000,78214480,0,0,87,false,0
51779,0,0,106193520,184413050,78219530,0,0,101,false,0
51780,0,0,106193520,184418200,78224680,0,11,114,false,0
51781,0,0,106193520,184418200,78224680,0,104,104,true,0
51782,0,0,106193520,184418200,78224680,0,103,103,true,0
51783,0,0,106193520,184418200,78224680,0,109,109,true,0
51784,0,0,106193520,184418200,78224680,0,85,85,true,0
51785,0,0,106193520,184418200,78224680,0,102,102,true,0
51786,0,0,106193520,184418200,78224680,0,73,73,true,0
51787,0,0,106193520,184418200,78224680,0,111,111,true,0
51788,0,0,106193520,184418200,78224680,0,115,115,true,0
51789,0,0,106193520,184422850,78229330,0,0,93,false,0
51790,0,0,106193520,184427600,78234080,0,0,95,false,0
51791,0,0,106193520,184432750,78239230,0,8,111,false,0
51792,0,0,106300140,184437650,78137510,0,0,98,false,0
51793,0,0,106300140,184437650,78137510,0,104,104,true,0
51794,0,0,106300140,184437650,78137510,0,92,92,true,0
51795,0,0,106300140,184437650,78137510,0,91,91,true,0
51796,0,0,106300140,184442800,78142660,0,1,104,false,0
51797,0,0,106300140,184447950,78147810,0,3,106,false,0
51798,0,0,106300140,184453100,78152960,0,7,110,false,0
51799,0,0,106300140,184457550,78157410,0,0,89,false,0
51800,0,0,106300140,184462400,78162260,0,0,97,false,0
51801,0,0,106300140,184467000,78166860,0,0,92,false,0
51802,0,0,106300140,184472150,78172010,0,11,114,false,0
51803,0,0,106300140,184476950,78176810,0,0,96,false,0
51804,0,0,106300140,184481550,78181410,0,0,92,false,0
51805,0,0,106300140,184481550,78181410,0,112,112,true,0
51806,0,0,106300140,184486250,78186110,0,0,94,false,0
51807,0,0,106300140,184491400,78191260,0,6,109,false,0
51808,0,0,106300140,184496550,78196410,0,9,112,false,0
51809,0,0,106300140,184501700,78201560,0,2,105,false,0
51810,0,0,106300140,184506650,78206510,0,0,99,false,0
51811,0,0,106300140,184511150,78211010,0,0,90,false,0
51812,0,0,106300140,184516300,78216160,0,2,105,false,0
51813,0,0,106300140,184521350,78221210,0,0,101,false,0
51814,0,0,106300140,184526500,78226360,0,6,109,false,0
51815,0,0,106300140,184531400,78231260,0,0,98,false,0
51816,0,0,106300140,184536550,78236410,0,4,107,false,0
51817,0,0,106300140,184540700,78240560,0,0,83,false,0
51818,0,0,106300140,184545100,78244960,0,0,88,false,0
51819,0,0,106300140,184545100,78244960,0,95,95,true,0
51820,0,0,106300140,184550250,78250110,0,2,105,false,0
51821,0,0,106300140,184555100,78254960,0,0,97,false,0
51822,0,0,106300140,184559300,78259160,0,0,84,false,0
51823,0,0,106300140,184564300,78264160,0,0,100,false,0
51824,0,0,106300140,184569450,78269310,0,8,111,false,0
51825,0,0,106300140,184574600,78274460,0,0,103,false,0
51826,0,0,106300140,184578850,78278710,0,0,85,false,0
51827,0,0,106300140,184583450,78283310,0,0,92,false,0
51828,0,0,106300140,184588600,78288460,0,16,119,false,0
51829,0,0,106300140,184593000,78292860,0,0,88,false,0
51830,0,0,106300140,184598150,78298010,0,9,112,false,0
51831,0,0,106300140,184602600,78302460,0,0,89,false,0
51832,0,0,106300140,184607350,78307210,0,0,95,false,0
51833,0,0,106300140,184607350,78307210,0,112,112,true,0
51834,0,0,106300140,184607350,78307210,0,86,86,true,0
51835,0,0,106300140,184612200,78312060,0,0,97,false,0
51836,0,0,106300140,184617350,78317210,0,0,103,false,0
51837,0,0,106300140,184622150,78322010,0,0,96,false,0
51838,0,0,106300140,184627300,78327160,0,10,113,false,0
51839,0,0,106300140,184632000,78331860,0,0,94,false,0
51840,0,0,106300140,184632000,78331860,0,87,87,true,0
51841,0,0,106300140,184632000,78331860,0,115,115,true,0
51842,0,0,106300140,184632000,78331860,0,100,100,true,0
51843,0,0,106300140,184636150,78336010,0,0,83,false,0
51844,0,0,106406760,184640850,78234090,0,0,94,false,0
51845,0,0,106406760,184645350,78238590,0,0,90,false,0
51846,0,0,106406760,184645350,78238590,0,103,103,true,0
51847,0,0,106406760,184650500,78243740,0,4,107,false,0
51848,0,0,106406760,184655450,78248690,0,0,99,false,0
51849,0,0,106406760,184660250,78253490,0,0,96,false,0
51850,0,0,106406760,184665400,78258640,0,4,107,false,0
51851,0,0,106406760,184670350,78263590,0,0,99,false,0
51852,0,0,106406760,184675350,78268590,0,0,100,false,0
51853,0,0,106406760,184679900,78273140,0,0,91,false,0
51854,0,0,106406760,184679900,78273140,0,82,82,true,0
51855,0,0,106406760,184679900,78273140,0,110,110,true,0
51856,0,0,106406760,184679900,78273140,0,85,85,true,0
51857,0,0,106406760,184685050,78278290,0,13,116,false,0
51858,0,0,106406760,184690200,78283440,0,8,111,false,0
51859,0,0,106406760,184695300,78288540,0,0,102,false,0
51860,0,0,106406760,184695300,78288540,0,117,117,true,0
51861,0,0,106406760,184695300,78288540,0,99,99,true,0
51862,0,0,106406760,184700450,78293690,0,4,107,false,0
51863,0,0,106406760,184705300,78298540,0,0,97,false,0
51864,0,0,106406760,184710450,78303690,0,20,123,false,0
51865,0,0,106406760,184715600,78308840,0,16,119,false,0
51866,0,0,106406760,184720750,78313990,0,7,110,false,0
51867,0,0,106406760,184725900,78319140,0,7,110,false,0
51868,0,0,106406760,184725900,78319140,0,113,113,true,0
51869,0,0,106406760,184725900,78319140,0,98,98,true,0
51870,0,0,106406760,184725900,78319140,0,88,88,true,0
51871,0,0,106406760,184730600,78323840,0,0,94,false,0
51872,0,0,106406760,184734000,78327240,0,0,68,false,0
51873,0,0,106406760,184739150,78332390,0,3,106,false,0
51874,0,0,106406760,184743550,78336790,0,0,88,false,0
51875,0,0,106406760,184748700,78341940,0,15,118,false,0
51876,0,0,106406760,184753300,78346540,0,0,92,false,0
51877,0,0,106406760,184758400,78351640,0,0,102,false,0
51878,0,0,106406760,184758400,78351640,0,98,98,true,0
51879,0,0,106406760,184758400,78351640,0,93,93,true,0
51880,0,0,106406760,184758400,78351640,0,99,99,true,0
51881,0,0,106406760,184763550,78356790,0,21,124,false,0
51882,0,0,106406760,184768350,78361590,0,0,96,false,0
51883,0,0,106406760,184768350,78361590,0,126,126,true,0
51884,0,0,106406760,184768350,78361590,0,105,105,true,0
51885,0,0,106406760,184773500,78366740,0,11,114,false,0
51886,0,0,106406760,184778650,78371890,0,2,105,false,0
51887,0,0,106406760,184783400,78376640,0,0,95,false,0
51888,0,0,106406760,184788300,78381540,0,0,98,false,0
51889,0,0,106406760,184793450,78386690,0,9,112,false,0
51890,0,0,106406760,184798600,78391840,0,1,104,false,0
51891,0,0,106406760,184798600,78391840,0,99,99,true,0
51892,0,0,106406760,184798600,78391840,0,101,101,true,0
51893,0,0,106406760,184798600,78391840,0,93,93,true,0
51894,0,0,106406760,184798600,78391840,0,107,107,true,0
51895,0,0,106406760,184803300,78396540,0,0,94,false,0
51896,0,0,106513380,184808450,78295070,0,16,119,false,0
51897,0,0,106513380,184813350,78299970,0,0,98,false,0
51898,0,0,106513380,184818150,78304770,0,0,96,false,0
51899,0,0,106513380,184823200,78309820,0,0,101,false,0
51900,0,0,106513380,184827700,78314320,0,0,90,false,0
51901,0,0,106513380,184832850,78319470,0,0,103,false,0
51902,0,0,106513380,184837900,78324520,0,0,101,false,0
51903,0,0,106513380,184843050,78329670,0,7,110,false,0
51904,0,0,106513380,184848200,78334820,0,7,110,false,0
51905,0,0,106513380,184852950,78339570,0,0,95,false,0
51906,0,0,106513380,184856600,78343220,0,0,73,false,0
51907,0,0,106513380,184861750,78348370,0,3,106,false,0
51908,0,0,106513380,184866150,78352770,0,0,88,false,0
51909,0,0,106513380,184866150,78352770,0,93,93,true,0
51910,0,0,106513380,184871300,78357920,0,2,105,false,0
51911,0,0,106513380,184876250,78362870,0,0,99,false,0
51912,0,0,106513380,184880950,78367570,0,0,94,false,0
51913,0,0,106513380,184885850,78372470,0,0,98,false,0
51914,0,0,106513380,184890500,78377120,0,0,93,false,0
51915,0,0,106513380,184894650,78381270,0,0,83,false,0
51916,0,0,106513380,184899800,78386420,0,0,103,false,0
51917,0,0,106513380,184904400,78391020,0,0,92,false,0
51918,0,0,106513380,184909550,78396170,0,5,108,false,0
51919,0,0,106513380,184913950,78400570,0,0,88,false,0
51920,0,0,106513380,184919100,78405720,0,3,106,false,0
51921,0,0,106513380,184924250,78410870,0,7,110,false,0
51922,0,0,106513380,184929400,78416020,0,5,108,false,0
51923,0,0,106513380,184934450,78421070,0,0,101,false,0
51924,0,0,106513380,184934450,78421070,0,96,96,true,0
51925,0,0,106513380,184938700,78425320,0,0,85,false,0
51926,0,0,106513380,184943550,78430170,0,0,97,false,0
51927,0,0,106513380,184948300,78434920,0,0,95,false,0
51928,0,0,106513380,184953050,78439670,0,0,95,false,0
51929,0,0,106513380,184957700,78444320,0,0,93,false,0
51930,0,0,106513380,184962850,78449470,0,8,111,false,0
51931,0,0,106513380,184967550,78454170,0,0,94,false,0
51932,0,0,106513380,184972700,78459320,0,10,113,false,0
51933,0,0,106513380,184977500,78464120,0,0,96,false,0
51934,0,0,106513380,184982450,78469070,0,0,99,false,0
51935,0,0,106513380,184987500,78474120,0,0,101,false,0
51936,0,0,106513380,184992650,78479270,0,6,109,false,0
51937,0,0,106513380,184997800,78484420,0,8,111,false,0
51938,0,0,106513380,185002700,78489320,0,0,98,false,0
51939,0,0,106513380,185007850,78494470,0,3,106,false,0
51940,0,0,106513380,185012600,78499220,0,0,95,false,0
51941,0,0,106513380,185012600,78499220,0,116,116,true,0
51942,0,0,106513380,185017750,78504370,0,4,107,false,0
51943,0,0,106513380,185022900,78509520,0,0,103,false,0
51944,0,0,106513380,185022900,78509520,0,123,123,true,0
51945,0,0,106513380,185022900,78509520,0,96,96,true,0
51946,0,0,106513380,185027400,78514020,0,0,90,false,0
51947,0,0,106513380,185031100,78517720,0,0,74,false,0
51948,0,0,106620000,185036100,78416100,0,0,100,false,0
51949,0,0,106620000,185040800,78420800,0,0,94,false,0
51950,0,0,106620000,185045750,78425750,0,0,99,false,0
51951,0,0,106620000,185050400,78430400,0,0,93,false,0
51952,0,0,106620000,185055000,78435000,0,0,92,false,0
51953,0,0,106620000,185055000,78435000,0,93,93,true,0
51954,0,0,106620000,185055000,78435000,0,116,116,true,0
51955,0,0,106620000,185060150,78440150,0,7,110,false,0
51956,0,0,106620000,185064750,78444750,0,0,92,false,0
51957,0,0,106620000,185069900,78449900,0,11,114,false,0
51958,0,0,106620000,185075050,78455050,0,0,103,false,0
51959,0,0,106620000,185079450,78459450,0,0,88,false,0
51960,0,0,106620000,185084600,78464600,0,11,114,false,0
51961,0,0,106620000,185089500,78469500,0,0,98,false,0
51962,0,0,106620000,185094650,78474650,0,4,107,false,0
51963,0,0,106620000,185099300,78479300,0,0,93,false,0
51964,0,0,106620000,185104300,78484300,0,0,100,false,0
51965,0,0,106620000,185109250,78489250,0,0,99,false,0
51966,0,0,106620000,185114400,78494400,0,2,105,false,0
51967,0,0,106620000,185118950,78498950,0,0,91,false,0
51968,0,0,106620000,185123150,78503150,0,0,84,false,0
51969,0,0,106620000,185128300,78508300,0,2,105,false,0
51970,0,0,106620000,185133250,78513250,0,0,99,false,0
51971,0,0,106620000,185138400,78518400,0,7,110,false,0
51972,0,0,106620000,185143000,78523000,0,0,92,false,0
51973,0,0,106620000,185147350,78527350,0,0,87,false,0
51974,0,0,106620000,185152500,78532500,0,7,110,false,0
51975,0,0,106620000,185157250,78537250,0,0,95,false,0
51976,0,0,106620000,185161900,78541900,0,0,93,false,0
51977,0,0,106620000,185167000,78547000,0,0,102,false,0
51978,0,0,106620000,185172150,78552150,0,9,112,false,0
51979,0,0,106620000,185177300,78557300,0,11,114,false,0
51980,0,0,106620000,185181950,78561950,0,0,93,false,0
51981,0,0,106620000,185181950,78561950,0,105,105,true,0
51982,0,0,106620000,185187100,78567100,0,3,106,false,0
51983,0,0,106620000,185191800,78571800,0,0,94,false,0
51984,0,0,106620000,185196800,78576800,0,0,100,false,0
51985,0,0,106620000,185201000,78581000,0,0,84,false,0
51986,0,0,106620000,185206150,78586150,0,0,103,false,0
51987,0,0,106620000,185206150,78586150,0,98,98,true,0
51988,0,0,106620000,185211050,78591050,0,0,98,false,0
51989,0,0,106620000,185216200,78596200,0,13,116,false,0
51990,0,0,106620000,185221350,78601350,0,11,114,false,0
51991,0,0,106620000,185226500,78606500,0,20,123,false,0
51992,0,0,106620000,185231650,78611650,0,4,107,false,0
51993,0,0,106620000,185236600,78616600,0,0,99,false,0
51994,0,0,106620000,185236600,78616600,0,109,109,true,0
51995,0,0,106620000,185236600,78616600,0,114,114,true,0
51996,0,0,106620000,185241750,78621750,0,8,111,false,0
51997,0,0,106620000,185246100,78626100,0,0,87,false,0
51998,0,0,106620000,185250850,78630850,0,0,95,false,0
51999,0,0,106620000,185255550,78635550,0,0,94,false,0
